sampled_theta2
4.0157692701
4.1704813880
3.8497216703
3.2892955545
1.6119875765
0.7685611834
2.4237932198
0.0711936282
3.5869337916
4.4579430012
3.1219097492
1.3789429829
1.3469385073
0.6442224304
0.9492196148
0.7324764543
0.2090855107
0.5015628025
0.1416722041
0.8941613640
0.0321697367
0.6772651951
0.0802810892
0.7276588380
0.8844265211
0.3505748291
0.5112799252
3.1305084974
3.6715830956
0.1574917803
3.2577982071
0.5174502598
0.4559405981
0.0587889683
1.6137520103
0.6245934543
0.2424761295
0.5852919565
0.2883206800
1.3436268067
0.4362511398
0.0157613499
1.6978906412
0.3995970341
0.6787783790
0.4593846326
0.6750755655
0.4022457727
0.4300837169
0.4893584759
1.2432402020
0.1667614543
0.5060463936
0.3436786876
1.2195512884
0.3366267304
1.1235526317
0.6508045886
2.1835153039
0.7625181779
0.1741917713
0.3477581106
0.9903251537
1.3134051167
1.6629948887
0.3899667035
0.7266543577
1.2489534550
0.1828128304
0.8385631547
0.8972807792
1.8955130859
0.7016525264
0.2874508023
0.4417570328
0.3923909665
1.9685988939
0.6358918366
0.3763462750
1.0215195664
0.2632786233
0.1776655573
0.2782731060
0.9881443798
1.4273831079
0.1729006747
1.6828209500
0.2008573452
1.7338334969
0.1524843906
2.9871916969
1.1907430173
0.4158706203
0.0091632201
2.8617147833
4.1523874328
0.5418300991
0.7487182253
1.2692606471
0.1944523853
0.2909629200
1.1376018389
0.9220718378
1.6212944597
0.8826488118
0.4822799535
1.5882500005
0.8104150067
0.9443694305
1.0311297718
1.4349120344
2.3085450033
1.1968836251
0.1046822211
1.3749098926
0.0901606623
1.2317465431
1.9863108919
1.9098825450
0.0405014964
0.2367786699
0.8322169553
0.6715084784
3.3765430277
3.0196570563
0.0071197828
0.1547246990
0.0531515003
0.5982195505
4.1345020696
3.4830250808
2.5796280515
0.0582225468
1.1604748661
0.3290549531
0.1812982843
1.4080995849
1.8458668055
0.0369409875
0.8663259071
0.3573575570
0.5052353470
1.8924907575
1.0565521484
0.7417238994
0.1782834617
0.1483411951
0.5427311399
3.6535325268
0.9181201280
0.0591898356
0.0661893322
0.4494051076
0.0059587922
1.0283288915
1.1166414736
1.1919323909
0.9468627812
0.3430018280
0.0575802453
0.2677861542
0.9461288087
1.5113145566
1.6064613477
0.3767033844
0.1825908247
0.4627422169
0.9800850824
1.1763493635
2.0765910241
0.6359784411
0.5623420688
0.7794047336
0.0765076426
0.8840840030
2.5257599181
2.0178245126
1.1216078761
1.1428732674
1.3517291879
0.0499087299
1.0004037611
3.2433775378
2.9956192940
3.5976620489
0.0817331045
0.9644253485
1.3974313631
1.3710170851
0.0944437542
0.2920067990
0.0156658917
1.3665982779
1.9624362921
1.3058359299
0.8893030427
0.7892567982
0.5805647665
0.2148388203
1.1946612545
0.0582867135
2.7505768943
1.5730468527
0.6559805926
0.6656166168
1.0468212685
0.9842873393
2.0536111818
2.0011915647
0.6575128206
0.4468856059
0.4874308204
0.3343291454
2.4332837734
1.8063011874
0.4272336085
1.4817816549
0.3675090510
0.0787036727
0.2883034792
1.5467740334
0.3028211794
0.0294754325
3.0458212330
0.1990007089
1.0295414863
0.5011964873
0.1905878734
1.9676735704
4.9028866632
4.0245841416
2.0851016226
0.7454571150
0.7371911625
2.1946552418
0.4209707203
0.8172887837
0.5409504236
0.9161970915
1.3065716880
0.4610263588
1.1456452261
0.1670901408
0.6588554763
0.4169304953
1.2185620379
0.1303468521
0.5866966508
0.4964006462
0.8386902438
0.6067470151
1.2019979756
1.4781436797
0.1984416209
2.8533119110
4.3884168565
3.0073776393
0.4239732400
2.0974390905
0.4187354713
0.0036414029
0.2587610791
0.4881904268
0.0614448170
0.1817760967
0.2742870402
0.7008387447
0.2843014878
0.3109348587
0.5919415916
0.2528813914
0.1560023534
0.2089464939
0.8608765234
0.0043513035
1.1991006058
0.5469103755
0.4198381635
0.4729637301
0.3817940048
0.2931411927
4.0782448337
0.7218508882
1.3015966652
0.3870070715
2.8523351921
1.2530940432
0.5600665388
0.9954664247
0.2965989363
0.1150955373
1.2984683522
4.3810041325
3.1862403163
2.7672207639
1.1343730382
0.0664103589
2.1027502585
4.6371936880
2.4195993566
2.2256470455
0.5718272176
1.9465659506
1.0729028311
0.7785098981
0.4801916018
2.0951831134
0.0300985917
0.9264025478
0.7246297815
0.5729618578
0.2419749377
0.4718868963
0.0259219923
0.5017949299
0.0705729710
0.0958009006
1.2636056401
0.0730710193
0.1943642297
0.1147763124
0.6738823415
2.0024441282
0.9438794385
0.4294297421
0.9709075764
0.2768614235
0.4311884313
0.3269588571
0.0171191506
0.3004594178
0.0676581691
1.3021158188
0.2786069536
0.4879417636
0.2337691969
0.4360464625
0.1227222453
0.0635274553
2.5114754269
0.0992408734
0.4082906248
0.4590475496
0.9196799102
3.0961331056
4.3354495481
3.5343805336
3.6371414174
2.3929851839
2.0364758895
0.6365807271
1.5667510670
0.4020966509
0.3398924772
1.4441015936
0.5217010585
1.6725742780
0.1785054018
2.7180142597
4.2271482315
3.1275424234
0.2639828594
0.3968876134
1.8268168896
0.8283373821
0.2392033047
0.1197349175
0.6668915908
0.1046272395
1.6273128004
3.0902582314
2.7727605243
1.2786111337
2.9002089403
0.2961612094
0.0771794903
1.6845653492
0.7396123677
0.5184744781
0.5277659984
0.1829915184
0.7763473647
0.5526776497
1.0466357439
0.6417358195
0.1653471804
0.4009194694
0.2111252966
0.1569653585
0.6702376396
3.1122038968
2.8565024193
1.9866886063
1.4997539077
0.2421237040
0.9228600843
0.2897083361
0.0580771216
0.0995975335
0.0697138558
0.2244831117
0.8647660676
0.1099453115
0.6594943822
0.4809644630
1.5945104003
0.0031437772
0.2998048927
0.2775303932
2.8963806317
1.3727901820
1.5556924165
0.2430594781
1.9704881706
1.7202686616
1.1005099822
1.5160670109
0.1147533656
0.5379507362
1.0922781006
0.4984412071
0.7904455223
4.2482289720
1.4731579715
1.3885601815
0.0556363990
0.9040062530
0.4148960661
0.5433277325
2.6785183451
2.4051318644
4.8393494928
0.9058579975
0.1315410541
0.0469992273
0.9229024987
0.6744871874
0.7167677582
2.4351955239
0.3582396215
0.4864922875
0.4821840319
0.3689673330
0.6138915281
1.2722872275
0.4819662166
1.8915020697
0.4111798547
2.5669378205
0.4006992705
0.0675427252
0.5770455480
0.8546819548
0.8423125610
2.8691499369
1.1625701306
2.5859785052
0.1238881367
0.0587647904
0.0327341155
0.8569731148
1.1356564075
1.2997162083
0.3280951066
0.2241741506
0.2900737222
1.5853416160
4.1670649619
0.2837391040
1.8505121417
4.4624415381
2.1461497726
4.0723497284
3.2248495968
0.3698550672
0.1252257000
0.2121937092
1.0365413306
0.9991862331
1.5219699068
1.4583897835
0.6065843339
0.3877003113
1.2125612615
2.0490770752
0.4838381099
1.1872411456
0.9843635483
3.4653852378
4.6182203811
0.9642675219
0.2132727824
0.3608708284
1.8180946826
1.3943336870
2.2619681583
0.8897071299
0.3054436491
0.7287476421
0.3402070373
0.1439018383
1.3093076833
2.8707214258
2.8469538838
0.2999278800
2.0972941776
0.0896581619
1.5702921737
0.8823581661
0.4735596748
0.2488551324
0.1008856017
0.0307153382
1.9912353966
2.9697628032
0.6940816834
0.7544995687
0.0227503292
2.9736990965
2.6791249393
4.4271176390
4.6717869591
2.9546277665
0.9237464225
0.5010985973
0.4407991082
0.1960984278
0.4128935313
0.9544916344
1.5004408812
0.0003973652
0.6296202220
0.4432349948
4.3981615693
3.0704909809
2.9767693160
1.5913360391
1.2465796523
1.5500409233
0.0537081772
0.1188389737
0.7240319032
0.3266195305
0.5199703538
4.1027825342
3.5566537738
1.3501400396
0.7260379638
0.1311048085
0.3829440984
0.2909738017
0.3530716393
0.1258579571
1.5310414804
1.3204812333
0.5483251217
2.1609481557
2.7084859743
0.6278592527
1.1887586853
0.0024346005
0.7091553767
0.9247303299
1.7515045675
1.2656499430
4.1188914326
4.5333441713
2.3839779002
0.3709538665
0.4480878280
0.2934039106
0.6713565068
0.6282196470
1.2852523993
1.1651717781
0.8076098618
2.2409073815
0.1103284035
2.1344706770
0.0463933001
0.7669903099
0.6407865438
1.5114901913
0.9175447404
0.3537955962
0.6097534428
0.3586358103
0.5975695394
3.3677283082
3.9557486850
2.4409682259
1.5731657223
3.0290164945
0.8314023866
0.4592629696
0.0029881270
1.2129302003
0.0481504924
0.9122254645
2.1036211788
0.7386840133
0.0459885244
0.7653641047
0.4004197057
0.6049422172
2.6413136930
0.2846154069
1.6739331401
2.3526690038
3.2881649642
1.3247958882
1.8162266617
0.3039340112
0.2257768630
1.3666197049
1.0647305482
0.9647028013
0.4144712184
0.0519382757
0.5888079561
0.1442272561
1.1538898000
0.3560674876
0.5170031485
0.2073629629
0.4964051649
1.5840023841
0.0630415231
1.8569957605
0.1433075992
0.8729082289
0.6943748814
0.0004619017
0.0361515306
0.2782495707
0.6734677887
0.4181704654
1.4679538173
0.5402198147
0.0681137327
0.5448778702
0.5040501554
0.7793486158
1.5756107953
1.0923471092
0.5131869631
0.3858032970
0.6593220439
1.3694780010
0.0295245447
0.3327849166
0.0612651126
1.1785407149
0.7047532590
0.7231505489
1.0412992552
0.1200800983
0.9104445957
1.6416484752
1.1345224735
0.6390961641
0.5688511690
1.4003047720
0.6506539056
0.6358303730
1.4230121725
0.6232901093
0.4130913898
1.1760552090
3.0688693739
1.9456616889
1.8032146571
1.2713261817
0.8924024326
1.4527244531
0.2067671906
0.2853680372
0.1694848890
0.3219183405
0.1985442882
1.2178850538
1.3908989359
0.1270998698
0.8207495393
0.5838190164
0.1587320549
1.0326741704
1.3719555497
0.2430763624
0.8993489741
1.0475525099
0.4706149523
0.7424370608
1.0057634833
0.8253568018
1.8778823421
0.7889935614
1.9381273710
3.2284043304
3.2690250932
1.7565443378
0.6078655511
0.5647282853
0.2350388536
1.7833180080
0.3343994730
0.3372077595
0.0570683837
0.5606395600
0.6582949337
0.5154122506
1.4736102313
0.1590654024
1.6980343210
2.9190395227
0.1100450109
0.3985930341
0.8370651181
0.5734200364
0.0784728497
1.5032230687
0.8522721887
0.7560469604
0.2249522819
0.0618288238
0.2980838378
0.8599418490
0.0627357043
0.0454879864
0.7860629690
3.5397468691
2.9541305539
4.4966015436
2.5825290351
2.0781212894
3.5767523706
3.5577033602
2.9361015957
0.8492950475
0.0995862023
0.2459647198
0.0420184616
0.4008284846
0.4183482727
0.4269424850
0.3308466631
1.4105656959
0.3930813393
2.0421878672
1.2926986851
0.0536456338
0.1235968537
0.1050766333
2.5612674784
3.2923333424
1.6035129989
0.1291663340
0.4434903133
0.6284582377
2.6705063518
0.4211644704
2.2645783171
0.6066021977
1.7916316546
0.2368665791
0.0465272248
0.9594704834
0.5106805503
0.0669938865
0.3412013919
0.3699019650
0.1189556806
0.3157032229
0.5661753959
0.7821779152
1.0301020608
0.2797306378
1.0249102404
1.7057544626
0.1807351076
0.2310456183
0.6723097585
0.0479644884
0.7306226178
1.4159521372
0.7432395446
2.3572086263
0.5315452400
0.5505241199
2.2063806928
1.5793843382
0.0598291495
0.6032156772
3.4869912971
3.5059723830
3.3630454622
0.4041594653
0.4024375751
0.9954489081
2.9077077200
0.0872130372
3.8261851726
0.7871031712
0.1153559195
1.3897994094
0.3970155889
0.2693330905
0.0352905381
0.1345925761
0.4492557555
0.6678188906
0.0668749944
0.0603264742
0.2246896415
2.0606931317
0.0094674942
0.6485322764
0.9093027207
0.4112809448
0.8502258618
0.0166899894
1.7456089594
0.8611097678
0.1640193794
0.9052935205
0.3110836956
1.8797646297
0.6476776204
0.5255722092
0.0053519647
0.1278589124
0.9875607399
0.0331891078
0.4748113062
0.2026731729
1.5926727328
0.5196009334
0.2898720699
0.0978622750
4.0058039161
1.6088222654
0.1959274628
0.2396003976
0.6431699664
0.5597231919
0.6325200345
2.3905092276
2.9852600470
0.8434689664
0.5709821711
0.2082380410
0.5145870885
0.5955961037
1.6858950719
0.6748686309
0.7212859464
0.8998405609
0.3337099116
1.2922768144
1.6656421921
1.3267409471
1.9389631400
3.0205962174
0.4350175748
0.6804800707
0.0688678834
1.3067828812
0.1503639509
0.0803250902
0.9023418275
3.0172269710
2.7868953947
1.7030663827
0.4349856108
3.1032839159
0.4685343802
0.4102780420
2.8022234923
2.1775784053
0.1333384118
0.4362974573
0.6829508492
0.0280823718
0.9419292538
0.1261130210
0.6394358214
0.2794135019
1.3390616993
0.3984876322
0.5693906586
4.0928678632
4.9733662314
4.9497423601
4.2807470834
0.5282509452
0.3720710193
0.0217147654
0.1115970703
0.6926600361
0.8651653631
0.2294291097
1.0454264152
4.0360817798
0.6091794421
0.0631201124
0.8453569987
0.2831548288
0.0153056578
1.0878020341
0.4128918590
0.9082319647
1.0172047202
0.1251475330
0.1955395610
1.0323422002
1.1700352974
4.9109074708
3.3406399870
0.5375611789
1.0284954607
0.5430994933
0.0008383689
0.2627807650
3.0764085778
0.9255818339
3.2050265172
0.2251600837
0.0582964597
2.4123891095
0.3475238904
0.0346281603
1.1130816281
0.2257251207
1.3175931877
2.8964805084
2.1327765046
0.3786986290
0.8479522377
0.4414688459
1.5013607058
3.4905402430
0.1589188744
0.0387144771
0.0006497560
0.4274383225
4.3583645702
3.3362304929
3.8745519065
1.3253151795
2.9140958366
3.4829823657
3.2240968533
0.7070829110
2.1567620623
0.7062555541
0.5422155644
0.2088883260
0.5355344967
0.6407925153
0.6302507940
0.5432257209
1.7862145478
0.4274375832
1.2561359492
1.2114515753
0.3164663304
0.2655171792
0.4394491710
3.1298853356
0.6084041162
0.1355984044
2.0851139372
0.1410109693
0.4622608646
1.7670566121
0.0637754202
0.9995505437
0.3518069532
0.7118563179
0.8329006608
0.6526888343
0.4592231762
0.4658351298
0.7826649209
0.3075920110
0.1383226379
0.6230116292
0.6385139514
0.0878708178
1.1239122587
0.4883856027
0.1049994815
1.3347948157
1.6394274090
0.2267953122
0.9376568224
0.0060942624
1.1945945738
0.1056439084
0.0590296784
0.6706951110
0.8431224614
0.1956255385
2.2303503524
1.6588107939
1.2360791169
0.3799950630
0.2394320940
0.5029299957
0.9090866730
1.6784274489
0.2034838073
0.8183357181
1.3568091749
2.7152092182
1.6857410230
0.0471822977
0.3597180612
2.8285980263
1.6609617209
0.6482317748
1.1543696675
0.5317860053
0.4498010835
0.7886434360
0.1197489690
0.7129943484
0.0420663721
1.4554306797
0.1016539071
0.6763178529
1.5394977830
1.0947142878
0.6248188011
1.9656901431
0.7590918209
2.6827951295
4.3251994385
4.2714504693
2.9908428580
2.6748421133
2.7852381266
0.7021693108
0.0486825457
0.2080455977
0.2655420197
0.0970228293
0.6791552417
0.1740003887
0.2847496900
0.2141800141
0.8704527933
0.8899472929
2.2731531379
0.4197684788
0.7249269893
0.0306387000
0.1314669916
0.8212499464
0.0349751588
0.2582301077
0.2802180811
0.5329048973
1.2242379113
2.5944966301
0.4034666193
0.1415790382
1.6996666893
0.6833961422
0.5776502065
0.2262089485
0.2043089185
0.5444576122
0.4996881919
3.4975943986
0.0044400673
0.1527350056
0.0962131043
1.7656437248
0.1481648349
0.5610262569
0.1607458517
1.0105674966
1.1868661827
1.1047228255
0.7959507274
0.4859417681
2.6126347254
1.9240772130
0.8779212957
0.8750024292
0.7900160785
0.0096762418
1.3899924581
0.0269133807
0.2346821513
0.5312244263
0.6341794427
0.3632249051
0.0702639408
0.6924456948
1.0976245720
0.4552672166
0.0583821076
0.2882359278
0.4748026923
1.0590536084
1.7458261088
0.5361627401
0.8458055343
0.3208432561
1.7631345602
2.2040308943
0.7832498117
0.7863643637
0.6929536243
1.9377748345
1.7513527027
0.5653254634
0.1378213343
1.1276214821
1.8098626083
0.3497393865
0.9652419700
0.8194136820
0.5195043442
0.2163617851
2.0445943472
3.4243915447
0.6319339835
1.5826411964
0.2596287207
1.3579407861
0.8031227929
0.8967852352
0.8835110585
0.7066688154
2.2450540616
1.0625730757
0.5322392130
0.7029247010
0.9228517090
0.6101214607
1.3186005516
0.7603554596
0.1317900845
0.6985288905
1.2618127592
0.2920577277
1.2631649778
1.3067003161
0.1936352855
0.2238641424
1.0577339209
2.1600481163
0.2162983217
2.6139080678
0.6555734351
0.0192975311
0.8886879363
0.6591482875
0.9415486950
1.7925974516
1.1296585478
1.2843147779
0.4710508977
4.0905863841
2.0737239668
0.2143723453
1.0273284842
0.1316443674
2.0077644659
0.9067167167
0.5841457270
0.0147802136
2.2140878558
0.8725122301
0.3599105253
0.0259194176
0.2270964322
0.6475670678
2.1651066262
3.7725808907
4.3628888278
3.7792484776
4.0286651816
2.7713064600
4.7564537096
0.6992174789
0.8139471713
0.1241015029
0.1713638785
0.0685943823
1.8917912505
0.2577431634
0.4931485471
0.2076049724
2.0197957485
1.3733202883
2.1828446713
3.8464535815
3.0637392903
2.5214187090
3.9823266375
4.4549668683
1.4735387474
0.6820566173
0.2320778769
0.0017168547
0.4034177795
0.8426655324
0.0249212407
0.2704604847
0.0365122225
0.5822478471
0.4578017908
0.2074981096
0.2048261546
0.1268494066
1.9968242781
4.0626159055
4.3804153779
4.6279364766
4.1321725464
0.9932357476
0.0033150938
0.7243826200
1.0489546289
0.2957023218
0.9345050272
1.4837822368
0.0180789735
1.8212749468
0.1302932188
1.1287756091
0.6865150847
0.7279475367
0.5289509212
4.0862535091
2.9383021155
1.2305939814
0.4851697732
1.3284287778
1.1494026081
0.4907364799
2.0558191734
1.0339382112
0.3736740876
