sampled_theta1
0.2287769282
0.2505657540
1.1495656405
4.6355113562
1.6164191399
0.0229532992
2.5641546005
1.2715375577
0.5861223250
0.1844682182
3.0280499461
0.3421329621
0.6767008944
0.8719378641
0.8302579142
3.1138860036
2.4258567306
3.4026009580
0.7044656497
1.8533023478
3.2262862429
1.3435776470
0.2465462801
1.9344437533
0.1650090472
1.4954044665
0.9234228487
2.3462069810
0.2102459342
2.0053560929
0.1447278150
0.6838187607
0.7487362656
1.7738629757
0.3174964735
0.8481212370
0.8625291179
0.8282872197
1.0307746036
0.0409681783
0.3083797841
3.1444732178
3.1705005592
0.0764007114
1.1410712954
0.6985582016
1.9682950262
1.3834931127
0.8590214789
0.2384999432
2.1345115288
2.3357726942
0.3859848325
1.9801963220
0.1257583477
1.6931914625
0.0562190631
1.2666959933
0.0461132114
1.5354185386
2.8104785288
1.6110466936
0.5820932459
0.0316129328
0.5673670711
1.5071137427
2.5404568136
1.3782873200
4.2113570831
0.0656828074
0.6538915825
1.7398770065
0.2691994081
2.3571989390
0.9483911095
0.5474677143
0.8925145770
0.6595818953
0.9576601375
3.1710763585
0.7717261784
1.8941438477
1.1247718039
1.3324686731
0.2604033057
2.9688224841
0.2101635370
1.6962979209
1.1482803359
0.9685565271
3.2748509347
0.1980988107
0.3814918929
1.2056750519
0.0852400512
0.0692990896
2.4388892953
0.2520019492
0.0851570113
0.9934573111
2.0879230174
0.1219297319
0.3926451322
0.1263379055
0.0987464988
1.0507924424
0.3475807853
0.9211019197
0.3633973734
0.7777451959
1.1848548275
0.9563421532
3.0412931518
1.6123730080
0.0743970876
1.9383448427
2.1382991493
1.0978399369
0.1515788764
2.6420094727
0.9700573198
0.2764506994
0.2133698883
2.2565419801
0.3455016363
1.5575211951
0.7521851068
2.3487025416
0.7262494893
0.8504401670
0.0268588747
1.8045829386
1.1467498966
2.0470494675
2.0055964844
0.4106024202
0.1324096217
1.7481969660
0.6385372500
0.0233297134
2.2457585852
1.0902814128
0.0074142584
1.9004565094
0.4474403027
0.3968367996
1.1490152567
0.3250411327
0.7835570749
0.2202458895
2.2094463647
2.6705944050
1.2514989318
1.0395341009
1.8412506032
3.3579434896
2.1052837745
1.0309682124
0.0917793566
0.1250414824
1.5834266651
1.0061011749
2.2154886706
0.4140401611
1.1880209261
1.1796957059
1.4562204620
0.4069386413
2.4334706587
0.3296140096
0.9203129782
0.7475963742
1.1214120887
1.9532964031
0.0976324163
0.6425216416
0.3170910284
0.1034816954
0.1224305440
2.9351010913
1.5118919663
0.2928899656
0.6935251829
0.3887876601
0.0681822541
2.8375928974
0.3323759580
0.4649997577
0.3716812741
0.8559412211
0.0093241134
0.5590401361
1.5460902774
0.3830640690
0.3397258499
0.3347473294
0.0554403154
0.6728775760
0.3718795021
0.2061147756
0.4852093715
1.2264604514
1.8041191497
0.3303387107
0.2304539304
0.7498608594
0.4190647101
0.4361880864
2.6402606637
0.6452945627
0.3151613613
4.3803890160
1.2912745130
0.3193098612
1.7951892756
0.0889531000
0.0329359030
0.0027664361
1.6624334492
1.0204712730
0.4526399339
1.0126907981
1.7735079482
3.6220426281
1.3037728284
1.3294524887
0.8962660065
0.2518131888
0.2447837335
0.4487729958
0.2189777995
0.0100108625
0.7110656636
1.7961753077
1.1412928077
2.8869886228
0.4378826116
1.4568047141
0.0576085622
3.0103363747
0.8603513379
1.2394358689
1.5219323031
0.4004435177
1.0311437726
0.8145751184
1.6411821973
0.4018225725
0.6669630107
0.6249135755
1.2725613614
0.6302156566
1.7192830236
0.7229735104
0.3924017460
0.1319639451
0.0592244542
0.3818373876
1.6359413970
2.3924253456
1.9214769827
0.9609384930
0.9593406466
2.2332911298
1.6176965403
0.7735719867
1.9272160868
0.9553683111
1.1336722984
1.0053990023
0.5942573827
0.2189911746
1.0915465766
0.8469946097
1.7529344153
2.7998710583
0.7474913876
1.1159097491
2.2063814351
0.6136676185
2.5848871371
0.2367552053
1.2731995875
0.5666633081
4.8184693360
0.3196423274
1.1159075807
0.8970847553
0.7227347464
1.9794260847
0.9056525238
0.0731711773
1.1038827981
0.2876247133
2.7642592164
1.7465630835
1.0199253538
0.5257426473
4.7715721542
3.6971982668
0.3987970421
2.0554408475
1.1510793108
0.4631565824
3.0599182676
0.1227273279
1.7134742490
0.4596215883
0.2311514602
0.3952023303
2.0634717934
0.6285209877
1.9155987020
1.6426899713
0.6497083967
0.5494237594
1.1202398411
0.0584249928
0.1047992790
0.3933106233
1.8712530822
0.1685931037
0.3370814033
0.5211732571
1.0169093328
0.7384210326
3.7305741615
0.0222877765
0.8779511943
3.4875671493
0.3481672533
4.4273323776
2.9789648386
0.5222282436
0.7928312207
1.9705005109
2.0571396340
1.0267395156
1.3786498936
0.5027354488
2.1101708281
0.7223791885
0.6150593812
0.2655614941
0.1090837565
0.0060236140
0.4303822798
0.5005199407
0.2325030021
0.2994127565
4.7814552854
2.4920869598
0.3131835323
0.0699510722
2.7970161030
2.8547272333
0.2710107066
1.3005060059
0.5874377366
3.1759878298
1.3744042737
1.6049410041
1.3049008133
0.0398584432
1.4055627843
0.3947174276
3.1580753298
0.0138138678
0.1520469436
0.1488817774
0.8641050629
0.1439562307
0.4008814130
0.1993236708
0.5472462783
4.4280589700
0.1511502522
0.1043144287
1.1303061898
0.5488417271
0.8208421504
0.1039946194
0.7289125807
0.1884138874
0.1348933843
1.7160150456
1.3774727505
1.2489690061
0.3609537100
0.4718024456
0.0623603612
1.8008476644
0.4555772279
0.6530570160
2.4539195809
1.0253622041
0.2931939737
1.5513229839
4.0370045701
0.5970813633
0.0376500040
1.4624381305
3.9431071812
0.3191436710
1.5752788712
1.9531724514
2.5351684043
0.1885930129
0.6308777987
0.1888230587
0.4666727509
0.8740411961
1.0876465008
0.0722361820
1.6136384989
0.0096822371
0.4338307859
0.9375362761
0.2756374960
1.1968724571
0.7856472542
1.7718069389
0.2248994096
0.7122210209
0.0814089808
2.7349279764
0.1385337308
2.6548766958
1.9999681224
1.0358904091
0.2956049845
0.0782405837
1.2359009319
0.2954156791
0.5349950738
0.3901352520
0.7494209029
0.3770041264
0.0895081641
1.0364574555
1.0150948711
0.1162518260
4.1788418372
0.4416107063
1.2191232838
0.9400636242
0.9541500584
0.4291205070
0.8034291523
2.1861688421
0.1731937400
0.9901965712
1.1829052628
0.4704136585
0.4451668614
1.7924376430
0.0988822185
2.3724846405
0.2585221927
0.6998177685
3.4066591571
2.1950891347
0.3976787874
0.0043132243
1.5170315368
3.3861011692
0.4647137748
0.1879832481
3.6655893863
0.0163395336
3.7269704027
1.5762876419
0.1288006564
0.3834495008
3.6494947346
1.3040037314
0.7479448426
0.0384385089
1.1624642381
0.6662107474
0.7308260112
2.2932244132
1.5876201394
1.7496531173
1.7068501773
1.5087422172
0.4836265258
1.6591940222
0.1167577781
2.9246982366
0.9644569401
0.3850033023
1.6063609954
0.0695820212
3.0144431892
0.1716620718
1.0480543289
0.6963430910
0.2345250415
2.5157861677
0.3836123242
1.0622719515
0.0469280106
1.8335489665
1.0344613698
2.8335309968
2.7779270520
0.4174860461
1.3859819821
0.0438504995
1.2383307610
4.5371626279
4.9538274801
1.3191370112
1.2817005651
1.6252106695
0.8808917462
2.5773569192
0.1480767703
3.4658696568
0.1551171642
0.1770950507
0.3982992765
0.8491825669
0.8600470874
0.3256846024
2.7977401845
0.2240948374
1.2963527124
0.1120878064
0.1272565933
1.2832969141
2.1378018374
0.3714923815
0.1443363840
1.9009812007
0.0256925787
0.4280750675
3.8318890391
1.4994145722
2.2235538220
1.0385479808
0.1249341928
1.1698822626
0.1988236573
2.1084819868
0.7381627801
3.1112086939
2.9940488395
0.7153882926
0.0801706821
3.8573568227
0.4102609926
0.4280085527
0.0511675978
1.8713729148
0.4174016793
2.6638035478
1.3293001873
0.4770023762
1.6118894263
0.5487673984
0.1909941460
0.6736078100
0.7645047658
0.1121829226
1.8622183932
0.1486154128
4.6559654563
0.3373115808
0.4303490468
0.2789899684
0.1867940425
0.2113716328
1.0447391526
0.5370952533
0.1235425407
1.7633845210
1.3264932725
4.8060710938
0.5311213959
0.2279593498
1.7080217398
2.4584243115
0.4178168966
0.0396811689
1.6525752944
1.8192105320
0.3958090038
0.2231661020
0.1215334094
0.2481844409
0.5388352685
1.2475607053
0.1877654996
2.1490146844
1.6079711634
1.3373902053
0.4322930181
0.9300739057
1.2916350879
0.6591397313
0.1471935886
0.7831366090
0.8562794449
0.3122714234
0.5247748905
2.4439006859
1.7881029044
0.0978621109
1.4445921999
0.8368328187
0.9034382572
3.3370288714
0.7050434889
0.8926984320
1.1078002410
1.1166460168
3.1932926276
0.8156389658
2.0939925742
0.5000746361
1.4109778695
2.0480112936
1.6516388282
1.9725591917
1.3543281086
0.1241124653
0.4339501095
0.5299104659
0.5787761170
3.2217378783
1.3873727824
1.9634143533
1.5830162403
2.2222079017
0.8094959984
0.1427623963
0.2539225841
0.8921646204
1.7723445347
0.8478558940
0.2457564534
0.0414349770
0.4540699479
2.1004855431
0.5187319381
0.0022698945
0.8640102622
1.0709017584
0.1111850215
2.4369774882
0.6809907467
0.0982020546
0.0855524668
0.8476827305
4.0084320882
0.7449382545
0.7906108287
0.1206647438
0.1634883174
1.6850647315
0.3205131620
0.7908318445
0.3144691205
1.9951812403
1.5536807686
0.4907368726
0.3274469553
0.0523653962
1.5299708507
0.3367610940
0.0347955697
0.3952805928
2.2429240962
0.2170111539
0.0827652481
1.2806150644
1.4407944843
0.6111345578
0.7802543281
0.9233824456
0.9905559246
1.1636184497
0.1215139471
0.2875945499
0.9074331739
0.0428633273
0.0975890801
0.3396741216
2.4961970958
1.2011286525
1.0341275451
2.4867553958
0.9246949289
1.8076439456
0.6652301678
0.4327223541
2.2554326401
0.1463989580
1.9679750429
2.0065703876
1.0449745922
2.1246920045
1.2086088166
0.0089752291
0.2333475027
0.9364163978
0.3854169534
1.1647259139
0.8890125305
0.2325727873
2.0326133242
0.5476225094
0.3169857264
0.7546661766
2.2141062566
0.8878803903
2.1755731881
1.1519076910
0.0622369882
1.9103810327
1.2168343238
0.1402603010
2.3166887472
0.5204241069
1.4159033428
0.6994738147
2.7153597439
0.2833873255
0.4011822244
0.2271226142
0.1784822830
3.6472107141
1.4316129716
0.5714442758
0.0613560565
0.0270547897
2.4143810033
2.0200429275
1.8784808411
0.4265910631
0.4680181108
0.5967677317
1.1847397101
2.8566326948
1.3379894633
0.4055403890
0.0904151670
0.5268400261
1.5679513742
3.3947818193
2.1521376378
0.9514063778
0.0874002295
0.4642428852
3.0199750734
1.0724203226
0.7385597349
0.7869776626
2.0919300525
2.3696048288
0.3041194096
1.0396176380
3.0552181209
1.7112749866
0.6934033934
0.6477807616
3.0830015046
3.6373724038
0.2774238123
0.6405595317
0.0756146607
0.0578349130
1.0087182317
0.9983083879
1.6993811847
0.4481558055
0.4804799792
0.7184426472
0.5573122524
1.5509891970
0.5085339544
0.9423071991
1.0638375047
1.9873981695
1.7689799449
0.1684832691
2.4168314074
0.7475201772
0.0070738629
1.2852637876
0.2521641008
0.0912356066
0.2928306596
0.2628516624
0.0275243571
0.5015760652
0.5685639977
1.9474383298
2.5840271560
0.0555043932
4.6430090656
1.4851452307
0.7706261494
1.2362201461
1.3191263227
1.4031292150
0.6261833970
0.1852999785
0.4565044208
1.3716216452
3.5718307720
0.9007555700
0.2588928197
1.5236884103
2.5848420378
2.6691823271
0.3768184171
0.2758486258
0.2354370930
0.8929787255
1.2627132346
2.5703960457
0.3376290414
1.1000856092
0.6860767523
1.0361676818
0.2738988173
0.3222021288
2.0179789001
0.7218132477
3.3856037051
0.3652656325
1.2791041466
0.1062983810
0.0209226274
1.0638795968
3.3133419478
1.8819115189
0.3954263259
2.4374701936
0.4199860578
0.7756310548
0.6083961507
0.9430312554
2.2687672737
0.2353222286
0.4556057758
0.2093016142
2.1479666352
2.2887172985
0.3072661703
0.5677952643
0.4575758488
0.6577595962
3.9187513659
3.9809364497
0.7891509390
2.3518561577
2.0269452248
0.9866250471
1.1069469824
1.0805933049
1.4932996808
0.1491159579
0.1056527992
1.8336773350
1.7414765093
1.0545420514
0.0760584804
1.3682075917
1.8368805137
0.6127476263
0.7506780229
1.5852693391
1.3977975579
0.0628459133
0.1527471246
2.7130160343
3.6322734239
1.7724480262
1.6182309607
0.0910253080
0.2941909036
1.9299119881
0.2318949051
1.1247548511
1.2396105855
0.5366691453
0.1662121960
0.8270387292
0.1266899042
0.0320027494
1.7179679582
1.1911562842
3.0026098391
0.5457454852
2.8800339763
1.6263833958
1.3671279321
0.6395653987
1.8048114312
1.3639182746
1.0384611887
2.3453897288
2.7703988411
4.4583751544
0.1310739477
0.0553620011
0.4232935141
0.7013001777
0.4904053309
0.5664154649
0.9523764141
0.3629613382
0.1706289809
0.2506853212
0.6787688623
0.3938002200
2.8710278478
2.2206246294
2.9199418982
0.2389285765
0.6461731233
0.4991822277
0.1328946153
1.0521536378
0.7324680771
0.1774866251
0.1313833185
0.3277892667
0.8007162816
1.4840104627
0.2428942640
1.2504710111
3.0425185382
1.7214566962
0.3018448788
3.6996657050
0.4464269353
0.7013999128
2.2161786819
2.9445772322
1.8036237307
0.2333246694
2.4226589250
0.1975065853
0.7495905143
0.2313641761
0.0404615607
0.4499202548
0.1704061118
0.3226167551
0.1368119251
1.0688859654
1.3101224887
1.1133724566
0.4739293209
2.9060050857
0.3712323940
0.1408751645
0.1163703287
0.3005454291
0.1641551194
1.0063279921
1.2833416364
0.6917348030
0.8989028694
0.4741682815
2.9588333950
0.3030792503
1.8930771280
1.0797067389
3.7173887515
1.1188382933
0.6412742291
0.6097569406
1.3582533802
3.0283182971
0.1820137944
2.3622707881
0.4494788451
2.9477250918
1.3636561452
1.1514633900
3.8016165642
0.1444855191
1.2342363622
0.7978025335
0.5284977244
1.8198663671
0.8690102700
1.4464603695
0.0227029537
1.1235286862
0.6348824186
1.1530568557
1.6197264671
1.9445987760
0.4282356157
2.1129745550
0.3995462128
0.3061725718
1.8744488851
1.8574601252
1.5175089311
0.6169561809
0.1703216412
0.2499612628
0.8899992600
1.2312443930
1.4373859924
1.1238521066
0.1371206051
0.8514384154
2.1158443345
0.1279711264
0.4881747627
2.2863388707
4.5342603482
0.0909731513
1.4144044520
1.4273022197
0.4609885724
2.6026806976
0.1093243355
0.2701090715
0.2506308914
0.9974087329
0.3584729026
0.8946164964
0.4213427002
0.5204696680
0.3341975125
2.9326239520
0.7869253289
0.5274216384
0.3134220845
0.2929871368
0.6842218381
0.0261827943
0.2512204317
0.5296769299
3.6044958861
1.7055861748
0.5013609052
0.0161067510
0.6265644774
1.0044820073
2.4444087971
0.4117836252
0.5922219904
0.3373763292
1.3294109882
1.1975731452
1.2937483213
1.6434370814
0.8088807293
4.3693993688
0.6754687408
0.5260219862
1.3809118466
0.5733045678
0.4929266323
2.1441913360
2.6997263483
0.0538303771
1.1624100619
0.0692661831
1.2160518767
0.8587353704
0.5680857643
0.0649198002
0.1625341623
3.5013593682
2.8945273629
1.9263920536
0.5715521047
3.5455598748
0.3475524700
0.3793108227
0.2959218201
0.9332003256
0.6669190062
2.4267650922
1.2179867956
0.0474754423
1.4343471823
0.3160192322
1.4847734613
0.9180353260
4.9007234294
0.9984290733
4.0748079678
0.7608968448
0.0226666897
1.1085032233
1.3707057049
2.7025362653
0.3431916350
0.3470677828
1.0885447851
2.3173640907
0.3675368319
0.2330478293
0.0459396028
0.2436858049
0.5056972420
0.2569240288
0.4222874007
4.4487833976
2.3379390710
0.0288904153
0.1087561525
0.0232712096
0.6904179415
2.0678633258
0.9411316338
1.8817163009
0.1720310152
2.2634899162
0.4864578553
0.3790919038
0.8781277350
0.0411623518
0.9723398884
0.6124218727
0.1225238539
0.2529719885
0.0647259117
0.2985011857
3.7540385080
0.4450817641
1.2218357236
0.1680670739
0.0908946502
1.9383461341
1.2135906378
0.1986789968
2.3965155295
0.0886624736
0.2314734103
0.4793196434
0.2625751579
2.5226604582
0.3401609099
0.1492037463
0.6726888883
0.1383623409
1.2713131599
0.2059728335
0.6690232762
0.7839630082
0.2456170115
2.7458313630
0.1647539594
0.9380795261
2.1979854550
2.0782882524
0.2436604820
0.7451976971
0.2208899198
1.1604651159
0.8136338395
0.7594067093
0.1976100689
2.5424514490
4.1807363895
2.3314689447
0.0553013876
2.0983932230
0.9232639070
2.2291776250
3.6921233884
0.1104922912
0.2161268871
0.5573773685
3.4721838869
1.3474921917
0.4991619758
0.0051020584
1.2678776102
0.4077946354
0.1768441796
0.0208305888
3.0607117823
0.0292129493
3.5351124927
0.9360535416
1.1023995512
1.1055748344
4.4474010988
1.1082105911
2.5957045367
0.8484974076
1.8413687469
2.9375916176
0.5017947762
3.1839250298
0.4451554434
0.3631682001
0.2076071653
0.4835007804
2.3131118380
0.8568186320
0.8332927580
0.6495674481
3.1869940189
0.7002821270
0.1194621036
4.1563177017
0.8707684174
0.9835151672
1.1111355609
0.3445424926
1.9323513297
0.3296441397
4.3434541259
0.1336445974
0.5718239989
0.6224927308
1.9865073648
0.9187757549
0.1499506102
3.2173959391
2.8462317108
1.1620866662
0.0591823237
0.3027161432
0.1600681386
2.9506815408
2.6869259452
3.4004839825
1.8198550010
0.6730558314
0.3269459215
0.1516207312
0.1513293903
0.9040996013
2.6073029394
2.0880610505
0.3992171076
0.4460071894
0.2806008051
1.1190903109
2.4158207354
0.4582108552
