sampled_beta
1.9116062511
1.9611393799
12.9812233635
58.6580413470
7.8244537624
1.3090408125
17.9201339169
1.6407130024
3.2620459246
1.8763489472
28.2823311233
2.0111533984
3.4885313277
2.7246480620
3.3666114984
6.9921177232
1.7149051444
3.4165216903
1.6708436269
5.4042078846
1.9323648712
3.4739266157
1.4524875208
4.8873956792
1.5786896175
2.5345948937
2.4982782362
22.1398528503
1.8561997609
1.7147326667
1.7345018297
2.2566237415
2.2180137605
1.6808315851
1.9603264250
2.6525861750
1.9201591211
2.5467232869
2.1069917454
1.3814028434
1.7036465225
1.8081552978
18.0795067961
1.3843085815
3.1618248763
2.1753107294
4.6848289861
2.6715754553
2.2737529258
1.6338723910
8.0042928724
1.6421220713
1.8514473355
2.5747892941
1.5350170932
2.5251502505
1.4008865353
3.2744130496
1.4501720592
4.1051831728
1.4769911736
2.5621623603
2.7143437610
1.3541185656
3.0111455116
2.7080106813
6.1764715137
5.5102483790
0.8171858912
1.3965783709
2.8278844884
9.7899899144
1.7378172922
2.1160152239
2.3801865703
1.9313887409
5.9158261441
2.4236191804
2.2540082064
11.3961858923
1.9100672621
1.7925129616
2.1258249410
4.4309417189
1.8037635694
1.4122671661
1.7128828505
1.9098828650
6.8709412617
1.7578993036
29.9270991289
1.6597326961
1.7794357346
1.5402192102
1.6179894339
1.6593805481
4.2103139066
1.7165230276
1.4706842999
1.8618487335
2.2376536295
1.5223617786
2.0688288861
1.5684940950
1.4624130031
2.5710821058
2.0460232529
3.1883005834
1.9981857550
3.4165154933
5.7838163917
7.1824002182
12.7853892211
1.6831104881
1.4607094545
1.6740029836
7.9664740731
7.5973683391
1.6304014354
1.8302168356
1.9554288195
1.7776636551
1.6373277841
23.6832093730
2.1195390423
1.5482960053
1.7086336105
1.7626164447
2.4493467271
5.9474189571
1.3944291772
14.4562952767
1.6171890016
7.2391426219
2.4817642180
1.5961437571
1.5605110895
9.5389425969
1.5232427338
1.3133997728
2.6179163511
2.6674968122
1.2784057704
6.2272560329
2.1251481430
1.5859980941
1.7710405024
1.7796079534
5.0667121568
1.6807463792
1.7320413782
1.7804852788
2.7020201679
1.5001058868
5.9098164188
13.5371270709
7.6310835223
3.7449281283
1.4044157601
1.4159423075
2.1910567528
3.6991203351
9.7529196015
2.2710547264
2.4400533165
1.8645077507
2.9558765038
2.1274453466
9.1361765056
2.0221752857
2.7659441073
2.4086232708
3.4054973773
1.6843370970
1.4605014247
3.6492194498
1.9826369936
1.4896400688
1.5236081966
13.4220863616
1.6520046671
1.8392751768
4.0941187766
2.2647287451
1.6218972934
1.7424152115
1.9253095058
2.4402275056
2.0990569211
1.6258024263
1.2951814143
1.4902316299
6.4444037305
2.1882361383
1.9964314904
1.9145814934
1.3724650243
2.3496729802
1.6047273864
1.6752339287
1.5056250154
11.7133598636
8.2699610128
1.8357546108
1.6642481451
3.3637986121
2.1645372665
2.3960074821
15.4468940257
2.4364403278
1.7178753855
2.0851050137
2.3770154281
2.0106302695
9.4961833567
1.4083172781
1.3666518804
1.2908502519
1.6689645099
2.1014564303
2.4151108817
2.1316406636
1.6774924395
35.4161211212
1.9239699382
4.5695265952
2.4492008885
1.5145155999
1.7998323830
2.6050310990
1.8960344813
1.2898755798
2.7003850113
4.6039155226
8.6850989263
2.8688805284
2.1457531969
3.2326666104
1.3866673789
13.5909002766
2.3339933777
4.8025465010
1.8202072985
1.9727717737
2.4051767229
3.9361987544
1.7185918037
1.9312484402
2.2033791701
2.6671039257
3.1623540158
3.1109194780
7.4963906596
1.7741562363
2.2707237885
1.8166170307
1.5497080654
1.7860692383
10.5669178270
3.0630805887
1.5076454629
2.0021935501
2.4875630884
1.7313628426
1.8554550907
1.9301223149
4.7357613967
2.0565172321
2.2212043458
2.7682669218
1.7863388646
1.4777529434
1.9229228962
3.1899718670
1.5140899189
11.3538211855
2.3798922956
2.4908212550
3.5201724984
1.9773478933
2.0338764961
1.9297887175
3.4840683375
2.8742931876
0.3677918544
2.0339296601
4.9213219600
2.5720375018
3.1860961105
2.2967345760
1.6696070474
1.4512475301
11.8176926124
1.9708332621
22.3898965310
6.0377750394
1.6106707772
2.8286284899
80.3658018968
30.6605776620
2.2607851406
4.1762186716
7.7535398375
2.3392397082
7.6313949491
1.4692773528
10.8646438737
1.4852104560
1.7022557678
1.9963659012
4.1932333813
1.7922718323
3.3870013177
1.6527333757
2.1930164304
1.5308744548
1.6597379650
1.4176306935
1.4041212693
1.5990809159
1.6775379475
1.5652160597
2.0406147698
2.4685262314
2.4194168379
3.1860535521
1.0666001978
1.2998140937
2.0946022674
1.8652108447
1.6572178829
2.1299055883
13.3349716369
1.7706377734
2.3186634266
1.9825710443
3.2013650708
1.7012909037
1.6442268480
2.7304504323
1.6656362714
2.1131971679
2.0903126506
1.7694470915
1.6788411406
1.2545317997
2.4547778658
2.7834830734
1.8016161273
1.9348647131
4.0146573593
11.6745435079
1.6906291766
1.3689909699
13.0642313245
4.0004261620
1.8431062179
1.8610477812
3.2377361752
42.0465245150
15.2111235943
2.1747429409
2.5921330187
1.4076318747
4.0483891447
1.6410196306
1.5486667311
1.2908550616
1.4260679081
1.6037988989
6.3287730795
1.6924850716
2.1796212416
1.7808412139
1.8100656515
2.0575434522
1.6118142128
1.4617557229
2.7455415347
2.1065250908
1.7845594083
1.4639389324
2.3692646751
1.6321780290
1.5067475327
1.7912739143
2.6622577746
1.9569993563
1.5487175290
2.1265783310
1.5686254663
16.4548533585
2.4735267367
3.4768049007
1.8327362073
3.6645958226
1.6033293180
1.6582486674
1.7674613619
1.5417318230
1.3216908953
4.2854756049
1.6473844120
1.8163507235
3.1501957105
8.9679987868
1.5183864936
1.5136430421
1.8439216438
1.7643898192
2.4418304712
4.9588773497
2.0144873107
1.5112769044
8.3726187854
1.2865398864
2.3352662210
1.6738704697
1.7024255520
4.5244431665
2.3308840930
4.7609597922
1.9218231245
3.8291062022
1.4750590882
1.8229690428
1.5341948399
2.9381305391
3.9226985165
8.9284896670
1.9444768572
1.7394081989
3.9736810449
1.4993495812
1.5103555309
2.0623428253
2.6259939371
1.9532980993
1.5882539959
2.2768566444
2.5424078102
1.4592684393
1.1076598109
2.0224023537
5.2332406377
2.4547372955
6.2856479900
1.8300743379
5.3789348336
2.9485045736
1.4288548853
2.7159622066
3.7229956454
2.2475945985
2.4818934577
6.3036199583
1.6176372430
1.6190757347
1.4488733207
1.5294356125
9.4213192675
7.7605246083
2.1725851007
1.2904947732
2.0146603389
1.4358090068
2.4718648452
1.8597643948
1.1546805245
1.3174286166
53.6316087213
10.6183550848
1.7869421782
2.2570976571
1.7253532238
1.7227682411
1.8091303652
1.3547681913
4.1429319739
3.5767152397
3.9278443987
4.7094178269
2.7421328900
6.3769999209
10.5603129619
3.0909393572
2.4576584574
5.1895575652
1.7213997515
43.5234300491
3.6758333074
1.6114096268
2.6233647960
1.4917093129
14.3467727916
1.6887426861
3.6057771979
1.9297799112
1.6822273085
2.3867381115
1.5474787749
4.9835702042
1.4886706254
16.5622878323
2.1373272210
17.7274184870
1.7023207050
2.2798538472
4.1835106708
1.3311592100
2.0748162699
1.8340583406
2.2353535089
8.7407871598
13.3163260290
4.0581085433
2.9902263637
1.7873361655
1.7146429210
29.6179036783
1.8405882235
1.8827548879
2.2978419004
3.3456675208
2.4117936754
1.7279281793
1.5059544503
1.5908663031
4.2450954207
1.5360991054
1.4230377589
3.2414997923
3.2707808282
2.2786783721
1.7182525428
17.9469176852
1.3477682334
2.2665035017
23.1619890561
1.6517955204
1.6422031589
3.1351900733
1.4490643101
2.7967040494
1.8705174780
24.2658698671
3.8260855328
6.8904610064
1.5072098769
2.0659707281
1.3816880052
1.3669257129
1.5414733268
2.3148173320
1.4056089473
3.8134688526
2.3276387169
21.0101398920
3.3081142948
2.4323351288
1.4796631381
2.3265978362
1.6277118464
3.7666035245
3.8206346698
1.7726337324
31.5735730735
1.6655600110
0.4868944561
1.7470382226
1.7181294407
1.7478068443
1.5882558284
1.6911440559
4.4550102838
2.4018722378
1.6194472532
1.6819298188
9.5001147918
2.2861944195
2.3473902575
1.6554582673
7.6224368969
7.6060536732
1.7650200067
1.3307999883
2.6272786141
4.0077187478
2.3095667501
1.8978926014
1.6349928690
1.7847806529
2.9507839420
3.7627701503
1.5581539328
1.5035723828
5.9517285417
1.6309111200
2.1757620218
6.5243044021
3.5636383541
1.5346750777
1.5385450752
2.1526970472
2.6204681027
2.0019024008
1.7796222069
11.9880016534
12.8234937656
1.6792373907
5.9894861362
5.1774933466
2.0666068398
1.2422142039
3.6671245879
3.8007069801
3.9339567622
2.4783206508
1.9228494520
2.5392010515
1.6728761737
2.5095573045
2.5175756424
3.7818034848
1.9402438143
3.5848105420
6.8988194991
1.4142385537
2.3720677323
1.6096188172
2.5836061538
6.4456673222
1.4409955680
1.7123339218
2.2366737641
5.1530821723
2.2071447287
1.5817854859
1.6710483564
1.5956205072
3.6735646997
2.4051132615
1.7104178327
1.3978058125
2.3148015652
3.7901108365
1.8958437190
1.2823129396
4.4801334101
1.5783210558
1.4316269568
1.7596910294
3.3153400169
1.4480013200
1.4259081510
3.6289673836
1.5386913532
3.0861727428
4.5658193044
1.5199833420
1.5529178585
3.6677222562
1.9525520061
2.6350004422
1.7996734210
8.2624771864
3.6686981152
1.8993177880
1.9472625180
1.5233191378
9.2961746514
2.0281344553
1.3604593677
2.0658937017
9.5859676995
1.5003621799
1.3851018065
1.8342560247
2.3955826832
1.7212198328
3.8001910512
4.7854199746
1.7059373751
3.5902945448
1.4787950189
1.5144198082
3.7493976404
1.3883701036
1.4012656140
1.9285231490
8.6647621140
2.7063431065
3.1769787151
8.3422401575
3.2321118366
9.9542026807
2.6866818122
2.3735051630
22.3412544987
1.7373801728
9.9254482226
4.3521746597
2.7528963461
1.9395542389
7.3209406135
1.2912253691
1.5724449244
1.5901302270
1.8865679355
3.1421104136
2.4705473877
1.7453842903
1.7117138675
2.9039163500
2.0302019067
1.6313550179
2.9298087824
3.2024579512
4.3150570847
1.6381974498
1.4470887478
5.3990172216
3.4892637666
1.4450884832
1.7416135312
1.7924645388
4.1714089505
1.5570872045
1.8398657923
1.7824521724
2.3385949214
1.8312066967
1.8715608854
31.3853766508
9.6531882716
3.1706636765
1.5901090646
1.3878304677
6.9490428891
1.6679766213
2.0607504682
1.4837780589
1.8619822316
2.0134088669
2.5740978904
2.1133574718
6.0846275142
1.7878515048
1.5529941665
2.6808307547
1.6592350629
1.5087223449
1.6585721892
7.4827029790
1.6590134895
2.4724135032
1.5120040118
2.5049617338
2.5219783954
5.1805163514
3.0993353531
15.3641476171
1.7714899752
6.5653616259
1.4615365457
1.6760236559
3.0375184618
2.2048868488
1.8455219266
1.5151044504
1.6334623682
1.6151443189
1.3765203052
1.3616179352
3.2454555727
3.9328796215
2.2442232236
2.2701330787
2.5589132607
1.7421462745
1.7351866843
3.8340515603
1.5050906114
3.0190265659
5.3606827453
5.0940555310
12.7658582668
1.5454360781
4.2862133221
4.6225223642
1.2784177584
1.6330255919
1.6856961468
1.6835513750
2.0036107108
1.9281133785
1.3056069892
1.8984821927
2.6712718236
17.6714093951
1.6990178605
1.5739067997
7.8989093492
1.7014305923
4.0606668641
2.5367593502
2.1628402253
1.6296825911
1.6338015123
1.5525739262
2.0930438690
1.6456503092
1.9741604497
1.9003341907
1.8362549848
1.5715732179
5.4164351421
8.2822071500
1.7704720868
1.7796050265
1.4461771926
5.4932456556
3.8808777476
1.5617799621
1.9250894468
2.2028960753
3.9235388233
2.9395587979
1.6955468748
1.4502844223
1.6699789153
3.1692622208
1.9649210264
1.8009547190
1.9337120193
1.5354003885
1.2990254278
2.1281639019
1.6976581033
26.7519716859
2.2040872606
1.6694545748
1.6582248558
2.5997858563
2.2311679689
2.7859691316
15.6378010056
1.8482381327
2.2074652409
1.6127165380
1.8214752248
3.8993783304
1.7727931279
3.0191343229
2.1006648373
2.5612097463
10.9716770639
1.0952700476
3.9805437039
11.3712347791
7.9284345527
6.6604889672
10.7800285791
2.4933313162
3.7516348854
1.4216835417
1.5088678602
1.7337724005
1.6723417690
3.6534140917
1.6081575734
13.2815618258
9.0848968544
2.0528188502
4.7169124879
3.1066836438
2.7115621306
1.5504360587
1.6540782242
1.5479070815
2.3919902501
4.3203187469
1.6524178734
1.4529957721
1.4950896297
4.4147430279
1.5455246105
5.2555869725
2.5438982991
2.1406372636
1.8264372225
5.5000709829
1.8588328757
1.4380080275
3.5240332589
2.4294165239
1.8455654053
1.5750474544
6.2216762329
4.6685846316
2.0298359864
2.9815418668
26.3239767260
3.3084090469
1.6094423306
6.7074148213
1.8630484148
1.9363206233
1.5342786897
1.3481040284
2.1484524614
3.1564061731
1.5718939000
1.6943449282
3.8458703873
2.0438957040
1.8931188420
1.9024032870
2.2845699402
2.1033332335
4.2583716993
1.4659948019
1.6577369702
1.8614130705
2.8466010251
2.7512322835
1.4379586808
1.6063010247
4.5069440487
1.5167063187
1.4265748688
1.9394290398
1.8582375714
6.0608607555
1.8561865145
9.1097038721
2.3605923809
4.8506952081
1.6981012824
21.2531570732
2.5209938212
1.6987564993
1.7543090944
1.4658218654
3.0555023487
1.9438292018
24.5927929349
1.8517799011
3.8481299128
1.8359096610
1.4770139185
2.5219186919
1.5718813203
2.0058255733
1.5158839253
2.7290379450
1.9560233354
2.7664658745
2.1058165248
5.3951194449
1.8528104487
1.6042387613
1.4526396562
1.8872993689
1.5996279438
2.1594698135
2.1407980023
2.1360964142
6.9250960686
2.0774018623
1.4953086046
1.9472838535
1.7055243652
2.5558278495
24.6633388892
1.6192496962
2.9303980018
1.9319042827
3.6009095295
8.3649211795
1.5841486206
3.4207635730
1.9060541363
7.5236959053
2.3139226730
1.7470625553
4.9825816220
1.5222210396
1.6561365954
3.6736566279
2.0309499683
1.6756300927
4.4183756796
7.4329775671
1.3095237493
3.8769280899
1.4755443764
4.7963313887
1.6839121045
1.6994299245
2.0365994086
5.9711787975
1.6037774332
1.9633133570
8.9919606506
6.8463107926
2.6712125681
1.7818408526
1.5431607951
1.7367936460
5.3284896244
1.9313571076
4.0809749629
5.3188640414
1.6789867905
5.0763325612
1.7334509771
1.4589566049
2.6756610790
10.9646664634
4.6332988599
1.4706662478
3.1445872296
2.8800366219
2.1885804152
1.5971919589
1.4687204328
1.4494169232
1.7833721706
1.6576820418
1.8977457200
5.0365345299
2.2058793885
2.1774013708
2.0298673974
7.1796002657
5.1809128590
2.9670297218
2.1031501552
1.9716137246
4.0231849920
1.3803803760
1.7063456713
1.5102300083
1.0538031342
2.1776301576
1.5437000813
1.2947766486
1.6928433083
2.0844173269
1.7242180039
2.1015086951
2.6418085414
2.0558633191
2.6867356366
3.3710812249
1.6098062878
1.7204835618
3.0298436169
2.1590809410
1.8443102316
1.7752558632
3.1032335858
2.8620007804
2.6858245098
2.9713633678
1.5345319064
1.4423698893
3.2050260708
1.3842049986
1.9987746000
1.8410576432
2.1546223006
1.3706507997
1.7753697489
1.5837305021
1.4633098362
1.6715792144
3.0590610158
1.3077342658
1.8243859067
1.5609151621
1.8475805716
4.2427279285
3.1608942282
6.5618502292
2.7657976068
1.4787261816
8.8356394881
1.8695253298
4.3685653526
3.1320868270
1.8188544955
5.0600966936
2.0521723279
1.8545889572
1.3015074009
3.0018460497
2.5221226453
1.7712429343
1.8739842111
1.9875121299
2.5486643307
1.7484510822
1.6635122038
1.6220913435
1.3731619408
1.7846871429
2.0557509254
1.7416756912
1.7380471095
33.3527020142
14.7323493523
1.3205366259
1.4732622775
1.3069542528
3.9828032892
10.3515487820
2.6329861411
1.7020984029
1.6080317673
11.7126308491
1.8242389200
2.0450633784
3.1428744628
1.3287693515
1.9081620468
3.3804008845
1.7243406576
1.6940322707
1.4597542715
1.5884466521
19.5838406534
2.1566031451
3.9198933113
1.5839398170
1.4346685013
12.8139448092
4.4538901672
1.5892371441
5.6997511350
1.4471397558
1.6547480052
2.4810390259
1.7379293946
1.5856555375
1.8702261138
1.5773672494
1.8931606839
1.5592718063
5.4901679591
1.4870238275
1.7885386131
3.4902564621
1.8131178022
1.5817842874
1.7069684550
2.8332405973
1.7151208721
6.0955368661
1.6847697922
3.1476787559
1.7403743473
4.5818619803
4.0720799604
2.2549144784
1.8678430364
15.2094809212
0.6522620583
7.8012949933
1.3537596074
12.0587155482
3.4426581598
4.4541374147
1.8521790733
1.5994140365
1.6684490656
1.8987452881
1.9465822819
2.0199973888
2.1610292594
1.2656385193
15.9929429895
2.4066393915
1.8156539383
1.3580382859
25.3956250915
1.4223664968
6.5551859670
3.2203927514
1.7115585975
1.8251957269
2.1284108003
7.3049568500
1.8326690555
2.3844608865
1.9074005557
18.1344026366
2.5936300082
21.9015315155
2.5342333938
2.1787774268
1.7657921658
2.7192236965
35.1062353468
4.6823877396
2.7580526633
1.7901551604
1.5053753113
2.0858618857
1.4964495400
2.0465068345
1.9801720938
1.5753554687
2.8767481463
1.7623273205
1.8848206170
1.5707768001
1.4665017432
1.6115923019
3.2038698778
3.5504723011
33.9199306387
7.1628421836
1.5602753429
1.5423239152
6.6051993853
4.3077246939
1.3493872419
1.8508791167
1.6112174110
1.8093629218
14.6213691829
1.4588552139
6.2528333894
2.5300406537
1.8537870805
1.5200188478
1.8097222441
6.9810178280
10.4281961972
3.5729621374
2.1823309258
2.3050227995
1.6920270391
7.9952378435
8.2120959350
1.8236268272
