likelihood_theta1,theta1
1.4036840459e-33,0.2287769282
3.0469433249e-33,0.2505657540
9.0953854983e-26,1.1495656405
2.0518813973e-142,4.6355113562
1.8204086359e-24,1.6164191399
7.6423700457e-38,0.0229532992
5.3319872436e-32,2.5641546005
3.2211453973e-25,1.2715375577
1.5769357420e-29,0.5861223250
2.5980514974e-34,0.1844682182
9.1527644013e-43,3.0280499461
5.4892693054e-32,0.3421329621
8.1892112074e-29,0.6767008944
2.0206299929e-27,0.8719378641
1.0503007222e-27,0.8302579142
2.2839265042e-45,3.1138860036
8.9033303809e-30,2.4258567306
9.0013412824e-56,3.4026009580
1.3226228082e-28,0.7044656497
7.9730118447e-25,1.8533023478
4.2149746835e-49,3.2262862429
5.8827948200e-25,1.3435776470
2.6481076771e-33,0.2465462801
3.7781114319e-25,1.9344437533
1.1817553948e-34,0.1650090472
1.4059799269e-24,1.4954044665
4.4254307730e-27,0.9234228487
1.0893704674e-28,2.3462069810
7.0587463176e-34,0.2102459342
1.5858991037e-25,2.0053560929
5.0402514370e-35,0.1447278150
9.2687014581e-29,0.6838187607
2.7897490800e-28,0.7487362656
1.3031214301e-24,1.7738629757
2.6609220011e-32,0.3174964735
1.3931068254e-27,0.8481212370
1.7457103619e-27,0.8625291179
1.0178929814e-27,0.8282872197
2.0458185215e-26,1.0307746036
2.7523740161e-37,0.0409681783
2.0163268111e-32,0.3083797841
2.3994327598e-46,3.1444732178
3.3543930226e-47,3.1705005592
2.1045413830e-36,0.0764007114
8.2408690968e-26,1.1410712954
1.1953189774e-28,0.6985582016
2.5615224625e-25,1.9682950262
7.8104472044e-25,1.3834931127
1.6527107740e-27,0.8590214789
1.9924545338e-33,0.2384999432
1.8818021146e-26,2.1345115288
1.4772784197e-28,2.3357726942
1.8306094721e-31,0.3859848325
2.2096918574e-25,1.9801963220
2.2022379392e-35,0.1257583477
1.7109101052e-24,1.6931914625
7.0030888988e-37,0.0562190631
3.0809579716e-25,1.2666959933
3.8190333880e-37,0.0461132114
1.6029376639e-24,1.5354185386
4.7053316825e-37,2.8104785288
1.8158976373e-24,1.6110466936
1.4599912447e-29,0.5820932459
1.4579100781e-37,0.0316129328
1.0979695848e-29,0.5673670711
1.4675542524e-24,1.5071137427
1.3752836590e-31,2.5404568136
7.5429050749e-25,1.3782873200
3.7591133969e-103,4.2113570831
1.1914829645e-36,0.0656828074
5.4807805103e-29,0.6538915825
1.5013393662e-24,1.7398770065
5.7485838482e-33,0.2691994081
7.8574702364e-29,2.3571989390
6.4032397564e-27,0.9483911095
7.4043464804e-30,0.5474677143
2.7735535508e-27,0.8925145770
6.0626261232e-29,0.6595818953
7.3303121587e-27,0.9576601375
3.2098179320e-47,3.1710763585
4.0791822890e-28,0.7717261784
5.6526193606e-25,1.8941438477
6.7948270572e-26,1.1247718039
5.4012736613e-25,1.3324686731
4.2735811923e-33,0.2604033057
4.3532205193e-41,2.9688224841
7.0367941011e-34,0.2101635370
1.6999013892e-24,1.6962979209
8.9613644609e-26,1.1482803359
8.5812453159e-27,0.9685565271
7.7725628065e-51,3.2748509347
4.4350129673e-34,0.1980988107
1.6255991126e-31,0.3814918929
1.6873683720e-25,1.2056750519
3.2958437345e-36,0.0852400512
1.4486554784e-36,0.0692990896
5.7326432103e-30,2.4388892953
3.2026402063e-33,0.2520019492
3.2822264367e-36,0.0851570113
1.2228550741e-26,0.9934573111
4.4179028053e-26,2.0879230174
1.8558560275e-35,0.1219297319
2.1790185711e-31,0.3926451322
2.2597500374e-35,0.1263379055
6.3617718894e-36,0.0987464988
2.6733860672e-26,1.0507924424
6.4116166889e-32,0.3475807853
4.2744415362e-27,0.9211019197
9.9709091544e-32,0.3633973734
4.5022097147e-28,0.7777451959
1.3509657273e-25,1.1848548275
7.1911954365e-27,0.9563421532
3.7449802507e-43,3.0412931518
1.8171569601e-24,1.6123730080
1.8965149134e-36,0.0743970876
3.6211824740e-25,1.9383448427
1.7481285139e-26,2.1382991493
4.8898597060e-26,1.0978399369
6.7460692905e-35,0.1515788764
1.9233955873e-33,2.6420094727
8.7684518537e-27,0.9700573198
7.3096720738e-33,0.2764506994
7.9405232232e-34,0.2133698883
1.2541071915e-27,2.2565419801
6.0438084534e-32,0.3455016363
1.6909574183e-24,1.5575211951
2.9543082876e-28,0.7521851068
1.0120210819e-28,2.3487025416
1.9144151947e-28,0.7262494893
1.4448200156e-27,0.8504401670
1.0308928508e-37,0.0268588747
1.1072900472e-24,1.8045829386
8.8040109947e-26,1.1467498966
8.6294444839e-26,2.0470494675
1.5806788598e-25,2.0055964844
3.4486443739e-31,0.4106024202
2.9548290023e-35,0.1324096217
1.4555381447e-24,1.7481969660
4.1638280657e-29,0.6385372500
7.8710404531e-38,0.0233297134
1.6388838782e-27,2.2457585852
4.4486647571e-26,1.0902814128
1.9036903083e-38,0.0074142584
5.3293383214e-25,1.9004565094
8.4501410290e-31,0.4474403027
2.4288399901e-31,0.3968367996
9.0377856176e-26,1.1490152567
3.3344487368e-32,0.3250411327
4.9507275806e-28,0.7835570749
1.0262122410e-33,0.2202458895
3.8743573716e-27,2.2094463647
5.2352670823e-34,2.6705944050
2.6708382088e-25,1.2514989318
2.3016498954e-26,1.0395341009
8.7187572450e-25,1.8412506032
5.5414790739e-54,3.3579434896
3.2511516877e-26,2.1052837745
2.0511790955e-26,1.0309682124
4.5485023675e-36,0.0917793566
2.1330256075e-35,0.1250414824
1.7687031957e-24,1.5834266651
1.4590527878e-26,1.0061011749
3.3721391931e-27,2.2154886706
3.7590021803e-31,0.4140401611
1.3981785729e-25,1.1880209261
1.2769015190e-25,1.1796957059
1.1864489402e-24,1.4562204620
3.1441503863e-31,0.4069386413
6.8913825446e-30,2.4334706587
3.8166591902e-32,0.3296140096
4.2242391764e-27,0.9203129782
2.7373325774e-28,0.7475963742
6.5260786781e-26,1.1214120887
3.0603439489e-25,1.9532964031
6.0324134634e-36,0.0976324163
4.4732708968e-29,0.6425216416
2.6285897061e-32,0.3170910284
7.9591408699e-36,0.1034816954
1.8980238168e-35,0.1224305440
3.5639025111e-40,2.9351010913
1.4918661746e-24,1.5118919663
1.2431259814e-32,0.2928899656
1.0962133376e-28,0.6935251829
1.9703942835e-31,0.3887876601
1.3643578734e-36,0.0681822541
1.0640353279e-37,2.8375928974
4.1385551373e-32,0.3323759580
1.2696601658e-30,0.4649997577
1.2497851484e-31,0.3716812741
1.5749821434e-27,0.8559412211
2.3249992191e-38,0.0093241134
9.3229504126e-30,0.5590401361
1.6476707276e-24,1.5460902774
1.6947792556e-31,0.3830640690
5.1224260023e-32,0.3397258499
4.4349053950e-32,0.3347473294
6.6937532860e-37,0.0554403154
7.6600942160e-29,0.6728775760
1.2565034243e-31,0.3718795021
6.0343452408e-34,0.2061147756
1.9988270482e-30,0.4852093715
2.0890150407e-25,1.2264604514
1.1102941810e-24,1.8041191497
3.8987865761e-32,0.3303387107
1.4918602950e-33,0.2304539304
2.8424109874e-28,0.7498608594
4.2594264595e-31,0.4190647101
6.4666435136e-31,0.4361880864
2.0798001824e-33,2.6402606637
4.7013614169e-29,0.6452945627
2.4796615116e-32,0.3151613613
1.9260790864e-117,4.3803890160
3.8419914430e-25,1.2912745130
2.8101157107e-32,0.3193098612
1.1679884813e-24,1.7951892756
3.9609810676e-36,0.0889531000
1.6006020141e-37,0.0329359030
9.7599340906e-39,0.0027664361
1.7934338530e-24,1.6624334492
1.7784321437e-26,1.0204712730
9.5451844202e-31,0.4526399339
1.5982804182e-26,1.0126907981
1.3053210996e-24,1.7735079482
1.1829070526e-65,3.6220426281
4.2771088995e-25,1.3037728284
5.2749448943e-25,1.3294524887
2.9370225154e-27,0.8962660065
3.1817590346e-33,0.2518131888
2.4891614271e-33,0.2447837335
8.7191353931e-31,0.4487729958
9.7906598887e-34,0.2189777995
2.4888432781e-38,0.0100108625
1.4802465526e-28,0.7110656636
1.1616366699e-24,1.7961753077
8.2622358498e-26,1.1412928077
6.3600053635e-39,2.8869886228
6.7347819151e-31,0.4378826116
1.1898042003e-24,1.4568047141
7.5865359022e-37,0.0576085622
2.9725919662e-42,3.0103363747
1.6873958442e-27,0.8603513379
2.3764549786e-25,1.2394358689
1.5411541171e-24,1.5219323031
2.6648032060e-31,0.4004435177
2.0560510871e-26,1.0311437726
8.1765273570e-28,0.8145751184
1.8205886411e-24,1.6411821973
2.7605151480e-31,0.4018225725
6.9053513973e-29,0.6669630107
3.2518805823e-29,0.6249135755
3.2513916497e-25,1.2725613614
3.5816876209e-29,0.6302156566
1.6047234375e-24,1.7192830236
1.8114507666e-28,0.7229735104
2.1652723855e-31,0.3924017460
2.8975653546e-35,0.1319639451
8.3188633012e-37,0.0592244542
1.6405731281e-31,0.3818373876
1.8234061632e-24,1.6359413970
2.6479880393e-29,2.3924253456
4.3312843231e-25,1.9214769827
7.6874018674e-27,0.9609384930
7.5113650754e-27,0.9593406466
2.2177001433e-27,2.2332911298
1.8212496567e-24,1.6176965403
4.2046470820e-28,0.7735719867
4.0804772281e-25,1.9272160868
7.0900029397e-27,0.9553683111
7.5542267323e-26,1.1336722984
1.4448985941e-26,1.0053990023
1.8402837192e-29,0.5942573827
9.7955240472e-34,0.2189911746
4.5199385615e-26,1.0915465766
1.3686295927e-27,0.8469946097
1.4285711314e-24,1.7529344153
8.3218599500e-37,2.7998710583
2.7325529987e-28,0.7474913876
6.1060987911e-26,1.1159097491
4.1543029792e-27,2.2063814351
2.6447847742e-29,0.6136676185
2.2716361456e-32,2.5848871371
1.8720607353e-33,0.2367552053
3.2703537274e-25,1.2731995875
1.0829709993e-29,0.5666633081
5.6246549712e-163,4.8184693360
2.8382998861e-32,0.3196423274
6.1059380986e-26,1.1159075807
2.9739019159e-27,0.8970847553
1.8041586403e-28,0.7227347464
2.2313172512e-25,1.9794260847
3.3872625677e-27,0.9056525238
1.7786496256e-36,0.0731711773
5.2701972816e-26,1.1038827981
1.0508291946e-32,0.2876247133
5.3876967015e-36,2.7642592164
1.4646945391e-24,1.7465630835
1.7652053841e-26,1.0199253538
4.7547572574e-30,0.5257426473
1.7274619281e-157,4.7715721542
1.7218642627e-69,3.6971982668
2.5545651562e-31,0.3987970421
7.5661018993e-26,2.0554408475
9.2554337720e-26,1.1510793108
1.2172404931e-30,0.4631565824
1.0456736619e-43,3.0599182676
1.9234406720e-35,0.1227273279
1.6309507137e-24,1.7134742490
1.1222668563e-30,0.4596215883
1.5300518228e-33,0.2311514602
2.3284242992e-31,0.3952023303
6.6522771908e-26,2.0634717934
3.4729835768e-29,0.6285209877
4.5979295127e-25,1.9155987020
1.8194927253e-24,1.6426899713
5.0873390170e-29,0.6497083967
7.7004035523e-30,0.5494237594
6.4345324501e-26,1.1202398411
7.9490663701e-37,0.0584249928
8.4665321994e-36,0.1047992790
2.2170193359e-31,0.3933106233
6.9084190431e-25,1.8712530822
1.3692370438e-34,0.1685931037
4.7457756997e-32,0.3370814033
4.3239355253e-30,0.5211732571
1.6937520429e-26,1.0169093328
2.3486671885e-28,0.7384210326
2.8314630298e-71,3.7305741615
7.2516421694e-38,0.0222877765
2.2175797039e-27,0.8779511943
2.2391385722e-59,3.4875671493
6.5190671043e-32,0.3481672533
1.0082675992e-121,4.4273323776
2.2818588369e-41,2.9789648386
4.4200598379e-30,0.5222282436
5.7571813255e-28,0.7928312207
2.4934371435e-25,1.9705005109
7.3645964607e-26,2.0571396340
1.9369834064e-26,1.0267395156
7.5613952450e-25,1.3786498936
2.9272862803e-30,0.5027354488
2.9750487870e-26,2.1101708281
1.7933518588e-28,0.7223791885
2.7136541485e-29,0.6150593812
5.0886153346e-33,0.2655614941
1.0335335235e-35,0.1090837565
1.6204013494e-38,0.0060236140
5.6210878540e-31,0.4303822798
2.7911098904e-30,0.5005199407
1.6066884928e-33,0.2325030021
1.5268764491e-32,0.2994127565
1.2403099590e-158,4.7814552854
8.6847505061e-31,2.4920869598
2.3352009966e-32,0.3131835323
1.5000114826e-36,0.0699510722
9.6916127492e-37,2.7970161030
4.0692409975e-38,2.8547272333
6.1062675790e-33,0.2710107066
4.1601943103e-25,1.3005060059
1.6169760649e-29,0.5874377366
2.2022536809e-47,3.1759878298
7.3462667816e-25,1.3744042737
1.8088809209e-24,1.6049410041
4.3180029049e-25,1.3049008133
2.5597788804e-37,0.0398584432
8.9893792628e-25,1.4055627843
2.2993830920e-31,0.3947174276
8.6311530362e-47,3.1580753298
3.5525675997e-38,0.0138138678
6.8808169510e-35,0.1520469436
6.0174064557e-35,0.1488817774
1.7891106688e-27,0.8641050629
4.8762934987e-35,0.1439562307
2.6948560738e-31,0.4008814130
4.6501463149e-34,0.1993236708
7.3715065728e-30,0.5472462783
8.6341731871e-122,4.4280589700
6.6248906209e-35,0.1511502522
8.2763801013e-36,0.1043144287
7.2587264320e-26,1.1303061898
7.6111793155e-30,0.5488417271
9.0394204150e-28,0.8208421504
8.1531632750e-36,0.1039946194
2.0022491468e-28,0.7289125807
3.0374043137e-34,0.1884138874
3.2942468741e-35,0.1348933843
1.6196502147e-24,1.7160150456
7.5014443484e-25,1.3774727505
2.6068624490e-25,1.2489690061
9.3216710301e-32,0.3609537100
1.4817517211e-30,0.4718024456
9.9214784675e-37,0.0623603612
1.1314684638e-24,1.8008476644
1.0220422875e-30,0.4555772279
5.4000478880e-29,0.6530570160
3.4133355548e-30,2.4539195809
1.9010700241e-26,1.0253622041
1.2551746063e-32,0.2931939737
1.6681109821e-24,1.5513229839
3.6010159924e-90,4.0370045701
1.9409610089e-29,0.5970813633
2.2109174235e-37,0.0376500040
1.2220975056e-24,1.4624381305
7.1245926325e-84,3.9431071812
2.7961251667e-32,0.3191436710
1.7475172459e-24,1.5752788712
3.0647301476e-25,1.9531724514
1.6923004035e-31,2.5351684043
3.0589401756e-34,0.1885930129
3.6250281602e-29,0.6308777987
3.0868112419e-34,0.1888230587
1.3190409075e-30,0.4666727509
2.0875322912e-27,0.8740411961
4.3034436305e-26,1.0876465008
1.6932710538e-36,0.0722361820
1.8182696971e-24,1.6136384989
2.4095194806e-38,0.0096822371
6.1100482938e-31,0.4338307859
5.4581478971e-27,0.9375362761
7.1166845858e-33,0.2756374960
1.5375415008e-25,1.1968724571
5.1223538137e-28,0.7856472542
1.3158310646e-24,1.7718069389
1.2182530295e-33,0.2248994096
1.5096348422e-28,0.7122210209
2.7189703021e-36,0.0814089808
2.3789767922e-35,2.7349279764
3.8596060226e-35,0.1385337308
1.0765966417e-33,2.6548766958
1.7064456739e-25,1.9999681224
2.1918680544e-26,1.0358904091
1.3546603324e-32,0.2956049845
2.3136914213e-36,0.0782405837
2.2952131824e-25,1.2359009319
1.3465905646e-32,0.2954156791
5.7516938803e-30,0.5349950738
2.0410717007e-31,0.3901352520
2.8216956351e-28,0.7494209029
1.4422793358e-31,0.3770041264
4.0704822910e-36,0.0895081641
2.2086314948e-26,1.0364574555
1.6520606466e-26,1.0150948711
1.4359515875e-35,0.1162518260
1.3423209219e-100,4.1788418372
7.3613522300e-31,0.4416107063
1.9392434535e-25,1.2191232838
5.6656364232e-27,0.9400636242
6.9652990891e-27,0.9541500584
5.4514304034e-31,0.4291205070
6.8343662747e-28,0.8034291523
6.5090889663e-27,2.1861688421
1.6517540607e-34,0.1731937400
1.1679895303e-26,0.9901965712
1.3225645458e-25,1.1829052628
1.4359583974e-30,0.4704136585
8.0089264996e-31,0.4451668614
1.1856801470e-24,1.7924376430
6.4030266929e-36,0.0988822185
4.9387928673e-29,2.3724846405
4.0080781223e-33,0.2585221927
1.2214343420e-28,0.6998177685
6.1403347241e-56,3.4066591571
5.3515030496e-27,2.1950891347
2.4821225783e-31,0.3976787874
1.2844582532e-38,0.0043132243
1.5174170579e-24,1.5170315368
4.2036460534e-55,3.3861011692
1.2613922315e-30,0.4647137748
2.9862183167e-34,0.1879832481
7.5805341002e-68,3.6655893863
4.4373449037e-38,0.0163395336
4.4367442082e-71,3.7269704027
1.7503094664e-24,1.5762876419
2.5204740631e-35,0.1288006564
1.7121515218e-31,0.3834495008
5.0098394245e-67,3.6494947346
4.2854581086e-25,1.3040037314
2.7532547288e-28,0.7479448426
2.3304336876e-37,0.0384385089
1.0538811312e-25,1.1624642381
6.8146052543e-29,0.6662107474
2.0677419243e-28,0.7308260112
4.8394162419e-28,2.2932244132
1.7783648564e-24,1.5876201394
1.4473143466e-24,1.7496531173
1.6591134941e-24,1.7068501773
1.4758975822e-24,1.5087422172
1.9300887226e-30,0.4836265258
1.7991916166e-24,1.6591940222
1.4693544607e-35,0.1167577781
6.7235996464e-40,2.9246982366
8.0887838055e-27,0.9644569401
1.7838750387e-31,0.3850033023
1.8106905614e-24,1.6063609954
1.4707434232e-36,0.0695820212
2.2661571403e-42,3.0144431892
1.5520318148e-34,0.1716620718
2.5782558375e-26,1.0480543289
1.1506859391e-28,0.6963430910
1.7281248551e-33,0.2345250415
3.5745331086e-31,2.5157861677
1.7195398815e-31,0.3836123242
3.1079774679e-26,1.0622719515
4.0173186935e-37,0.0469280106
9.2053213860e-25,1.8335489665
2.1501375231e-26,1.0344613698
1.3330288557e-37,2.8335309968
2.6529673594e-36,2.7779270520
4.0959127800e-31,0.4174860461
7.9398882223e-25,1.3859819821
3.3124149832e-37,0.0438504995
2.3508165889e-25,1.2383307610
2.7476489249e-132,4.5371626279
1.1514105536e-179,4.9538274801
4.8573351558e-25,1.3191370112
3.5308210505e-25,1.2817005651
1.8243785678e-24,1.6252106695
2.3204561280e-27,0.8808917462
3.1050345722e-32,2.5773569192
5.8149153002e-35,0.1480767703
1.9773380791e-58,3.4658696568
7.8305476387e-35,0.1551171642
1.9341150889e-34,0.1770950507
2.5220801263e-31,0.3982992765
1.4165501382e-27,0.8491825669
1.6793993274e-27,0.8600470874
3.3986892433e-32,0.3256846024
9.3246246627e-37,2.7977401845
1.1827903829e-33,0.2240948374
4.0148123550e-25,1.2963527124
1.1870943997e-35,0.1120878064
2.3538536720e-35,0.1272565933
3.5813845771e-25,1.2832969141
1.7651888270e-26,2.1378018374
1.2434143269e-31,0.3714923815
4.9564272518e-35,0.1443363840
5.3029444206e-25,1.9009812007
9.4414898405e-38,0.0256925787
5.3144679565e-31,0.4280750675
5.2555757560e-77,3.8318890391
1.4273615144e-24,1.4994145722
2.7942135749e-27,2.2235538220
2.2714525787e-26,1.0385479808
2.1228466893e-35,0.1249341928
1.1454499721e-25,1.1698822626
4.5611542452e-34,0.1988236573
3.0680762001e-26,2.1084819868
2.3385377565e-28,0.7381627801
2.7735554700e-45,3.1112086939
8.6298095588e-42,2.9940488395
1.5931053187e-28,0.7153882926
2.5534003882e-36,0.0801706821
1.5942423366e-78,3.8573568227
3.4191541319e-31,0.4102609926
5.3058626900e-31,0.4280085527
5.2012345127e-37,0.0511675978
6.9015287526e-25,1.8713729148
4.0873402697e-31,0.4174016793
7.1603242454e-34,2.6638035478
5.2686163805e-25,1.3293001873
1.6654866757e-30,0.4770023762
1.8167088253e-24,1.6118894263
7.5998543936e-30,0.5487673984
3.3620206966e-34,0.1909941460
7.7585615222e-29,0.6736078100
3.6221899604e-28,0.7645047658
1.1922921648e-35,0.1121829226
7.4365033039e-25,1.8622183932
5.9496710428e-35,0.1486154128
1.3351040395e-144,4.6559654563
4.7775063809e-32,0.3373115808
5.6165573471e-31,0.4303490468
7.9442361674e-33,0.2789899684
2.8490976217e-34,0.1867940425
7.3652244409e-34,0.2113716328
2.4672119752e-26,1.0447391526
6.0034933716e-30,0.5370952533
1.9949316130e-35,0.1235425407
1.3670907250e-24,1.7633845210
5.1528525631e-25,1.3264932725
1.6422437517e-161,4.8060710938
5.3127985214e-30,0.5311213959
1.3625000014e-33,0.2279593498
1.6542720803e-24,1.7080217398
2.9155074308e-30,2.4584243115
4.1296915944e-31,0.4178168966
2.5301201530e-37,0.0396811689
1.8091551018e-24,1.6525752944
1.0125433313e-24,1.8192105320
2.3652377013e-31,0.3958090038
1.1430668525e-33,0.2231661020
1.8231186583e-35,0.1215334094
2.8043399905e-33,0.2481844409
6.2198255100e-30,0.5388352685
2.5717695634e-25,1.2475607053
2.9606501367e-34,0.1877654996
1.4141752435e-26,2.1490146844
1.8126126030e-24,1.6079711634
5.6114664692e-25,1.3373902053
5.8873372633e-31,0.4322930181
4.8866252199e-27,0.9300739057
3.8540839928e-25,1.2916350879
6.0153867325e-29,0.6591397313
5.6002510271e-35,0.1471935886
4.9168805934e-28,0.7831366090
1.5833422730e-27,0.8562794449
2.2712572594e-32,0.3122714234
4.6603209948e-30,0.5247748905
4.8287389015e-30,2.4439006859
1.2134304872e-24,1.7881029044
6.0989826936e-36,0.0978621109
1.1195746210e-24,1.4445921999
1.1657741061e-27,0.8368328187
3.2754756745e-27,0.9034382572
3.6115009125e-53,3.3370288714
1.3357516376e-28,0.7050434889
2.7813584712e-27,0.8926984320
5.5305867042e-26,1.1078002410
6.1608789108e-26,1.1166460168
5.7618747698e-48,3.1932926276
8.3171807107e-28,0.8156389658
3.9748149084e-26,2.0939925742
2.7644573911e-30,0.5000746361
9.2881642329e-25,1.4109778695
8.5016648737e-26,2.0480112936
1.8103684373e-24,1.6516388282
2.4310790594e-25,1.9725591917
6.3725499979e-25,1.3543281086
2.0464044075e-35,0.1241124653
6.1276518160e-31,0.4339501095
5.1821105976e-30,0.5299104659
1.3698537660e-29,0.5787761170
6.0726827345e-49,3.2217378783
8.0126388827e-25,1.3873727824
2.7169475975e-25,1.9634143533
1.7677115912e-24,1.5830162403
2.8838829233e-27,2.2222079017
7.5360498556e-28,0.8094959984
4.6326052256e-35,0.1427623963
3.4225413927e-33,0.2539225841
2.7587551161e-27,0.8921646204
1.3125147202e-24,1.7723445347
1.3873043305e-27,0.8478558940
2.5757374128e-33,0.2457564534
2.8370629250e-37,0.0414349770
9.8685877758e-31,0.4540699479
3.5434688273e-26,2.1004855431
4.1088800313e-30,0.5187319381
8.7179156872e-39,0.0022698945
1.7864709238e-27,0.8640102622
3.4758107080e-26,1.0709017584
1.1388159946e-35,0.1111850215
6.1183963433e-30,2.4369774882
8.8244480380e-29,0.6809907467
6.1987674838e-36,0.0982020546
3.3475442489e-36,0.0855524668
1.3835301495e-27,0.8476827305
3.3279511376e-88,4.0084320882
2.6187690925e-28,0.7449382545
5.5532681308e-28,0.7906108287
1.7532728920e-35,0.1206647438
1.1098485320e-34,0.1634883174
1.7374679790e-24,1.6850647315
2.9133758437e-32,0.3205131620
5.5732484915e-28,0.7908318445
2.4281791846e-32,0.3144691205
1.8193494894e-25,1.9951812403
1.6769802056e-24,1.5536807686
2.2570446404e-30,0.4907368726
3.5805805660e-32,0.3274469553
5.5867382840e-37,0.0523653962
1.5786418762e-24,1.5299708507
4.7019462312e-32,0.3367610940
1.8213229838e-37,0.0347955697
2.3331432703e-31,0.3952805928
1.7566879378e-27,2.2429240962
9.0997644845e-34,0.2170111539
2.9115993161e-36,0.0827652481
3.4967382913e-25,1.2806150644
1.0977453792e-24,1.4407944843
2.5236443962e-29,0.6111345578
4.6908078658e-28,0.7802543281
4.4227595944e-27,0.9233824456
1.1739217210e-26,0.9905559246
1.0677042801e-25,1.1636184497
1.8215252329e-35,0.1215139471
1.0498123131e-32,0.2875945499
3.4797840818e-27,0.9074331739
3.1103995305e-37,0.0428633273
6.0199304842e-36,0.0975890801
5.1147989879e-32,0.3396741216
7.4610538258e-31,2.4961970958
1.6085495444e-25,1.2011286525
2.1404947551e-26,1.0341275451
1.0562094531e-30,2.4867553958
4.5103186351e-27,0.9246949289
1.0874537710e-24,1.8076439456
6.6980230709e-29,0.6652301678
5.9487479960e-31,0.4327223541
1.2894419786e-27,2.2554326401
5.4135963306e-35,0.1463989580
2.5715112123e-25,1.9679750429
1.5596663755e-25,2.0065703876
2.4749517820e-26,1.0449745922
2.2710158499e-26,2.1246920045
1.7398950485e-25,1.2086088166
2.2444937000e-38,0.0089752291
1.6563946823e-33,0.2333475027
5.3685234262e-27,0.9364163978
1.8034338602e-31,0.3854169534
1.0811128486e-25,1.1647259139
2.6288195205e-27,0.8890125305
1.6107420917e-33,0.2325727873
1.0743450842e-25,2.0326133242
7.4273840058e-30,0.5476225094
2.6202524359e-32,0.3169857264
3.0784467661e-28,0.7546661766
3.4814975673e-27,2.2141062566
2.5835937013e-27,0.8878803903
8.1742186769e-27,2.1755731881
9.3440465213e-26,1.1519076910
9.8535770279e-37,0.0622369882
4.8427877133e-25,1.9103810327
1.8943387664e-25,1.2168343238
4.1590457785e-35,0.1402603010
2.5431489359e-28,2.3166887472
4.2568581992e-30,0.5204241069
9.5626031849e-25,1.4159033428
1.2142490994e-28,0.6994738147
6.2399644597e-35,2.7153597439
9.1663835060e-33,0.2833873255
2.7156826730e-31,0.4011822244
1.3215324464e-33,0.2271226142
2.0451833673e-34,0.1784822830
6.5358214654e-67,3.6472107141
1.0451454902e-24,1.4316129716
1.1887470194e-29,0.5714442758
9.3806546852e-37,0.0613560565
1.0461041167e-37,0.0270547897
1.3025890784e-29,2.4143810033
1.2907630167e-25,2.0200429275
6.4985013147e-25,1.8784808411
5.1255175355e-31,0.4265910631
1.3600340414e-30,0.4680181108
1.9295299548e-29,0.5967677317
1.3492745999e-25,1.1847397101
3.6528831492e-38,2.8566326948
5.6374019366e-25,1.3379894633
3.0346655924e-31,0.4055403890
4.2554817711e-36,0.0904151670
4.8639885985e-30,0.5268400261
1.7258448991e-24,1.5679513742
1.8737170428e-55,3.3947818193
1.3281323261e-26,2.1521376378
6.6919660589e-27,0.9514063778
3.6689808982e-36,0.0874002295
1.2478870308e-30,0.4642428852
1.5697315162e-42,3.0199750734
3.5444629107e-26,1.0724203226
2.3541249611e-28,0.7385597349
5.2345740010e-28,0.7869776626
4.1209158920e-26,2.0919300525
5.3951172629e-29,2.3696048288
1.7679555106e-32,0.3041194096
2.3042247998e-26,1.0396176380
1.4458623892e-43,3.0552181209
1.6405118916e-24,1.7112749866
1.0939156851e-28,0.6934033934
4.9152114052e-29,0.6477807616
2.0855633500e-44,3.0830015046
2.0424150426e-66,3.6373724038
7.5470361252e-33,0.2774238123
4.3182583421e-29,0.6405595317
2.0205706287e-36,0.0756146607
7.6855472532e-37,0.0578349130
1.5129453895e-26,1.0087182317
1.3089287481e-26,0.9983083879
1.6885186093e-24,1.6993811847
8.5935895430e-31,0.4481558055
1.7998946190e-30,0.4804799792
1.6777941260e-28,0.7184426472
9.0097586428e-30,0.5573122524
1.6668380132e-24,1.5509891970
3.3133652603e-30,0.5085339544
5.8560489939e-27,0.9423071991
3.1719696081e-26,1.0638375047
2.0149644562e-25,1.9873981695
1.3331866810e-24,1.7689799449
1.3630920046e-34,0.1684832691
1.2016116281e-29,2.4168314074
2.7338628612e-28,0.7475201772
1.8329238877e-38,0.0070738629
3.6444084747e-25,1.2852637876
3.2206804259e-33,0.2521641008
4.4295280076e-36,0.0912356066
1.2407881443e-32,0.2928306596
4.6438615518e-33,0.2628516624
1.0833369379e-37,0.0275243571
2.8552756514e-30,0.5015760652
1.1239243418e-29,0.5685639977
3.2724331282e-25,1.9474383298
2.3545361318e-32,2.5840271560
6.7187427324e-37,0.0555043932
3.2647881331e-143,4.6430090656
1.3500934218e-24,1.4851452307
4.0061389284e-28,0.7706261494
2.3024579827e-25,1.2362201461
4.8569140967e-25,1.3191263227
8.8561967444e-25,1.4031292150
3.3281472162e-29,0.6261833970
2.6853085150e-34,0.1852999785
1.0442582477e-30,0.4565044208
7.2069430541e-25,1.3716216452
3.1798488889e-63,3.5718307720
3.1447462063e-27,0.9007555700
4.0591339636e-33,0.2588928197
1.5495020030e-24,1.5236884103
2.2759123861e-32,2.5848420378
5.5886450638e-34,2.6691823271
1.4351240736e-31,0.3768184171
7.1663263954e-33,0.2758486258
1.7856820320e-33,0.2354370930
2.7932977068e-27,0.8929787255
2.9691287351e-25,1.2627132346
4.1340315009e-32,2.5703960457
4.8215932590e-32,0.3376290414
5.0282508409e-26,1.1000856092
9.6386954744e-29,0.6860767523
2.2000503761e-26,1.0361676818
6.7199315253e-33,0.2738988173
3.0642830379e-32,0.3222021288
1.3293951630e-25,2.0179789001
1.7762791820e-28,0.7218132477
4.4020544639e-55,3.3856037051
1.0495348656e-31,0.3652656325
3.4497012006e-25,1.2791041466
9.0808238128e-36,0.1062983810
6.5020658485e-38,0.0209226274
3.1737064811e-26,1.0638795968
2.8949028093e-52,3.3133419478
6.3081125575e-25,1.8819115189
2.3419541648e-31,0.3954263259
6.0166730379e-30,2.4374701936
4.3576318505e-31,0.4199860578
4.3490082038e-28,0.7756310548
2.3985681376e-29,0.6083961507
5.9187782566e-27,0.9430312554
9.1970551677e-28,2.2687672737
1.7783351791e-33,0.2353222286
1.0227197278e-30,0.4556057758
6.8110032001e-34,0.2093016142
1.4441381869e-26,2.1479666352
5.4592052997e-28,2.2887172985
1.9484423366e-32,0.3072661703
1.1071898117e-29,0.5677952643
1.0704864687e-30,0.4575758488
5.8701806560e-29,0.6577595962
2.5720872402e-82,3.9187513659
2.3574093801e-86,3.9809364497
5.4230184536e-28,0.7891509390
9.2167355392e-29,2.3518561577
1.1680058331e-25,2.0269452248
1.1105295090e-26,0.9866250471
5.4729192388e-26,1.1069469824
3.9353869966e-26,1.0805933049
1.3946463849e-24,1.4932996808
6.0775654504e-35,0.1491159579
8.8113054913e-36,0.1056527992
9.1971587704e-25,1.8336773350
1.4926974638e-24,1.7414765093
2.8088459772e-26,1.0545420514
2.0675985631e-36,0.0760584804
7.0378645193e-25,1.3682075917
8.9940272940e-25,1.8368805137
2.6001677210e-29,0.6127476263
2.8812774176e-28,0.7506780229
1.7730545285e-24,1.5852693391
8.5669747044e-25,1.3977975579
1.0192788783e-36,0.0628459133
7.0871955932e-35,0.1527471246
6.9940231303e-35,2.7130160343
3.6726462159e-66,3.6322734239
1.3118757318e-24,1.7724480262
1.8215749764e-24,1.6182309607
4.3842955486e-36,0.0910253080
1.2954543388e-32,0.2941909036
3.9659324802e-25,1.9299119881
1.5717705261e-33,0.2318949051
6.7934469573e-26,1.1247548511
2.3805284977e-25,1.2396105855
5.9515923694e-30,0.5366691453
1.2417758618e-34,0.1662121960
9.9786284615e-28,0.8270387292
2.2953750418e-35,0.1266899042
1.4987755900e-37,0.0320027494
1.6107824515e-24,1.7179679582
1.4462853061e-25,1.1911562842
4.9386291067e-42,3.0026098391
7.1524770756e-30,0.5457454852
9.5378668441e-39,2.8800339763
1.8245849139e-24,1.6263833958
6.9848291786e-25,1.3671279321
4.2416759813e-29,0.6395653987
1.1058098509e-24,1.8048114312
6.8284163057e-25,1.3639182746
2.2688122352e-26,1.0384611887
1.1158897980e-28,2.3453897288
3.9242679072e-36,2.7703988411
1.2474418726e-124,4.4583751544
2.7863613026e-35,0.1310739477
6.6633232350e-37,0.0553620011
4.7277216935e-31,0.4232935141
1.2528717345e-28,0.7013001777
2.2407256773e-30,0.4904053309
1.0777346313e-29,0.5664154649
6.7874287306e-27,0.9523764141
9.8520664975e-32,0.3629613382
1.4880433239e-34,0.1706289809
3.0596293612e-33,0.2506853212
8.4897729835e-29,0.6787688623
2.2453678388e-31,0.3938002200
1.6052151976e-38,2.8710278478
2.9927273211e-27,2.2206246294
8.9682565756e-40,2.9199418982
2.0231269752e-33,0.2389285765
4.7759011622e-29,0.6461731233
2.7117526649e-30,0.4991822277
3.0183694409e-35,0.1328946153
2.7218580142e-26,1.0521536378
2.1255885299e-28,0.7324680771
1.9648696611e-34,0.1774866251
2.8245474406e-35,0.1313833185
3.6169447488e-32,0.3277892667
6.5414199242e-28,0.8007162816
1.3438200237e-24,1.4840104627
2.3287476449e-33,0.2428942640
2.6446993657e-25,1.2504710111
3.4458284893e-43,3.0425185382
1.5945565118e-24,1.7214566962
1.6473366986e-32,0.3018448788
1.2759273182e-69,3.6996657050
8.2507652388e-31,0.4464269353
1.2550144670e-28,0.7013999128
3.3187346152e-27,2.2161786819
1.9876945729e-40,2.9445772322
1.1135026567e-24,1.8036237307
1.6550319012e-33,0.2333246694
9.9058947347e-30,2.4226589250
4.3344172158e-34,0.1975065853
2.8296644630e-28,0.7495905143
1.5418806538e-33,0.2313641761
2.6629482632e-37,0.0404615607
8.9570280460e-31,0.4499202548
1.4745731294e-34,0.1704061118
3.1024259893e-32,0.3226167551
3.5815484976e-35,0.1368119251
3.3865342531e-26,1.0688859654
4.5108272787e-25,1.3101224887
5.9205957891e-26,1.1133724566
1.5545085603e-30,0.4739293209
2.0697568949e-39,2.9060050857
1.2346949956e-31,0.3712323940
4.2709388204e-35,0.1408751645
1.4437099330e-35,0.1163703287
1.5819162581e-32,0.3005454291
1.1408478961e-34,0.1641551194
1.4636522743e-26,1.0063279921
3.5828087080e-25,1.2833416364
1.0628975834e-28,0.6917348030
3.0573820882e-27,0.8989028694
1.5628863695e-30,0.4741682815
8.1737646062e-41,2.9588333950
1.7118089312e-32,0.3030792503
5.7082787273e-25,1.8930771280
3.8911824209e-26,1.0797067389
1.4547889090e-70,3.7173887515
6.3265635880e-26,1.1188382933
4.3741223456e-29,0.6412742291
2.4599742218e-29,0.6097569406
6.5570230720e-25,1.3582533802
8.9895097417e-43,3.0283182971
2.3560315112e-34,0.1820137944
6.7442172979e-29,2.3622707881
8.8647961838e-31,0.4494788451
1.6352875818e-40,2.9477250918
6.8157258368e-25,1.3636561452
9.2964286636e-26,1.1514633900
3.0483216414e-75,3.8016165642
4.9882060345e-35,0.1444855191
2.2577268326e-25,1.2342363622
6.2402970703e-28,0.7978025335
5.0334151776e-30,0.5284977244
1.0083067016e-24,1.8198663671
1.9309215641e-27,0.8690102700
1.1303204177e-24,1.4464603695
7.4933813272e-38,0.0227029537
6.6942767711e-26,1.1235286862
3.8979104524e-29,0.6348824186
9.4681837781e-26,1.1530568557
1.8224019654e-24,1.6197264671
3.3787765844e-25,1.9445987760
5.3352919733e-31,0.4282356157
2.8259980195e-26,2.1129745550
2.6041897184e-31,0.3995462128
1.8838559605e-32,0.3061725718
6.7257330597e-25,1.8744488851
7.7210520867e-25,1.8574601252
1.5197570056e-24,1.5175089311
2.8102386333e-29,0.6169561809
1.4694982061e-34,0.1703216412
2.9835591836e-33,0.2499612628
2.6688525547e-27,0.8899992600
2.1915713143e-25,1.2312443930
1.0781824380e-24,1.4373859924
6.7203102895e-26,1.1238521066
3.6299492592e-35,0.1371206051
1.4676452573e-27,0.8514384154
2.6801862465e-26,2.1158443345
2.4296117238e-35,0.1279711264
2.1337414443e-30,0.4881747627
5.8153352661e-28,2.2863388707
5.3475415497e-132,4.5342603482
4.3731440311e-36,0.0909731513
9.4788361232e-25,1.4144044520
1.0205846389e-24,1.4273022197
1.1581487625e-30,0.4609885724
1.0725854533e-32,2.6026806976
1.0451039558e-35,0.1093243355
5.9256939421e-33,0.2701090715
3.0538482476e-33,0.2506308914
1.2925526164e-26,0.9974087329
8.7029275194e-32,0.3584729026
2.8640433563e-27,0.8946164964
4.5060598373e-31,0.4213427002
4.2609099278e-30,0.5204696680
4.3644875672e-32,0.3341975125
4.1478760221e-40,2.9326239520
5.2301151036e-28,0.7869253289
4.9228208143e-30,0.5274216384
2.3521992919e-32,0.3134220845
1.2469653428e-32,0.2929871368
9.3337372247e-29,0.6842218381
9.7982678492e-38,0.0261827943
3.1170140698e-33,0.2512204317
5.1572522928e-30,0.5296769299
8.5875584945e-65,3.6044958861
1.6642682853e-24,1.7055861748
2.8420936648e-30,0.5013609052
4.3489793998e-38,0.0161067510
3.3513628364e-29,0.6265644774
1.4266055675e-26,1.0044820073
4.7451161509e-30,2.4444087971
3.5524980853e-31,0.4117836252
1.7707802839e-29,0.5922219904
4.7864676675e-32,0.3373763292
5.2732199585e-25,1.3294109882
1.5490494867e-25,1.1975731452
3.9255031929e-25,1.2937483213
1.8189024670e-24,1.6434370814
7.4618352978e-28,0.8088807293
1.8490314494e-116,4.3693993688
8.0149912356e-29,0.6754687408
4.7823441957e-30,0.5260219862
7.6772375310e-25,1.3809118466
1.2324514285e-29,0.5733045678
2.3676214963e-30,0.4929266323
1.5567829542e-26,2.1441913360
1.3279728363e-34,2.6997263483
6.0922084855e-37,0.0538303771
1.0532360791e-25,1.1624100619
1.4461060676e-36,0.0692661831
1.8791836884e-25,1.2160518767
1.6453385683e-27,0.8587353704
1.1134861792e-29,0.5680857643
1.1427793880e-36,0.0649198002
1.0668859878e-34,0.1625341623
5.4876514837e-60,3.5013593682
4.0859159070e-39,2.8945273629
4.1159069610e-25,1.9263920536
1.1912402389e-29,0.5715521047
5.3982524166e-62,3.5455598748
6.4064707815e-32,0.3475524700
1.5339605857e-31,0.3793108227
1.3682675049e-32,0.2959218201
5.1188115998e-27,0.9332003256
6.9000115127e-29,0.6669190062
8.6366987747e-30,2.4267650922
1.9168413012e-25,1.2179867956
4.1555301433e-37,0.0474754423
1.0607745498e-24,1.4343471823
2.5448725494e-32,0.3160192322
1.3480399711e-24,1.4847734613
4.0824273352e-27,0.9180353260
5.7563776554e-173,4.9007234294
1.3111401432e-26,0.9984290733
7.7115264364e-93,4.0748079678
3.4128112465e-28,0.7608968448
7.4720019329e-38,0.0226666897
5.5785016325e-26,1.1085032233
7.1613787742e-25,1.3707057049
1.1605469920e-34,2.7025362653
5.6582240038e-32,0.3431916350
6.3189791112e-32,0.3470677828
4.3524679174e-26,1.0885447851
2.4954924019e-28,2.3173640907
1.1167398034e-31,0.3675368319
1.6385928165e-33,0.2330478293
3.7779058117e-37,0.0459396028
2.3947283944e-33,0.2436858049
3.1189540823e-30,0.5056972420
3.7947375088e-33,0.2569240288
4.6121702999e-31,0.4222874007
1.0022128824e-123,4.4487833976
1.3873604233e-28,2.3379390710
1.1981030162e-37,0.0288904153
1.0179720834e-35,0.1087561525
7.8351287700e-38,0.0232712096
1.0390148395e-28,0.6904179415
6.1927694597e-26,2.0678633258
5.7555375935e-27,0.9411316338
6.3188718435e-25,1.8817163009
1.5755135678e-34,0.1720310152
1.0523799340e-27,2.2634899162
2.0546358905e-30,0.4864578553
1.5250325591e-31,0.3790919038
2.2236308343e-27,0.8781277350
2.7873318665e-37,0.0411623518
9.0605232553e-27,0.9723398884
2.5845402190e-29,0.6124218727
1.9059803588e-35,0.1225238539
3.3119917527e-33,0.2529719885
1.1306911668e-36,0.0647259117
1.4838831068e-32,0.2985011857
1.4704488315e-72,3.7540385080
7.9928332240e-31,0.4450817641
1.9935672896e-25,1.2218357236
1.3400446859e-34,0.1680670739
4.3564095890e-36,0.0908946502
3.6211312538e-25,1.9383461341
1.8321536976e-25,1.2135906378
4.5357107685e-34,0.1986789968
2.3244372406e-29,2.3965155295
3.9047439673e-36,0.0886624736
1.5479884433e-33,0.2314734103
1.7539710810e-30,0.4793196434
4.6005871812e-33,0.2625751579
2.7480021968e-31,2.5226604582
5.1869927573e-32,0.3401609099
6.1002652729e-35,0.1492037463
7.6348455830e-29,0.6726888883
3.8310309517e-35,0.1383623409
3.2145442049e-25,1.2713131599
6.0017847984e-34,0.2059728335
7.1598207672e-29,0.6690232762
4.9836182696e-28,0.7839630082
2.5631551773e-33,0.2456170115
1.3773747818e-35,2.7458313630
1.1693909450e-34,0.1647539594
5.5021321141e-27,0.9380795261
5.0178251501e-27,2.1979854550
5.2074156949e-26,2.0782882524
2.3925906151e-33,0.2436604820
2.6301194211e-28,0.7451976971
1.0509700369e-33,0.2208899198
1.0303010141e-25,1.1604651159
8.0539953878e-28,0.8136338395
3.3297895472e-28,0.7594067093
4.3518373239e-34,0.1976100689
1.2713045280e-31,2.5424514490
9.5677068278e-101,4.1807363895
1.6724171446e-28,2.3314689447
6.6398549434e-37,0.0553013876
3.6778485629e-26,2.0983932230
4.4149314527e-27,0.9232639070
2.4464523117e-27,2.2291776250
3.1832999525e-69,3.6921233884
1.1030358487e-35,0.1104922912
8.8043736447e-34,0.2161268871
9.0213815012e-30,0.5573773685
1.0534827405e-58,3.4721838869
6.0584651414e-25,1.3474921917
2.7105674755e-30,0.4991619758
1.4387366681e-38,0.0051020584
3.1147399327e-25,1.2678776102
3.2129715581e-31,0.4077946354
1.9146532760e-34,0.1768441796
6.4539424374e-38,0.0208305888
9.8986484327e-44,3.0607117823
1.2266558838e-37,0.0292129493
1.6354185879e-61,3.5351124927
5.3397835012e-27,0.9360535416
5.1744844070e-26,1.1023995512
5.3813001491e-26,1.1055748344
1.3517303259e-123,4.4474010988
5.5585114684e-26,1.1082105911
1.4423731368e-32,2.5957045367
1.4013729048e-27,0.8484974076
8.7113476881e-25,1.8413687469
3.0584984024e-40,2.9375916176
2.8687332096e-30,0.5017947762
1.1937531923e-47,3.1839250298
8.0067654213e-31,0.4451554434
9.9082822327e-32,0.3631682001
6.3869764462e-34,0.2076071653
1.9247228812e-30,0.4835007804
2.8101063151e-28,2.3131118380
1.5967579783e-27,0.8568186320
1.1021610179e-27,0.8332927580
5.0745615387e-29,0.6495674481
9.4095260126e-48,3.1869940189
1.2311996158e-28,0.7002821270
1.6607574789e-35,0.1194621036
7.2472375230e-99,4.1563177017
1.9843263662e-27,0.8707684174
1.0626535981e-26,0.9835151672
5.7612022840e-26,1.1111355609
5.8808340166e-32,0.3445424926
3.8640956488e-25,1.9323513297
3.8200413755e-32,0.3296441397
3.5990865051e-114,4.3434541259
3.1191975937e-35,0.1336445974
1.1975486716e-29,0.5718239989
3.1110321168e-29,0.6224927308
2.0383261520e-25,1.9865073648
4.1280247429e-27,0.9187757549
6.2966876797e-35,0.1499506102
8.5933937350e-49,3.2173959391
6.5676246731e-38,2.8462317108
1.0493925621e-25,1.1620866662
8.2990011170e-37,0.0591823237
1.6926034582e-32,0.3027161432
9.6308208689e-35,0.1600681386
1.3606776830e-40,2.9506815408
2.4402329207e-34,2.6869259452
1.0983153213e-55,3.4004839825
1.0083801093e-24,1.8198550010
7.6840201147e-29,0.6730558314
3.5279682788e-32,0.3269459215
6.7580150894e-35,0.1516207312
6.6752806309e-35,0.1513293903
3.3084900951e-27,0.9040996013
8.8018650725e-33,2.6073029394
4.4073770297e-26,2.0880610505
2.5822808938e-31,0.3992171076
8.1694649075e-31,0.4460071894
8.3730831339e-33,0.2806008051
6.3458594502e-26,1.1190903109
1.2423208640e-29,2.4158207354
1.0863176494e-30,0.4582108552
