likelihood_theta2,theta2
3.5207610504e-63,4.0157692701
4.1029497619e-66,4.1704813880
5.4467005279e-60,3.8497216703
4.1578406304e-49,3.2892955545
2.5501313095e-26,1.6119875765
3.4207951115e-27,0.7685611834
4.6626600286e-34,2.4237932198
7.0368687780e-36,0.0711936282
6.9264360454e-55,3.5869337916
1.9033092082e-71,4.4579430012
6.4596219874e-46,3.1219097492
1.1026418860e-25,1.3789429829
1.1882010630e-25,1.3469385073
4.9040013136e-28,0.6442224304
2.7271384359e-26,0.9492196148
2.0347616577e-27,0.7324764543
6.2071411385e-33,0.2090855107
3.0067649858e-29,0.5015628025
3.3852489952e-34,0.1416722041
1.5879352081e-26,0.8941613640
3.3831114115e-37,0.0321697367
8.5726324449e-28,0.6772651951
1.2508584546e-35,0.0802810892
1.8933083870e-27,0.7276588380
1.4311230817e-26,0.8844265211
6.9422415115e-31,0.3505748291
3.7138423594e-29,0.5112799252
4.4469358755e-46,3.1305084974
1.5552668117e-56,3.6715830956
7.0631131017e-34,0.1574917803
1.6760413904e-48,3.2577982071
4.2396147726e-29,0.5174502598
1.0653980131e-29,0.4559405981
3.0257506733e-36,0.0587889683
2.5062129960e-26,1.6137520103
3.4669017872e-28,0.6245934543
2.1790132418e-32,0.2424761295
1.6725235225e-28,0.5852919565
1.0456846060e-31,0.2883206800
1.1953870368e-25,1.3436268067
6.6416254872e-30,0.4362511398
4.9807574851e-38,0.0157613499
9.7923691384e-27,1.6978906412
2.6376334013e-30,0.3995970341
8.7881527329e-28,0.6787783790
1.1553676754e-29,0.4593846326
8.2691389587e-28,0.6750755655
2.8253418495e-30,0.4022457727
5.7090667361e-30,0.4300837169
2.2952821671e-29,0.4893584759
1.2356169376e-25,1.2432402020
1.0690627520e-33,0.1667614543
3.3158949463e-29,0.5060463936
5.6952144698e-31,0.3436786876
1.1943939910e-25,1.2195512884
4.6382284923e-31,0.3366267304
8.8722879668e-26,1.1235526317
5.4948894950e-28,0.6508045886
6.3752914786e-31,2.1835153039
3.1435310498e-27,0.7625181779
1.4782783825e-33,0.1741917713
6.4049901704e-31,0.3477581106
3.8752987246e-26,0.9903251537
1.2446133867e-25,1.3134051167
1.4848057150e-26,1.6629948887
2.0485822889e-30,0.3899667035
1.8649273747e-27,0.7266543577
1.2428288717e-25,1.2489534550
2.1346783611e-33,0.1828128304
8.4771137363e-27,0.8385631547
1.6408608167e-26,0.8972807792
4.5598303799e-28,1.8955130859
1.2690759634e-27,0.7016525264
1.0165436861e-31,0.2874508023
7.5919766378e-30,0.4417570328
2.1840584744e-30,0.3923909665
1.0836631677e-28,1.9685988939
4.2386912850e-28,0.6358918366
1.4219401014e-30,0.3763462750
4.9100128099e-26,1.0215195664
4.5318989391e-32,0.2632786233
1.7160408666e-33,0.1776655573
7.5190981143e-32,0.2782731060
3.8080188253e-26,0.9881443798
9.2998555188e-26,1.4273831079
1.3980322395e-33,0.1729006747
1.1775057137e-26,1.6828209500
4.4793405873e-33,0.2008573452
6.1317778728e-27,1.7338334969
5.6184659318e-34,0.1524843906
2.0743756646e-43,2.9871916969
1.1221108032e-25,1.1907430173
4.0035938408e-30,0.4158706203
1.7439650473e-38,0.0091632201
3.8123105569e-41,2.8617147833
8.9958585648e-66,4.1523874328
7.0637126578e-29,0.5418300991
2.5820918458e-27,0.7487182253
1.2593609879e-25,1.2692606471
3.4575370177e-33,0.1944523853
1.1390449294e-31,0.2909629200
9.4149406647e-26,1.1376018389
2.1098641063e-26,0.9220718378
2.3243339760e-26,1.6212944597
1.4038256981e-26,0.8826488118
1.9577164480e-29,0.4822799535
3.1917333957e-26,1.5882500005
5.9789842951e-27,0.8104150067
2.6086596158e-26,0.9443694305
5.2537919518e-26,1.0311297718
9.0006644451e-26,1.4349120344
1.7843860689e-32,2.3085450033
1.1393494754e-25,1.1968836251
5.1401837251e-35,0.1046822211
1.1149105141e-25,1.3749098926
2.2625719346e-35,0.0901606623
1.2178369211e-25,1.2317465431
7.4672294078e-29,1.9863108919
3.4817341831e-28,1.9098825450
7.2676808654e-37,0.0405014964
1.7716167813e-32,0.2367786699
7.8499278356e-27,0.8322169553
7.7952849481e-28,0.6715084784
8.5775352760e-51,3.3765430277
5.2378457633e-44,3.0196570563
1.1948776794e-38,0.0071197828
6.2268818171e-34,0.1547246990
2.0040957595e-36,0.0531515003
2.1367273488e-28,0.5982195505
1.9571948161e-65,4.1345020696
7.3229758778e-53,3.4830250808
2.0983686762e-36,2.5796280515
2.9056935313e-36,0.0582225468
1.0251022772e-25,1.1604748661
3.7085417577e-31,0.3290549531
2.0025336649e-33,0.1812982843
1.0035086694e-25,1.4080995849
1.1032047297e-27,1.8458668055
5.3034449497e-37,0.0369409875
1.1716985775e-26,0.8663259071
8.4129824268e-31,0.3573575570
3.2578823635e-29,0.5052353470
4.8221670643e-28,1.8924907575
6.2092654224e-26,1.0565521484
2.3324012235e-27,0.7417238994
1.7619015847e-33,0.1782834617
4.6366484413e-34,0.1483411951
7.1955157480e-29,0.5427311399
3.4928749243e-56,3.6535325268
2.0291971237e-26,0.9181201280
3.1133459259e-36,0.0591898356
5.0520852533e-36,0.0661893322
9.1230572276e-30,0.4494051076
9.5262324943e-39,0.0059587922
5.1524985889e-26,1.0283288915
8.5999130720e-26,1.1166414736
1.1255213680e-25,1.1919323909
2.6691168937e-26,0.9468627812
5.5847898145e-31,0.3430018280
2.7746586698e-36,0.0575802453
5.2865736894e-32,0.2677861542
2.6512212541e-26,0.9461288087
5.8685053655e-26,1.5113145566
2.6910602428e-26,1.6064613477
1.4357872364e-30,0.3767033844
2.1148121060e-33,0.1825908247
1.2498307697e-29,0.4627422169
3.5654415032e-26,0.9800850824
1.0782871171e-25,1.1763493635
9.6890819979e-30,2.0765910241
4.2451650704e-28,0.6359784411
1.0689673918e-28,0.5623420688
3.9711984689e-27,0.7794047336
9.8885895172e-36,0.0765076426
1.4258319108e-26,0.8840840030
1.4390310963e-35,2.5257599181
3.7617220121e-29,2.0178245126
8.7959408777e-26,1.1216078761
9.6136029180e-26,1.1428732674
1.1772182584e-25,1.3517291879
1.5656289091e-36,0.0499087299
4.1951091385e-26,1.0004037611
3.1682201905e-48,3.2433775378
1.4526109099e-43,2.9956192940
4.2802165814e-55,3.5976620489
1.3674183532e-35,0.0817331045
3.1219529085e-26,0.9644253485
1.0417216684e-25,1.3974313631
1.1263730089e-25,1.3710170851
2.8988260885e-35,0.0944437542
1.1780252872e-31,0.2920067990
4.9134233574e-38,0.0156658917
1.1389154077e-25,1.3665982779
1.2308710405e-28,1.9624362921
1.2520820472e-25,1.3058359299
1.5081113259e-26,0.8893030427
4.5351989504e-27,0.7892567982
1.5272652471e-28,0.5805647665
7.7654199004e-33,0.2148388203
1.1332173432e-25,1.1946612545
2.9190793707e-36,0.0582867135
3.2680120298e-39,2.7505768943
3.6518183410e-26,1.5730468527
6.0038432341e-28,0.6559805926
7.0657123610e-28,0.6656166168
5.8365092168e-26,1.0468212685
3.6907277215e-26,0.9842873393
1.6666425533e-29,2.0536111818
5.4217988089e-29,2.0011915647
6.1624460238e-28,0.6575128206
8.5895452327e-30,0.4468856059
2.1983714315e-29,0.4874308204
4.3354122194e-31,0.3343291454
3.4059185573e-34,2.4332837734
2.1132030180e-27,1.8063011874
5.3206395184e-30,0.4272336085
7.0688765016e-26,1.4817816549
1.1164137051e-30,0.3675090510
1.1345158591e-35,0.0787036727
1.0451009125e-31,0.2883034792
4.5325665870e-26,1.5467740334
1.6619250521e-31,0.3028211794
2.5817862003e-37,0.0294754325
1.7152340348e-44,3.0458212330
4.1573527923e-33,0.1990007089
5.1962437896e-26,1.0295414863
2.9827265980e-29,0.5011964873
2.9510277640e-33,0.1905878734
1.1046683989e-28,1.9676735704
2.1951452845e-79,4.9028866632
2.3901632179e-63,4.0245841416
7.8952136681e-30,2.0851016226
2.4629204019e-27,0.7454571150
2.1820718276e-27,0.7371911625
4.7145918198e-31,2.1946552418
4.5518595230e-30,0.4209707203
6.5238080450e-27,0.8172887837
6.9371853546e-29,0.5409504236
1.9907670342e-26,0.9161970915
1.2514444913e-25,1.3065716880
1.2006949821e-29,0.4610263588
9.7167750192e-26,1.1456452261
1.0846625062e-33,0.1670901408
6.3045160659e-28,0.6588554763
4.1121999253e-30,0.4169304953
1.1922942945e-25,1.2185620379
1.9522581888e-34,0.1303468521
1.7180634412e-28,0.5866966508
2.6840011589e-29,0.4964006462
8.4900796994e-27,0.8386902438
2.5044094148e-28,0.6067470151
1.1529855984e-25,1.2019979756
7.2196689908e-26,1.4781436797
4.0647105186e-33,0.1984416209
5.3692624371e-41,2.8533119110
3.5872851067e-70,4.3884168565
8.8257525721e-44,3.0073776393
4.9065115098e-30,0.4239732400
5.8460245401e-30,2.0974390905
4.3034908064e-30,0.4187354713
5.9751675791e-39,0.0036414029
3.8773414129e-32,0.2587610791
2.2360975953e-29,0.4881904268
3.6492416619e-36,0.0614448170
2.0433748851e-33,0.1817760967
6.5832830147e-32,0.2742870402
1.2529086497e-27,0.7008387447
9.1725173963e-32,0.2843014878
2.1403456492e-31,0.3109348587
1.8983152930e-28,0.5919415916
3.1570647238e-32,0.2528813914
6.6008118375e-34,0.1560023534
6.1733831712e-33,0.2089464939
1.1013521117e-26,0.8608765234
6.8937090490e-39,0.0043513035
1.1453429834e-25,1.1991006058
7.8370119560e-29,0.5469103755
4.4243953159e-30,0.4198381635
1.5834223806e-29,0.4729637301
1.6473416774e-30,0.3817940048
1.2217931287e-31,0.2931411927
2.2758638122e-64,4.0782448337
1.7343123750e-27,0.7218508882
1.2553818147e-25,1.3015966652
1.8937987849e-30,0.3870070715
5.5869698288e-41,2.8523351921
1.2473632122e-25,1.2530940432
1.0216316798e-28,0.5600665388
4.0366341123e-26,0.9954664247
1.3647324920e-31,0.2965989363
8.9757827863e-35,0.1150955373
1.2574067778e-25,1.2984683522
4.9124095525e-70,4.3810041325
3.9075859461e-47,3.1862403163
1.6970499989e-39,2.7672207639
9.2917983645e-26,1.1343730382
5.1278160424e-36,0.0664103589
5.1297811955e-30,2.1027502585
1.0859377321e-74,4.6371936880
5.3533371323e-34,2.4195993566
2.0006927125e-31,2.2256470455
1.2887989571e-28,0.5718272176
1.6997857480e-28,1.9465659506
6.8505845292e-26,1.0729028311
3.9230770662e-27,0.7785098981
1.8673021101e-29,0.4801916018
6.1782448787e-30,2.0951831134
2.7515907278e-37,0.0300985917
2.2009096129e-26,0.9264025478
1.8088575598e-27,0.7246297815
1.3177052415e-28,0.5729618578
2.1399424551e-32,0.2419749377
1.5447349984e-29,0.4718868963
1.7686235044e-37,0.0259219923
3.0220904196e-29,0.5017949299
6.7576239219e-36,0.0705729710
3.1323105208e-35,0.0958009006
1.2562090658e-25,1.2636056401
7.9459141628e-36,0.0730710193
3.4451297977e-33,0.1943642297
8.8267366566e-35,0.1147763124
8.1078347273e-28,0.6738823415
5.2760840888e-29,2.0024441282
2.5968902653e-26,0.9438794385
5.6176764023e-30,0.4294297421
3.3010223655e-26,0.9709075764
7.1743434168e-32,0.2768614235
5.8665945486e-30,0.4311884313
3.4837256427e-31,0.3269588571
6.0199130128e-38,0.0171191506
1.5426570457e-31,0.3004594178
5.5747297783e-36,0.0676581691
1.2550120157e-25,1.3021158188
7.6028564714e-32,0.2786069536
2.2236820417e-29,0.4879417636
1.5862914554e-32,0.2337691969
6.6085287942e-30,0.4360464625
1.3310669980e-34,0.1227222453
4.2153290630e-36,0.0635274553
2.3742034924e-35,2.5114754269
3.8036305645e-35,0.0992408734
3.3012827516e-30,0.4082906248
1.1462599562e-29,0.4590475496
2.0607639181e-26,0.9196799102
1.9718438543e-45,3.0961331056
3.4095439999e-69,4.3354495481
7.3204067260e-54,3.5343805336
7.2839857657e-56,3.6371414174
1.2741445867e-33,2.3929851839
2.4726150711e-29,2.0364758895
4.2904348919e-28,0.6365807271
3.8532615971e-26,1.5667510670
2.8144520734e-30,0.4020966509
5.1026666824e-31,0.3398924772
8.6287590982e-26,1.4441015936
4.6409821692e-29,0.5217010585
1.3294421120e-26,1.6725742780
1.7786512690e-33,0.1785054018
1.1632500489e-38,2.7180142597
3.5414837220e-67,4.2271482315
5.0584529119e-46,3.1275424234
4.6427715781e-32,0.2639828594
2.4576878791e-30,0.3968876134
1.5176820352e-27,1.8268168896
7.4856359385e-27,0.8283373821
1.9354219696e-32,0.2392033047
1.1422396622e-34,0.1197349175
7.2181746521e-28,0.6668915908
5.1247485291e-35,0.1046272395
2.1859772055e-26,1.6273128004
2.5411449618e-45,3.0902582314
1.3632319802e-39,2.7727605243
1.2620714727e-25,1.2786111337
7.8512504740e-42,2.9002089403
1.3458130285e-31,0.2961612094
1.0315108386e-35,0.0771794903
1.1530546796e-26,1.6845653492
2.2612831826e-27,0.7396123677
4.3332746505e-29,0.5184744781
5.2746807876e-29,0.5277659984
2.1507946971e-33,0.1829915184
3.8088365351e-27,0.7763473647
8.8089785367e-29,0.5526776497
5.8294802147e-26,1.0466357439
4.6961572910e-28,0.6417358195
1.0042973662e-33,0.1653471804
2.7298489221e-30,0.4009194694
6.7227146211e-33,0.2111252966
6.8963749841e-34,0.1569653585
7.6324405897e-28,0.6702376396
9.8390380227e-46,3.1122038968
4.7150998355e-41,2.8565024193
7.4074070293e-29,1.9866886063
6.3317889246e-26,1.4997539077
2.1514708711e-32,0.2421237040
2.1262291601e-26,0.9228600843
1.0937875203e-31,0.2897083361
2.8755567616e-36,0.0580771216
3.8803144342e-35,0.0995975335
6.3875292227e-36,0.0697138558
1.1221443831e-32,0.2244831117
1.1512083232e-26,0.8647660676
6.8331176401e-35,0.1099453115
6.3731498667e-28,0.6594943822
1.9003013060e-29,0.4809644630
3.0133592101e-26,1.5945104003
5.4153937086e-39,0.0031437772
1.5110441104e-31,0.2998048927
7.3358363871e-32,0.2775303932
9.1947517137e-42,2.8963806317
1.1211991770e-25,1.3727901820
4.2219858171e-26,1.5556924165
2.2253266496e-32,0.2430594781
1.0419250095e-28,1.9704881706
7.3510837676e-27,1.7202686616
7.9559012010e-26,1.1005099822
5.6813698266e-26,1.5160670109
8.8161115311e-35,0.1147533656
6.5212727840e-29,0.5379507362
7.6252908636e-26,1.0922781006
2.8075436733e-29,0.4984412071
4.6076391585e-27,0.7904455223
1.4286397879e-67,4.2482289720
7.4267662873e-26,1.4731579715
1.0718634293e-25,1.3885601815
2.4092516713e-36,0.0556363990
1.7595038064e-26,0.9040062530
3.9060924671e-30,0.4148960661
7.2840279899e-29,0.5433277325
5.3022767231e-38,2.6785183451
8.5946197990e-34,2.4051318644
2.8327248181e-78,4.8393494928
1.7932735497e-26,0.9058579975
2.0710177439e-34,0.1315410541
1.2456963939e-36,0.0469992273
2.1271123371e-26,0.9229024987
8.1892442247e-28,0.6744871874
1.6049267573e-27,0.7167677582
3.1963256040e-34,2.4351955239
8.6242604095e-31,0.3582396215
2.1525740677e-29,0.4864922875
1.9534761206e-29,0.4821840319
1.1622026288e-30,0.3689673330
2.8559054041e-28,0.6138915281
1.2605807388e-25,1.2722872275
1.9438789667e-29,0.4819662166
4.9109230060e-28,1.8915020697
3.5542158351e-30,0.4111798547
3.3199000614e-36,2.5669378205
2.7142886974e-30,0.4006992705
5.5319665496e-36,0.0675427252
1.4267353714e-28,0.5770455480
1.0255185550e-26,0.8546819548
8.8664910541e-27,0.8423125610
2.8136030019e-41,2.8691499369
1.0323800391e-25,1.1625701306
1.6659685508e-36,2.5859785052
1.4123181818e-34,0.1238881367
3.0205378316e-36,0.0587647904
3.5744538173e-37,0.0327341155
1.0530634456e-26,0.8569731148
9.3408694996e-26,1.1356564075
1.2566409043e-25,1.2997162083
3.6039672796e-31,0.3280951066
1.1091414158e-32,0.2241741506
1.1067922638e-31,0.2900737222
3.2768163290e-26,1.5853416160
4.7580291394e-66,4.1670649619
9.0050180419e-32,0.2837391040
1.0189260656e-27,1.8505121417
1.5751668059e-71,4.4624415381
1.7111599094e-30,2.1461497726
2.9451803170e-64,4.0723497284
7.1689506407e-48,3.2248495968
1.1909269267e-30,0.3698550672
1.5111915240e-34,0.1252257000
7.0084590094e-33,0.2121937092
5.4519315433e-26,1.0365413306
4.1557117082e-26,0.9991862331
5.4520277398e-26,1.5219699068
8.0404878065e-26,1.4583897835
2.4968863797e-28,0.6065843339
1.9290446655e-30,0.3877003113
1.1789444419e-25,1.2125612615
1.8515475678e-29,2.0490770752
2.0278036297e-29,0.4838381099
1.1118753467e-25,1.1872411456
3.6930239991e-26,0.9843635483
1.6142323262e-52,3.4653852378
2.3776728852e-74,4.6182203811
3.1176729702e-26,0.9642675219
7.3085334534e-33,0.2132727824
9.2842301168e-31,0.3608708284
1.7497989625e-27,1.8180946826
1.0524260052e-25,1.3943336870
7.0923359007e-32,2.2619681583
1.5146308812e-26,0.8897071299
1.8043968456e-31,0.3054436491
1.9244995218e-27,0.7287476421
5.1496171006e-31,0.3402070373
3.7635198154e-34,0.1439018383
1.2489061393e-25,1.3093076833
2.6383975017e-41,2.8707214258
6.9531900297e-41,2.8469538838
1.5169378277e-31,0.2999278800
5.8668429111e-30,2.0972941776
2.1969869254e-35,0.0896581619
3.7391863444e-26,1.5702921737
1.3994013662e-26,0.8823581661
1.6052176185e-29,0.4735596748
2.7381007997e-32,0.2488551324
4.1692562995e-35,0.1008856017
2.9285487118e-37,0.0307153382
6.7215694218e-29,1.9912353966
4.3242799574e-43,2.9697628032
1.1255741082e-27,0.6940816834
2.8057078064e-27,0.7544995687
1.2311228051e-37,0.0227503292
3.6642056223e-43,2.9736990965
5.1811982552e-38,2.6791249393
6.9779980444e-71,4.4271176390
2.6125452268e-75,4.6717869591
8.1629087170e-43,2.9546277665
2.1447402389e-26,0.9237464225
2.9763330500e-29,0.5010985973
7.4180350226e-30,0.4407991082
3.6970068110e-33,0.1960984278
3.7126416110e-30,0.4128935313
2.8600093709e-26,0.9544916344
6.3039753644e-26,1.5004408812
3.0184035128e-39,0.0003973652
3.7929733405e-28,0.6296202220
7.8678030785e-30,0.4432349948
2.3738383868e-70,4.3981615693
5.9539450206e-45,3.0704909809
3.2197706305e-43,2.9767693160
3.1029882899e-26,1.5913360391
1.2399659544e-25,1.2465796523
4.4174734340e-26,1.5500409233
2.0892552910e-36,0.0537081772
1.0906485562e-34,0.1188389737
1.7925855186e-27,0.7240319032
3.4485482139e-31,0.3266195305
4.4735066666e-29,0.5199703538
7.7934979133e-65,4.1027825342
2.6949652536e-54,3.5566537738
1.1809374718e-25,1.3501400396
1.8476971245e-27,0.7260379638
2.0268772808e-34,0.1311048085
1.6989950910e-30,0.3829440984
1.1394449984e-31,0.2909738017
7.4532734130e-31,0.3530716393
1.5601306476e-34,0.1258579571
5.1069641218e-26,1.5310414804
1.2358277135e-25,1.3204812333
8.0658370074e-29,0.5483251217
1.1627132566e-30,2.1609481557
1.6812343154e-38,2.7084859743
3.6757071081e-28,0.6278592527
1.1163460358e-25,1.1887586853
4.7313766968e-39,0.0024346005
1.4270755917e-27,0.7091553767
2.1654250823e-26,0.9247303299
4.8003249650e-27,1.7515045675
1.2574792929e-25,1.2656499430
3.8614548792e-65,4.1188914326
8.0783696401e-73,4.5333441713
1.7023416994e-33,2.3839779002
1.2273962369e-30,0.3709538665
8.8403927207e-30,0.4480878280
1.2321433016e-31,0.2934039106
7.7756488002e-28,0.6713565068
3.6994352201e-28,0.6282196470
1.2620901861e-25,1.2852523993
1.0413132726e-25,1.1651717781
5.7678451417e-27,0.8076098618
1.2995272495e-31,2.2409073815
6.9745174653e-35,0.1103284035
2.3113466281e-30,2.1344706770
1.1866999659e-36,0.0463933001
3.3467700510e-27,0.7669903099
4.6189360939e-28,0.6407865438
5.8615522844e-26,1.5114901913
2.0176421205e-26,0.9175447404
7.6078730708e-31,0.3537955962
2.6472109247e-28,0.6097534428
8.7207573229e-31,0.3586358103
2.1108311804e-28,0.5975695394
1.2709494342e-50,3.3677283082
4.9559002004e-62,3.9557486850
2.6372039655e-34,2.4409682259
3.6480754957e-26,1.5731657223
3.5158340080e-44,3.0290164945
7.7722562359e-27,0.8314023866
1.1520727110e-29,0.4592629696
5.2541158207e-39,0.0029881270
1.1797951571e-25,1.2129302003
1.3647820360e-36,0.0481504924
1.9130929614e-26,0.9122254645
5.0206251679e-30,2.1036211788
2.2306194933e-27,0.7386840133
1.1486423673e-36,0.0459885244
3.2715941292e-27,0.7653641047
2.6946523811e-30,0.4004197057
2.4220936866e-28,0.6049422172
2.1601050373e-37,2.6413136930
9.2672728813e-32,0.2846154069
1.3084610397e-26,1.6739331401
4.5908780950e-33,2.3526690038
4.3715053428e-49,3.2881649642
1.2296298294e-25,1.3247958882
1.8034042190e-27,1.8162266617
1.7210512704e-31,0.3039340112
1.1781544639e-32,0.2257768630
1.1388558212e-25,1.3666197049
6.5280385330e-26,1.0647305482
3.1294860998e-26,0.9647028013
3.8642833576e-30,0.4144712184
1.8289340539e-36,0.0519382757
1.7886494900e-28,0.5888079561
3.8219101962e-34,0.1442272561
1.0017731859e-25,1.1538898000
8.1126432611e-31,0.3560674876
4.1993185007e-29,0.5170031485
5.8007539567e-33,0.2073629629
2.6842690794e-29,0.4964051649
3.3164648149e-26,1.5840023841
4.0766891404e-36,0.0630415231
9.1094209082e-28,1.8569957605
3.6590320154e-34,0.1433075992
1.2613618540e-26,0.8729082289
1.1308507536e-27,0.6943748814
3.0968063556e-39,0.0004619017
4.9346342788e-37,0.0361515306
7.5132259758e-32,0.2782495707
8.0524573272e-28,0.6734677887
4.2427391467e-30,0.4181704654
7.6431939064e-26,1.4679538173
6.8336909782e-29,0.5402198147
5.7463871631e-36,0.0681137327
7.5187234907e-29,0.5448778702
3.1747961690e-29,0.5040501554
3.9681658762e-27,0.7793486158
3.5715904925e-26,1.5756107953
7.6280627105e-26,1.0923471092
3.8695162453e-29,0.5131869631
1.8340171376e-30,0.3858032970
6.3545707048e-28,0.6593220439
1.1307990551e-25,1.3694780010
2.5948493788e-37,0.0295245447
4.1423461817e-31,0.3327849166
3.6037209846e-36,0.0612651126
1.0852487900e-25,1.1785407149
1.3323871453e-27,0.7047532590
1.7688330428e-27,0.7231505489
5.6286542943e-26,1.0412992552
1.1627128860e-34,0.1200800983
1.8790004943e-26,0.9104445957
1.8802161185e-26,1.6416484752
9.2975204651e-26,1.1345224735
4.4842659602e-28,0.6390961641
1.2157233258e-28,0.5688511690
1.0316289758e-25,1.4003047720
5.4806741219e-28,0.6506539056
4.2341022322e-28,0.6358303730
9.4707782166e-26,1.4230121725
3.3866211149e-28,0.6232901093
3.7313505264e-30,0.4130913898
1.0773451310e-25,1.1760552090
6.3837867549e-45,3.0688693739
1.7309417798e-28,1.9456616889
2.2186161032e-27,1.8032146571
1.2602288459e-25,1.2713261817
1.5586713592e-26,0.8924024326
8.2748151856e-26,1.4527244531
5.6660793641e-33,0.2067671906
9.4981808572e-32,0.2853680372
1.2048945990e-33,0.1694848890
2.9940095897e-31,0.3219183405
4.0815769429e-33,0.1985442882
1.1908407135e-25,1.2178850538
1.0640724227e-25,1.3908989359
1.6605711072e-34,0.1270998698
6.8133690972e-27,0.8207495393
1.6259603219e-28,0.5838190164
7.4709309032e-34,0.1587320549
5.3100173074e-26,1.0326741704
1.1236445092e-25,1.3719555497
2.2266807156e-32,0.2430763624
1.6766815002e-26,0.8993489741
5.8642437634e-26,1.0475525099
1.5001689590e-29,0.4706149523
2.3568578849e-27,0.7424370608
4.3709778206e-26,1.0057634833
7.2153168830e-27,0.8253568018
6.2944847671e-28,1.8778823421
4.5192888548e-27,0.7889935614
2.0118325043e-28,1.9381273710
6.1301887920e-48,3.2284043304
1.0202513539e-48,3.2690250932
4.4686957941e-27,1.7565443378
2.5566970642e-28,0.6078655511
1.1207642041e-28,0.5647282853
1.6621533581e-32,0.2350388536
3.0150823141e-27,1.7833180080
4.3444012957e-31,0.3343994730
4.7178677036e-31,0.3372077595
2.6739952265e-36,0.0570683837
1.0333666220e-28,0.5606395600
6.2448489511e-28,0.6582949337
4.0587920251e-29,0.5154122506
7.4079657031e-26,1.4736102313
7.5842243662e-34,0.1590654024
9.7748395207e-27,1.6980343210
3.6009072248e-42,2.9190395227
6.8696595668e-35,0.1100450109
2.5695688313e-30,0.3985930341
8.3254944039e-27,0.8370651181
1.3295455610e-28,0.5734200364
1.1183407800e-35,0.0784728497
6.1916744855e-26,1.5032230687
9.9717472437e-27,0.8522721887
2.8683343985e-27,0.7560469604
1.1421623223e-32,0.2249522819
3.7482289370e-36,0.0618288238
1.4307755987e-31,0.2980838378
1.0896315931e-26,0.8599418490
3.9915320257e-36,0.0627357043
1.1030352807e-36,0.0454879864
4.3453409196e-27,0.7860629690
5.7541594576e-54,3.5397468691
8.3347368124e-43,2.9541305539
3.7546962104e-72,4.4966015436
1.8886173558e-36,2.5825290351
9.3403060903e-30,2.0781212894
1.0937213224e-54,3.5767523706
2.5709942014e-54,3.5577033602
1.7707157109e-42,2.9361015957
9.6303153045e-27,0.8492950475
3.8778564577e-35,0.0995862023
2.4699772238e-32,0.2459647198
8.2740069676e-37,0.0420184616
2.7234094921e-30,0.4008284846
4.2617710640e-30,0.4183482727
5.2823797394e-30,0.4269424850
3.9113484376e-31,0.3308466631
9.9440112405e-26,1.4105656959
2.2241381104e-30,0.3930813393
2.1700165611e-29,2.0421878672
1.2602231798e-25,1.2926986851
2.0795322844e-36,0.0536456338
1.3915982858e-34,0.1235968537
5.2521715614e-35,0.1050766333
4.0710768323e-36,2.5612674784
3.6339676973e-49,3.2923333424
2.7683453316e-26,1.6035129989
1.8411058314e-34,0.1291663340
7.9163858234e-30,0.4434903133
3.7152202321e-28,0.6284582377
7.1897267187e-38,2.6705063518
4.5740045694e-30,0.4211644704
6.5742293855e-32,2.2645783171
2.4977114665e-28,0.6066021977
2.6563232643e-27,1.7916316546
1.7773224237e-32,0.2368665791
1.1995281898e-36,0.0465272248
2.9894063296e-26,0.9594704834
3.6661246599e-29,0.5106805503
5.3326540548e-36,0.0669938865
5.3006915680e-31,0.3412013919
1.1924626237e-30,0.3699019650
1.0972443094e-34,0.1189556806
2.4784481487e-31,0.3157032229
1.1532892501e-28,0.5661753959
4.1235468157e-27,0.7821779152
5.2165228871e-26,1.0301020608
7.8912099611e-32,0.2797306378
5.0300758865e-26,1.0249102404
8.8693385764e-27,1.7057544626
1.9553744091e-33,0.1807351076
1.4343271365e-32,0.2310456183
7.8995547976e-28,0.6723097585
1.3449016376e-36,0.0479644884
1.9792699295e-27,0.7306226178
9.7418571849e-26,1.4159521372
2.3846447925e-27,0.7432395446
3.9816157562e-33,2.3572086263
5.7090111169e-29,0.5315452400
8.4337519985e-29,0.5505241199
3.4191721036e-31,2.2063806928
3.4554442031e-26,1.5793843382
3.2576914759e-36,0.0598291495
2.3456642270e-28,0.6032156772
6.1302936282e-53,3.4869912971
2.6175813981e-53,3.5059723830
1.5660652674e-50,3.3630454622
2.9686183781e-30,0.4041594653
2.8394060988e-30,0.4024375751
4.0360780096e-26,0.9954489081
5.7589809129e-42,2.9077077200
1.9019595371e-35,0.0872130372
1.5526119531e-59,3.8261851726
4.4064196055e-27,0.7871031712
9.0990766826e-35,0.1153559195
1.0677495382e-25,1.3897994094
2.4659234119e-30,0.3970155889
5.5715033939e-32,0.2693330905
4.5570583591e-37,0.0352905381
2.4056766291e-34,0.1345925761
9.0905918071e-30,0.4492557555
7.3309102011e-28,0.6678188906
5.2903347947e-36,0.0668749944
3.3740436349e-36,0.0603264742
1.1309156249e-32,0.2246896415
1.4123916929e-29,2.0606931317
1.8406449261e-38,0.0094674942
5.2840118669e-28,0.6485322764
1.8573790238e-26,0.9093027207
3.5633838953e-30,0.4112809448
9.7360363874e-27,0.8502258618
5.6745508755e-38,0.0166899894
5.2144332564e-27,1.7456089594
1.1042925321e-26,0.8611097678
9.4684022156e-34,0.1640193794
1.7829283909e-26,0.9052935205
2.1502144297e-31,0.3110836956
6.0842731797e-28,1.8797646297
5.2066067114e-28,0.6476776204
5.0367706829e-29,0.5255722092
8.4387571743e-39,0.0053519647
1.7248815928e-34,0.1278589124
3.7901303721e-26,0.9875607399
3.7351380304e-37,0.0331891078
1.6519027194e-29,0.4748113062
4.8166472817e-33,0.2026731729
3.0650412846e-26,1.5926727328
4.4384902760e-29,0.5196009334
1.0995973870e-31,0.2898720699
3.5201417328e-35,0.0978622750
5.4568936015e-63,4.0058039161
2.6302257465e-26,1.6088222654
3.6714323727e-33,0.1959274628
1.9635593140e-32,0.2396003976
4.8150369510e-28,0.6431699664
1.0146590870e-28,0.5597231919
3.9934897930e-28,0.6325200345
1.3800329862e-33,2.3905092276
2.2506658561e-43,2.9852600470
8.9894767825e-27,0.8434689664
1.2676497790e-28,0.5709821711
6.0039933847e-33,0.2082380410
3.9876293929e-29,0.5145870885
2.0339566907e-28,0.5955961037
1.1346860300e-26,1.6858950719
8.2409604839e-28,0.6748686309
1.7194926229e-27,0.7212859464
1.6852819840e-26,0.8998405609
4.2570079161e-31,0.3337099116
1.2603822532e-25,1.2922768144
1.4405476461e-26,1.6656421921
1.2266304380e-25,1.3267409471
1.9787175489e-28,1.9389631400
5.0326483062e-44,3.0205962174
6.4444672402e-30,0.4350175748
9.0363006826e-28,0.6804800707
6.0409893025e-36,0.0688678834
1.2512579533e-25,1.3067828812
5.0940621800e-34,0.1503639509
1.2542535937e-35,0.0803250902
1.7295591472e-26,0.9023418275
5.8082494045e-44,3.0172269710
7.7797037607e-40,2.7868953947
9.1766066844e-27,1.7030663827
6.4394316141e-30,0.4349856108
1.4475568377e-45,3.1032839159
1.4298357338e-29,0.4685343802
3.4733948209e-30,0.4102780420
4.2205480248e-40,2.8022234923
7.4772924621e-31,2.1775784053
2.2624730019e-34,0.1333384118
6.6491364848e-30,0.4362974573
9.4077526807e-28,0.6829508492
2.2329931817e-37,0.0280823718
2.5504109042e-26,0.9419292538
1.5802868423e-34,0.1261130210
4.5110372693e-28,0.6394358214
7.8088124227e-32,0.2794135019
1.2047353037e-25,1.3390616993
2.5625189395e-30,0.3984876322
1.2286812130e-28,0.5693906586
1.2013339605e-64,4.0928678632
1.3110656763e-80,4.9733662314
3.3642692434e-80,4.9497423601
3.5351226721e-68,4.2807470834
5.3286534690e-29,0.5282509452
1.2655388645e-30,0.3720710193
1.0874776512e-37,0.0217147654
7.4623237682e-35,0.1115970703
1.1002982934e-27,0.6926600361
1.1564262570e-26,0.8651653631
1.3506761825e-32,0.2294291097
5.7837382585e-26,1.0454264152
1.4428109994e-63,4.0360817798
2.6193866385e-28,0.6091794421
4.0988322430e-36,0.0631201124
9.1932462593e-27,0.8453569987
8.8340214967e-32,0.2831548288
4.6657533872e-38,0.0153056578
7.4455862024e-26,1.0878020341
3.7124838609e-30,0.4128918590
1.8372726511e-26,0.9082319647
4.7592454842e-26,1.0172047202
1.5052410899e-34,0.1251475330
3.6140178980e-33,0.1955395610
5.2979095924e-26,1.0323422002
1.0576911164e-25,1.1700352974
1.5913055189e-79,4.9109074708
4.2490486588e-50,3.3406399870
6.4689807464e-29,0.5375611789
5.1584978185e-26,1.0284954607
7.2500478965e-29,0.5430994933
3.4737669016e-39,0.0008383689
4.4550131420e-32,0.2627807650
4.6158393169e-45,3.0764085778
2.1834421617e-26,0.9255818339
1.7140452954e-47,3.2050265172
1.1511346334e-32,0.2251600837
2.9211172798e-36,0.0582964597
6.7819361849e-34,2.4123891095
6.3621063180e-31,0.3475238904
4.2832345143e-37,0.0346281603
8.4585991684e-26,1.1130816281
1.1758651881e-32,0.2257251207
1.2396219086e-25,1.3175931877
9.1569583501e-42,2.8964805084
2.4136182544e-30,2.1327765046
1.5154931779e-30,0.3786986290
9.4794347718e-27,0.8479522377
7.5392523249e-30,0.4414688459
6.2667857896e-26,1.5013607058
5.2286706832e-53,3.4905402430
7.5342286059e-34,0.1589188744
6.2168667571e-37,0.0387144771
3.2980525025e-39,0.0006497560
5.3476974941e-30,0.4274383225
1.2851175381e-69,4.3583645702
5.1703763742e-50,3.3362304929
1.8066770433e-60,3.8745519065
1.2288414712e-25,1.3253151795
4.4203942022e-42,2.9140958366
7.3370090536e-53,3.4829823657
7.4105016186e-48,3.2240968533
1.3817799842e-27,0.7070829110
1.2978117975e-30,2.1567620623
1.3640559111e-27,0.7062555541
7.1198232117e-29,0.5422155644
6.1593089745e-33,0.2088883260
6.2031157616e-29,0.5355344967
4.6194182469e-28,0.6407925153
3.8357824727e-28,0.6302507940
7.2688224720e-29,0.5432257209
2.8855963596e-27,1.7862145478
5.3475995448e-30,0.4274375832
1.2503187337e-25,1.2561359492
1.1763624073e-25,1.2114515753
2.5369644265e-31,0.3164663304
4.8931479262e-32,0.2655171792
7.1791959534e-30,0.4394491710
4.5689818890e-46,3.1298853356
2.5822263041e-28,0.6084041162
2.5265671061e-34,0.1355984044
7.8928630973e-30,2.0851139372
3.2800656196e-34,0.1410109693
1.2358614074e-29,0.4622608646
3.8391399726e-27,1.7670566121
4.2876803340e-36,0.0637754202
4.1674785705e-26,0.9995505437
7.1902011826e-31,0.3518069532
1.4880760955e-27,0.7118563179
7.9156120092e-27,0.8329006608
5.6754780228e-28,0.6526888343
1.1509968934e-29,0.4592231762
1.3431485994e-29,0.4658351298
4.1508092864e-27,0.7826649209
1.9295058037e-31,0.3075920110
2.8829680118e-34,0.1383226379
3.3696883859e-28,0.6230116292
4.4387109969e-28,0.6385139514
1.9775413710e-35,0.0878708178
8.8863781566e-26,1.1239122587
2.2458875632e-29,0.4883856027
5.2300899466e-35,0.1049994815
1.2128763334e-25,1.3347948157
1.9254233297e-26,1.6394274090
1.2240702496e-32,0.2267953122
2.4506083329e-26,0.9376568224
9.7852559221e-39,0.0060942624
1.1330314591e-25,1.1945945738
5.4171909720e-35,0.1056439084
3.0780839614e-36,0.0590296784
7.6907057941e-28,0.6706951110
8.9524808651e-27,0.8431224614
3.6266708990e-33,0.1956255385
1.7527103077e-31,2.2303503524
1.5568584451e-26,1.6588107939
1.2250435996e-25,1.2360791169
1.5694711891e-30,0.3799950630
1.9515873135e-32,0.2394320940
3.0980766205e-29,0.5029299957
1.8533090268e-26,0.9090866730
1.2408939478e-26,1.6784274489
4.9747600203e-33,0.2034838073
6.6103052773e-27,0.8183357181
1.1648332223e-25,1.3568091749
1.2966683124e-38,2.7152092182
1.1368021521e-26,1.6857410230
1.2640106673e-36,0.0471822977
8.9895032584e-31,0.3597180612
1.4622040096e-40,2.8285980263
1.5194943524e-26,1.6609617209
5.2566782040e-28,0.6482317748
1.0034955860e-25,1.1543696675
5.7377697615e-29,0.5317860053
9.2096550248e-30,0.4498010835
4.4982006521e-27,0.7886434360
1.1430665110e-34,0.1197489690
1.5144609342e-27,0.7129943484
8.3076226352e-37,0.0420663721
8.1630179603e-26,1.4554306797
4.3509011987e-35,0.1016539071
8.4401235264e-28,0.6763178529
4.7942021123e-26,1.5394977830
7.7231536141e-26,1.0947142878
3.4809561529e-28,0.6248188011
1.1509755205e-28,1.9656901431
2.9951083426e-27,0.7590918209
4.5047700776e-38,2.6827951295
5.2793108319e-69,4.3251994385
5.2674002086e-68,4.2714504693
1.7778141389e-43,2.9908428580
6.0982254872e-38,2.6748421133
8.3098064370e-40,2.7852381266
1.2794387115e-27,0.7021693108
1.4230578346e-36,0.0486825457
5.9587357983e-33,0.2080455977
4.8973031768e-32,0.2655420197
3.3571735249e-35,0.0970228293
8.8425768717e-28,0.6791552417
1.4661179710e-33,0.1740003887
9.3080837472e-32,0.2847496900
7.5700592874e-33,0.2141800141
1.2273037929e-26,0.8704527933
1.5185159117e-26,0.8899472929
5.1177273784e-32,2.2731531379
4.4166621438e-30,0.4197684788
1.8169946698e-27,0.7249269893
2.9060649704e-37,0.0306387000
2.0634614950e-34,0.1314669916
6.8561069165e-27,0.8212499464
4.4249217985e-37,0.0349751588
3.8064890870e-32,0.2582301077
8.0194381003e-32,0.2802180811
5.8731809876e-29,0.5329048973
1.2039431679e-25,1.2242379113
1.2210019793e-36,2.5944966301
2.9159821077e-30,0.4034666193
3.3702413416e-34,0.1415790382
9.5774433568e-27,1.6996666893
9.4761291489e-28,0.6833961422
1.4435644001e-28,0.5776502065
1.1974346443e-32,0.2262089485
5.1406629744e-33,0.2043089185
7.4544160687e-29,0.5444576122
2.8856122865e-29,0.4996881919
3.8110645868e-53,3.4975943986
7.0187301448e-39,0.0044400673
5.6836645724e-34,0.1527350056
3.2065705587e-35,0.0962131043
3.9190765112e-27,1.7656437248
4.5986374195e-34,0.1481648349
1.0413557103e-28,0.5610262569
8.1801536429e-34,0.1607458517
4.5319185037e-26,1.0105674966
1.1107625270e-25,1.1868661827
8.1248251395e-26,1.1047228255
4.9560494329e-27,0.7959507274
2.1261238702e-29,0.4859417681
6.2714876555e-37,2.6126347254
2.6509094606e-28,1.9240772130
1.3331962371e-26,0.8779212957
1.2909920586e-26,0.8750024292
4.5813566388e-27,0.7900160785
1.9093914133e-38,0.0096762418
1.0671057572e-25,1.3899924581
1.9708405974e-37,0.0269133807
1.6405053382e-32,0.2346821513
5.6708976997e-29,0.5312244263
4.1125100644e-28,0.6341794427
9.9142573667e-31,0.3632249051
6.6223364734e-36,0.0702639408
1.0965316234e-27,0.6924456948
7.8400556496e-26,1.0976245720
1.0485864928e-29,0.4552672166
2.9390802050e-36,0.0583821076
1.0428115431e-31,0.2882359278
1.6515771627e-29,0.4748026923
6.3062818384e-26,1.0590536084
5.1986642275e-27,1.7458261088
6.2844318654e-29,0.5361627401
9.2422016053e-27,0.8458055343
2.8982242283e-31,0.3208432561
4.0645431803e-27,1.7631345602
3.6476304521e-31,2.2040308943
4.1837543046e-27,0.7832498117
4.3629636819e-27,0.7863643637
1.1054762815e-27,0.6929536243
2.0259536080e-28,1.9377748345
4.8106325242e-27,1.7513527027
1.1340827759e-28,0.5653254634
2.8140611370e-34,0.1378213343
9.0311573474e-26,1.1276214821
1.9970505739e-27,1.8098626083
6.7786684804e-31,0.3497393865
3.1441588621e-26,0.9652419700
6.7003595548e-27,0.8194136820
4.4293767157e-29,0.5195043442
8.2351986417e-33,0.2163617851
2.0533072879e-29,2.0445943472
1.0114574496e-51,3.4243915447
3.9522073394e-28,0.6319339835
3.3570660155e-26,1.5826411964
3.9957718124e-32,0.2596287207
1.1619732146e-25,1.3579407861
5.4431161428e-27,0.8031227929
1.6323649080e-26,0.8967852352
1.4170149899e-26,0.8835110585
1.3728836820e-27,0.7066688154
1.1545240705e-31,2.2450540616
6.4435160570e-26,1.0625730757
5.7922670732e-29,0.5322392130
1.2947211271e-27,0.7029247010
2.1260547956e-26,0.9228517090
2.6651917274e-28,0.6101214607
1.2383309597e-25,1.3186005516
3.0491260013e-27,0.7603554596
2.0966141882e-34,0.1317900845
1.2080104185e-27,0.6985288905
1.2549736810e-25,1.2618127592
1.1799584987e-31,0.2920577277
1.2559159241e-25,1.2631649778
1.2513310671e-25,1.3067003161
3.3441178814e-33,0.1936352855
1.0962358589e-32,0.2238641424
6.2550429330e-26,1.0577339209
1.1905691740e-30,2.1600481163
8.2151041395e-33,0.2162983217
5.9835264936e-37,2.6139080678
5.9623208447e-28,0.6555734351
8.0388567449e-38,0.0192975311
1.4982285665e-26,0.8886879363
6.3358880058e-28,0.6591482875
2.5414085353e-26,0.9415486950
2.6171545818e-27,1.7925974516
9.1102133106e-26,1.1296585478
1.2621837903e-25,1.2843147779
1.5153072418e-29,0.4710508977
1.3271885782e-64,4.0905863841
1.0376093138e-29,2.0737239668
7.6266130729e-33,0.2143723453
5.1165340824e-26,1.0273284842
2.0816012843e-34,0.1316443674
4.6971147439e-29,2.0077644659
1.8090972386e-26,0.9067167167
1.6361847616e-28,0.5841457270
4.3222273972e-38,0.0147802136
2.7627108394e-31,2.2140878558
1.2558194996e-26,0.8725122301
9.0380964928e-31,0.3599105253
1.7681211711e-37,0.0259194176
1.2379626034e-32,0.2270964322
5.1966692349e-28,0.6475670678
1.0419340796e-30,2.1651066262
1.6954581803e-58,3.7725808907
1.0602300348e-69,4.3628888278
1.2589222474e-58,3.7792484776
1.9979882716e-63,4.0286651816
1.4439666436e-39,2.7713064600
8.1730938179e-77,4.7564537096
1.2212430647e-27,0.6992174789
6.2539990725e-27,0.8139471713
1.4276768520e-34,0.1241015029
1.3078166959e-33,0.1713638785
5.9326192943e-36,0.0685943823
4.8848101782e-28,1.8917912505
3.7425751157e-32,0.2577431634
2.4974754894e-29,0.4931485471
5.8563091283e-33,0.2076049724
3.6002848246e-29,2.0197957485
1.1196369691e-25,1.3733202883
6.4914669775e-31,2.1828446713
6.2988990160e-60,3.8464535815
7.9577246015e-45,3.0637392903
1.6762899483e-35,2.5214187090
1.5342395067e-62,3.9823266375
2.1572562871e-71,4.4549668683
7.4109371671e-26,1.4735387474
9.2717695357e-28,0.6820566173
1.4902481294e-32,0.2320778769
4.1538851073e-39,0.0017168547
2.9123046804e-30,0.4034177795
8.9038842935e-27,0.8426655324
1.5818721691e-37,0.0249212407
5.7881093538e-32,0.2704604847
5.1003846175e-37,0.0365122225
1.5776028127e-28,0.5822478471
1.1131761969e-29,0.4578017908
5.8317169733e-33,0.2074981096
5.2472812251e-33,0.2048261546
1.6398438603e-34,0.1268494066
5.9598973413e-29,1.9968242781
4.5093387109e-64,4.0626159055
5.0366640082e-70,4.3804153779
1.5913842350e-74,4.6279364766
2.1659388951e-65,4.1321725464
3.9661682302e-26,0.9932357476
5.6004458999e-39,0.0033150938
1.8021150583e-27,0.7243826200
5.9175550034e-26,1.0489546289
1.3262415717e-31,0.2957023218
2.3787578865e-26,0.9345050272
6.9861152225e-26,1.4837822368
6.8526508919e-38,0.0180789735
1.6617663225e-27,1.8212749468
1.9470760364e-34,0.1302932188
9.0759892845e-26,1.1287756091
9.9676254081e-28,0.6865150847
1.9015352408e-27,0.7279475367
5.4074578752e-29,0.5289509212
1.6037295123e-64,4.0862535091
1.6154311690e-42,2.9383021155
1.2158189073e-25,1.2305939814
2.0895401605e-29,0.4851697732
1.2239252500e-25,1.3284287778
9.8550766732e-26,1.1494026081
2.3669714997e-29,0.4907364799
1.5830603446e-29,2.0558191734
5.3562289683e-26,1.0339382112
1.3222037653e-30,0.3736740876
