sampled_theta1
0.4582164835
0.6611257386
1.6615406030
2.4367126987
1.9741252081
0.7018835207
1.6240020067
0.8285796643
1.0394650800
2.4479664186
3.0721491175
1.0397259016
3.7210240619
0.6027690624
1.7950224997
0.6081130237
2.0282213156
0.1925063505
0.3087371182
0.8663675068
2.0902363736
1.6402793938
1.4474322886
0.2038838337
2.3229681883
1.7687615493
0.4329510639
0.9271942750
2.7356174822
2.1167116015
0.1081081545
0.7176520209
0.5877618180
0.1002210442
3.1450962058
0.4115497902
2.1059033289
0.2445469890
3.2188303976
2.1910695917
0.0056307343
0.5018350273
0.0461769221
3.4150576573
1.2719596876
0.0319089307
1.2606769186
2.0705999466
3.5003016138
0.9002931647
2.1714069410
2.8924533913
1.2209836460
1.3124234918
0.5610297356
0.1190272813
0.0015456426
1.1853732008
0.5791306656
2.6460176698
0.0856504538
1.4737811367
0.1710269344
0.8694995709
2.5754240627
1.7988536869
0.1072981587
0.3260890367
2.6160483582
3.7660607330
1.1978386694
0.5819415616
0.4382251203
3.0597539711
2.8566764820
0.6206177792
4.3151511241
0.5905929593
1.2955296725
1.3331394303
3.6778950218
1.2890885486
0.0110139598
2.1879344912
1.7454530399
1.2740451950
1.6772935490
2.7399556335
1.8859242713
0.1607967133
3.2290933766
1.3544453014
2.2617066489
0.7779338252
2.6724122105
0.9139600350
0.5707979210
0.4592863851
0.4717931935
0.9591171138
3.0168269828
2.5434505669
0.9485655783
2.1562768728
0.7878816450
0.2207733987
1.4310432744
1.2452342597
0.2887422944
0.6499513635
0.1986104944
2.5117116389
0.1938731398
1.8448456628
1.3202603457
1.6740793354
2.4956628211
2.0711902364
0.1225388975
3.4370778822
0.0039359566
0.2472564484
3.2423692071
0.7469943386
0.2705393977
2.1954632792
1.0195941459
0.0344832113
0.7588103873
2.4138894809
0.4430166813
2.0861414330
1.2213591637
4.3924925742
0.1413674024
2.0395311650
2.1451250632
0.5105469337
0.5406021300
3.6101393217
1.1183073036
0.3155884252
2.2484032383
0.0331029822
0.4122361174
0.7941154206
1.0537995856
0.5780693252
0.2490571855
2.5057477859
1.3970890909
4.7665611539
2.9065150290
1.5515149584
0.2171289100
0.1084910053
0.8375685539
0.4355655807
1.5556518830
0.9982990247
1.1733407264
3.9231102847
1.8281513741
0.2243655214
1.0179368191
0.7719777066
0.2959622140
0.0593685895
0.3869524931
1.7529464140
3.6440611407
1.1739010152
0.6064422271
0.7142109716
0.3242856048
2.1241383754
3.1159187277
1.9346375614
0.2909372369
0.7764276937
2.8409113371
2.3217754840
0.8855166446
3.3382250463
1.2585083541
3.1289985661
3.0116146288
2.2062420533
3.2965396398
0.1862514321
0.6369718204
2.6400515129
1.8353868691
0.7044067002
0.5633579336
1.4628318417
0.1746835716
2.0728839894
2.1661038856
3.1099961511
2.4889000414
1.9456788561
2.2926615463
1.1226150413
1.1295173306
0.1356216075
1.7223164217
4.0195866344
0.4730273910
2.8610331730
0.9428975633
0.6810440356
1.3159115165
1.8107502892
1.3861439480
1.9613685062
3.3355945333
0.8361361492
0.9503611275
1.1216864163
0.1700852342
1.5361216984
0.3826297637
2.3821147568
0.1686929095
2.8358204125
2.1501371822
0.1830694333
0.5590717770
1.3379414304
1.3737983901
1.0113574261
2.4590041968
0.1723470310
0.0884827114
0.4043830193
0.6001146480
3.0243404926
1.7026362915
3.9890390399
1.5834133605
1.2033360037
1.3750042937
2.2277122016
3.3060733068
0.5243714229
0.7740287421
1.7236167679
1.2642676608
1.2244471865
0.0842939383
1.4195726593
0.8741440169
0.7604148356
0.7678247237
1.5665720193
0.1959300652
0.5411569773
1.5872964436
0.0393225694
0.3983967262
0.0798012836
0.4204899142
1.1119114610
0.1848647854
0.7603088282
0.9916856275
3.1280151171
1.2259896075
0.3440253395
0.0075383297
0.3638626158
1.2529539438
3.3509856310
0.4472609727
0.1824842589
3.3577220429
0.4065077587
1.6595450161
0.9002345186
1.0407358598
1.0559523697
0.6296165329
0.7155959513
0.6951245250
1.2598823479
0.2680075759
1.5590935049
4.3815367362
3.1158271376
2.6586316152
1.1313988768
0.4887755510
0.4190930942
0.0265454681
1.9228317122
0.4103092257
0.7942752191
2.4768102742
1.6634132438
3.0002199922
1.0545369787
0.7081136567
0.7299061874
0.3910682498
2.0974177619
0.7221727906
1.1989823918
0.4138591066
2.9345804831
3.7159884010
0.5236322995
1.2493941707
2.3053525242
0.1051056743
1.4515935262
2.4000312490
1.3376362516
0.6514362423
0.1217651628
0.3848008890
1.8354495775
1.6658244887
0.2140941686
2.1600526977
2.8566379322
0.8688954093
0.9529353063
0.8352957169
0.0565358855
1.4255201420
1.2944290323
0.6848280861
0.3297518770
2.6713629920
1.1290241800
2.6314407069
1.5294719960
0.7566555654
0.9251844020
0.2749317634
1.2560387903
3.1118068280
2.8409816709
3.4007672924
2.5782292833
0.6821808670
0.1546431374
1.1732246052
1.7091807620
2.6448808552
3.2472505702
1.7859750975
0.0543723378
0.1962657314
1.6695994658
0.4692698468
3.3072465297
2.0020143431
1.2114616412
3.8933522289
3.0872877904
1.0941022628
0.7114777887
4.3610006973
0.2858069588
0.0710551886
3.0436634443
0.5813993062
1.4971155358
1.0862873093
3.0739194115
1.2071758340
3.9299632851
0.4539844763
3.4615481195
2.3596935445
1.4045501498
2.2190153392
3.1633454432
2.7973581849
1.4907291974
3.2595950913
1.4710980430
0.5831517632
0.9375120014
3.2285624202
3.9436991987
2.9713880040
0.4017556541
0.1936249929
1.6830886300
0.4264337051
1.7614206099
0.5307691954
0.3268322705
0.4848485312
0.3269050869
2.2302231716
3.1893045600
0.3887835739
0.6098895050
1.0527594277
1.8158891478
0.5727241385
0.8135745796
3.7383522172
0.8281003562
0.1923049333
1.1139396661
0.3466266187
1.7407537667
0.9247979807
2.8282799807
0.6319522553
0.6705332174
0.1487692381
0.3057205328
1.9606099989
0.3571237740
4.1868033762
0.5149429393
0.1662883358
1.0581757459
2.9204010336
0.9204232109
2.9870372154
0.9823760563
1.8623047489
0.7605944568
1.0707174966
2.9596754478
1.0527912919
0.8286127129
0.7702290955
0.6553724514
0.6448180333
0.9069550972
1.4842783540
1.6152605547
0.5273596825
1.3391697287
4.9559984758
0.1900786093
0.2879942438
0.2799357420
3.9729273500
0.2291074994
0.6369665700
0.7024978363
0.5762190208
1.0969515838
2.3864225759
0.1033920201
3.1384947089
3.0510037526
0.5962836824
1.7769373506
2.1146536047
2.2397900030
0.6070098494
1.2601122711
1.7377622649
0.0546969185
0.0757536795
0.3145505382
1.6303351183
0.5169372903
0.6804591002
0.6548933052
0.2216403625
0.4582810440
1.1871807705
1.9565450149
1.3197793090
1.0040210472
2.0714372339
0.1656007653
0.3795141059
3.2806042658
0.4780649106
1.3935102682
3.9020981136
1.4095941452
1.0878219395
1.9895002325
0.4107958436
1.0513455963
1.5374955380
3.4618516924
1.6484976425
0.6603707992
0.6105916563
1.1599357550
1.1264629404
1.4364923184
3.7710701012
0.6769167379
0.7176360514
4.4409835108
1.0590134340
1.5295012322
2.2715222779
2.2368854980
2.5863980134
0.4987660836
0.0323480452
1.3800764047
0.8947778024
1.0302634502
0.7119111983
2.0311875289
1.9614329549
2.0162770225
0.8545489495
1.7089634822
1.4629922746
1.8827093493
0.2753723456
0.0861949078
0.4111555941
2.8258575890
0.9857594747
0.7204291971
0.6801518553
0.8631899254
1.9121330093
0.3041925389
0.3880141514
0.0993433947
1.7503742671
2.6994746860
2.1797931478
2.0163432825
0.0764565142
1.5466474971
2.1459031227
3.8076479071
1.9021277886
1.6098330631
2.0016698216
0.4913513806
3.9927098688
2.7204189369
2.4325197247
1.3308555098
0.3351650256
4.1996996710
1.1104775120
4.3172335723
1.9962114969
0.2863866464
0.1488336493
2.6449727016
0.1680678775
0.9483246193
4.0002727969
3.3136228805
1.6584329159
0.1103849244
0.2962255128
3.8024752129
2.1268159137
0.0622659061
2.5319070909
1.3447090935
1.4853887950
0.1786605334
1.2350259656
1.3609893062
0.9556520629
0.0217293974
0.1955090780
1.1346558029
0.6246851635
2.5575259494
0.3388760282
2.8851836475
4.2419468288
0.7745290858
1.8457216402
0.2911460950
1.0328109900
4.8824436464
0.0210549222
1.4672584847
1.4516191442
0.0750349774
2.7578857147
3.4115213519
0.1490666046
2.6308751603
2.2499053175
0.2244879724
1.4608137548
0.0989734287
0.9693194131
2.8808740663
1.6726800682
2.4143524045
1.3575221886
1.0604668852
0.0199993257
2.2416068331
0.3479365703
0.9542802146
1.4876822560
0.2175293580
0.7316071170
0.5419591213
1.1016807220
2.3627277786
2.3221318291
0.4212269311
3.9520856038
2.2167520450
1.5247759412
0.1132512922
0.8515276122
3.7816340384
0.2339083971
3.8011570713
1.9953620600
1.0598228280
1.0392825830
0.4841196697
0.3187781461
1.6864254564
1.6551352811
1.4095307267
4.6860785404
0.5202719795
3.2437828588
1.4415425681
0.1008204810
0.5570233361
0.9625049953
0.3457422749
1.8855680193
3.8962798225
2.7794994920
0.1434192445
2.1722471145
0.1139938431
2.2168416493
1.5205170033
0.1753978015
1.5045711722
1.2371262899
2.1117638822
2.1828915704
0.7395642046
0.5162046647
0.1772334103
1.5754279117
3.7072301512
3.5455217597
1.6632516095
1.7261714592
0.4262396445
0.7402795900
1.1336516093
1.0815103348
0.1769025221
0.6418742107
0.1472893900
0.8006671638
1.4645977395
1.3274043406
1.1367292472
1.6742336195
3.4637596337
2.7964437615
0.5466896526
2.7646320044
1.5965356004
0.3292621627
0.7120227389
1.5584711622
1.1187938762
1.8232072783
0.4614259015
1.1634603890
0.5979007294
2.7746519503
1.6696954888
2.2570706200
1.2351694648
0.7302103942
0.4488755146
1.1547635140
0.0695522484
0.8622573393
0.9948537045
1.3685872040
0.8818397393
2.1874992810
0.0399867907
0.2240316396
1.1812035188
2.7718926575
1.7423331630
1.9124058903
0.3261027072
1.7079647018
1.7279687816
3.1769317425
1.9010890914
1.9763246439
4.2302114220
4.5200059334
0.5826852928
0.0369688239
2.2768632089
1.4308224246
1.5165149680
4.4487401410
2.2060661630
2.2705392184
0.5069449225
1.8739908979
1.6888705870
0.0222192188
1.5131839379
0.2007328021
0.4206494301
1.9189099396
0.3934094941
1.6977187657
0.3392039868
0.1997555048
0.6387396907
4.1242027974
1.3670915212
3.3512685858
1.9876968627
0.4031983533
3.3848761991
1.1585537103
3.3759052819
4.0860956713
1.7730912481
3.3795441966
2.1309669862
2.2808947896
0.6486299537
1.8863717103
0.2880017804
4.0701391426
1.9357110299
2.3962603632
0.9994717664
4.5315168196
1.6989604523
0.5080685122
1.0013185597
0.4818770070
1.0363153684
0.3988390939
1.7563777456
3.4586421489
3.5508864052
3.2784118716
1.9882801674
0.0124396864
4.0136728708
0.1547187798
0.6420232540
0.7965474952
0.0515521795
0.1980592696
0.0305178975
1.3157325893
0.2783004595
1.6904279929
0.6079095335
4.4204393876
3.2692623720
0.0663738258
0.3086483612
1.4929099366
3.3542054524
0.6037930634
1.8637610864
1.1657082794
0.5207620008
2.2895923905
0.3075353877
2.2767051857
0.5544106782
1.1742533291
0.0204584428
0.6942559407
0.3026483008
0.1158336324
0.0347693891
0.0267438805
0.3513276982
2.3949162032
1.4171882947
0.1919006564
0.3388161262
3.5327531414
1.1820193544
1.3787567105
1.8293294063
0.0252680297
1.0706291792
2.3768448916
0.1354465084
0.6837483505
3.5238400476
2.1518727882
1.1251246975
0.4032944088
1.2714398429
1.3357473419
0.1356834564
0.1701464395
0.9423707795
1.2394225753
2.7022823229
0.0633424961
1.8365832336
4.5738400890
2.6753651237
0.7547994763
2.2197902848
0.9835456848
0.6056897074
0.9208187888
1.5124558814
1.8052115295
1.5468602664
0.7506968224
3.1805640284
2.0529729750
0.1096336240
0.5256362570
0.6969627777
3.0638548165
3.5553606977
0.7489187885
0.0950017719
0.0067564699
0.8536757846
0.0262937207
1.7399854708
2.9239584867
1.0854621861
0.5508876294
1.6900172992
0.8721477849
0.2507947295
1.7756426673
4.4240700312
4.2983981974
2.0627180356
0.3413466269
1.0148707064
3.4951645306
3.8415754450
0.9459074446
2.2428035710
0.4734962293
0.1833183356
0.3550386849
2.7368473749
2.1209601376
1.8834085552
2.6795641881
0.2842525541
0.5743012943
1.1116216305
0.5149550749
0.5593305859
4.0429772005
1.8619758790
0.9782278298
2.4716103315
1.4755994817
2.8069180458
0.3039620206
0.0270909112
0.2730150881
1.0298811287
0.6807393017
3.9775429864
4.0852744563
3.7303396959
3.7930379917
1.7100219796
0.9747122837
1.1591597840
1.6595856594
1.3659437268
1.1554067461
0.2873747860
1.2659730090
3.5603016549
0.6997934868
0.0022824717
2.8152074099
2.0639294113
0.8792544469
2.3039537630
0.4792680312
1.5811680174
1.4869547774
4.1389740057
2.0682940484
1.3263245008
0.9999964151
0.2871637858
2.6179576957
0.7139614950
2.0683686701
0.0924564691
0.3718229799
1.7619318682
1.0235073294
1.6199924028
2.1898412756
3.3655004311
1.5129671351
0.9177529667
1.5769183417
2.5925097407
1.9628899137
1.9801611534
0.2335780724
0.9802378322
0.2898533121
1.2465606694
0.7126360925
1.1111499602
1.8528392502
1.6794397328
1.5696113976
0.5982785859
0.2216182700
1.5512061350
1.2967124599
0.0763027833
0.2297404243
1.6845853700
1.6253798673
1.3762072924
1.6245138485
0.4436258505
1.9150144282
0.1268521962
2.8698719598
1.5797908160
1.7639571149
1.8211753920
2.3425754437
0.4819200286
1.8095484766
2.0289144921
3.0525230147
1.4021166859
0.8958691977
2.2406231043
1.6842613365
0.5993101645
0.8748501849
2.1114547304
2.8117921734
0.4083320671
3.4113556494
1.6424269382
0.6442181972
2.0596080641
4.3193018285
2.1364793302
1.1676505443
0.3097875122
1.7177969711
0.6162607312
1.7849631056
1.2703565383
0.5132936179
2.5113385015
4.4502439763
0.1275548384
1.8484757561
0.3070212707
2.9137459805
0.3585358922
1.9976265012
0.6396563740
3.0426426589
0.2082676291
2.8263122247
3.0139166874
1.3748099969
2.6714782665
1.3120739981
0.3275095905
0.8361178706
3.0310785169
1.3384532740
2.5847779454
1.2182455636
0.2899444354
1.0101070809
3.5573799132
1.3820939444
0.0522087322
3.1309733582
0.6322799375
3.4592284465
4.9703281506
3.1908390538
2.6274707917
0.5011829545
1.1005408988
1.3118481102
1.1599363940
0.5980764997
0.7933681567
0.3726432784
0.8309072924
2.0999630239
3.0442838733
4.6529448964
1.6106747317
0.2573224276
2.9483993450
0.1187417632
1.7333469989
1.1801370801
2.7636495943
3.6922571218
3.6718668453
1.2153367792
1.1816420233
1.7549946787
0.4920732024
3.8832374917
0.9971787829
0.7959585924
0.6491608195
0.8904699320
2.2828511270
4.7906999495
0.0947603905
0.0944147681
1.8151248109
0.0354712220
0.9400225369
0.5909323352
0.9518352644
1.8486052626
1.5032202387
2.2545219716
1.0178439954
1.0013602350
1.2085914481
1.3953437060
2.6551858979
0.3382253534
1.1917170037
3.0992078103
0.3293307182
3.2092692478
1.0439770905
4.5622346611
0.4834319335
0.8858324118
4.2539249289
0.4545473204
0.2246429727
2.4597214330
0.8055108659
3.8117670301
1.9816092824
4.2309505485
0.4783452931
1.1005860077
3.2378637023
0.0985404599
0.9159211751
2.3854792227
2.2587707732
1.5718330544
1.2803175435
1.1005551848
1.2651511061
1.0915349320
1.4566408310
1.8181984535
3.5551541250
2.1037264186
1.5150456732
3.1007381040
0.5675413994
1.1135652500
3.6321954403
2.7205285903
0.4166232805
2.7132544082
4.1189392590
2.0244625302
0.2189090038
1.6518262124
0.6056293942
2.4231911325
0.0214563096
3.3953861744
1.7622517360
2.6173565505
0.9436905620
0.0251480594
0.7549330701
0.6569320613
2.1141833674
0.2760570941
0.5223159871
0.4936794519
3.9638012185
1.5687484296
1.7629429392
0.3365396902
3.0488735267
4.0708287442
0.9836245951
3.2504979019
3.2281507396
1.7483811754
4.0365521253
0.8052475389
3.0684992097
0.9403057097
0.2793205733
2.9742207092
0.1496766328
3.1645950763
0.2051878291
1.7761565425
4.1223685374
1.2174693806
0.0369104392
1.9432821951
0.3849263748
0.2804159200
2.5781481267
1.7457215458
0.9858358719
0.6522306253
1.1679576859
1.1139719626
1.1786687382
1.0652065899
0.1866308051
0.3594435158
0.7273303595
1.5607991094
2.1806297215
2.7110153505
0.3324890378
2.7221061942
2.6312812157
1.8242533793
3.2775768468
3.8216269632
1.2149139760
0.0860423955
2.1364853964
1.2638249106
1.5928941092
0.2883890960
0.2201145941
1.0773829240
1.1384767976
0.8323063473
0.3608463352
0.1388706689
1.7151993701
2.2455629269
1.5567524794
0.6713100620
1.9611750218
0.1612453262
3.3983777215
0.0443266275
1.6926950039
2.5756302155
1.9318315256
0.3105825662
0.1542897876
0.6458099458
0.7522007129
0.1062801222
0.7561968438
3.1985118675
0.8859064640
0.6542101082
4.8202764812
2.3900042079
2.9881945397
2.9307645308
2.9128697223
0.0127523914
2.0894874806
1.6357685197
3.1290187857
3.4413220671
0.5349797490
0.4701217864
3.0401019845
3.8831009620
2.0911929607
0.6373488771
0.4528031915
2.3479921399
3.7372211773
0.4448605961
3.3505578359
2.6033564605
1.6253527055
0.8824561056
0.9173690933
0.4885608372
1.8689388580
0.0027813841
3.5169443039
4.5907430287
0.0307151198
0.5757125474
2.9538728040
2.1665763457
0.9316254934
1.8341804243
1.1465992522
2.9702659335
1.5745643322
0.2508715092
3.1745621171
0.5233933212
0.3800360841
3.8184788429
1.4658677674
1.9677142612
2.6593527331
1.2789203951
1.2853939149
0.1029537686
3.0804764645
1.2649072402
0.8084594920
3.1944781685
0.6260438158
0.4077302786
1.3872978573
0.4979127532
0.0213396134
3.5423738480
0.5483369359
2.6467791805
0.0737595726
2.1073053449
0.8834911610
0.9426393443
1.9936577768
0.8077527347
3.6670799656
0.9817856793
0.2225649909
3.3525306955
0.7401774934
2.3825176051
2.1989181121
0.0088353333
0.3943327523
1.2964887997
1.7593109443
3.7971755799
0.1829224890
1.3713933030
0.3793429371
0.4238694355
0.7065563342
4.6586072039
1.8345045522
2.3189177279
4.1369130197
1.3196637123
4.3642708068
0.7282715052
1.3928103329
0.5099361246
0.2802845694
4.7143845326
0.3653905850
1.4128108113
1.0220502902
2.8994216947
0.6042364121
0.0767779948
1.5135656790
1.4241833965
2.2128549663
0.3669816043
0.6767054064
2.4571849647
2.1119605727
0.8619689169
1.9806325294
1.2442537385
0.5207816271
3.3553428804
0.6034108649
0.4993951260
0.6087779736
2.0958642126
3.8481695602
1.5267882916
0.1295642411
0.8323536336
1.8273264148
0.1983072809
1.6530004568
0.6565621349
2.0295114351
0.9544482097
1.2072965380
2.0288876029
0.6585321688
2.4372729327
4.6645487221
0.1932142016
1.2804354094
0.4085297124
0.9918162272
0.0685255173
4.1498709216
0.1095040294
1.1814369961
0.7500544052
0.1321918239
2.7936329434
0.1138054212
0.2968293916
2.6743056293
1.1726932717
0.3277463472
1.1859645331
2.2279220853
2.2183082729
2.0922540479
1.4921434267
0.2509757263
0.3818055305
0.1110740699
1.3038490515
1.0080164496
4.4609663693
1.9454037179
4.1647430860
1.8349144418
2.5986244889
3.0360204801
0.1262986849
0.4201745211
2.5223232782
2.7938670801
0.7868236829
0.4254174595
2.3008512036
0.2079538065
0.3165082348
0.0479031105
0.4736968183
0.0148693151
0.4851728157
0.1464536754
0.6884897067
4.6751549122
2.4721264381
0.5606607632
2.6502824395
0.0790869829
0.6145306047
0.8292093454
1.2840939054
0.2620326875
1.6944111263
2.8725543420
2.0810187652
4.0692956393
0.0857633320
2.4863532327
1.7297813301
0.4159217972
1.9514178368
0.1669728306
1.8741263852
1.9783715823
0.5814697575
0.6194209518
0.4993116955
3.1736678588
0.5873504490
3.0919159600
1.8233407214
0.7974336520
0.9111399236
1.6469616834
0.8029987191
0.8624289333
0.3890534620
0.9077484062
4.5618027063
1.3465967327
2.6755620854
2.5393697729
0.1101974711
0.2985214771
0.1076421291
0.0184045476
1.8981576559
1.3524912121
0.7235836472
0.7753518601
0.9999904807
0.2170730702
0.0095629682
2.2670416168
2.7661426483
0.2458109238
2.6937011067
4.1441629599
0.3991532702
1.5345296428
1.0038951574
3.3773874331
0.1173854034
1.4409969493
3.2053028265
0.3826698922
1.9832624877
1.0890865241
0.5688339904
3.5976811495
3.9103836322
0.5474695509
1.0058762072
0.5297701352
0.0862556097
1.5811502525
1.2719321748
3.7932338486
0.2738984296
0.3491236061
1.6547274578
0.8864623134
2.8124898029
1.6684872005
0.5045218827
1.7715891334
0.1217701395
1.3561578411
1.2119554499
0.4144346798
3.1347232606
2.6190109037
0.1766067275
0.4331406755
2.2083383051
4.0586001907
0.2074713770
0.7145972884
2.8219729362
0.3676587645
1.0260885893
0.4914284397
0.3821516426
2.6716968279
0.4681934590
2.1157059364
1.1391274978
0.9692173261
1.7185055666
0.9018422808
0.5885412634
0.4430095197
2.5278948499
4.3413230948
3.7513451083
0.4395791686
0.5915217071
1.2197296840
2.4588185929
1.4882739021
0.9929415887
1.9419338703
2.5785767331
2.9790873887
1.8691834944
1.5961691144
1.3884669060
0.0059589569
0.0523280421
0.2112971843
2.6288669682
0.9963203427
3.5143060317
2.6308452257
3.3103433646
0.0014840887
3.8357132049
2.8907204147
3.6625471688
2.0257058328
1.6382213885
2.7283499814
0.0069536609
3.6602540081
0.1669691282
2.5114078079
3.1234312192
1.0024411930
2.3940351671
2.5417077840
2.7928372001
2.3491025558
0.0525528084
1.7691736755
0.1241745484
2.7084702234
3.7961684144
2.3276381002
2.3086888271
1.4919168664
0.1199484184
1.6553102764
3.7435233258
0.9613573835
4.6543621419
0.9236519435
1.0416446356
2.1987951633
1.6940850710
1.0663324537
0.1206304529
3.8358706298
0.0843813769
0.2178105504
0.7729649141
1.7962250863
0.1803563507
1.4750763552
1.4728316289
0.2385053598
3.4331787130
1.0975715814
2.5360394796
0.0060294704
0.3059102772
0.5092408572
4.0566248133
0.9421148958
4.6542017702
1.2643349318
2.4356364118
1.1392336874
3.4678020067
1.4459027582
1.5833774772
2.0156483312
0.9411577504
0.1999289916
1.9244183424
0.3427575017
1.5131415015
0.2694150500
0.5532609967
0.1478437999
1.2863009036
3.7710197422
0.6246499614
1.2162704987
2.1521597190
0.4223681806
2.0384673004
0.9647476014
0.2572803900
0.5895543563
2.2770695535
0.4147222560
1.2602387604
3.5090681662
0.3317922669
1.2157517805
0.0942934317
0.0887943513
2.6474452411
3.6138876696
0.5177487531
0.1509575716
2.3490972277
1.4970629786
3.1601119530
0.5020825852
2.4648929536
0.5143498483
0.9166915040
0.1910018402
2.3515834671
1.8170374922
1.6811651127
0.0559153338
0.2739699802
1.7149075048
2.8331102083
0.1615986389
1.6413986150
0.4597478302
0.9133450821
0.2375941791
3.6872199140
1.9219620698
1.4775225991
1.6261914714
2.4612782682
1.3718317121
0.9273126717
4.0438283621
0.0429902188
1.8242153735
2.5571656802
2.1520556879
0.4248001627
0.4455774757
1.0938975419
1.6910481576
2.5474470332
3.8096181968
0.8849150542
0.6863487082
1.1394665950
2.2620607269
0.1121933806
1.8181745682
2.6089617777
2.3694480775
0.2436417397
3.8766652187
3.7944173627
0.6739663137
1.1591266021
0.8988914015
1.6928123476
1.7546970094
1.8398421199
3.0713032708
3.0402027571
0.2566866741
3.8593384528
1.5597058405
1.5406928489
0.2156454004
2.9150534208
0.0473283683
2.4785298928
3.0488774626
3.7296534441
3.8013951393
2.3390745805
0.3425649355
2.5948200618
1.0751868513
0.8831483866
2.4243659595
2.1689638847
1.6112199209
3.3853922762
1.3718505220
2.8081220598
0.7421371458
3.1857254792
0.4742536016
1.1434409092
1.6540229295
0.1643015111
3.4615723392
0.0416723141
0.3210053293
3.1377135020
0.6218008102
0.3964726709
1.5469693871
2.4714328399
3.0831010041
1.2116819913
2.3304903654
2.8588001959
0.0553865202
0.1497214629
0.2768715704
2.1449961222
2.3968815435
3.6653677793
0.2951596227
0.0701744748
0.8222855349
4.4255533720
0.0173430026
1.3567823282
2.5581384996
0.2556490261
0.1827638375
1.2101118503
2.2911941065
1.7125087097
3.4511447077
1.1413428869
0.6812506867
2.1986728671
0.8212648853
0.5220311444
1.3122120809
0.8624398818
4.2803101050
2.2972647639
3.2541190397
0.3324164580
0.1570998096
3.2160492061
0.8327800070
3.6392620404
4.2793484506
0.6658291618
0.3170923241
0.8665927968
3.3726784890
0.0366687859
1.9252938208
0.5661819933
0.6781068417
0.6311993528
0.5467122955
3.9686227095
0.7126415787
1.4381729454
0.9167894027
1.6955403517
3.0249264021
1.4059104658
0.7316774802
0.1435870410
0.2599041687
2.4861667545
1.0485552751
4.1527083501
2.4040239709
3.9816458230
2.8312771424
0.8204123926
0.1372466304
1.7346517343
0.8456012841
1.3840402867
1.1188798340
0.3268580185
2.4139226289
0.8380353881
1.7974662497
0.4780752495
1.7157397448
0.3938806623
3.8452086365
0.0607107658
0.3450571706
1.7394040195
0.3578042069
3.4218004866
1.8923468339
0.1327979799
0.2486659594
0.7800993906
0.8427903791
2.9846725867
1.7738887727
2.0019907016
0.4259106533
1.8604601539
0.6975935827
1.4870770962
1.5341484970
1.6461578468
2.5806272238
0.9003765355
2.9882862119
0.1338293005
0.6958395794
3.2800519083
0.7656108453
4.0470569917
4.3683959536
0.6359190381
0.9623360451
1.0466113373
0.4461601026
0.6682202362
1.1738751863
2.8464650501
0.8946803898
2.2231136070
0.4301114387
1.4984646113
2.2525698366
1.4588618056
2.2160202994
3.9367372015
0.1955322135
0.4862514330
0.9218545139
0.5895180118
0.6423926495
1.7441258894
0.5216659192
0.3721066445
1.3403437459
4.7060731572
1.9431734739
4.1990873234
2.5246657296
4.7603266040
0.6201637224
1.7982180809
0.2698179253
4.8160551085
0.7892639626
2.7967570426
0.2929351486
0.4251218442
0.5047194005
2.4391864819
0.3120642723
4.2195139808
1.5605502732
0.2706334198
4.5628315606
0.0277683901
3.6105629039
0.3560022929
3.1497154461
0.4682298046
1.1548645769
4.5385919200
0.0002622814
3.2105854274
0.2844460025
1.2242099788
2.2228713109
1.3627679530
0.9300734472
2.1736175225
3.7394582729
2.6585267372
1.2669136361
4.4442053963
1.1023993432
3.0901843742
0.2841442372
3.0455058529
1.8679316528
1.0204998614
1.9152702772
0.0948068932
4.8258939877
0.7676217654
1.3644523900
1.3229922811
1.1511921975
1.3243012504
3.7208573332
0.0937457781
1.8378926030
0.3666439825
2.4387625537
1.6330452222
3.3643460301
3.8071264731
1.4758649700
1.9434712614
0.2285621819
0.1061358609
3.5057317468
0.1574685504
0.5293368994
0.3758183452
0.6542701411
0.7597433115
0.9219993921
0.7954176873
0.3942039725
3.4745656457
2.2553084769
0.7032466863
0.0280802049
0.4462860390
0.1228645736
4.9627754380
1.8742884186
0.1941222563
1.1168503553
1.6116756057
0.1004213399
0.8648789142
0.2448228907
0.0772475990
1.5525312808
1.8521447810
0.2652766976
3.9881759685
0.5856246113
0.4666177823
0.7840311478
0.2776762197
0.7754197669
3.7590981123
3.8696227942
3.4518384354
1.5355645826
0.2259966813
0.4269094464
0.3151316127
0.1003533083
0.6228155065
1.4271891665
0.8183666060
0.7063612524
2.1608440654
1.9612354729
0.8559926645
0.5094098256
4.1916384630
2.4180976909
2.5983358308
0.5058397628
2.0034303516
0.0690946471
0.0157954909
0.0851773457
1.2628364585
1.0264737204
2.9277960945
0.5991207335
4.8496691948
3.3930417662
2.4792076927
0.4734078879
1.3912853716
3.3506483877
2.6223172926
0.1108320844
2.4636008817
3.6119779749
1.5149206573
0.0255418938
0.2425147740
2.4690811278
2.9132942439
3.7654058764
3.0983053912
3.0891298454
0.1672589865
2.2916127509
0.3461669801
1.3928243027
2.6726796320
0.5407007961
1.1664620914
1.1393861015
0.5628066570
0.7298107162
0.5494146440
0.3357513874
0.0437026419
4.8634244095
1.0718452906
2.0306590364
3.7454686925
0.2688830933
1.3194077190
0.3291009449
0.3451969200
3.6728049085
0.9817730324
1.9295393827
0.0349756995
1.8808422305
3.3674975032
0.7300776341
2.9087646148
2.1070672938
3.8645673489
2.6389208297
2.7483873547
2.7471544702
1.1203796943
1.4827209912
1.9929144101
3.0304509440
3.5349013577
0.0058162660
2.1570744168
4.6474738750
0.7303024468
4.1252146596
0.0270476827
1.1406864081
2.3380236414
0.1191342259
2.9572172770
0.0095876536
2.7898735455
1.7355093854
1.2809134859
0.6220453767
1.5712639615
1.4938810029
3.0469427397
0.0892937972
2.6671700463
0.0064717340
1.1066495944
0.6037509896
1.5974367555
0.5421699587
2.1186917570
0.8184775998
0.7842143469
2.6238240274
2.5886988726
0.4996605471
0.5316408109
0.4092816534
3.1041117452
0.6570061631
3.6282414953
1.6315947728
1.4234559380
0.0494764384
4.2877573209
1.4506206970
0.3292898908
0.7899743721
0.5784632638
0.6528133014
0.4847694812
0.3584524722
0.9105703187
3.9756487455
0.2063302164
0.6363348063
0.4159525917
0.9705183167
3.5768140583
1.3981800604
0.7999437058
0.1855267497
3.4542020429
2.4463943529
0.5810949533
2.6228159313
0.8841646929
0.5806028525
1.9632985561
0.8328643187
0.4633537926
2.7535618888
2.6430455702
2.2701086601
0.4562888078
1.0478487060
1.7992290725
2.9146891672
0.7091233377
0.7850214895
1.8839838766
1.6225969805
0.2624942653
0.9032292770
0.3147948692
0.4905467265
0.3805513574
1.1335801504
0.7028120349
0.8892922089
0.7371383398
0.2588116270
0.5733608710
3.7539973784
0.9316242231
2.5439393263
0.0322735782
1.3649927310
0.6290281229
1.8960870024
0.7462494260
0.1919341414
0.3563868236
0.1752552868
2.2940570213
0.2027214011
1.2598255145
0.7864695297
0.8011039418
2.3144714531
1.8485643591
1.5687946898
1.0777070455
0.9714401916
0.3382331827
0.5063156784
1.8997242500
1.8258086216
2.4298752631
2.1364602155
0.1925563237
0.4969473568
0.2221593463
1.1398658655
1.6485798626
1.7410183977
4.8809700029
0.2588797806
1.4965095932
0.4294765556
0.7667462725
0.0139236947
0.2729944729
4.3527741373
0.8904461956
2.4331939315
0.6234480064
1.9819142140
2.8408994402
1.6002898656
4.3301798380
1.5240849796
0.0378880723
0.6457965254
0.2396707392
0.0483418449
0.5641107831
0.2307694840
1.4621729136
0.3522781459
1.7642846777
1.6632721464
1.4310792009
1.6332270719
1.3704623715
1.2350757567
0.0310846707
1.1343437626
0.2798418606
1.0363049209
3.1710730983
0.2197593299
0.9616524124
1.7205086703
2.1828354823
1.9819825622
1.2864634468
0.1128308822
2.5955247291
0.4129268922
2.7917863246
1.4563830885
0.6892511420
1.6873078307
1.9781964346
0.2193490766
0.4204936842
0.2652221772
4.4981152065
0.5243506138
1.8082698935
1.0512898764
1.8461345154
0.7531140289
2.2656009993
1.4037163786
0.1316438279
2.9107787735
1.5802241543
1.1814525862
0.6291321095
3.7813821975
0.4762836662
0.5340854892
1.7068990835
2.8364376811
1.5135295167
1.7603432891
0.0742011708
0.2156287592
1.1408583784
0.8231691556
2.5541229019
0.2545604249
2.7689371275
0.5656057652
1.4980435180
0.2658218090
3.6303032138
0.6234188814
2.5663392539
0.9201935133
2.3007251224
3.6394815333
2.6999591102
1.4675707482
0.0946166919
1.6653696062
0.6029345521
1.3191522742
3.8831614023
0.5412585046
2.8993112660
0.1828702871
2.8110809581
1.6660276939
2.2500453105
0.2656063261
1.0761098115
1.2910345454
0.0454298539
0.9550192199
1.2869727639
1.5231805590
0.7501205676
0.5750430499
2.4714262223
1.0399055963
2.3605695627
1.9932907453
0.5107694636
0.0219938516
1.0025101854
1.9916212553
2.0444449419
1.5019504357
1.5637894453
0.1203952204
1.7630677532
0.6442853291
2.2089261857
0.4364394832
0.5276268679
1.5319749720
2.4006561825
0.5987797226
2.7727930717
0.3809716176
0.1054157162
0.5711694854
2.8262730962
0.8208102787
0.1515317246
0.6778023864
0.4394956215
1.1425709083
2.4232235905
1.1781814447
3.8386129689
1.3105206031
0.8246980294
0.4603035623
0.8942333104
2.9415181905
0.9414588073
1.0806176957
1.6088236050
0.5060830471
0.5639313761
0.9225543859
1.5293253636
0.1784004329
0.8232277207
0.2529891594
0.3199196448
1.6212190918
0.5738940550
0.9347368178
0.0788118600
3.3018748750
0.7686907583
1.4298835701
0.9110660830
0.5835082379
2.8755932681
1.7893231357
0.3421039597
0.3129905833
0.4739188485
1.5093854358
1.6579786389
0.8346974859
0.9795781721
0.3848746590
0.3454771015
0.5258195790
1.2977338417
3.3569053231
0.3444608698
2.5482015097
0.8789539806
0.2669129018
4.2629082931
1.6338595961
1.6938617665
0.0493136580
0.0120724162
0.0431733946
0.3962941523
1.3385983088
0.3008250552
2.3230349632
0.6983206639
1.0362649113
1.8971573401
0.6105637952
3.3704012202
2.7335335538
2.9454449414
1.3882226492
1.7822703422
0.1060207660
