sampled_theta2
0.2294958143
0.1765805881
0.6299760448
0.9624056155
0.9029062223
0.3031074230
0.6267976278
1.1910874006
0.9334856425
0.1041626273
0.5781946866
0.4069899855
0.3763344371
0.8723006236
0.1741452817
1.7785571714
0.5171513130
1.2760873885
0.8965782237
1.0038905871
0.6728373399
0.1753664243
0.4647343792
0.4375756561
0.4811450423
0.4989019907
0.5423508767
0.2216689314
0.8981057784
0.3946058877
0.4507152548
0.3039508883
0.3974189132
1.1171794139
2.3417169195
1.8153580826
1.1665381714
0.6904258682
0.0663846500
0.1470624082
0.5683536655
0.3709483175
3.2531317656
4.2669145614
0.3901348248
2.3444750995
0.5870980690
0.2887834711
0.4360004063
0.1632447414
0.1094795012
0.2380472192
0.5408789525
0.8269440936
0.3352863271
1.1957099328
3.3286724662
1.0731254810
0.4539888464
0.5352858261
0.1449702509
0.1638802125
0.1610184256
0.3693427134
0.0355787537
1.9877168189
1.3277552192
0.5719379520
0.6507279058
0.8052289964
0.6344371689
4.4221363680
4.2393333854
1.9695169684
2.3737378138
3.3130270140
0.5209905477
0.8644673154
0.5717711541
0.7386040827
0.3096630025
0.0041616743
0.0618222047
0.2120599217
0.3904045759
0.1005293988
0.6421296055
1.0946325950
0.5301585900
0.2965439281
0.4574947073
0.5386113165
0.9409767083
0.5477955808
0.5064452950
0.1665318539
0.0193229213
1.7683082438
0.9426361365
0.5191375010
0.0142481523
0.1056500028
0.8223873759
0.1214742843
3.6352900036
4.3847243941
2.5080332275
0.0850906728
0.1295907877
0.3675604754
0.8491551972
0.4296396473
1.3563980102
0.4751636921
0.4664863179
0.7181356765
0.9503226507
3.0616342395
2.9863108080
2.4630508044
1.5692771966
1.0539222356
0.3940914635
1.0886866232
0.2066493515
0.3758320678
0.8637313244
0.6970574657
0.1914619625
0.3796060188
0.6403154513
3.8446382616
4.8354749343
3.8399151822
3.9227513997
1.1898766365
0.2022253234
0.7660770741
1.3654009693
0.4297724406
0.6777008132
0.6130135502
1.4276601720
2.6655878339
2.2921084749
0.2850277561
0.9982046716
0.6452124975
0.0859945422
1.4437464837
1.6619021320
2.2115806189
3.6654834521
0.3654891197
0.9195367205
0.4378069960
0.0464255306
0.4009902041
0.0740600591
0.8592921539
2.5790766346
0.1315611539
0.0118452769
0.1509582210
0.3715650602
2.3556420621
4.7810427422
2.1361114953
1.2206086686
0.5320994851
0.1809621239
1.3509094560
2.3578032856
0.3258672869
2.4271862707
0.6295238744
0.0504005047
0.3809134831
1.3638072919
0.1735033544
1.5519729322
0.4988788582
0.1099492619
0.7664973000
0.3422385869
0.0909952341
0.4023737200
0.7528141238
0.4713994769
1.0248748897
0.2702743888
0.8010061066
1.1768133496
0.1191584466
1.0965320464
0.2701854795
1.4303871243
0.8724681336
0.1410884363
0.3642878304
1.0798058176
0.2547681527
0.0693785915
0.0055748699
0.1836100297
1.3610597779
0.5752223969
0.3190477523
0.2335630854
2.2104038063
0.7148818477
0.3454853185
1.1784764550
1.4083187893
0.2420813156
0.0874911931
0.2957820014
0.4371485807
0.8806420550
0.5546568570
0.5751594866
0.2023144301
0.1949896566
0.4537093726
0.1706719678
0.4665857738
0.6066797467
0.3391831316
1.6601879601
0.0618428710
1.4537078257
0.7739072899
0.7615135965
3.3779691549
0.3835279142
0.9247582860
4.4917774253
0.3352314261
2.0342919636
0.1055933272
1.1975375310
0.2407661422
0.2041285590
1.5280830968
0.3108584462
0.5897282597
0.3461660458
0.2437374129
1.3362988630
0.4002009206
0.6830010302
0.2475896498
0.2512263869
0.9372778517
0.4614323277
0.6467320812
1.0638967500
1.0724324290
2.2859368436
0.4721109445
0.3831808397
0.0420220848
0.3483543839
1.1719592096
0.1676457251
0.6543258907
1.0770352058
0.3272383182
0.5289473764
0.4678677290
0.1314358480
0.0750717197
1.0054825635
2.1516720714
0.4275290610
0.6870803871
0.2926286185
0.4871239223
0.5389581722
0.5711741702
0.5527184012
0.3007555017
0.4590813199
1.0565091065
0.4753888194
0.0725693076
0.7303772010
0.4204767345
0.4802096221
0.0603852288
0.0948502334
1.0389999839
0.6912344259
0.3240521509
0.4462411943
0.1842184828
2.0271006286
0.3603011714
0.5491642264
1.2121495684
0.5292293533
0.5962553272
0.6166113291
1.5077647044
0.0082243730
1.5061350267
3.0382555884
3.5235448712
0.9112670821
0.4082348234
0.6207348304
0.6925159932
0.3983633350
0.0716015600
0.3345819524
1.1266589022
0.7840389744
0.5687195024
0.7799899687
1.5315992029
1.9332142997
0.4010192374
1.6567066367
2.4116831769
0.6632326806
0.1416250096
0.4198976754
1.7825999686
4.3971463321
2.6690890545
0.0481300061
0.2761271146
0.3669382662
2.3649590881
1.5168147389
0.5428997771
0.3139777494
0.4810300454
0.1101600725
0.6470166616
0.9750770333
1.8678757159
3.1064519723
3.3275600879
0.5988347882
0.1054251047
1.9276873108
2.0501713804
1.5967621077
2.2908727948
0.5885863237
0.0168286394
0.1204660668
0.5720836099
0.5688332259
0.3795154861
0.6384354722
1.6274588693
0.2165132779
0.6561067818
1.9029216387
0.4360731237
0.0708150713
0.2440622347
1.0201419008
3.7480471042
2.5978603468
0.7015397052
0.6051908292
0.5435259194
2.0278394298
0.2916561269
0.4562551128
0.4221015452
1.1402869324
0.7271786739
1.4318449298
0.4357155478
0.7147430991
0.1637351604
0.2628698155
1.0288525341
0.8511648363
0.1339049605
0.3279545455
0.7261483457
0.2873787439
0.4577230540
0.7704769922
0.3195099182
1.0600045866
0.0084687666
0.8243179985
0.7847548879
0.3485279437
0.3698748853
0.7422793902
0.4835834743
1.9203012418
3.1929087253
1.1400493205
0.6065646152
0.4930756055
0.3731478511
1.8930755438
0.2279685153
0.5443014614
4.6405678378
3.6075836890
0.9519362219
1.4097199832
0.3809040711
0.1404019304
0.1972131471
1.3383245481
0.5493244549
2.3783236634
2.1837216829
4.9847522273
3.4709303789
4.6010156069
4.5073024623
4.5933814775
2.8607811894
0.8818176793
2.1697360612
0.6587886543
0.6414251031
1.1251463273
0.6200522269
1.0324458583
0.5584956921
0.5700364243
0.2530334633
0.3251409281
0.4274023396
0.7703609168
0.3862657188
0.8236183308
0.4387972759
0.7710342839
0.3991065581
1.4385968951
0.2756311660
2.9168262324
3.3828046564
0.6020737753
1.2239394203
0.5111334424
0.2585230702
0.7179300890
0.8533518358
0.6546508457
2.0898131387
0.0539504208
0.8995940279
2.3545918406
4.5911573362
0.0417484464
0.0657285884
0.5188313998
0.4468166213
0.8916817105
0.1374666576
0.5519662141
0.6990754092
0.3999056812
0.4615450982
0.1480337443
0.2179025907
0.4902537427
0.1403407851
0.4897934715
3.3915799799
2.7459515812
0.4079113614
0.1080913508
0.0156531971
3.1726934523
0.2064700882
1.3047715302
0.6089073412
0.0722230090
1.2889017876
0.4443849575
1.2126512157
0.1734825275
0.6513801469
0.4459798026
0.1502613153
1.9375316127
0.3504492822
0.2875135792
0.2346598114
0.0071307315
0.3213715767
0.6524450704
1.0017880882
1.2953855169
0.0260742157
0.3806789986
0.0227986231
2.8630944785
1.1609535573
3.0453555476
2.1534273891
3.1717137992
0.6290441759
0.0196346163
0.4389089741
2.3268953674
2.4611426626
1.6787574907
2.3603607876
0.1442037375
0.4158982696
1.0488016701
2.4853521533
0.7365755583
1.3381826553
3.8916963464
2.3733547425
0.4366390265
0.1075181073
1.9919986893
0.6669731225
0.3571445158
0.5106665604
0.5198816494
0.1081374628
0.0887745396
0.2604077107
0.2697990142
0.2826726391
0.3869625817
0.4203253214
0.2164457676
0.0093993396
0.3528506236
0.6666964487
0.1182824213
0.4469913373
0.4999583128
0.0625997127
4.2831541583
2.5455324024
0.2689479069
0.5389161587
3.0531559633
0.1145832454
0.0341382323
0.7852476494
4.2745839700
3.1841355042
3.5896071372
1.1336947990
0.0839645114
1.1817420702
0.6802968957
0.8515043477
1.7512741070
3.1156044869
2.7222498460
3.3882745576
2.6179328018
1.3203032921
0.1388100291
0.8106064929
0.0518692824
0.3221442867
1.7741759393
0.1349123516
3.3230327624
0.7973436995
0.2782608769
0.7724816142
4.4280886281
0.6754492957
0.6211735242
0.3417808682
1.7107929985
3.2538920544
0.5607164289
0.0270250189
2.8615263670
0.2646214253
0.6649640575
2.2260984704
0.2903580565
0.5723832805
0.4508795338
1.9290692487
0.3836618019
0.4820597545
0.6464123558
1.3699801847
2.7547433784
0.6586937316
0.3681827742
2.0171706589
0.5685692802
1.6466372524
0.1382228414
0.3176796533
2.7134893825
0.4099923815
0.7659095886
0.2110852458
0.4079385266
1.9488905288
0.0021090562
0.8410123093
0.4665143580
0.3553694234
0.0316339421
0.5651793728
0.6096492663
0.9650154669
0.9526138848
0.7148081558
2.2821745488
0.2193822758
1.3401334138
0.9966891737
1.0480473145
0.7225086687
0.9265587416
1.0767875425
0.6771903321
0.3796969468
0.0252699947
1.2636210596
2.5579980193
0.2415379689
1.2627215635
1.4751272508
0.6294538133
1.7534484766
0.6606249571
0.7037975978
0.9144449257
0.2827718541
0.0273510728
1.9818981717
0.5945836850
0.2235401253
0.6461608280
0.6769735766
0.5796911754
0.0284346342
2.3582767224
0.3843315949
1.6068225141
1.6662276131
1.2379614244
0.3479351494
0.4227685275
0.1848553351
0.3906567482
1.3943769935
0.0127030918
1.6596512119
0.9891084543
0.2549578529
0.9079252425
1.3115552162
1.2013983550
0.4768756538
0.4715962625
0.4223537193
0.1270538957
0.0337103928
0.2080181133
2.1292671821
0.3854846227
0.5689505985
1.5256405138
0.3020237773
0.2883333022
0.0911770118
0.1517476399
0.1865573948
0.5589443345
2.3153872086
0.9412707797
0.4906905506
0.8106656005
0.3191055441
0.0705211270
0.0500329485
1.3190882833
0.0680103784
0.3998695878
0.2315539960
1.2339127960
0.2667409841
0.7550918175
1.1920556201
0.1959348525
1.0999994632
0.8903127401
0.9369998840
0.5554502812
2.2960663008
0.8093018426
0.5909926420
0.4504528315
0.5626880707
0.5864421935
1.2378478395
0.6015655798
0.4085113110
0.4104330130
0.4066102134
0.4558748866
2.7603081754
0.2948925607
0.0758215395
0.3262332022
0.1957135523
2.3093303252
2.3021030015
0.7100268692
0.5313846332
0.4130449478
1.4003729809
0.4396354046
0.2216010574
0.0822195981
0.0139653632
1.4228920150
0.7427530495
1.9349557552
0.0725016639
0.2988809549
0.2627111035
2.0274285966
1.0249974430
1.0186015428
0.0595305814
0.0068100646
0.1661708229
1.2395022850
0.1703037792
2.9207014195
2.7870449881
0.8008292486
0.6486219743
1.4699707382
0.3420442632
0.1703908727
1.5529169549
3.6779798092
1.8555332746
0.8252992239
0.4725097256
0.4522986751
0.2768743215
0.0404326283
0.2804959651
0.8537700879
1.1419893847
0.0442940936
0.3722664402
2.7426871426
1.4050674849
1.4872401690
0.4022029475
2.9565044334
3.1387810605
2.1718769770
3.2099633974
3.6211963146
2.3571223206
2.0126931342
2.1350461669
0.0184479380
0.8272460775
2.6063891128
0.9853126955
0.5902082905
0.8499555177
0.4689222254
0.5885921088
1.1115763907
0.5666400315
0.5601001215
1.3694924535
0.5637738123
0.5204336651
1.6689969002
1.6456915506
3.6521063767
3.2666688801
2.9220133743
3.8158626142
4.0508001922
3.2262397418
1.4567485998
0.4294866998
1.2472676838
0.4288461098
0.3948708858
0.2006550952
1.0584893395
0.8953398255
1.3174842721
1.3062368086
0.1710927055
1.3318028106
2.8734247169
0.2529654954
0.1667757362
0.9310872497
2.2402434026
0.0583589770
0.1889552980
0.4637134978
0.4789526657
0.1432885260
0.3088948173
0.5678987769
1.7847880659
0.4647811089
0.7694801020
0.7139578527
0.5278863444
1.0359009786
0.4464175617
0.6732511494
0.3318749325
0.0776234919
0.2349009077
1.2643050930
1.7939902998
0.4847342689
0.8538565074
1.2183071761
0.7798931024
0.4845892230
0.3522956297
0.1304912329
1.7679690784
0.7764416903
0.8526584993
1.6996142704
0.0676952501
0.4221026004
1.2298873566
0.1471782502
0.5709850012
0.4661345863
0.1634382266
1.0170303660
0.1247536700
0.5503872057
0.0184622473
0.1722110088
0.0126593473
0.4996031233
0.7184267974
0.1769007052
2.6714726163
0.9338737280
0.6220055764
1.4559923701
2.5628949445
1.9605585159
1.9895074805
0.4821241477
1.2762250118
1.1141849168
0.0204704346
0.0891232508
1.8103918401
0.4783922070
0.0544715584
1.5263555837
0.1201129659
0.2356715528
0.4431107593
0.4337465986
1.0748086974
0.3226552665
0.0708501582
0.3662428547
0.1650832142
0.0393032897
0.4025036447
0.2264217645
0.0324777037
0.7702865251
0.3923248032
0.1296200347
0.2667154432
0.8511820254
1.7980422133
1.1058736945
0.1577727389
0.0194205986
0.5173196150
0.7544257490
0.0170810662
0.2702270499
0.6828983010
0.0394996068
0.1882169474
0.3263783106
0.7413566501
1.0235646438
0.5316144275
1.0699022397
0.5482697154
0.2957159634
2.8789681223
0.9883217397
0.9803143714
0.2045000937
0.4573771006
0.2694663897
0.2169402485
0.2308950726
0.1316006792
0.0367207768
0.7053760980
0.9203156201
0.6497125833
0.3142969484
0.8183602753
0.3368257561
2.0011679998
0.5850301151
1.0457468668
4.6980208537
1.2607741428
0.0225085126
0.0371308707
0.3446332681
0.0491771462
0.3465354701
0.4228364555
0.3328627781
0.4299454174
0.2262361110
1.9244868227
0.4794521308
1.1837494291
0.7435002238
0.2258652072
2.1573494058
1.7928987935
0.5188472653
0.2938945931
0.4228247974
0.4274999802
0.6506162203
2.3529756910
1.2128977762
0.2041490460
1.5012601811
1.0495781497
0.1844369356
0.5577555763
0.3090857748
0.3440234805
0.8963238905
0.4374947068
0.9989340188
0.3192606069
0.2269384133
0.1930507700
0.7732267301
1.0286762990
0.6567677456
0.6346652095
1.7809426384
0.3667880655
0.5916209931
0.6742936082
0.0304666349
1.6447924702
0.8075889703
0.3720567509
0.0133334785
1.1954931065
0.3719759194
0.1892531134
0.3904015378
0.0587160577
0.3445545418
1.0404500120
0.1811039150
1.9485409330
0.1339247855
2.4419107601
0.4410799554
0.7684735882
0.2779899014
0.3461506981
1.4439424903
1.2879224610
0.2141929732
1.2238218046
0.3587171802
0.7132084215
0.8461969342
0.3125859551
0.3966827254
1.5616543116
0.3625526137
0.7792211067
1.9526901971
0.2563657713
0.4352117611
0.0124736737
0.3663704049
0.2839916035
0.4112159382
0.0070927266
1.2599151061
1.0575004044
1.9184727299
3.6536387735
0.8830341585
1.1128937184
0.3041097630
0.2548806773
0.7172013570
0.7280140685
0.5517461507
2.4134788069
0.6218530245
2.7155864175
1.0657107462
0.7369035008
0.5047763520
0.4590837746
0.3286907969
0.9054001543
1.6724860935
2.6471796337
1.6266127333
0.0828916899
0.5540729513
0.5039782193
0.2542065506
0.6893502124
0.0484213523
0.9248799448
0.1971392079
1.5529644017
0.2609260588
1.8859004263
0.6665730231
1.2557026122
0.5176592205
0.7027826999
0.3924891256
0.1241756709
0.7083384287
0.3791903124
0.4329685256
1.3583825901
0.4275475178
0.4409340126
2.3634700663
0.0740776790
0.7570309288
0.1241147377
0.4581079714
0.4739145320
0.2689996147
2.5637480982
3.7009243651
2.4100276330
0.8811922505
0.1683538697
0.6161372576
0.8126613285
0.8604081469
0.2390612311
1.7110852979
0.6809921429
0.3668601492
0.0676539762
0.1027483743
0.0205154442
0.9915126850
0.5093499091
0.4494624031
0.5442832657
0.0650954252
0.5205459968
0.2371156942
1.3066277301
0.2192868534
0.0877910533
0.4547878347
0.4936633980
3.3107338256
0.1583257312
3.9124084700
0.1361066685
0.2735872358
0.5339373859
0.8749528090
0.0193330914
0.2130677866
0.2293819977
0.2845009774
0.6677623195
0.3877292661
1.6822373172
2.2865872685
3.7490167111
3.6614531586
1.4995554399
2.8751851937
2.3390531730
0.3417294457
0.9053252763
3.4034703839
3.1756480273
0.2270570788
0.4648060199
0.2361536523
1.5916248929
1.1291993324
0.6457751536
0.4599352958
0.2100157035
0.5610557019
0.1353693052
1.2801129184
4.0357640983
0.5458548058
2.1963374935
3.9956232494
0.2526009481
1.2282947798
1.2551329180
0.3377721196
0.1171513791
1.2604652758
0.6845116755
0.4764288415
2.2576605274
0.1975980069
0.1147781187
0.6722128797
0.7292661124
0.4024160950
0.1267637746
0.2624220384
0.6061932287
0.5141777554
2.0815515503
0.7221856515
0.2752329311
0.4372772802
0.2619125423
0.5324748667
0.2187090687
0.2967251978
0.0294129373
1.0946109769
2.4633700159
0.2019785432
1.3193806279
0.3379711035
0.4552817577
0.0847341128
2.0291175738
0.2472576101
0.4704937444
0.0320805296
1.1106089567
4.3544391293
0.0505128600
0.4855986229
0.0546785713
1.6042684875
1.2769461136
0.3033379582
1.2232833572
2.8220769847
4.7052733189
4.1130770666
0.5217800887
0.0632586260
0.1162873946
0.3372733391
1.3957273506
0.9568342565
1.3862666887
2.0206127099
0.0115063826
0.2125161898
0.5596806117
0.2712925342
0.2383325012
0.7543082542
1.2317758486
0.5323666335
1.2920935357
0.8256988358
0.7169994480
0.0601965511
0.2260196590
1.4425504913
2.7160902574
0.0496518444
0.5728215336
1.9456743256
3.8132407428
4.9335964728
2.2139017972
0.0444888572
0.0579329785
0.8390192859
0.4968800854
0.6910217223
0.3021377057
0.1979248154
2.5806921203
1.6619007624
1.7566302492
0.3625371321
1.2957326752
0.2948730056
0.8088822716
0.2452918687
0.4583214439
0.1161221847
0.6802918170
0.5305452603
0.6433680078
0.2590641514
1.7424619886
0.1191607288
0.0756537821
1.6870506578
0.2343952606
0.1911255000
0.1188648547
0.1019572642
1.3970236296
0.8458270239
0.5137788142
0.3899178125
0.6584055862
2.2283732282
0.7029857867
1.3862250539
0.6136998234
0.3803561825
0.0507002996
0.1936354882
2.0681258258
2.3951009420
0.4486946158
0.0775259286
0.5537454831
0.8094901836
0.2601826138
1.0382016737
2.1131762033
0.4013870746
0.6217433015
0.6674955920
2.1984294554
2.0939203617
0.3265652346
0.1659102324
1.7761513951
2.0732116530
0.9930527819
0.8508514033
1.0269481775
1.6535646159
0.5806315512
1.1613140765
0.2436614777
0.0852325373
0.1934146459
1.0388341909
0.2252516087
0.3761376002
1.1262297635
1.5050670483
3.3792375574
0.4066314546
0.4370010338
0.1290089155
0.0144359969
2.0563052454
0.5597068723
1.6865267066
0.0724281141
1.6191104092
1.1061860334
0.0110580001
0.3996346973
0.0950568666
1.9635388242
1.7526354317
0.6098124420
0.5916497560
0.2321519766
0.6620125310
0.7273806876
0.2121574901
0.2493870031
0.1173550096
0.4966623611
0.9073365618
0.2938546997
3.3701066657
2.6720920093
0.2683824956
3.9275035866
1.4531364773
3.7127137734
0.8036090988
1.2395005094
0.6652099938
0.1090817300
1.2576822132
3.2756022735
1.7907330301
0.1087227193
0.1565015884
1.0611576110
1.4026595225
0.9037587869
0.3892094112
0.0614699633
0.0110315156
0.8216021834
0.5207688144
2.0335817262
4.0019545256
3.6609790855
4.4313522748
4.0983707414
2.6511503937
4.6119300292
2.9057489185
0.4723478982
0.2051671229
0.1232732833
1.1565644128
0.2979860767
0.8410944830
0.6036101738
0.4905836182
1.0388097417
2.7408436830
0.2292314398
0.4444883725
0.2904618532
0.1504127411
0.4474123312
0.5787115136
0.2654178865
1.9169880201
0.3243080121
1.0906950388
0.7007948605
1.6620618458
0.2200357357
0.9265061413
0.7227163002
1.1236036056
1.3313121157
0.1208911451
3.3121753048
0.3546389711
0.1945929924
0.3645257629
0.0728728723
0.1913717014
0.0912971281
0.0852832911
0.2989834132
0.3984681741
0.8096046780
0.3985459229
0.2721315616
0.8014667773
0.3723659801
0.1119556211
0.6087304175
0.2999073485
0.3496338946
0.9612488177
0.3437375813
1.8001498641
1.1325574407
1.2898609800
0.1422670788
2.0153388390
1.4536552480
0.6771607015
1.6568891482
0.7808307207
0.8492764565
0.7981066009
0.8115199655
0.2878886582
1.9468688052
0.1377739586
0.0386461542
0.2590069106
0.4742151682
0.7458450575
0.4341540294
0.2290499798
2.5945513557
0.3404977100
0.4061123253
0.8190000517
0.0705899915
0.1129132518
0.0429270005
0.3187478472
0.3632107675
0.1925817850
2.7173215340
0.0123291664
0.3967725241
0.6388236182
0.8382238462
0.3695368932
1.0303203669
0.0469776366
0.1169269641
0.6410025762
0.1939909194
0.6420425617
0.1508316404
0.0497146753
0.1673539159
0.1594711796
1.5695126022
0.4089534655
0.0896483479
0.2466354483
0.9741780411
1.3499314828
3.9653890669
0.3520805031
0.6668629769
0.0152742457
0.1774473854
0.9301850823
0.4349889135
0.7306602029
0.4432671833
0.9570781854
1.9209379885
0.4205513202
0.1015926968
1.9875453583
0.2065409763
0.8409035446
0.5910802433
0.1985554550
0.3374604591
0.2450148262
0.0978818293
0.6610315650
0.7724564320
0.8738388553
2.8294009093
0.4629619790
0.8126214071
0.9347069858
0.6615135847
0.2344061426
0.0500139929
0.0938535870
0.0653776758
1.3252862084
0.5375293963
0.4015750951
0.6316873599
0.3228463693
1.9397266826
0.2301775449
0.2333976213
3.0302809115
1.3720798566
0.2322785181
0.1900078770
0.5545077527
0.2959913966
0.3299837588
0.9025257235
1.3310229682
1.1247343089
0.9198384113
0.5523314840
0.3951446058
1.0389736770
2.9924523603
0.3794525012
0.6263342015
0.1888636219
0.1843142955
0.3869624819
0.0288068034
0.2175324725
1.0200723125
0.8640672433
0.1175623661
0.2228957312
0.4652779657
0.2110953294
0.1883157354
1.1136324428
0.2200169066
0.7230589584
0.2101962254
0.4448093618
0.5515668246
0.1030747256
0.6403920806
0.3583476703
0.4302589860
2.6827598746
0.8639232652
0.4298633077
0.1812978610
0.3423581268
1.0375111134
1.3169442616
0.6066052464
0.9372411715
3.0773998873
4.4446978017
0.5892771710
1.4320160580
0.4508481840
0.1871797334
0.0191352540
3.8057470542
1.8777687375
0.2610104500
1.1274645058
0.8122072595
0.1281585463
2.0647498036
0.0611567668
1.0530075465
3.3756864309
0.1254793276
0.8528781933
0.1422233289
0.3110064997
2.0122538261
0.4386579865
0.1422250495
0.2750822950
0.9292760018
0.5046626169
0.0311039990
0.3108468368
0.0218979682
0.3035827472
0.2122665334
1.4667054953
0.1167736974
1.1902502491
0.1696253384
0.3861538286
0.8644113149
0.2084343921
0.1924975185
0.3194414246
0.4408830634
1.9668747249
0.1400097113
0.7297182340
0.3362935289
0.1822725019
0.8092999096
0.1956757449
1.3665470799
0.6327061730
1.7956455030
3.6172556025
4.0621563852
0.0118357439
1.1823854018
0.6996573673
0.5290953011
1.1853054987
0.3780503058
0.4310222781
1.2494019763
2.9356974638
2.7060776957
0.0723831639
0.4075312584
0.6573738523
0.1042780315
0.7263177065
1.3394669630
0.0108170139
0.5701473618
0.1120570803
0.1947230111
0.6358678990
0.5611114508
0.3393739043
0.3822658012
2.0686898487
0.9296226780
0.9185486451
1.0728778066
0.1938928698
0.0861237894
0.3554577653
0.3775405289
0.4310982221
0.6703335734
0.5408111174
0.9878696279
0.1670369166
0.0713192410
0.2147312518
0.4154063714
1.0215645611
0.7161481978
0.5418355428
1.0904313356
0.2870771308
1.3459046381
0.1207283278
0.6594484075
0.2834317997
0.2203873303
0.0676359665
0.2787677008
1.2499530888
0.1884809627
0.0751939803
0.1684796312
0.3015028022
0.4055204822
0.9460847841
1.2084643536
1.7370580041
0.0914760954
0.9466915095
0.2024033861
0.8390532668
1.6507741101
0.0881753478
0.5408265824
0.5409629955
0.6833818028
0.5319196658
0.1571399982
0.9060002380
0.6784080565
0.2527961985
0.8466100662
0.4080961359
1.6464822744
3.8176148235
2.3779677002
0.9696730996
0.1745139935
0.5996277150
0.4902096152
1.1420976576
0.0907375126
0.4427316777
1.0698806838
0.1001667099
0.0545650515
0.2035332933
0.1455164464
0.0076308408
0.6955468280
0.3323666028
2.3916333661
0.9291583515
0.7803851442
0.1813415781
0.5923802023
0.3847431594
0.5588057906
1.5810139112
1.2761067844
0.0179710272
0.4900705064
0.4083623915
0.7648781760
2.4916394431
0.0817288007
0.3259986940
0.1989474544
0.4838551225
1.1561390294
0.5443679026
0.1079678256
0.2871324474
2.5937100588
1.9471366796
3.8447914143
2.7085341357
0.4417498605
0.1224334111
0.4692209496
0.9459971027
0.1832449879
2.2813343484
0.9862782564
0.2386998392
3.9244949055
0.6660689149
0.3591830209
0.0168122561
4.3016758888
0.0593982095
2.0460883360
1.5110724421
0.5136179113
0.8513745602
0.3334862968
0.4418868379
0.5203390328
2.3334704263
0.9306192235
0.1546186552
1.0052649959
1.1877795192
1.2012400952
2.5221656262
1.3335017006
0.7773674650
0.1244374291
0.3426332040
0.6114729581
0.2265832030
0.0405242419
0.0852696776
0.0123179269
0.6496424539
0.5030138376
0.3222422404
0.1178878699
1.1148108054
0.1094060284
0.3534810083
0.0422269176
0.2158157894
0.0137827483
0.2883589063
0.6250405741
0.1283112309
0.3410537235
1.1152167821
2.3136099387
0.0779704418
0.5111978504
0.3729454700
0.8283987610
0.3701136043
2.3333404945
3.2520337242
3.8604587515
3.8338402693
2.0369993372
1.2310142971
0.0364017900
0.4360884803
0.6074300677
0.8227121223
2.5207819508
3.6276069495
0.9825176675
0.5886089863
0.1731050239
0.9194068370
0.4578914369
0.6359642013
0.1889000487
0.6716324813
0.7374206264
1.2686098384
0.6509670442
0.0332728047
0.0274087034
0.5406456000
1.9568534326
0.3099816356
0.2928306310
0.8180031877
2.7586884238
0.4002453479
0.7174165806
3.3792083146
0.8407771873
1.9395577931
1.3580205207
0.4865410304
0.1271653385
1.6271389884
0.7097392446
0.0804702485
0.5259452238
0.3255511237
0.4023223226
0.5855759664
0.8405350206
0.1703895277
0.2027653251
0.1982284052
0.3172097927
1.7339265134
1.7399429787
1.0770029586
0.9029998798
0.4497607935
0.1924851162
0.3150449858
0.4847735759
1.7290854860
0.1814882601
1.3051995912
0.1546703687
1.0604642884
0.1160372606
0.8605427788
0.2290595235
0.3512745997
0.4890566106
0.2385631235
0.0153313096
0.4464025732
0.9252910139
0.2122819207
1.8565536471
1.0092090913
1.9342494153
0.0485375376
0.2054653083
0.5429572324
0.0017429475
0.7036859308
0.7586432601
0.6259798466
0.6554216774
0.3625745252
0.8119715168
0.1089545808
0.1671390390
0.3265421650
1.4586663567
0.7557984864
0.0009085038
0.2113096069
0.2869465765
0.4099691833
0.4915164984
0.5829047955
1.0950459468
0.3062196084
0.8489297617
0.6342530272
0.6296437720
0.6265708575
0.1446503155
0.4563725022
0.2783984400
0.0018360403
0.2131433002
0.7300896017
1.1997837312
2.0970103823
1.3347640604
0.1770709474
0.7215814003
0.0989749672
0.0478172775
2.2657394273
2.6108026423
0.1321807809
0.5769492177
0.6386908113
0.1649174898
0.4984129534
2.1611022865
0.5065154748
0.2909473316
2.3948530447
0.2374144229
0.9415890429
0.1222294118
2.6181899362
0.4619567671
1.3716463826
1.6546573648
0.7484925780
4.0019679643
3.0351893767
0.6865576671
0.0412577123
1.6150218402
0.3940083956
2.5939000374
0.2155121652
0.1862310496
0.4085606514
0.1653256749
0.5683142218
1.6589341245
0.6413518383
0.6475959880
1.0412812523
1.1396519644
0.2059505935
0.0059593038
1.0079082788
0.2765382518
0.3549159547
0.6659132129
1.3071941674
1.0820104737
2.6545617717
3.2126198874
1.0211610657
0.6470128471
0.2382425189
1.5898740287
0.8650838745
0.0871648104
0.0278644853
0.0311287925
2.0076854047
0.7496869205
0.4382255347
0.8611201586
1.0503743458
1.1165993376
2.4212577859
1.5091998385
0.4311663241
0.2574133189
0.5076191340
0.6088274911
1.4703625458
0.0179504819
0.1039333119
1.5992978781
4.5269584672
0.0452854846
1.1256156290
4.7940836322
2.3815989246
0.8527077176
0.2301941228
0.1915413179
0.0138332074
0.0766325786
0.5188983716
0.3831664328
0.0161119389
0.2307332292
0.7312651337
0.4847236869
1.0241591724
0.2968425514
0.8350217452
0.3924522589
1.2038257487
1.3069741486
0.8889387276
2.3601882095
0.1991867551
1.1073911170
2.8297156516
1.6745082443
1.2392122826
0.1298702396
0.8448002728
0.4175425230
0.2701717504
1.0094420708
0.5863375624
1.8110252090
1.1502832678
0.0171177522
0.3988088494
0.1648602265
0.0482048063
0.0876682681
0.4188019887
0.1408978592
0.0440709935
0.5318999313
0.5057697998
0.7078258824
0.6120296009
0.1373037150
1.3887956366
0.4566414599
1.0106713758
0.6955989953
0.6892533441
0.6376219100
0.1585144715
0.4618982408
0.5273307617
2.1355029710
3.0106600873
1.4763099114
0.4767089906
0.4208044570
0.0131026727
0.4544572526
0.4790498157
0.4626533706
1.1822358947
0.6455180822
3.5325122254
2.5242780937
1.6226434045
0.7165655969
2.2512772719
1.4196722698
1.2806036929
0.5141455398
0.8798685698
0.9500545729
0.2016276792
0.3465764376
1.4115996797
0.1883255579
2.8309239184
3.2660382630
2.9206079817
0.1255220189
0.4069821429
0.4257442668
0.9604296437
1.3466648922
0.5838335012
0.3579710082
0.5876534813
0.5814472297
0.5108544499
1.6327670149
0.5496384107
4.6041635974
1.8020266138
2.8540785275
0.2593778500
0.6758538171
0.1055281201
0.2710651886
1.9134174023
0.1746847536
0.5504114159
1.0195581066
0.4217000370
0.5396873672
0.2720895396
0.0605709372
0.2991272899
1.2017918522
0.2342328112
0.2865557166
0.7272658641
0.1122405514
1.2301983101
0.5663818335
0.7790055492
2.7379531081
0.0657789485
0.1689490478
0.6534421047
0.3824232145
0.3650775656
3.3161975988
3.6160433573
4.4357018781
2.0983678022
0.4732083764
0.6658413184
1.5526590352
0.0990125235
0.8288733345
0.8404889892
2.6778215411
1.0660549276
1.1097147412
0.4479104010
1.5126506220
0.6534092708
0.4550867815
1.0497508017
0.5343612393
0.2352634848
0.6741657959
1.7323611855
0.0136665167
0.3967419469
4.0090420021
0.9554816136
0.3133494006
0.3929529894
1.1286973500
0.0329824696
1.5216279323
1.7408583326
0.2521744953
0.5034425127
0.9244382557
0.3070107918
2.5176750329
2.1426202966
0.2858974399
0.4940867304
0.5880152576
1.0127361048
0.4097729303
0.4638666144
0.2196051337
3.3022942671
4.1214988306
2.0030637800
2.5802225278
0.5259661243
0.0641463268
0.7982059433
0.2903144280
0.0079042794
0.5511192555
0.4113107061
0.7066465353
1.0830109962
0.2412325642
0.7968346101
0.8291207040
2.7088149403
1.5318986799
0.6316428135
1.3242843009
0.7983137347
0.0996970442
0.8311922671
0.4817296494
0.6796642639
0.4982836774
0.4073820548
0.0191236866
1.4147315347
2.6703127024
0.4665836192
0.4540192088
2.5432979745
4.6406267919
1.1349264952
0.3211366049
0.7486355821
0.7184953770
0.0812303775
0.3409050842
0.6340543250
0.0158194902
0.7997006692
0.4210497734
0.0000693649
1.3128048010
4.2644573028
1.8496572327
0.5922475718
0.0087256214
1.2344480573
0.2223555114
0.5687510077
1.3296516673
0.6639413807
1.1064289975
0.5883765140
0.4926124311
0.2686897106
1.1819101082
0.8686117662
0.3930677851
0.5524196920
0.8545545607
0.2974800016
0.4493140264
0.4269594454
2.2290714000
1.3500697119
0.3171653231
0.5128555708
0.1539258969
0.5120302685
0.1870978175
0.7081299828
0.2053865607
1.3713584012
0.0243870788
1.4697746722
0.6409622888
0.0596969588
0.4773545126
0.8782280340
0.1659606871
1.3766428264
0.5142050254
1.0803313652
1.1483345443
0.7717313369
1.6295170551
3.4744883920
3.7540253552
0.1679581292
0.5178726531
0.3538691553
0.0936385353
0.5431260364
1.4229872156
0.4093914232
0.6889277932
1.3849636764
0.8059336295
0.6308762439
0.3642120392
0.0264534516
1.3207305664
0.6381851073
0.4559944067
0.4464880878
1.2737579363
0.1416481696
1.2073763659
0.6791409278
0.2871612366
0.6559780552
0.0420577488
0.1182785162
0.0260551463
3.6027382389
0.8777426747
1.4423081359
0.3013214837
3.5153400569
3.6262584235
1.9603608268
0.0014945067
0.0129447570
0.8581838966
0.8269195578
0.3699142355
0.7483245061
0.2574178322
3.1373680074
0.1771932295
0.4578082711
0.4373389016
0.0111728839
0.2559600602
1.9827141919
0.0407795145
1.1559797053
0.3302643077
3.1726233910
3.5428014211
3.6466008433
4.6931432664
4.2443900555
1.4193439140
0.1652715559
2.9511335303
1.0513120894
0.3622925944
0.7774676811
0.4384948951
0.4156369292
2.2884178437
0.3449609128
2.3891362546
0.3531447812
0.9339649315
0.3192361650
0.0658055327
0.0916589855
1.1132555447
3.2287199749
0.9753398287
0.0583564892
1.2267180724
1.8408751555
1.7131995240
0.9330390042
0.2122048776
0.4744665344
2.4669990175
1.9854663862
0.5456124151
3.1090963493
0.1297218359
1.3920196043
1.9670901228
0.0729526016
0.8426336688
0.9391674052
0.0284492516
0.5928313132
0.7400780002
1.4538885112
4.2483084893
4.2228148515
4.4940735957
0.4319748593
1.1011011193
0.1333786520
0.8668590333
0.5481438953
0.6529666070
1.0881974846
0.6679624157
1.5221904165
0.1042791331
0.0317090903
1.0130486678
1.7156400623
