likelihood_beta,beta
3.7793422329e-21,1.4641515096
3.7396010533e-21,1.4448346046
5.7182378155e-21,2.5073976251
5.7225846730e-21,4.2673636959
6.3076246398e-21,3.6779310785
4.0661303207e-21,1.6035231126
5.6934635539e-21,2.4901552811
6.2421853934e-21,2.9923425453
6.2155686145e-21,2.9559254737
3.6659503203e-21,1.4089972506
4.7266533931e-21,1.9317078703
4.5259000876e-21,1.8299780089
2.2521739877e-21,0.6751779665
5.1786224023e-21,2.1732526076
3.6124659326e-21,1.3829295981
5.6096523587e-21,2.4336070560
5.0292228932e-21,2.0909200192
3.9170487557e-21,1.5310397353
4.1441807927e-21,1.6415726136
6.1082309336e-21,2.8315680138
5.9828017744e-21,2.7126602066
3.6621036123e-21,1.4071237719
4.8393759813e-21,1.9900471618
3.7175330910e-21,1.4341025963
4.6080103660e-21,1.8712940410
4.9927733557e-21,2.0712596508
4.2783054935e-21,1.7072425816
3.8837419300e-21,1.5148628503
6.0540195002e-21,4.0001768559
4.1951408369e-21,1.6664745521
3.5440889075e-21,1.3495337707
4.0747762210e-21,1.6077334544
4.2408600667e-21,1.6888646115
3.6712449991e-21,1.4115756255
4.4887932229e-28,14.1795521137
4.7465697685e-21,1.9419436573
4.5394998649e-21,4.9410175403
3.9018968767e-21,1.5236803115
4.0646670196e-21,1.6028106185
3.5054529534e-21,1.3306221676
3.2993976298e-21,1.2290885662
4.0977979608e-21,1.6189495757
3.7405871504e-21,1.4453140589
1.0151933997e-68,31.2831264192
4.4856133812e-21,1.8098341487
3.5269281883e-21,1.3411379403
5.3711359471e-21,2.2844748891
3.7300011832e-21,1.4401665754
2.8479247856e-21,1.0003692759
3.7399438036e-21,1.4450012555
3.6287035787e-21,1.3908481552
2.9928234622e-21,1.0749777672
5.1520234025e-21,2.1583700574
6.2076348117e-21,2.9456206623
4.0699615861e-21,1.6053887221
3.7353443890e-21,1.4427648596
3.2596147097e-21,1.2093251152
6.3758726275e-21,3.4752355333
4.3670134418e-21,1.7509481658
4.7694433242e-21,1.9537358406
3.4416313818e-21,1.2993052341
3.6876152674e-21,1.4195453181
3.5093402581e-21,1.3325264361
4.3339266326e-21,1.7346166284
3.9426446071e-21,1.5434735819
3.2681772385e-22,7.9726323305
3.7478335946e-21,1.4488371372
4.0521770031e-21,1.5967302257
5.7476804440e-21,2.5282379781
6.2900706648e-21,3.0676014896
5.5251791648e-21,2.3790225621
6.0241025632e-21,2.7496310774
5.3729521529e-21,2.2855574900
5.4289613356e-25,11.5288148339
8.5729787885e-27,13.1656762528
5.9546599215e-21,2.6884482733
2.0572808822e-21,0.5597363444
5.1265495288e-21,2.1442128923
5.3214262787e-21,2.2551061095
5.9884368215e-21,2.7175992308
2.1963220876e-21,0.6426627983
3.5371174337e-21,1.3461237516
3.3888760942e-21,1.2733355460
3.4722153259e-21,1.3143254335
4.3815411218e-21,1.7581312287
3.6523589230e-21,1.4023768855
5.7800799527e-21,2.5516426734
3.8167324589e-21,5.2954966090
5.1583304143e-21,2.1618895169
3.5851599672e-21,1.3696034965
3.4017117741e-21,1.2796616030
5.1913088244e-21,2.1803881802
6.0068657175e-21,4.0438351521
4.8516206062e-21,1.9964474085
4.5006062819e-21,1.8173216467
3.7476181641e-21,1.4487324052
3.5519839401e-21,1.3533943240
4.9234124956e-21,2.0342495824
4.7300163542e-21,1.9334341893
4.9155297619e-21,2.0300748431
3.8465453737e-21,1.4967977071
3.6650583143e-21,1.4085628304
5.8740195254e-21,2.6227236663
3.5847507735e-21,1.3694036986
6.3824938886e-21,3.3781974700
5.0373221275e-21,2.0953096425
1.8367126435e-22,8.3973467652
3.6493503157e-21,1.4009110521
3.5342247246e-21,1.3447085146
4.2139813872e-21,1.6756952636
3.8304432365e-21,1.4889769393
4.0814452242e-21,1.6109817905
3.9406141872e-21,1.5424871556
4.8277857810e-21,1.9840010051
4.8399456509e-21,1.9903446358
6.0910861399e-21,2.8140174141
5.7715377428e-21,4.2323919614
4.3618115469e-29,14.9179748349
4.3064727826e-21,1.7210932056
2.3208143969e-31,16.4249020044
3.2628266447e-21,1.2109229857
4.0090154969e-21,1.5757319917
2.9846051038e-21,1.0707808909
5.9315989917e-21,2.6691329642
3.6242812734e-21,1.3886919582
4.0319901394e-21,1.5869067771
6.0582734253e-21,2.7817123621
3.4025730468e-21,1.2800859037
3.7909085265e-21,1.4697715857
3.8676852022e-21,1.5070646837
4.4135623558e-21,1.7739918737
6.5861345976e-38,20.0175787426
7.3582711230e-22,7.2969562518
5.8663783777e-80,34.3893629858
4.6535565174e-21,1.8943787479
4.5225445748e-21,4.9495165509
3.4867852733e-21,1.3214725182
4.7452251980e-21,1.9412517103
5.1879800345e-21,2.1785134980
2.6437052819e-21,0.8926777898
5.6224112029e-21,2.4420507949
4.0501231980e-21,1.5957305758
1.8610787290e-21,6.3406505088
3.5593297721e-21,1.3569851942
4.8664006342e-21,2.0041906594
4.0454485356e-21,1.5934554611
6.3166367711e-21,3.1179063259
4.7668196662e-21,1.9523812146
3.4676419726e-21,1.3120809425
1.0670175907e-21,6.9449674816
3.1327130124e-21,5.6319650916
5.2413959819e-43,22.3499151678
8.4471628703e-45,23.1044567417
4.3275452181e-21,1.7314710547
3.8946938250e-21,1.5201818896
3.5424642230e-21,1.3487391651
3.5968829184e-21,1.3753262173
4.0758791520e-21,1.6082706273
3.6848963848e-21,1.4182218832
6.0244427547e-21,2.7499434016
1.9612277595e-21,6.2772001629
3.5806120365e-21,1.3673826961
3.7078160643e-21,1.4293755740
3.5305568068e-21,1.3429137553
4.3850319577e-21,1.7598583959
6.3387401740e-21,3.1681218067
5.1621928190e-21,2.1640476907
3.7395882906e-21,1.4448283991
4.4984320940e-21,1.8162351913
5.1927709532e-21,2.1812121499
2.8229777249e-21,0.9873837983
5.8508160925e-21,4.1731379866
5.7038833709e-21,2.4973757228
4.1349739085e-21,1.6370790413
4.5625771067e-21,1.8483878426
5.7404958536e-21,2.5231161677
4.0662395806e-21,1.6035763133
4.2361947141e-21,1.6865775032
4.2132845639e-21,1.6753540859
3.7521385525e-21,1.4509299251
2.0176798124e-22,8.3305794014
4.7389719454e-21,1.9380354062
3.6431146483e-21,1.3978725440
6.2366153955e-21,2.9844634845
4.2825221699e-21,1.7093145438
3.8923516507e-21,1.5190443464
3.3354188876e-21,1.2469334522
6.3019201726e-21,3.0890210058
3.4083440519e-21,1.2829283874
3.8411170393e-21,1.4941612383
3.9535835994e-21,1.5487883500
6.3825192639e-21,3.3796018201
5.1514595509e-21,4.6197580349
3.6348275933e-21,1.3938335638
5.1994246999e-21,2.1849659943
3.9626464304e-21,1.5531920608
3.9178617224e-21,1.5314346190
6.3403714836e-21,3.6055329457
3.5253772891e-21,1.3403788561
3.0180877789e-21,1.0878551866
4.4845621637e-21,4.9685041675
3.6977693819e-21,1.4244871497
3.8145699159e-21,1.4812666407
3.5548554967e-21,1.3547981583
3.7803855683e-21,1.4646584984
3.8186205938e-21,1.4832342921
5.4415286182e-21,2.3269658501
1.8058717685e-21,0.4013195072
3.7951169478e-21,1.4718162863
1.1067536039e-25,12.1923784164
5.5666427606e-21,2.4055400893
4.1731215259e-21,1.6557081397
6.1083934892e-21,3.9460769077
3.4447697184e-21,5.4769660753
3.8924565208e-21,1.5190952794
3.6968088351e-21,1.4240197180
2.5737448139e-21,0.8549841326
4.5452874270e-21,1.8397006394
6.0128810497e-21,2.7394032302
5.1582038874e-21,2.1618188551
3.6955169190e-21,1.4233910157
3.7425921157e-21,1.4462888764
3.6772351141e-21,1.4144922308
4.3650103505e-21,1.7499583586
3.5157079810e-21,1.3356450376
3.9970629654e-21,1.5699202786
5.5923422863e-21,2.4222389864
3.6369826241e-21,1.3948839896
5.3445080264e-21,2.2686811265
3.6713230455e-21,1.4116136295
4.6299581923e-21,4.8954114269
5.8205202557e-21,2.5816146835
6.3320187073e-21,3.1517433239
4.6014688967e-21,1.8679887813
3.4976280953e-21,1.3267879507
4.4673735069e-21,1.8007391551
6.0979541908e-21,2.8209888123
3.0103141511e-21,1.0838967748
3.4419146384e-22,7.9325136163
4.0158961301e-21,1.5790781650
5.5799345562e-21,4.3636630833
3.9250546032e-21,1.5349285205
3.7901141897e-21,1.4693856397
1.2807638532e-21,6.7585837497
2.6237776991e-21,0.8819862810
4.5494005573e-21,1.8417658481
4.2211701462e-21,1.6792156920
3.7782200509e-21,1.4636061996
5.6426494586e-21,4.3222526520
4.5285142040e-21,1.8312878533
3.5343978480e-21,1.3447932190
3.9005949543e-21,1.5230479790
3.9622770064e-21,1.5530125450
5.7652725353e-21,2.5408823092
4.5749057556e-21,1.8545921952
5.7672988942e-21,2.5423483846
3.8743497640e-21,1.5103014099
5.0872983637e-21,2.1225736118
1.3867832430e-22,8.5918848127
3.4051842121e-21,1.2813721437
3.9969359471e-21,1.5698585247
3.4176868953e-21,1.2875280994
3.9685390120e-21,1.5560555804
6.3388321837e-21,3.6094594065
3.5239861299e-21,1.3396979115
5.1378124405e-21,2.1504609733
6.3465556225e-21,3.1888199950
2.8651625679e-21,1.0093165942
5.1018347914e-21,2.1305635595
4.0096539503e-21,1.5760424643
3.3585857868e-21,1.2583867659
3.4925300117e-21,1.3242890891
6.3824652846e-21,3.3768083136
9.6861917769e-28,13.9245900832
4.1367884049e-21,1.6379645144
3.7518593593e-21,1.4507942040
2.5478544892e-21,0.8409192040
4.1541016133e-21,1.6464163993
5.2373309395e-21,2.2064858687
5.0518359788e-21,2.1031955864
5.0986065533e-21,2.1287867539
4.1323441982e-21,1.6357958489
4.4376633283e-21,1.7859563384
5.7936151922e-21,2.5615764539
4.5505404971e-21,1.8423383709
3.6539087094e-21,1.4031319128
3.9754416062e-21,1.5594102026
4.5987517789e-21,1.8666166127
1.6972299016e-21,0.3287887725
4.0525793590e-21,1.5969260706
3.7540433233e-21,1.4518558542
6.3779784277e-21,3.3173661050
4.5978302990e-21,1.8661513540
3.9253799778e-21,1.5350865734
3.3746972291e-21,1.2663416383
3.5743397696e-21,1.3643192589
4.7948103938e-21,1.9668610416
4.2737007387e-21,1.7049805108
5.0202636784e-21,2.0860733345
5.3250914452e-21,4.5205589991
4.3331618802e-21,1.7342395901
5.2740044475e-21,2.2275336235
4.9544786055e-21,2.0507634498
6.1244857062e-21,2.8486862539
3.5022491263e-21,1.3290524505
1.7748439618e-21,6.3969298350
6.2501992125e-21,3.0039485197
1.0511554983e-21,6.9598244654
4.4960233571e-21,1.8150317934
3.4678633470e-21,1.3121896000
4.2748690050e-21,1.7055543607
4.7001953879e-21,1.9181542058
4.5216134119e-21,1.8278308455
3.8087388771e-21,1.4784340576
3.5170684730e-21,1.3363112217
6.0913005824e-21,3.9635798080
6.3699756158e-21,3.2706090932
5.3255162539e-21,2.2575039343
5.1945728894e-21,2.1822280696
3.8436596938e-21,1.4953961778
4.6740562805e-21,1.9048113426
4.3980145538e-21,1.7662858535
2.0541618918e-21,6.2199724082
4.2976784597e-21,1.7167662451
5.9315315061e-21,2.6690770916
3.3965162087e-21,1.2771015700
4.5055962265e-21,1.8198160107
6.0001889741e-21,4.0498104119
6.2759043693e-21,3.7341273424
3.7904843881e-21,1.4695655091
3.7009336239e-21,1.4260268954
4.0253624714e-21,1.5836825602
4.2351098762e-21,1.6860457599
4.5678924702e-21,1.8510617653
4.5620484898e-22,7.7077640237
5.1144976939e-21,2.1375466066
3.3570511332e-21,1.2576286088
4.9224795608e-21,2.0337551732
3.6283568407e-21,1.3906791060
5.3313818979e-21,2.2609484501
4.0676345163e-21,1.6042555477
2.9321244620e-21,5.7339282765
1.5924961422e-36,19.3260415177
9.3948120534e-38,19.9419019528
4.5144026919e-21,1.8242211150
3.6699299943e-21,1.4109352850
5.9921025715e-21,2.7208292858
4.0846086927e-21,1.6125228700
4.8799160225e-21,4.7665249897
6.0953715423e-23,9.1232371720
5.2296148330e-21,2.2020864233
3.9098911490e-21,1.5275631404
3.6224774177e-21,1.3878123591
3.4476731350e-21,1.3022743818
3.7500717257e-21,1.4499251876
4.3558924015e-21,1.7454546197
4.4829370729e-21,1.8084987003
1.0436205831e-23,10.1238404410
3.5785727926e-21,1.3663867894
5.6172398339e-21,2.4386216803
1.5716378139e-28,14.5180306885
3.4483678242e-21,1.3026157156
3.6348578626e-21,1.3938483185
3.9117089366e-21,1.5284460636
4.4583194152e-21,4.9815836727
4.8193332584e-21,1.9795988974
3.9035898468e-21,1.5245025776
5.9296448915e-21,2.6675166265
4.6985604029e-21,1.9173182577
5.2485558123e-21,2.2129036282
4.2788938395e-21,5.0702820823
2.8491672493e-21,1.0010148648
4.7729994336e-21,1.9555727547
2.1206102316e-21,0.5978743613
4.7342957038e-21,1.9356321082
5.8817883352e-21,2.6288458588
1.5091255090e-21,6.5818327968
4.6950413707e-21,1.9155196423
6.1767392269e-21,2.9074751946
3.1495364110e-21,1.1543048809
3.0807646723e-21,1.1196501297
6.2960163125e-21,3.6996442868
6.3171939532e-21,3.6587544409
3.6567904878e-21,1.4045357738
4.0678652690e-21,1.6043679103
5.5940721155e-21,2.4233705741
2.6824673246e-21,0.9133752858
2.2770385132e-21,0.6895177727
6.3282508192e-21,3.1430316422
3.9002782133e-21,1.5228941411
3.8676533725e-21,1.5070492252
3.6439764453e-21,1.3982925125
4.4994518984e-21,1.8167447658
6.3020705919e-21,3.0893024823
4.0764305065e-21,1.6085391659
3.8774783290e-21,1.5118208378
4.6381658297e-21,1.8865638544
3.9890859828e-21,1.5660422758
1.2676218541e-22,8.6525698970
1.2578588051e-38,20.3658605217
4.4820973393e-21,1.8080797508
4.7580907068e-21,1.9478781612
4.8721197597e-21,2.0071922110
4.2595254066e-21,1.6980206643
5.4568948024e-21,2.3363941502
3.8901431426e-21,1.5179717289
3.3344365943e-21,1.2464474253
6.2706968891e-21,3.7425249127
4.7211895558e-21,1.9289048405
6.2996155615e-21,3.0847401717
4.4072686926e-21,1.7708713754
4.3342247039e-21,1.7347635887
3.6952804503e-21,1.4232759378
3.1075121204e-21,1.1331560741
5.6305710394e-21,2.4474804955
4.7225169968e-21,1.9295856404
4.1921963343e-21,1.6650342185
4.4470127932e-21,1.7906042111
7.5179241795e-46,23.5335170397
4.9002386176e-21,2.0219939426
3.1747744690e-103,39.9918407904
5.7689100132e-21,2.5435154789
4.9590252736e-21,2.0531886977
3.8226811834e-21,5.2926070283
6.1374901502e-21,3.9150654223
6.0123380118e-21,4.0389018497
5.6044665289e-21,2.4301909089
5.3721163965e-21,2.2850592273
5.4310633782e-21,4.4572365493
5.0428445926e-21,2.0983072077
6.3564964800e-21,3.2187013295
4.6614774608e-21,1.8984065956
5.1734697255e-21,2.1703614115
3.9609462780e-21,1.5523659054
4.1562437292e-21,1.6474625224
4.3797463390e-21,1.7572433974
5.1595934332e-21,2.1625950066
4.4060184495e-21,1.7702516714
6.2849906814e-21,3.0588325531
4.6835386482e-21,1.9096463574
4.8057130493e-21,1.9725180601
4.5238383874e-21,1.8289452040
1.3546238977e-24,11.1215566988
3.6107191030e-21,1.3820774747
4.5755370697e-21,1.8549101263
4.6978733430e-21,1.9169670272
3.5482343027e-21,1.3515609662
3.9988435157e-21,1.5707859625
4.5790268623e-21,1.8566679907
3.9466712256e-21,1.5454298664
4.8842032841e-21,2.0135438764
6.1107665648e-21,2.8342065274
5.8492301042e-21,2.6034547057
3.9683997046e-21,1.5559878810
4.0693973145e-21,1.6051139416
6.0002399238e-21,4.0497649946
5.6579354649e-21,2.4658638335
1.5154499322e-34,18.2813824668
3.8448991266e-21,1.4959981526
3.8162885008e-21,1.4821014651
4.5562384308e-21,1.8452011285
4.7401542717e-21,1.9386433032
6.3772881917e-21,3.4656089745
3.4145534043e-21,1.2859856867
3.4945818629e-21,1.3252948929
4.0891401602e-21,1.6147306188
4.4734195225e-21,1.8037522169
4.3009624259e-21,1.7183817373
3.6839788146e-21,1.4177752298
3.8319295504e-21,1.4896988627
3.7749952212e-21,1.4620390928
3.6138802086e-21,1.3836194614
4.9151518409e-21,2.0298748483
5.5366069521e-31,16.1869672945
3.6241594731e-22,7.8921952669
4.5188158191e-21,1.8264300474
3.6343042467e-21,1.3935784587
3.4649292982e-21,1.3107493757
4.9226645993e-21,2.0338532276
2.7950302441e-21,0.9727836280
4.8842708456e-21,2.0135794281
5.5300870826e-21,2.3821351758
4.2563377503e-21,1.6964563409
5.4835722093e-21,4.4249113895
4.6898250518e-21,1.9128550817
4.4755867474e-21,4.9729810642
3.6540102335e-21,1.4031813723
5.4715336449e-21,2.3454304199
4.7358771123e-21,1.9364446745
3.2445722641e-21,1.2018364133
6.8802965546e-22,7.3572404941
4.1746090698e-21,1.6564351542
3.9845755172e-21,1.5638497381
3.9122879397e-21,1.5287272948
3.5783737802e-21,1.3662895935
4.1651433939e-21,1.6518097245
4.6014064445e-21,1.8679572376
5.5962270155e-21,2.4247815943
5.9917222178e-21,2.7204935056
4.1688851334e-21,1.6536379175
4.4279223792e-21,1.7811177591
3.7327197451e-21,1.4414885842
2.2447189008e-28,14.4042293438
4.2359255645e-21,5.0913681563
6.0727282010e-32,16.7835116789
5.1855938454e-21,2.1771707082
3.5794824118e-21,1.3668310302
5.6112391240e-21,2.4346541427
3.6160506299e-21,1.3846780980
4.6477624169e-21,1.8914349440
6.1547974545e-21,2.8820193979
1.4242712817e-24,11.0986037103
1.1221980052e-21,6.8944883757
5.1946638101e-24,10.4805552957
3.6982787338e-21,1.4247350119
4.5320956431e-21,1.8330829514
6.2769785630e-21,3.7323704383
3.0655151227e-24,10.7387459671
3.9971089396e-21,1.5699426304
3.6946938043e-21,1.4229904427
5.1918795734e-21,2.1807097815
1.1925364874e-26,13.0456070961
4.6212399518e-21,1.8779863610
3.6188420882e-21,1.3860395372
5.9898552242e-21,2.7188474359
5.3206349738e-21,2.2546425648
4.1267070128e-21,1.6330455417
3.9609940597e-21,1.5523891237
4.1535511316e-21,1.6461475805
3.4315834484e-21,1.2943650911
3.6768015535e-21,1.4142811438
3.1633872511e-21,1.1612570630
3.5933635448e-21,1.3736084421
3.7438777131e-21,1.4469139185
3.4764540287e-21,1.3164052144
4.6005444471e-21,1.8675218781
3.5008062825e-21,1.3283454501
3.7523633844e-21,1.4510392197
4.1113622296e-21,1.6255617788
5.8692064035e-21,2.6189510912
3.6069797346e-21,1.3802531982
4.2358175949e-21,1.6863926514
2.4744211833e-21,0.8006652986
3.9406571400e-21,1.5425080229
4.3430883497e-53,26.2719582391
4.7848727370e-22,7.6685553536
3.7587443803e-21,1.4541409720
2.4135886618e-21,0.7668902595
2.7084357679e-21,5.8506431816
4.0089466395e-21,1.5756985073
3.8265861807e-21,1.4871034858
4.0436932121e-21,1.5926012274
4.7844647579e-21,1.9615019338
3.9078476312e-34,18.0548168442
4.6637518796e-21,1.8995638969
6.3537401165e-21,3.2099202617
4.2345993484e-21,1.6857955303
1.6691002933e-21,6.4682698003
5.9426177692e-21,2.6783058845
3.6276003290e-21,1.3903102687
4.3193649574e-21,1.7274407225
1.5782887163e-45,23.4029568881
1.4034116846e-26,12.9858204534
3.9287017329e-21,1.5367001612
2.6129933618e-27,13.5862017831
5.4919319457e-21,4.4197006541
3.6581245952e-21,1.4051856471
3.7726599399e-21,1.4609042222
3.6644020580e-21,1.4082432172
4.1857413891e-21,1.6618773840
5.9911398485e-21,4.0578340614
3.3814989229e-21,1.2696974403
4.6185215018e-21,1.8766103553
6.0070950424e-21,2.7341846598
3.9682542650e-21,1.5559172017
6.3545838166e-21,3.2125620324
5.0767635339e-21,2.1168003341
5.8086704696e-21,2.5727400835
3.2337204056e-21,1.1964283283
4.2080536989e-21,1.6727933221
1.2227726469e-21,6.8068448976
4.6756471602e-21,1.9056221081
5.1235713465e-21,2.1425637010
4.2308643235e-21,1.6839650487
3.4389561062e-21,1.2979901854
3.9421908455e-21,1.5432531320
5.7954207798e-21,2.5629088736
3.8625617251e-21,1.5045763982
3.1650013617e-21,1.1620666642
4.1973738619e-21,1.6675669881
3.6202273094e-21,1.3867150854
1.8898502972e-23,9.8046181058
4.0321892780e-21,1.5870036609
3.7771670485e-21,1.4630944997
5.7231861538e-21,2.5108730537
3.7396923825e-21,1.4448790105
5.3678139802e-21,4.4953171985
5.6740738598e-21,2.4768366921
4.2984568755e-21,1.7171491441
2.5292183954e-23,9.6419989040
5.3325146671e-21,2.2616144276
5.4871884204e-21,4.4226596064
3.3790953546e-21,1.2685117392
3.7162784835e-21,1.4334923232
4.7075831205e-21,1.9219337711
4.5090758485e-21,1.8215561094
6.1567336144e-21,2.8842175576
3.5878020411e-21,1.3708934753
4.3845076329e-21,1.7595989457
5.3251036596e-21,2.2572618964
3.5017644901e-21,1.3288149819
6.3532491954e-21,3.5694129940
4.5037469756e-21,1.8188914709
3.9812524377e-21,1.5622344866
4.1709294110e-21,1.6546368603
5.2864921359e-21,2.2347542890
5.5829611912e-21,2.4161190994
3.6610059581e-21,1.4065891408
5.9974044216e-21,2.7255252766
5.4212686014e-21,2.3146211591
4.2867807248e-21,1.7114076079
2.3717450259e-21,0.7434181453
3.3877535553e-21,5.5050316648
6.3188826459e-21,3.1225835184
6.3528094425e-21,3.2070502716
4.6166664692e-21,1.8756716419
4.1839311458e-21,1.6609922350
5.9747374192e-21,4.0721676772
5.9287267227e-21,2.6667582272
4.4267256726e-21,1.7805235955
4.1808172260e-21,1.6594697959
5.0633501837e-21,2.1094700522
9.0134630156e-31,16.0516489479
3.8756466845e-21,1.5109312758
3.7132747307e-21,1.4320311578
5.2948284129e-21,2.2395902063
5.3115841330e-21,2.2493491300
4.4882369731e-21,1.8111436152
5.9079252374e-21,2.6497540727
5.1107210805e-21,2.1354617083
5.9200576084e-21,4.1181829739
3.5564050792e-21,1.3555556428
3.8544931992e-21,1.5006577769
3.9705781459e-21,1.5570465554
5.4935236787e-21,2.3591073110
3.7997722186e-21,1.4740779922
3.7254313192e-21,1.4379441464
5.8684056340e-21,2.6183249326
5.3271808132e-21,2.2584807416
3.8455456619e-21,1.4963121645
2.0321892800e-24,10.9338713161
4.3189615633e-21,1.7272420300
5.1300058896e-21,2.1461284191
3.9929187624e-21,1.5679055142
5.3730650713e-21,4.4921889094
2.2005150929e-21,0.6451188597
2.7026209082e-21,0.9240863474
3.6689424043e-21,1.4104543643
4.3908451040e-21,1.7627355916
4.6938933416e-21,1.9149330557
3.5734691427e-21,1.3638939780
4.9059524806e-21,4.7528028447
6.3239788590e-21,3.1335077685
3.5824767160e-21,1.3682932837
5.3589990467e-21,2.2772580648
3.8274434962e-21,1.4875199056
6.1886444403e-21,2.9218273189
4.9016129382e-21,2.0227193021
4.8652338863e-21,2.0035786848
4.6115394763e-21,1.8730782629
3.6298586660e-21,1.3914112948
4.1055133242e-21,1.6227102447
3.1004801970e-21,1.1296088417
5.3873177911e-21,2.2941452785
3.5386641174e-21,1.3468803828
5.3959145305e-21,2.2993057463
4.3769103335e-21,1.7558407436
4.0672081723e-21,1.6040479458
3.9960362556e-21,1.5694211156
3.6419868359e-21,1.3973229252
3.5951417715e-21,1.3744764059
3.6989533347e-21,1.4250632835
5.1999039286e-21,2.1852366269
5.6572901323e-21,2.4654271220
5.6806904511e-21,4.2964490398
4.9626796544e-21,2.0551395702
6.3825739213e-21,3.3838036964
4.1928486233e-21,1.6653532758
3.5790530143e-21,1.3666213225
3.5050343554e-21,1.3304170888
5.9989127840e-21,4.0509471336
3.4056903475e-21,1.2816214388
4.4339520461e-21,1.7841123830
3.9127747246e-21,1.5289637348
5.8295016245e-21,4.1894193307
4.0086467265e-21,1.5755526645
6.3062744666e-21,3.0972761926
3.4764416209e-21,1.3163991269
3.5781524027e-21,1.3661814738
6.3621893003e-21,3.5393768921
6.0987349842e-21,3.9560274519
6.3291682987e-21,3.6326889988
5.3116527618e-21,2.2493892092
4.5401970115e-21,1.8371459567
6.3316211357e-21,3.1508093098
5.5286861493e-21,2.3812460018
3.4250390941e-21,1.2911460020
5.3585485565e-21,2.2769907832
5.4949263726e-21,2.3599840243
4.6453398936e-22,7.6929302335
2.3902043641e-21,0.7537977154
4.2629029648e-21,1.6996784829
3.3992170000e-21,1.2784324432
4.1443753185e-21,1.6416675720
4.7946567368e-21,1.9667813832
1.9493425847e-23,9.7875183945
1.4155898259e-21,0.1259140617
3.7728866915e-21,1.4610144176
3.7291879681e-21,1.4397711043
3.7348007180e-21,1.4425004958
1.9797014527e-23,9.7789753920
6.3769054947e-23,9.0953353276
3.3614429499e-21,1.2597980717
5.1881013318e-21,2.1785817794
3.7008672611e-21,1.4259946039
4.6737099345e-21,1.9046348553
4.5805771166e-21,1.8574490957
3.7281983397e-21,1.4392898343
3.6856948021e-21,1.4186105274
3.5000362837e-21,1.3279681271
3.9715858774e-21,1.5575363011
5.0938213043e-21,2.1261555123
1.9896594024e-30,15.8286443398
3.6657782387e-21,1.4089134451
2.5589141945e-21,0.8469352712
3.6967347702e-21,1.4239836753
4.7672727893e-21,1.9526151295
4.1858703840e-21,5.1158732697
6.3756725888e-21,3.3013029361
4.1260169482e-21,1.6327089065
3.6602164060e-21,1.4062045660
3.6132935818e-21,1.3833333174
9.6328267028e-22,7.0452196515
3.4911424263e-21,1.3236088468
5.7833806659e-29,14.8311552736
5.9615007351e-21,2.6942665637
6.3533234550e-21,3.2086297741
3.9964532847e-21,1.5696238647
5.9701914722e-24,10.4108548788
4.0396176251e-21,1.5906179660
3.3872691863e-21,1.2725432304
6.0252332075e-21,4.0271441054
8.4039907185e-80,34.3483473027
8.8056230157e-22,7.1310161395
4.7915359722e-21,1.9651639402
4.7655318769e-21,1.9517165082
4.2315938732e-21,1.6843225629
4.0516064661e-21,1.5964525228
3.4941783141e-21,1.3250970839
3.8823663968e-21,1.5141947997
6.3323101852e-21,3.6253833318
1.9739483385e-21,6.2692770115
4.1017857781e-21,1.6208932262
4.1579507978e-21,1.6482962499
3.3361887671e-21,1.2473143565
2.9731771757e-23,9.5499009223
3.8948022111e-21,1.5202345306
4.3006076690e-21,1.7182072048
6.3805641603e-21,3.3414462777
3.7900537318e-21,1.4693562648
4.1931971712e-21,1.6655237665
3.5604794555e-21,1.3575470980
1.3812208159e-22,8.5946146152
4.4062509508e-21,1.7703669099
4.0644554623e-22,7.8012777626
5.6692386874e-21,2.4735386342
4.0224448686e-21,1.5822633534
6.3765694272e-21,3.4706384923
3.8675956612e-21,1.5070211970
4.1705183936e-21,1.6544360085
5.4802198253e-21,2.3508178810
6.3322095679e-21,3.6256207297
4.4324830083e-21,1.7833826488
5.5180741340e-21,2.3745285827
6.3600752474e-21,3.5469915121
4.5028069910e-21,1.8184215853
5.2164761373e-21,2.1946176681
4.2673972499e-21,1.7018849154
5.2498528514e-21,2.2136465741
4.4781195467e-21,1.8060956408
4.5563328248e-21,4.9325651622
3.3879466414e-21,1.2728772718
6.2433230058e-21,2.9939702123
4.7010747430e-21,1.9186038857
4.2566895412e-21,1.6966289667
3.6390320135e-21,1.3958828586
3.5469359143e-21,1.3509260618
4.8282857920e-21,1.9842616031
1.2609998022e-21,6.7748584400
4.6638442326e-21,1.8996108963
3.9084274044e-21,1.5268521866
3.9608881386e-21,1.5523376540
2.5836546210e-21,0.8603507506
3.8160034832e-21,1.4819630149
6.3124196690e-21,3.6684828072
6.3602858769e-21,3.5462492629
3.4047515699e-21,1.2811590414
6.2132185980e-21,3.8249645789
3.3936346468e-21,1.2756813762
3.8094424211e-21,1.4787758300
6.1077276876e-21,2.8310457030
2.4227034048e-21,0.7719767398
3.4862042924e-21,1.3211876263
6.2778388335e-21,3.0468566020
4.8186429355e-21,1.9792396414
3.6646269357e-21,1.4083527389
3.7629704482e-21,1.4561950681
3.5984313171e-21,1.3760819086
3.6684170170e-21,1.4101985146
3.7013192228e-21,1.4262145235
4.1533719748e-21,1.6460600934
5.0044041160e-21,2.0775166061
3.7036511410e-21,1.4273491744
4.7675631020e-21,1.9527650053
4.9270604234e-21,2.0361836373
6.1364160078e-21,2.8615737439
4.7660807081e-21,1.9519997777
5.3975341177e-21,4.4775339603
4.6573372798e-21,1.8963007871
4.8829647831e-21,2.0128922384
4.2228078024e-21,1.6800178480
3.6756519614e-21,1.4137214325
3.7164963553e-21,1.4335983027
5.2858588371e-21,4.5434263046
6.2507788081e-21,3.0048009273
3.6885453504e-21,1.4199980225
6.3689903942e-21,3.5117396287
3.7211907161e-21,1.4358816707
4.8095019835e-21,1.9744862926
4.5784403654e-21,1.8563725156
3.0258098149e-21,1.0917839732
3.5274521328e-21,1.3413943720
6.2420137086e-21,2.9920974572
3.5768693335e-21,1.3655548111
3.2921662224e-21,1.2255005394
6.3750417297e-21,3.4804164897
3.3921558529e-21,1.2749524469
4.5550632249e-21,1.8446105401
1.7448247255e-21,6.4169094104
3.7082533391e-21,1.4295883149
4.5714032479e-21,1.8528287246
4.8186262558e-21,1.9792309615
3.7388486445e-21,1.4444687673
4.0098273410e-21,1.5761267829
3.6188491855e-21,1.3860429985
2.0874258294e-21,0.5779698398
4.0154607180e-21,1.5788664032
3.5161442063e-21,1.3358586460
3.4999302763e-21,1.3279161791
4.8773186237e-21,2.0099233192
5.7699167231e-21,2.5442453923
2.8145769887e-21,0.9830010860
5.6715709488e-21,4.3026854024
6.0581601855e-21,3.9962101755
4.4743593996e-21,1.8042207575
3.9433664687e-21,1.5438242840
4.7020457183e-21,1.9191004799
7.1885677641e-24,10.3167366276
1.1052936769e-22,8.7438032859
4.8572166906e-21,1.9993768885
1.8396900475e-21,6.3544607868
4.1315217873e-21,1.6353945708
3.5528538156e-21,1.3538196025
3.6405126543e-21,1.3966044819
5.1715817994e-21,2.1693030818
4.3964148092e-21,1.7654935003
4.3035261355e-21,1.7196431398
2.3532445776e-21,6.0448384659
3.6638907390e-21,1.4079941882
3.3144657553e-21,1.2365588688
4.7278358334e-21,1.9323147627
3.7901075092e-21,1.4693823938
4.1811073070e-21,1.6596116118
3.3811389822e-21,1.2695198898
3.4619737988e-21,1.3092983981
4.3674049232e-21,1.7511416292
3.7189189432e-21,1.4347766922
4.2297195665e-21,1.6834040900
1.8270333007e-21,0.4151354858
2.3714000672e-21,0.7432237983
4.1529403400e-21,1.6458493172
6.2560898412e-21,3.0126979963
4.4511045731e-21,1.7926395217
3.6780539782e-21,1.4148909035
3.8784757176e-21,1.5123052332
6.2820715036e-21,3.0538942547
4.1851013399e-21,5.1162493176
4.1387861648e-21,1.6389394887
3.7125698148e-21,1.4316882407
3.9790310362e-21,1.5611547732
4.6735925627e-21,1.9045750480
3.2789695102e-21,1.2189477002
3.8752051378e-21,1.5107168330
3.6724368273e-21,1.4121559662
5.3897866641e-21,2.2956256469
3.8869035363e-21,1.5163983432
3.7093023060e-21,1.4300986453
4.1409642359e-21,1.6400025437
6.0857354242e-21,2.8086388579
4.2334083543e-21,5.0926019275
5.1112863414e-21,2.1357736406
6.3252052370e-21,3.6416079655
5.0528738089e-21,2.1037604627
3.7427535044e-21,1.4463673424
3.4545853032e-30,15.6708634657
5.7059063463e-21,2.4987828009
5.9610209690e-21,4.0839565901
3.4691774239e-21,1.3128345641
4.0521095501e-21,1.5966973935
3.8411348572e-21,1.4941698923
3.8716197127e-21,1.5089755270
3.7848115120e-21,1.4668091312
3.5475454944e-21,1.3512241472
4.1009611973e-21,1.6204913078
5.9792879562e-21,2.7095962450
6.0487427391e-21,2.7726149697
5.7841347247e-21,2.5546085743
3.3957301394e-21,1.2767141763
6.3776774558e-21,3.3150712338
3.9876616211e-21,1.5653498767
4.2045692100e-21,1.6710878490
5.1721113929e-21,2.1695999065
4.1304726293e-21,1.6348826737
4.8005814285e-22,7.6658473080
5.9524783032e-21,2.6866014909
3.6584232691e-21,1.4053311345
3.7963401600e-21,1.4724105788
4.1836060339e-21,1.6608332735
3.7252390253e-21,1.4378506253
4.1237935581e-21,1.6316243227
3.7431770608e-21,1.4465732714
4.1795067926e-21,1.6588291683
4.6662443414e-21,1.9008325307
3.4559117895e-21,1.3063215960
4.1748612096e-21,1.6565583883
4.8959080395e-21,2.0197094700
5.5691802313e-21,4.3706340925
6.0306673155e-21,2.7556821230
3.7696505000e-21,1.4594416817
4.9594095353e-21,2.0533937673
7.1688556617e-22,7.3204739294
3.5934656671e-21,1.3736582901
3.0626961448e-21,1.1105057957
4.6064540044e-21,1.8705074195
4.5763607931e-21,1.8553249880
5.8501090422e-21,2.6041311986
8.2268566418e-25,11.3462651678
4.8751148915e-21,2.0087653330
3.6470485258e-21,1.3997895035
2.0139752894e-21,6.2445347037
4.0208383616e-21,5.1963317924
3.7394457404e-21,1.4447590885
5.0019285620e-21,2.0761835643
3.6825892205e-21,1.4170987862
4.1787510737e-21,1.6584597389
5.1936555753e-21,2.1817108313
4.5695036201e-21,1.8518725664
5.8090400132e-21,4.2047980730
3.1922017327e-21,1.1756921496
3.7464061343e-21,1.4481431677
2.8074623480e-21,0.9792853537
6.2407204628e-21,2.9902559146
5.5000270075e-21,2.3631764535
5.8995075390e-21,2.6429665203
3.2467766933e-21,1.2029344236
4.3775014163e-22,7.7414302088
4.3849824297e-21,1.7598338876
4.0237641681e-21,1.5829050883
5.9357120717e-21,2.6725452732
3.5576438217e-21,1.3561611446
1.7675669797e-21,6.4017540056
6.1372161698e-21,2.8624484840
4.1116112645e-21,1.6256832038
3.7922491571e-21,1.4704229532
8.0808143369e-22,7.2112949870
3.5616793688e-21,1.3581335237
3.6088438939e-21,1.3811626702
3.8682806131e-21,1.5073538525
4.0022852385e-21,1.5724593663
3.8891562517e-21,1.5174924225
5.7122974818e-21,4.2745741900
3.7446115926e-21,1.4472707160
8.4061496250e-25,11.3366821791
3.5038832750e-21,1.3298531325
3.5919002663e-27,13.4753017701
3.5816510028e-21,1.3678900672
6.1024312534e-21,2.8255754049
3.2181445937e-21,1.1886576146
4.2929104527e-21,1.7144212836
4.3511383387e-21,1.7431075460
6.3155217577e-21,3.1156133585
2.9288773378e-21,1.0422158072
5.9249466651e-21,4.1141706760
3.5922496985e-21,1.3730647382
5.8247787860e-21,2.5848234734
4.0734659494e-21,1.6070953198
4.1706217081e-21,1.6544864948
2.5565610340e-21,0.8456562298
3.8811948386e-21,5.2641879167
3.4294989595e-21,1.2933398864
6.3344363577e-21,3.1575029627
5.7567077944e-21,2.5347078416
2.4735515406e-21,0.8001852697
8.1180338626e-22,-0.4292292565
3.8197340199e-21,1.4837751384
3.5866429080e-21,1.3703275502
3.9145875771e-21,1.5298442749
4.5577876156e-21,1.8459797688
3.5925975066e-21,1.3732345167
6.1382296027e-21,3.9142554315
5.3307082882e-21,2.2605525409
6.3612883343e-21,3.2351458380
4.9929657952e-21,2.0713630532
5.8245760381e-21,2.5846704665
5.0061649274e-21,4.6993485353
2.9026241039e-21,1.0286920062
1.4765055254e-21,0.1718797170
6.0638545640e-21,2.7870968572
3.9467205976e-21,1.5454538537
4.6093261248e-21,1.8719591671
4.1219808990e-21,1.6307401588
5.6922876112e-21,2.4893432221
1.7051901432e-21,6.4436151243
4.1682017235e-21,5.1245097446
5.7815620396e-21,2.5527257810
3.0771374957e-21,1.1178158068
4.7873882211e-21,1.9630154381
4.2337195157e-21,1.6853643054
6.3650526731e-21,3.5284065568
5.0376974698e-21,2.0955132602
7.9217723682e-39,20.4618631212
5.9252751146e-21,4.1139004507
3.6002496213e-21,1.3769692736
4.7037008486e-21,1.9199471278
4.8113258672e-21,1.9754341666
3.4802705662e-21,1.3182774695
2.9442038385e-21,1.0500908029
3.4149682161e-21,1.2861898877
3.6086378789e-21,1.3810621640
3.6330753669e-21,1.3929794254
3.4907727610e-21,1.3234276164
3.9972940594e-21,1.5700326325
5.5434189941e-21,2.3906252305
5.4244494528e-21,2.3165529267
4.5414793630e-21,4.9400243381
5.1154475673e-21,2.1380712933
6.1262384488e-21,2.8505618475
4.4641019432e-21,1.7991094388
3.6707275277e-21,1.4113236459
5.8010394091e-21,2.5670662489
4.4265521171e-21,1.7804374303
3.9566996463e-21,1.5503024125
4.3656718213e-21,1.7502852018
4.6439094756e-21,1.8894785550
3.4657524163e-21,1.3111534385
4.5660978296e-21,1.8501587901
4.0296717761e-21,1.5857788912
5.8068392498e-21,2.5713756281
3.9346383873e-21,1.5395840765
4.2444561065e-21,1.6906278903
4.7030291458e-21,1.9196035091
1.7005851837e-21,0.3310709645
5.1041031837e-21,2.1318128996
4.7835877153e-21,1.9610480132
1.6301467853e-25,12.0354935090
5.7690186298e-21,2.5435942069
2.9462753846e-21,1.0511540779
5.6737821365e-21,2.4766374503
6.0723612307e-21,2.7953880640
4.7084929059e-21,1.9223994803
3.9309085640e-21,1.5377721821
4.8683670327e-24,10.5128180344
3.5656897981e-21,1.3600933101
4.3414288783e-21,1.7383164199
3.8411987759e-21,1.4942009371
3.6603713464e-21,1.4062800350
3.7343789010e-21,1.4422953825
6.3822087559e-21,3.3681576532
4.9618090352e-21,2.0546746661
4.7529694251e-21,1.9452389232
5.0983635856e-21,2.1286530817
3.6844130653e-21,1.4179866149
5.1133954488e-21,2.1369379071
2.4503346787e-21,0.7873402082
3.3113139017e-21,5.5428167790
3.7902746339e-21,1.4694635953
3.9098880139e-21,1.5275616176
4.3546099493e-21,1.7448213974
4.9031180303e-21,2.0235138907
1.7581692358e-46,23.7868887502
3.3160385578e-21,1.2373381473
5.2191242934e-21,2.1961207719
3.4545687643e-21,1.3056619615
1.8018530122e-21,0.3986847214
5.1429725647e-21,2.1533295012
3.8883165147e-21,1.5170845856
3.7431120679e-21,1.4465416726
3.8062399791e-21,1.4772201100
3.3423468116e-21,1.2503603765
3.3719695124e-21,1.2649954364
5.3234242829e-21,2.2562770730
4.3602778370e-21,1.7476204038
1.6962273030e-22,8.4531945127
5.7767471957e-21,4.2286025406
3.5168871866e-21,1.3362224547
6.3610200046e-21,3.2341791366
5.8011179024e-21,2.5671244486
1.0042124152e-27,13.9124754406
4.3958172063e-21,1.7651975330
4.0543435486e-21,1.5977848050
4.7954721845e-21,1.9672041465
7.4880473162e-55,26.8908228075
6.2865967522e-25,11.4648699249
3.7160167121e-21,1.4333649890
3.9919951030e-21,1.5674564828
2.8679858642e-21,1.0107800972
2.5406270550e-25,11.8521426891
6.3709273034e-21,3.2751605735
5.2399723833e-21,2.2079941966
3.4213815538e-21,1.2893463758
3.6835858730e-21,1.4175839512
2.9438669471e-21,1.0499178596
3.6770568438e-21,1.4144054369
1.0259536718e-21,6.9837664222
5.6344360481e-21,4.3277531911
3.9262767802e-21,1.5355222035
4.4564577907e-26,12.5503542323
4.7161140402e-21,1.9263029384
2.7489110849e-21,0.9485632298
3.9367399402e-21,1.5406050058
4.7512173816e-21,4.8334772631
1.6832508481e-21,0.3192501384
3.6624451208e-21,1.4072901062
3.4682794767e-21,1.3123938460
6.0264654219e-21,2.7518031751
4.0990461442e-21,1.6195579104
4.3875086727e-21,1.7610840813
3.2506240745e-21,1.2048503121
3.6329027624e-21,1.3928952853
5.4791659494e-21,2.3501631986
5.1020927815e-21,2.1307056156
4.5328183883e-21,1.8334452866
3.6752919295e-21,1.4135461375
3.9966557121e-21,1.5697222803
5.3195223912e-21,2.2539910203
3.7124028463e-21,1.4316070156
4.6136442069e-21,1.8741427070
5.2526859977e-21,2.2152704010
3.9473348596e-21,1.5457522926
4.4103353931e-21,1.7723916980
3.1554158152e-21,1.1572570238
4.0399528624e-21,1.5907810920
3.1349960817e-21,1.1469970038
3.3021636372e-21,1.2304604786
3.7931452765e-21,1.4708583425
3.0274517337e-21,5.6851948163
2.6194031266e-35,18.6923566732
3.8148971825e-21,1.4814256154
3.6891374293e-21,1.4202862031
3.8857005118e-21,1.5158140709
4.7794488550e-21,1.9589067349
3.6731059285e-21,1.4124817659
4.3573060635e-21,1.7461526947
3.6226870075e-21,1.3879145622
4.7925107035e-21,1.9656690438
3.6637004727e-21,1.4079015214
6.1771717789e-21,2.9079896294
5.1048442876e-21,2.1322212189
3.4218855912e-21,1.2895944009
4.9254256171e-21,2.0353167326
3.8495833453e-21,1.4982731878
2.8158817436e-21,5.7941316136
5.7885959313e-21,2.5578815804
3.8554950979e-21,1.5011443697
3.8321514668e-21,1.4898066501
2.7263224553e-35,18.6831129217
3.8029910238e-21,1.4756417503
5.1558855157e-30,15.5550691868
4.7184302690e-21,1.9274900978
3.7630073561e-21,1.4562130068
3.5247118479e-21,1.3400531412
3.5929764016e-21,1.3734194676
5.7174736744e-21,2.5068618895
5.7745664899e-21,2.5476232567
3.7629100879e-21,1.4561657307
6.2861565295e-21,3.0608249092
3.7969294193e-21,1.4726968655
3.8570302176e-21,1.5018899305
4.7252477627e-21,1.9309865560
1.2310643164e-21,-0.0220347222
3.3755228993e-21,1.2667490826
6.2678824211e-21,3.0308293538
1.7116154292e-21,6.4392598891
4.4679573712e-21,1.8010300550
3.3223948815e-21,1.2404866360
6.3824643628e-21,3.4010475401
6.0730279376e-21,2.7960422895
4.0566245698e-21,1.5988951682
2.5880089260e-21,0.8627058938
5.1801136506e-21,2.1740901015
5.2058251602e-21,2.1885834689
4.0479611498e-21,1.5946782951
3.3728941903e-21,1.2654518163
1.7042181754e-22,8.4499129517
6.1045897516e-21,2.8277988933
5.5539614974e-21,2.3973757957
4.5322739185e-24,10.5482250903
4.2039682385e-21,1.6707937336
3.5049457959e-21,1.3303737014
6.3622762146e-21,3.5390556262
4.4899680011e-21,1.8120077681
5.9736746022e-21,2.7047263062
4.1175498417e-21,1.6285790482
3.8213819370e-21,1.4845756060
5.2502745220e-21,2.2138881694
1.4347735950e-21,6.6372847378
3.2577099740e-21,1.2083773587
2.4842363808e-21,0.8060776245
1.2642990750e-22,8.6543322372
3.3897015677e-21,1.2737425303
5.0092542509e-21,2.0801303383
2.9383495646e-21,1.0470845110
4.5583728304e-21,1.8462739388
3.6555261905e-21,1.4039198843
5.9895598840e-21,2.7185873671
5.0725920905e-21,2.1145182376
5.4757036347e-21,2.3480143742
3.8869421277e-21,1.5164170859
4.1811183872e-21,1.6596170288
3.6190322191e-21,1.3861322625
3.5374094946e-21,1.3462666305
4.5957660552e-21,1.8651092867
2.2555194969e-21,0.6771121390
3.7380987421e-21,1.4441041439
3.6083414490e-21,1.3809175469
3.7040379750e-21,1.4275373922
5.3140853428e-21,4.5270033155
6.2304774828e-21,2.9759472374
3.5450951962e-21,1.3500259020
3.1777927706e-21,1.1684783749
5.6626385062e-21,2.4690512429
6.3815357274e-21,3.3546126571
5.8535476388e-21,2.6067824279
5.6173804226e-21,2.4387147822
4.2928173641e-21,1.7143755083
4.4330369689e-21,1.7836578143
3.5183228399e-21,1.3369254034
3.3784828076e-21,1.2682095357
3.4934767800e-28,14.2613626356
5.4569150956e-21,2.3364066398
4.0764783154e-21,1.6085624516
3.4081545267e-21,1.2828350532
5.2482931897e-21,2.2127532324
5.7483682765e-21,2.5287295884
3.9952378086e-21,1.5690329349
5.7314815454e-21,4.2610901973
6.3803631190e-21,3.3391548336
2.4192975946e-21,0.7700772155
5.3035817307e-21,2.2446818074
3.8407903964e-21,1.4940025905
3.7444196931e-28,14.2387860062
6.2409666909e-21,2.9906059091
3.6363148894e-21,1.3945585234
3.4700610284e-21,1.3132682227
3.2947730419e-21,1.2267941931
4.7440590492e-21,1.9406516922
6.3825970679e-21,3.3895424670
6.3796567425e-21,3.3318279899
4.0637699172e-21,5.1754399055
3.9998582047e-21,1.5712793051
5.3932847585e-21,2.2977254248
4.4543856245e-21,1.7942720874
3.7858673757e-21,1.4673221750
3.5873656167e-21,1.3706804020
2.3245101431e-21,0.7166739744
5.9459640028e-21,4.0967020403
3.4071874232e-21,1.2823587736
1.6982703146e-21,0.3294967396
6.2336205408e-21,3.7975266812
7.9853764543e-25,11.3594884758
6.2961580049e-21,3.0784255561
4.5551490289e-21,1.8446536575
4.2422362415e-21,1.6895393642
3.5299549191e-21,1.3426192163
3.9278452096e-21,1.5362840895
4.6300702410e-21,1.8824590884
5.3093649716e-21,2.2480536181
5.6685750985e-21,4.3047270208
3.9487984917e-21,1.5464634054
5.5617949211e-21,2.4024132358
3.6066114808e-21,1.3800735304
3.6652258079e-21,1.4086444031
4.5182944376e-21,1.8261690266
3.6921493933e-21,1.4217521436
4.6145452427e-21,1.8745984760
5.9445710228e-21,2.6799425240
5.5107539897e-21,2.3699132559
5.5025921122e-21,2.3647845618
3.9074383585e-21,1.5263718012
5.9240223260e-21,2.6628830325
5.8908774801e-21,2.6360613372
3.7737664151e-21,1.4614419373
2.5827645000e-21,0.8598690863
3.6126708796e-21,1.3830295703
4.3397461399e-21,1.7374864000
5.2404461660e-21,2.2082648612
3.7311831205e-21,1.4407413475
1.2466703936e-51,25.7473669913
2.6939991062e-23,9.6062172122
3.5332312384e-21,1.3442224175
6.3244846676e-21,3.6431966029
3.0301759651e-21,5.6838098314
4.7682075411e-21,1.9530977246
6.3076215673e-21,3.0998766948
5.7031754076e-21,2.4968837062
5.9426827499e-21,2.6783602802
3.6475012920e-21,1.4000101200
6.0565880682e-21,3.9977189513
9.9704076444e-31,16.0234504935
5.8625737320e-21,2.6137773928
3.6384779544e-21,1.3956128172
3.2026763707e-21,1.1809305271
3.8668980491e-21,1.5066823928
5.2803797166e-21,4.5465972748
4.4737400349e-21,1.8039119919
4.4446269511e-21,1.7894177907
3.4058638202e-21,1.2817068804
3.8103407208e-21,1.4792122091
3.6189203225e-21,1.3860776915
5.0474093040e-21,2.1007876904
6.2687893435e-21,3.0322604819
4.6190522470e-21,1.8768789694
1.3332585326e-43,22.6034310649
4.5678123834e-21,1.8510214658
4.9384305475e-21,2.0422204379
3.2688234653e-28,14.2829509417
1.4234990894e-21,6.6458581905
4.6798526865e-21,1.9077661920
4.8384368775e-21,1.9895568357
3.4447391099e-21,1.3008326132
3.5728628511e-21,1.3635978102
4.6612555320e-21,4.8795200420
4.0555307412e-21,1.5983627027
3.9640116341e-21,1.5538554670
4.2159797705e-21,1.6766737735
3.5569805137e-21,1.3558369211
6.3655484635e-21,3.5264187222
4.7790873711e-21,4.8190939485
1.8538606274e-21,0.4325132517
4.5971181774e-21,1.8657918346
1.7007273828e-21,0.3311676235
3.5923975731e-21,1.3731369218
4.1175883641e-21,1.6285978349
4.7741540028e-21,1.9561693612
3.5280841692e-21,1.3417036985
4.8057296110e-21,1.9725266608
3.5001783123e-21,1.3280377265
3.7735261315e-21,5.3164885636
5.3064625930e-21,2.2463606559
4.7607511956e-21,1.9492500232
3.4133210912e-21,1.2853790218
3.8726461252e-21,1.5094740168
4.1047131562e-21,1.6223201788
3.5043852648e-21,1.3300990794
4.8724366575e-21,2.0073586151
3.3733110017e-21,1.2656575270
5.4062606207e-21,2.3055379318
3.5870575378e-21,1.3705299882
3.7855911054e-21,1.4671879360
1.0726487181e-21,-0.1619177472
3.8395238297e-21,1.4933874275
3.7447522046e-21,1.4473390782
3.7763798709e-21,1.4627119713
3.4122357939e-21,1.2848446960
4.0149781935e-21,1.5786317305
4.4130176859e-21,1.7737217555
6.1510898619e-21,2.8778345718
3.7998417099e-21,1.4741117529
3.8818139187e-21,1.5139264798
6.3822040079e-21,3.3680313002
4.0972574188e-21,1.6186861360
3.9554647678e-21,1.5497023885
3.5249471833e-21,1.3401683325
3.4441837230e-21,1.3005596721
4.1848699557e-21,1.6614512731
4.5234611592e-21,1.8287562553
4.0380540247e-21,1.5898571367
4.0179746584e-21,1.5800890782
5.3591971303e-21,4.5004381271
3.8666338964e-21,5.2712596269
3.6521143292e-21,1.4022577209
5.7038532603e-21,2.4973547923
5.0167947197e-21,2.0841992444
5.6335503492e-21,2.4494688316
5.4837422689e-21,2.3530081593
6.3436397700e-21,3.1808598042
6.3821105877e-21,3.3656846133
5.5711526470e-21,2.4084554618
5.7948887953e-21,2.5625161196
3.9594649675e-21,1.5516461058
6.3738290589e-21,3.2903221668
3.6866995807e-21,1.4190996110
3.4925922346e-21,1.3243195918
3.9887093367e-21,1.5658591821
1.4005596305e-21,0.1143708046
6.0193978960e-21,2.7453255452
3.9427202175e-21,1.5435103156
3.2613616858e-21,1.2101942492
4.1406682887e-21,1.6398580951
3.8051818105e-21,1.4767060510
3.5351125516e-21,1.3451428965
3.3479148607e-21,1.2531134635
3.7379430072e-21,1.4440284207
3.6558452580e-21,1.4040753168
3.5745577332e-21,1.3644257268
4.1390730182e-21,1.6390794888
4.3502722812e-21,1.7426800592
3.5696727597e-21,1.3620393658
3.3036866547e-21,1.2312157618
3.7556595677e-21,1.4526415063
3.6013101003e-21,1.3774867801
3.8873394281e-21,1.5166100430
6.3383748750e-21,3.6106126970
1.6791605028e-21,0.3164497362
4.4860632496e-21,1.8100586607
3.7220590929e-21,1.4363040316
3.6605049841e-21,1.4063451275
5.0381427401e-21,2.0957548348
3.4896328243e-21,1.3228687352
5.6956083071e-21,2.4916378218
3.2650648747e-21,1.2120362214
3.4863742892e-21,1.3212709874
3.5457379628e-21,1.3503402398
3.7312970079e-21,1.4407967299
5.3738749211e-21,2.2861077990
2.5544522597e-21,0.8445095690
4.1596419672e-21,1.6491222685
3.8591535530e-21,1.5029211660
6.2478825840e-21,3.0005593704
5.1320844148e-21,2.1472811452
4.2438162862e-21,1.6903141369
4.2554815578e-21,1.6960362163
5.6992875940e-21,2.4941855117
3.9146658651e-21,1.5298823011
3.5901702878e-21,1.3720496528
4.2807692233e-21,1.7084531303
4.6531419814e-21,1.8941680643
5.5405111686e-21,2.3887690643
3.8505269019e-21,1.4987314512
6.3265433645e-21,3.6386314783
5.1523050406e-21,2.1585270951
4.5343925144e-21,1.8342345386
3.4373680937e-21,1.2972094952
1.6142600752e-21,6.5063833767
3.8270356531e-21,1.4873218062
4.4662188310e-21,1.8001639034
4.7853296319e-21,1.9619496162
3.2257599513e-21,1.1924581406
3.6264996781e-21,1.3897736306
3.7941836822e-21,1.4713628582
3.6792147292e-21,1.4154560134
4.1904150232e-21,1.6641629651
3.8333447773e-21,1.4903862531
5.5337293374e-21,2.3844495457
8.9434200671e-31,16.0538265047
4.0505159790e-21,1.5959217505
5.9417462475e-21,2.6775766746
4.8039090949e-21,1.9715813782
4.2597246473e-21,1.6981184496
3.1661961184e-21,1.1626658505
3.5103438141e-21,1.3330179904
3.6884750176e-21,1.4199637894
3.6416769855e-21,1.3971719221
6.3486703002e-21,3.5830190213
5.2273544692e-21,2.2007995048
4.4576025345e-21,1.7958731936
4.7650974468e-21,1.9514923013
3.9462406782e-21,1.5452206864
2.9637708822e-23,9.5517186957
1.9187569409e-21,0.4739428274
2.3131424935e-21,0.7101970033
5.1466243415e-21,2.1553618216
5.4409058476e-21,2.3265849399
3.8972369316e-21,1.5214170308
3.3255753854e-21,1.2420615099
5.3027047533e-21,2.2441710489
4.1127911659e-21,1.6262585162
3.9802685567e-21,1.5617562663
6.0697130685e-21,3.9850178683
8.0883515486e-22,7.2104327309
5.4196820580e-21,4.4641552233
6.3792378207e-21,3.4499170670
5.2667665400e-21,2.2233611998
3.3152303503e-21,1.2369377146
3.5088239576e-21,1.3322735368
4.5058562762e-21,1.8199460368
3.6542644128e-21,1.4033052002
5.3332218014e-21,2.2620302937
2.7934593865e-21,0.9719612939
3.2494840979e-21,1.2042826970
2.8574236924e-21,1.0053022338
3.4333878021e-21,1.2952524206
2.3638412597e-21,0.7389617047
4.6372536305e-21,4.8917125972
6.3265803924e-21,3.6385486191
3.6070664395e-21,1.3802955004
3.7568131187e-21,1.4532022325
4.1110759653e-21,1.6254222027
3.3431530064e-21,1.2507590587
2.7350176622e-21,0.9412347363
3.8166685973e-21,1.4822861004
3.2779558072e-21,1.2184440750
6.0497749196e-21,2.7735944173
3.8539490823e-21,1.5003935148
4.2930509074e-21,1.7144903511
4.9928861960e-21,2.0713202821
3.7157101988e-21,1.4332158899
5.7660356723e-21,2.5414342033
3.4300113059e-21,1.2935918827
4.5900020344e-21,1.8622007972
4.2246603037e-21,1.6809253181
6.2495662976e-21,3.7747939745
2.3591679497e-21,0.7363232367
3.3995108694e-21,1.2785772405
3.7701170503e-21,1.4596684216
6.2795091371e-21,3.7281967897
3.7728677743e-21,1.4610052243
5.6009123478e-21,2.4278547994
5.6909083900e-21,4.2894222239
5.4478102608e-21,4.4470005658
1.0350945952e-116,42.8771161940
5.1359929643e-21,2.1494504186
6.0655079948e-21,3.9891133823
4.4866654444e-21,1.8103592076
3.6624091877e-21,1.4072726048
3.6458038555e-21,1.3991830057
4.4993374309e-21,1.8166875664
6.6984255745e-28,14.0476177531
3.4727048802e-21,1.3145656635
3.9458484241e-21,1.5450301118
5.5537525072e-21,2.3972416538
3.6128342819e-21,1.3831092768
4.1300343666e-21,1.6346688456
3.6920915349e-21,1.4217239846
6.2619039984e-21,3.7562839218
4.6655057865e-21,1.9004565729
3.5794765883e-21,1.3668281861
6.1102578032e-21,2.8336762055
3.4449363178e-21,1.3009295277
3.3253083049e-21,1.2419292746
4.4094045530e-21,1.7719301930
4.2446215745e-21,1.6907090338
3.4090790894e-21,1.2832903566
4.0409760659e-21,1.5912789893
6.2952873630e-21,3.7009586477
5.0062544516e-21,2.0785134335
3.9097274549e-21,1.5274836325
4.1681725127e-21,1.6532897131
4.0056632890e-21,1.5741019117
4.0911749546e-21,1.6157220762
3.7503488858e-21,1.4500599241
2.3062577860e-21,6.0715472923
3.6570823817e-21,1.4046779639
3.9143496959e-21,1.5297287305
3.5661380814e-21,1.3603123544
3.9201609265e-21,1.5325514262
6.3523677234e-21,3.2057036969
3.6256070831e-21,1.3893384193
3.7447030883e-21,1.4473151990
3.5767643370e-21,1.3655035285
4.7160097510e-21,1.9262494950
1.4465340794e-28,14.5443454862
3.6575935363e-21,1.4049269595
5.8771370612e-21,2.6251755090
3.8663283775e-21,1.5064057245
3.6744748340e-21,1.4131482978
6.3766079685e-21,3.3074370646
3.8168004659e-21,1.4823501565
4.1116949912e-21,1.6257240276
4.7692621394e-21,1.9536422756
2.6153303529e-22,8.1413754597
5.1558093974e-21,2.1604820377
3.7601487007e-22,7.8631875213
3.8174330979e-21,1.4826574618
4.2983614912e-21,1.7171022240
5.7770125275e-21,2.5494045618
3.5301635758e-21,1.3427213252
3.6608693048e-21,1.4065225803
3.6269523999e-21,1.3899943639
2.6449984905e-21,0.8933704083
5.0473946494e-21,2.1007797230
4.3940870048e-21,1.7643407149
2.5242762246e-27,13.5981685698
3.6804948248e-21,1.4160792069
3.1691997411e-21,1.1641719211
4.5946499165e-21,1.8645459418
3.6666860974e-21,1.4093555771
4.7143659795e-21,1.9254072396
6.3803861797e-21,3.4384014377
3.4713763395e-21,1.3139137190
5.2606999478e-21,2.2198710755
3.6325226946e-21,1.3927100108
3.6795293568e-21,1.4156091865
3.4585413921e-21,1.3076130029
3.9217490712e-21,1.5333228557
4.1439722596e-21,1.6414708184
3.4421447918e-21,1.2995575817
4.1027272023e-21,1.6213521095
6.3668606023e-21,3.5210143269
4.6709639569e-21,1.9032358683
6.2695131055e-21,3.0334065661
3.5858943692e-21,1.3699620771
4.1086329930e-21,1.6242311178
4.1126019107e-21,1.6261662350
4.4037677325e-21,1.7691362204
4.6393839478e-21,1.8871818356
5.9304046612e-21,2.6681447040
5.2068473121e-21,2.1891617760
6.1791384032e-21,2.9103350542
2.9366454054e-21,1.0462089902
3.3972388477e-21,1.2774576874
3.6609100269e-21,1.4065424151
3.9428272180e-21,1.5435622995
5.6077447529e-21,4.3454643543
4.4255264825e-21,1.7799282580
4.3053628489e-21,1.7205469680
6.3825946246e-21,3.3871432493
3.9371819493e-21,1.5408197351
1.6002166565e-21,6.5162751148
3.7332313730e-21,1.4417373763
5.3246251167e-21,2.2569812126
4.0068559548e-21,1.5746818584
3.8734955309e-21,1.5098865411
3.8144400948e-21,1.4812035781
3.5141253289e-21,1.3348700173
4.6720762383e-21,4.8740112506
3.2504554350e-21,1.2047663467
3.8071592383e-21,1.4776666828
3.5613035755e-21,1.3579498678
1.9782208858e-21,0.5111913389
2.2517185053e-21,0.6749145184
5.5181937529e-21,2.3746041254
6.2439457159e-21,3.7829498392
6.2776582798e-21,3.7312542219
3.6685249765e-21,1.4102510883
6.3074116780e-21,3.6783437154
3.6312860087e-21,1.3921071389
6.3418132810e-21,3.6017904078
3.2838181001e-23,9.4926184373
3.4722455244e-21,1.3143402524
3.0760723761e-21,1.1172770292
5.2434822007e-21,2.2100001937
5.9097143320e-21,2.6512034896
3.7792399818e-21,1.4641018223
3.2687904383e-21,1.2138887873
3.4690183312e-21,1.3127564819
5.9757253479e-21,2.7065019582
2.8524840326e-21,1.0027377543
6.3789963457e-21,3.4520722026
2.2519984213e-21,0.6750764233
5.4234128099e-22,7.5638084585
4.9331574799e-21,2.0394191525
9.2915233361e-26,12.2623330578
6.2974187947e-21,3.0807135783
3.7639687026e-21,1.4566802552
5.4488333907e-21,2.3314407052
4.7751874867e-21,1.9567034871
5.8032300126e-21,4.2091219815
3.9705546704e-21,1.5570351467
4.7295781316e-21,1.9332091887
4.0404782497e-21,5.1867769834
3.6117397296e-21,1.3825753541
4.0810067441e-21,1.6107681966
3.7368253683e-21,1.4434849832
3.7027195235e-21,1.4268958805
3.6264983760e-21,1.3897729957
3.7123819118e-21,1.4315968316
2.4777119270e-21,0.8024810162
3.6226957514e-21,1.3879188261
4.1915839331e-21,1.6647346803
6.3369335928e-21,3.1636043372
3.7407997597e-21,1.4454174315
4.2443328807e-21,1.6905674623
4.4214015080e-21,1.7778808648
5.1016403447e-21,2.1304564978
5.7578310395e-23,9.1582478156
5.9939961810e-21,4.0553105467
3.8310422925e-21,1.4892679099
4.1591104529e-21,1.6488626547
3.4376881701e-21,1.2973668550
3.6951706263e-21,1.4232224915
4.4368773429e-21,1.7855657723
3.7396620597e-21,1.4448642670
3.6213477729e-21,1.3872614937
2.6265368736e-21,0.8834687332
3.9233360375e-21,1.5340937212
3.5974493723e-21,1.3756026782
4.8873963432e-21,2.0152245692
4.1551246943e-21,1.6469160197
3.3624760631e-21,1.2603083164
3.2119511648e-22,7.9859956017
2.3609620529e-23,9.6807940165
4.8422846088e-21,1.9915663058
4.3698664722e-21,1.7523582109
4.7093569556e-21,1.9228418314
3.5702508598e-21,1.3623217974
4.8310777356e-21,1.9857171140
5.4920243992e-21,4.4196429238
3.7784554476e-21,1.4637205882
6.0254422374e-21,2.7508617924
5.7877926304e-21,4.2205222639
3.9200877423e-21,1.5325158777
5.6934233835e-21,2.4901275317
5.7222403996e-21,2.5102079803
4.2974392631e-21,1.7166485891
3.9759891460e-21,1.5596763175
2.9265484680e-50,25.2427245686
4.0925886161e-21,1.6164109215
4.5075792123e-21,1.8208075956
3.9067389041e-21,1.5260320734
3.8927985093e-21,1.5192613753
5.7605648407e-21,2.5374840458
2.2615074393e-21,0.6805702929
1.6832683497e-21,0.3192621116
4.6402490414e-21,1.8876207747
4.5177155143e-21,1.8258792143
5.9853797781e-21,2.7149158689
3.1995060811e-21,1.1793455624
3.4386563104e-21,1.2978428067
4.8480659174e-21,4.7832257118
5.2597465895e-21,2.2193231881
6.0403291155e-21,2.7646823504
5.6251738638e-21,2.4438865066
4.8760639618e-21,2.0092639821
3.7178668860e-21,1.4342649601
4.1819497890e-21,1.6600234979
5.5603566800e-21,2.4014869528
3.8966335564e-21,1.5211239813
3.7615341780e-21,1.4554969777
3.9073498166e-21,1.5263287960
3.6651451584e-21,1.4086051253
5.0792493753e-21,2.1181613337
3.6229934155e-21,1.3880639760
3.7350689306e-21,1.4426309163
3.5854919260e-21,1.3697655806
6.3821877402e-21,3.3676040655
4.0247529533e-21,1.5833860658
3.7400628594e-21,1.4450591422
4.2461112772e-21,1.6914395982
3.0631426208e-21,1.1107319594
3.5902515248e-21,1.3720893109
3.5505076191e-21,1.3526725217
5.7087086646e-21,2.5007348065
3.6683505471e-21,1.4101661452
4.2596325493e-21,1.6980732487
6.3742524130e-21,3.4850805951
4.5466417495e-21,1.8403805488
3.8037615995e-21,1.4760161042
4.7936649015e-21,1.9662672455
4.2675341070e-21,1.7019521131
4.6857929202e-21,1.9107966832
4.2903897024e-21,1.7131818240
4.8029456136e-21,1.9710812115
5.0716809479e-49,24.7763703161
3.9566214766e-21,1.5502644299
4.9435715586e-21,2.0449543034
2.9625998510e-22,8.0477194158
4.3986093390e-21,1.7665804756
4.1104292406e-21,1.6251068791
4.5719495806e-21,1.8531037521
3.6240989781e-21,1.3886030694
3.9526477346e-21,1.5483336310
6.3574306704e-21,3.2217811689
6.3162573337e-21,3.6606898241
5.0828214563e-21,4.6576952924
5.5183150281e-21,2.3746807182
3.5388651394e-21,1.3469787182
4.5435274791e-21,1.8388172372
4.7168292487e-21,1.9266694705
4.9866605298e-21,2.0679772216
3.7279964125e-21,1.4391916332
5.8601245458e-21,2.6118741856
6.1438045599e-21,2.8697025618
2.1704528588e-21,6.1503594427
5.3161638367e-21,2.2520256413
4.0179632912e-21,1.5800835496
3.4430934358e-21,1.3000238336
4.7332594877e-21,1.9350997743
7.8320680441e-26,12.3301443753
4.1097384601e-21,1.6247700826
1.8127429160e-21,0.4058161950
5.9976884687e-21,2.7257776856
5.9056316580e-21,2.6478994596
4.4762166841e-21,1.8051467555
5.6882163771e-21,2.4865361436
5.2480798487e-21,2.2126310672
5.3456553734e-21,2.2693586669
3.4569339618e-21,5.4709901208
8.6216138453e-22,7.1509117183
4.7533021032e-21,1.9454103076
3.5580338065e-21,1.3563517642
4.7700430756e-21,1.9540455742
5.9876992353e-21,2.7169509491
3.7620957502e-21,1.4557699282
5.1527529641e-21,2.1587768748
3.7695853419e-21,1.4594100152
2.0350712708e-21,0.5462070587
3.7535971174e-21,1.4516389513
4.7241803757e-21,1.9304389099
3.7563816300e-21,1.4529924925
3.7782924489e-21,1.4636413807
3.7831778290e-21,1.4660153129
4.0325999765e-21,1.5872034729
5.1840902678e-21,2.1763250406
4.5798581880e-21,1.8570868425
6.3071450605e-21,3.6788595078
6.3804856934e-21,3.3405390116
4.6306468769e-21,1.8827513313
2.4737797423e-21,0.8003112411
3.4623901112e-21,1.3095027969
1.1660711679e-21,-0.0777880970
5.6619365224e-21,2.4685749523
3.6186201443e-21,1.3859312961
4.1346393047e-21,1.6369157613
3.2866364978e-21,1.2227555406
6.0192331784e-21,2.7451752629
3.6089685955e-21,1.3812235066
4.0865330168e-21,1.6134603719
3.7601005649e-21,1.4548001644
4.0594585881e-21,1.6002748110
4.5753886470e-21,1.8548353783
3.6970378540e-21,1.4241311666
3.9360313325e-21,1.5402607638
4.7347444494e-21,1.9358626661
4.0417472572e-21,1.5916542636
2.0220987162e-21,0.5382662349
3.4578884370e-21,1.3072923513
4.4242114135e-21,4.9985382705
4.5673055343e-21,1.8507664286
4.0748157465e-21,1.6077527047
3.7378870804e-21,1.4440012272
5.1287226683e-21,2.1454170598
3.4905989077e-21,1.3233423827
3.3236563708e-21,1.2411113233
6.2351782727e-21,2.9824542586
3.9774971848e-21,1.5604092644
5.6236671064e-21,2.4428849782
3.9402260146e-21,1.5422985743
6.2036985900e-21,2.9405912284
3.6455454751e-21,1.3990571003
3.4779001673e-21,1.3171146802
2.1322502039e-21,0.6048157495
6.8746030410e-22,7.3579778435
5.9953588784e-21,2.7237100487
3.4978023621e-21,1.3268733579
3.8520853833e-21,1.4994883668
2.8261409283e-21,0.9890327494
3.8469300459e-21,1.4969845353
3.9345609851e-21,1.5395464751
5.4844030069e-21,2.3534193695
6.3711644969e-21,3.2763234926
3.8948107870e-21,1.5202386958
3.5920642262e-21,1.3729742011
2.1007806736e-21,0.5860010482
5.0800851763e-21,2.1186191131
5.5929294525e-21,2.4226229786
3.6856250909e-21,1.4185765944
4.7592706629e-21,1.9484865305
4.0273709752e-21,1.5846596054
3.4964088286e-21,1.3261903748
3.4731439748e-21,1.3147811272
6.1800364632e-21,2.9114096758
4.4205678715e-21,1.7774671812
9.9912060036e-24,10.1466725121
4.5836210047e-21,4.9188305630
2.9641480466e-21,1.0603167946
5.4744862506e-21,2.3472595573
3.6548011182e-21,1.4035666627
3.7997439091e-21,1.4740642387
4.2721964737e-21,1.7042416762
4.1259710503e-21,1.6326865163
3.4962777611e-21,1.3261261351
3.6692138020e-21,1.4105865265
4.6390153050e-21,1.8869948043
3.6243149046e-21,1.3887083570
4.5681880111e-21,1.8512104838
6.3031328105e-21,3.0912975757
4.8434352633e-21,1.9921674838
4.0630759916e-21,1.6020359645
4.8181439159e-21,1.9789799678
2.5150949994e-21,0.8230288386
6.0080375283e-21,4.0427815130
3.6398588555e-21,1.3962858424
3.5048825591e-21,1.3303427200
4.1910649131e-21,1.6644808233
3.7956874345e-21,1.4720934558
7.5667649108e-29,14.7478189299
6.2439101228e-21,2.9948127580
4.8664251996e-21,2.0042035456
2.5888910857e-21,5.9146309125
5.9510665488e-21,2.6854086374
3.4209326436e-21,1.2891254716
6.3736317602e-21,3.4885953011
3.7672717276e-21,1.4582855940
3.9491648933e-21,1.5466414250
3.7685777599e-21,1.4589203326
3.6039140707e-21,1.3787574183
3.8127189619e-21,1.4803675043
2.9720610835e-21,1.0643673824
4.6317340849e-21,1.8833023909
4.9258407855e-21,2.0355368627
5.1370357211e-21,2.1500295188
3.9696660542e-21,1.5566032952
5.9583715783e-21,2.6915999390
1.8546623944e-21,6.3447834416
2.4497091636e-21,0.7869933333
3.6275572845e-21,1.3902892821
6.3068285381e-21,3.6794706847
3.6536620069e-21,1.4030117261
3.9869648830e-21,1.5650111897
4.0756674674e-21,1.6081675269
3.7249368629e-21,1.4377036695
5.4552459729e-21,2.3353797060
1.1217472222e-22,8.7340402891
6.3748392354e-21,3.4816353564
5.7218024099e-21,2.5099001104
5.8402504770e-21,2.5965706660
3.6452357241e-21,1.3989061616
6.3809326818e-21,3.4318509830
4.8282978144e-21,1.9842678692
4.2831340554e-21,1.7096152508
3.8991764765e-21,1.5223590402
3.9400104375e-21,1.5421938433
5.1793088773e-21,2.1736380943
6.2712801298e-21,3.0362197508
3.4674776498e-21,1.3120002870
3.3365278007e-21,1.2474820897
3.6164156387e-21,1.3848561258
6.2982648957e-21,3.6955553747
4.6214154128e-21,4.8997385408
2.1420903363e-22,8.2875925781
4.3347856002e-21,1.7350401397
1.3190364862e-21,0.0502609045
3.5668390904e-21,1.3606548801
5.4928913472e-21,2.3587122613
4.9070274422e-21,2.0255788229
3.6964642507e-21,1.4238520301
3.8293076180e-21,1.4884253496
3.0356160019e-22,8.0292094503
4.5574099025e-21,1.8457899135
3.9164461127e-21,1.5307470138
2.1903765661e-21,6.1386378092
3.6727536131e-26,12.6246786315
3.4673841856e-21,1.3119544111
3.9445642542e-21,1.5444062098
3.3114094086e-21,1.2350442858
3.0794678042e-21,1.1189943601
3.8787679139e-21,1.5124471424
3.9832258119e-21,1.5631936762
4.1206647414e-21,1.6300982093
3.6308447500e-21,1.3918920241
3.8079559998e-21,1.4780537439
3.7118474890e-21,1.4313368492
6.0023601354e-21,2.7299411530
4.3232796154e-21,1.7293691653
5.0597832450e-21,2.1075245544
4.1159895216e-21,1.6278181288
6.1052499252e-21,2.8284805482
4.2054496454e-21,1.6715187491
5.9781744419e-21,2.7086277936
5.2145362012e-21,2.1935172687
4.2243252336e-21,1.6807611738
3.6384326216e-21,1.3955907224
2.1550026575e-21,0.6183247630
6.3825940831e-21,3.3908330197
6.0723014016e-27,13.2895830639
2.6290561857e-25,11.8378404709
4.1162413269e-21,1.6279409236
3.6691503864e-21,1.4105556451
4.1885175521e-21,1.6632349737
3.9598758115e-21,1.5518457422
2.2398387762e-21,0.6680335316
6.2721705075e-21,3.0376455072
5.4999682710e-21,2.3631396513
3.5119302169e-21,1.3337949833
5.2265761927e-21,4.5774571370
3.9243961987e-21,1.5346086970
4.3562581680e-21,1.7456352307
3.2187238395e-21,1.1889467783
3.8332549979e-21,1.4903426464
4.1591826408e-21,1.6488979139
3.8794772864e-21,1.5127916592
3.4168541133e-21,1.2871182028
3.9814424676e-21,1.5623268524
5.0646041138e-21,2.1101543542
5.0518832749e-21,2.1032213261
6.1307949320e-21,2.8554660154
5.1171324996e-21,2.1390023105
3.4253032254e-21,1.2912759483
3.2760256769e-21,1.2174850453
4.5533695654e-21,1.8437595371
4.9663236329e-21,4.7207274287
5.1940737949e-21,2.1819466332
4.4878366143e-21,1.8109437705
3.3762757430e-21,1.2671205705
3.7262581980e-21,1.4383462906
4.4586842495e-21,1.7964116818
3.5798115212e-21,1.3669917572
1.3274471441e-25,12.1190648154
3.3051980590e-21,1.2319652030
4.2905344103e-22,7.7576967585
4.8690408158e-21,2.0055759268
4.6234074147e-21,1.8790837899
3.5546468657e-21,1.3546961693
4.7761937164e-21,1.9572236077
4.9129226978e-21,2.0286954775
3.6971536438e-21,1.4241875137
3.6613935896e-21,1.4067779451
5.6850466841e-21,2.4843553147
3.2725364604e-21,1.2157509883
3.1360530796e-21,5.6302851499
5.5600039445e-21,2.4012598735
6.0562594360e-21,2.7797798108
5.3959483729e-21,2.2993260933
2.3290666492e-21,6.0585480815
6.2802511674e-21,3.0508502113
4.7540700700e-21,1.9458059699
6.1858715489e-21,3.8593658495
5.7076489621e-21,4.2778174704
3.7437709752e-21,1.4468620244
4.0728226937e-21,1.6067820469
4.6331278516e-21,1.8840089380
2.9950851635e-21,1.0761320636
6.0015989182e-21,2.7292611730
1.5709862905e-45,23.4037759419
9.1154212375e-25,11.3005729705
3.6571441701e-21,1.4047080627
3.4255771916e-21,1.2914107311
1.6156789542e-21,0.2724267138
6.3794627688e-21,3.4478386465
4.3328470916e-21,1.7340843987
4.9752088980e-21,2.0618390631
4.1371224276e-21,1.6381275237
4.7918601790e-21,1.9653319349
4.4476259688e-21,1.7909091676
4.0800935055e-21,1.6103233457
6.2860644697e-21,3.7171465719
2.9442915092e-21,1.0501358076
5.0955358485e-21,2.1270979336
5.7545700130e-21,2.5331722016
5.0080090343e-21,2.0794590363
3.9944408026e-21,1.5686454599
5.1991287376e-21,2.1847988748
3.6533622154e-21,1.4028656748
4.0065977242e-21,1.5745562899
4.0867765470e-21,1.6135790200
2.9563199826e-21,1.0563059982
5.0510227075e-21,2.1027530266
5.2310130910e-21,2.2028829297
3.9156010896e-21,1.5303365629
4.9296322601e-21,2.0375479730
3.9328543068e-21,1.5387173890
3.7757505059e-21,1.4624061292
4.0971716105e-21,1.6186443166
4.7921031920e-21,1.9654578629
3.1037373254e-21,1.1312521964
3.2637896048e-21,1.2114019601
6.2260759931e-21,2.9699417715
3.5669381617e-21,1.3607032874
6.3377238517e-21,3.6122443868
5.3908850017e-21,2.2962846508
6.3546056855e-21,3.2126310293
6.1808904805e-21,2.9124336987
3.5868655141e-21,1.3704362353
3.5796276254e-21,1.3669019483
5.8160468617e-21,2.5782551593
3.7886105443e-21,1.4686550514
4.3312238527e-21,1.7332841905
4.7410715154e-21,1.9391149783
5.4938589806e-21,2.3593168342
5.1794010147e-21,2.1736898390
3.4683275182e-21,5.4653963050
4.5519864973e-21,1.8430647079
5.3499295744e-21,2.2718850363
6.1631274823e-21,2.8915406589
3.4846532773e-21,1.3204270246
5.0253767035e-21,2.0888381835
6.3825829783e-21,3.3849055790
5.8231190139e-21,4.1942421318
4.5382536146e-21,4.9416427355
3.4282573306e-21,1.2927291640
4.7544958653e-21,1.9460253620
5.6656839487e-21,2.4711197293
5.8737264496e-21,2.6224935081
4.5377207320e-21,1.8359036931
3.8610222071e-21,1.5038287081
4.0963112111e-21,1.6182250007
3.5681582014e-21,1.3612993959
5.9806219944e-21,2.7107580746
4.0626782301e-21,1.6018423038
3.6557666789e-21,1.4040370374
4.3844194795e-21,1.7595553260
6.3715606497e-21,3.4995208085
5.8774659879e-21,4.1523791480
3.9623093268e-21,1.5530282506
4.4561084631e-21,1.7951295147
6.3793316471e-21,3.4490588749
3.6311906549e-21,1.3920606539
4.4064635672e-21,1.7704722944
5.1167420178e-21,2.1387865135
3.7157586540e-21,1.4332394603
5.0069208007e-21,2.0788725098
5.9982743466e-21,4.0515151582
3.7526074221e-21,1.4511578501
4.3096472548e-21,1.7226556865
5.1751996413e-21,2.1713316323
3.6566128784e-21,1.4044492545
4.9159616438e-21,2.0303034110
5.5036454197e-21,2.3654454128
6.1476431396e-21,3.9038412691
8.7603591788e-22,-0.3580673787
3.8367523683e-21,1.4920413353
3.7968618054e-21,1.4726640159
5.1589913888e-21,2.1622586911
6.3820468243e-21,3.3642105876
3.3414844291e-21,1.2499338840
4.4512378318e-21,1.7927058186
2.0265181821e-21,0.5409747178
3.6047556938e-21,1.3791680737
6.3813064221e-21,3.3510898198
3.9977491156e-21,1.5702538741
3.6523319567e-21,1.4023637477
4.7210953645e-21,1.9288565377
4.5412662594e-21,1.8376824592
4.3444094235e-21,1.7397868253
6.1428157726e-21,3.9092058144
3.4036822603e-21,1.2806323184
5.2079031104e-21,2.1897592929
3.9306031603e-21,1.5376238239
3.7166989804e-21,1.4336968654
5.3424621343e-21,2.2674736254
3.8488212155e-21,1.4979030382
5.1461826893e-21,4.6226978026
4.2421546675e-21,1.6894993662
3.6558911725e-21,1.4040976838
6.3507850012e-21,3.2009572421
4.9251957405e-21,2.0351948552
5.9313630466e-21,2.6689376374
5.0007008705e-21,2.0755227316
4.5605879642e-21,1.8473875863
3.4520154977e-21,1.3044077790
5.7761340713e-21,4.2290492446
4.4910148014e-21,1.8125304134
4.7591906693e-21,1.9484452835
3.4594816912e-21,1.3080747431
4.3502387485e-21,1.7426635079
5.2806788473e-21,4.5464242962
5.6483354705e-21,4.3184303717
3.7761508636e-21,1.4626006847
6.2650161708e-21,3.0263421908
5.8921817901e-21,2.6371015352
3.4220325054e-21,1.2896666926
3.4985885146e-21,1.3272586380
4.3248891543e-21,1.7301622013
3.8551087041e-21,1.5009567097
6.2245357753e-21,2.9678595128
4.3910750616e-21,1.7628494346
3.4901533787e-21,1.3231239533
3.6743193750e-21,5.3647411259
4.9925724701e-21,2.0711517144
4.7898707218e-21,1.9643011880
3.9156111072e-21,1.5303414287
3.7333677028e-21,1.4418036697
5.0734876281e-21,2.1150079782
3.6845494674e-21,1.4180530124
5.1674760457e-21,2.1670033201
3.9644097370e-21,5.2237648076
5.1523240179e-21,2.1585376770
4.6861938659e-21,4.8668124143
5.4413725166e-21,2.3268703637
3.5972735049e-21,1.3755168457
2.9832097935e-21,1.0700679548
5.6665881214e-21,4.3060791971
6.2093551622e-21,2.9478358055
4.2659123097e-21,1.7011558343
3.3404221241e-21,1.2494084852
4.6970269183e-21,1.9165343727
3.9650349320e-21,1.5543527352
4.7186329238e-21,1.9275939845
3.7085585457e-21,1.4297368015
3.0397528079e-22,8.0281719368
4.0753690107e-21,5.1697915652
3.4652406264e-21,1.3109022065
3.7718817165e-21,1.4605260234
3.7176476043e-21,1.4341582977
4.7834186100e-21,1.9609604984
3.2814648437e-21,1.2201872600
3.9330547870e-21,1.5388147795
3.1231814344e-21,1.1410516361
5.3117168920e-21,2.2494266621
3.7295731766e-21,1.4399584341
4.1607768856e-21,1.6496766288
4.6794969123e-21,1.9075847638
3.5510887384e-21,1.3529566476
4.3721010618e-21,1.7534628114
5.9656996337e-21,2.6978587614
3.4326867593e-21,1.2949076786
1.2075846456e-22,8.6850537159
4.5381406429e-21,1.8361143256
6.2044580272e-21,3.8362563003
3.6660532656e-21,1.4090473858
6.2450910986e-21,2.9965127622
5.5571643681e-21,2.3994332243
1.4232665629e-22,8.5742126431
4.2613876823e-62,29.2785743322
3.6910624193e-21,1.4212231191
4.3518958415e-21,1.7434814714
3.6437270173e-21,1.3981709631
3.7927977011e-21,1.4706894698
5.2606841144e-21,2.2198619750
1.8895065540e-21,6.3224402999
3.8138973574e-21,1.4809399340
5.6234242562e-21,2.4427236320
5.3320306933e-21,4.5164838717
3.4489620010e-21,1.3029076525
5.3089594134e-21,2.2478169601
4.3721453292e-21,1.7534846954
3.7359592907e-21,1.4430638568
6.1221929154e-21,2.8462417404
4.7471387526e-21,1.9422365103
4.3026706129e-21,1.7192221812
4.6812773495e-21,1.9084927881
2.7711528916e-21,5.8175496168
3.5618616307e-21,1.3582225969
5.0023064235e-21,2.0763869911
3.3602136228e-21,1.2591908737
4.0841901916e-21,1.6123189895
5.8939283839e-21,2.6384963547
3.8298276541e-21,1.4886779407
3.6488609524e-21,1.4006726158
3.7430554803e-21,1.4465141603
4.4521153833e-21,1.7931424247
6.3808303559e-21,3.4331512852
5.7240003690e-21,2.5114459418
3.6772653422e-21,1.4145069478
5.2318410969e-21,2.2033547483
5.6565665330e-21,2.4649376319
9.0892498758e-22,7.1009494364
3.5013623570e-21,1.3286179351
3.5501220875e-21,1.3524840205
6.2694484275e-21,3.7445097278
4.3462383904e-21,1.7406892672
3.5245011099e-21,1.3399499888
4.9146832695e-21,2.0296269011
3.0503393995e-21,1.1042422540
6.3736945467e-21,3.4882453846
3.5082425931e-21,1.3319887598
4.4841019473e-21,1.8090799190
4.1410340401e-21,1.6400366146
3.6226216181e-21,1.3878826762
3.3805302652e-21,1.2692196147
3.2542245650e-21,5.5711710066
4.2104568590e-21,1.6739697065
6.1749270947e-21,3.8724881482
4.1912046389e-21,1.6645491638
5.2673491912e-21,2.2236967386
6.0869795099e-21,3.9679283509
9.6230435004e-45,23.0810758056
5.5067427731e-21,4.4104232781
3.2439057466e-21,5.5763093432
4.0294619656e-21,5.1921369096
3.6748502341e-21,1.4133310793
5.6543986864e-21,2.4634723334
6.2573791735e-21,3.0146392351
4.3190799234e-21,1.7273003280
3.7642505950e-21,1.4568172636
4.5415771250e-21,1.8378384493
3.7957291635e-21,1.4721137297
4.5173159741e-21,1.8256792118
4.2084078984e-21,1.6729666998
5.5664569353e-21,2.4054200992
4.2990576230e-21,1.7174446615
3.5720807633e-21,1.3632157574
2.6431634458e-21,0.8923875488
3.5838416456e-21,1.3689597857
3.6575900450e-21,1.4049252588
6.3049374045e-21,3.0947172575
5.7959562969e-21,2.5633043880
5.2452767994e-21,4.5667870537
3.7485465166e-21,1.4491837231
4.3443077343e-21,1.7397366536
4.3948078974e-21,1.7646976962
4.9700902064e-21,2.0591000191
6.3818745735e-21,3.4172038315
3.7236186643e-21,1.4370625575
4.6688757041e-21,1.9021723021
5.2957872991e-21,4.5376664535
4.6868941023e-21,1.9113587265
4.0801034675e-21,1.6103281982
5.5340454883e-21,2.3846506147
3.6706582566e-21,1.4112899145
1.9570407593e-22,8.3523589311
4.5329374220e-21,1.8335049646
3.8566854515e-21,1.5017224883
5.8214325784e-21,2.5823012389
4.0350136482e-21,1.5883778034
4.1807709419e-21,1.6594471685
5.5263802683e-21,2.3797836729
6.1690676705e-21,2.8984351639
3.5642544238e-21,1.3593919182
3.3457778289e-21,1.2520569440
3.7644401132e-21,1.4569093750
5.2447449306e-21,2.2107223994
4.6774263700e-21,1.9065290511
4.1784886907e-21,1.6583314771
3.5211651430e-21,1.3383169640
5.4761645323e-21,2.3483002445
5.0779777685e-21,2.1174650294
5.8716273341e-21,2.6208467122
5.4062097474e-21,2.3055072288
5.3532710406e-21,2.2738626675
3.6416405466e-22,7.8884166147
3.7321525683e-21,1.4412127773
3.7108108340e-21,1.4308325358
6.1078989668e-21,3.9465903099
3.8635624330e-21,1.5050624063
