likelihood_theta1,theta1
1.8847918441e-23,0.4582164835
8.5941824329e-23,0.6611257386
7.9557663446e-21,1.6615406030
1.2140655454e-21,2.4367126987
7.1572847472e-21,1.9741252081
1.1183987927e-22,0.7018835207
7.5871909837e-21,1.6240020067
2.4624171335e-22,0.8285796643
8.5187045429e-22,1.0394650800
1.1362778501e-21,2.4479664186
5.6217894112e-24,3.0721491175
8.5310877725e-22,1.0397259016
6.9597860582e-28,3.7210240619
5.8030151716e-23,0.6027690624
8.4883958793e-21,1.7950224997
6.0215003749e-23,0.6081130237
6.4157711680e-21,2.0282213156
8.2376311591e-25,0.1925063505
3.9949961073e-24,0.3087371182
3.0986018114e-22,0.8663675068
5.4779701778e-21,2.0902363736
7.7569391268e-21,1.6402793938
5.1406228730e-21,1.4474322886
9.7896385344e-25,0.2038838337
2.2324734692e-21,2.3229681883
8.4897800363e-21,1.7687615493
1.4978438873e-23,0.4329510639
4.4607623964e-22,0.9271942750
1.4636615584e-22,2.7356174822
5.0669214929e-21,2.1167116015
1.8951183383e-25,0.1081081545
1.2363320658e-22,0.7176520209
5.2241070970e-23,0.5877618180
1.6110267328e-25,0.1002210442
2.4518576218e-24,3.1450962058
1.2210890195e-23,0.4115497902
5.2348326735e-21,2.1059033289
1.7519454661e-24,0.2445469890
1.0127783251e-24,3.2188303976
3.9364107950e-21,2.1910695917
9.9665835160e-27,0.0056307343
2.7290601664e-23,0.5018350273
4.0608802677e-26,0.0461769221
7.6791782414e-26,3.4150576573
2.7139960867e-21,1.2719596876
2.5106171996e-26,0.0319089307
2.5847509256e-21,1.2606769186
5.7806989774e-21,2.0705999466
2.2551237734e-26,3.5003016138
3.8004224445e-22,0.9002931647
4.2282728981e-21,2.1714069410
3.5969664365e-23,2.8924533913
2.1624526881e-21,1.2209836460
3.2095627510e-21,1.3124234918
4.3091153315e-23,0.5610297356
2.3501156850e-25,0.1190272813
8.6424366195e-27,0.0015456426
1.8270322987e-21,1.1853732008
4.9130988475e-23,0.5791306656
2.9814949842e-22,2.6460176698
1.1709440639e-25,0.0856504538
5.5409809651e-21,1.4737811367
5.8671449836e-25,0.1710269344
3.1578440829e-22,0.8694995709
4.9856523762e-22,2.5754240627
8.4836873685e-21,1.7988536869
1.8643094249e-25,0.1072981587
4.9052047196e-24,0.3260890367
3.7273797119e-22,2.6160483582
3.2376015061e-28,3.7660607330
1.9397843553e-21,1.1978386694
5.0126915336e-23,0.5819415616
1.5730073977e-23,0.4382251203
6.4445943330e-24,3.0597539711
5.0427189232e-23,2.8566764820
6.5596994655e-23,0.6206177792
5.6837068820e-33,4.3151511241
5.3295337634e-23,0.5905929593
2.9967219526e-21,1.2955296725
3.4814697401e-21,1.3331394303
1.4226908370e-27,3.6778950218
2.9177814411e-21,1.2890885486
1.1840135497e-26,0.0110139598
3.9824690113e-21,2.1879344912
8.4459934857e-21,1.7454530399
2.7383233640e-21,1.2740451950
8.0850192026e-21,1.6772935490
1.4117434809e-22,2.7399556335
8.0771437556e-21,1.8859242713
4.9573032150e-25,0.1607967133
8.9224733707e-25,3.2290933766
3.7726435583e-21,1.3544453014
2.9604225547e-21,2.2617066489
1.8030537085e-22,0.7779338252
2.4343229200e-22,2.6724122105
4.1235122904e-22,0.9139600350
4.6271821879e-23,0.5707979210
1.9027259259e-23,0.4592863851
2.1222577502e-23,0.4717931935
5.3826005901e-22,0.9591171138
1.0241414166e-23,3.0168269828
6.2083858747e-22,2.5434505669
5.0600448868e-22,0.9485655783
4.4571257328e-21,2.1562768728
1.9175273574e-22,0.7878816450
1.2545432935e-24,0.2207733987
4.8922222140e-21,1.4310432744
2.4144145013e-21,1.2452342597
3.1253888991e-24,0.2887422944
7.9847550516e-23,0.6499513635
9.0421626553e-25,0.1986104944
7.6541461019e-22,2.5117116389
8.4123155581e-25,0.1938731398
8.3387946546e-21,1.8448456628
3.3110551774e-21,1.3202603457
8.0599496806e-21,1.6740793354
8.4817343543e-22,2.4956628211
5.7716512002e-21,2.0711902364
2.5132350436e-25,0.1225388975
5.6302848043e-26,3.4370778822
9.4597155089e-27,0.0039359566
1.8179940303e-24,0.2472564484
7.5635313644e-25,3.2423692071
1.4871167958e-22,0.7469943386
2.4778693082e-24,0.2705393977
3.8721934906e-21,2.1954632792
7.6203360688e-22,1.0195941459
2.7483409987e-26,0.0344832113
1.6010158798e-22,0.7588103873
1.3840216104e-21,2.4138894809
1.6438012387e-23,0.4430166813
5.5413489137e-21,2.0861414330
2.1662087701e-21,1.2213591637
9.4286074277e-34,4.3924925742
3.5489025810e-25,0.1413674024
6.2496828113e-21,2.0395311650
4.6276815659e-21,2.1451250632
2.9276872469e-23,0.5105469337
3.6997993798e-23,0.5406021300
4.2242128489e-27,3.6101393217
1.3037875267e-21,1.1183073036
4.3359290025e-24,0.3155884252
3.1340481720e-21,2.2484032383
2.6186587960e-26,0.0331029822
1.2292897881e-23,0.4122361174
1.9927634431e-22,0.7941154206
9.2228964681e-22,1.0537995856
4.8759124443e-23,0.5780693252
1.8630484405e-24,0.2490571855
7.9538007975e-22,2.5057477859
4.3847942221e-21,1.3970890909
6.0921383657e-38,4.7665611539
3.1406570716e-23,2.9065150290
6.6812527122e-21,1.5515149584
1.1901059951e-24,0.2171289100
1.9098153621e-25,0.1084910053
2.6013314302e-22,0.8375685539
1.5347475928e-23,0.4355655807
6.7382970554e-21,1.5556518830
6.7515835290e-22,0.9982990247
1.7229092524e-21,1.1733407264
1.9273651085e-29,3.9231102847
8.4100491741e-21,1.8281513741
1.3209240769e-24,0.2243655214
7.5493254031e-22,1.0179368191
1.7376639710e-22,0.7719777066
3.4189361251e-24,0.2959622140
6.0264548204e-26,0.0593685895
9.5450619552e-24,0.3869524931
8.4646540136e-21,1.7529464140
2.4627874169e-27,3.6440611407
1.7276557267e-21,1.1739010152
5.9524696109e-23,0.6064422271
1.2096580748e-22,0.7142109716
4.8032550386e-24,0.3242856048
4.9516786929e-21,2.1241383754
3.4352395905e-24,3.1159187277
7.6223982708e-21,1.9346375614
3.2122987804e-24,0.2909372369
1.7863006155e-22,0.7764276937
5.8327998423e-23,2.8409113371
2.2454665936e-21,2.3217754840
3.4780072131e-22,0.8855166446
2.1935450362e-25,3.3382250463
2.5603710995e-21,1.2585083541
2.9558559006e-24,3.1289985661
1.0822687764e-23,3.0116146288
3.7163819097e-21,2.2062420533
3.7943714640e-25,3.2965396398
7.4766552816e-25,0.1862514321
7.3244646919e-23,0.6369718204
3.1188458890e-22,2.6400515129
8.3817376558e-21,1.8353868691
1.1365451459e-22,0.7044067002
4.3832953413e-23,0.5633579336
5.3747097115e-21,1.4628318417
6.2243559783e-25,0.1746835716
5.7456683155e-21,2.0728839894
4.3081095298e-21,2.1661038856
3.6754352452e-24,3.1099961511
8.8510390691e-22,2.4889000414
7.5001687506e-21,1.9456788561
2.5773875591e-21,2.2926615463
1.3333257692e-21,1.1226150413
1.3817805508e-21,1.1295173306
3.2019960411e-25,0.1356216075
8.3614086688e-21,1.7223164217
3.0198303853e-30,4.0195866344
2.1449311964e-23,0.4730273910
4.8421736577e-23,2.8610331730
4.8942279255e-22,0.9428975633
9.7832481092e-23,0.6810440356
3.2545242152e-21,1.3159115165
8.4617818846e-21,1.8107502892
4.2244729359e-21,1.3861439480
7.3157668862e-21,1.9613685062
2.2717348671e-25,3.3355945333
2.5787038147e-22,0.8361361492
5.1136455767e-22,0.9503611275
1.3269127712e-21,1.1216864163
5.7779782217e-25,0.1700852342
6.4647469688e-21,1.5361216984
9.1287220377e-24,0.3826297637
1.6488409354e-21,2.3821147568
5.6482163328e-25,0.1686929095
6.1108444213e-23,2.8358204125
4.5508548291e-21,2.1501371822
7.1128112448e-25,0.1830694333
4.2475053337e-23,0.5590717770
3.5461191864e-21,1.3379414304
4.0461206567e-21,1.3737983901
7.2731725374e-22,1.0113574261
1.0637269166e-21,2.4590041968
5.9940724850e-25,0.1723470310
1.2486106581e-25,0.0884827114
1.1380018210e-23,0.4043830193
5.6969556777e-23,0.6001146480
9.4542810089e-24,3.0243404926
8.2582138899e-21,1.7026362915
5.4859475946e-30,3.9890390399
7.1063016990e-21,1.5834133605
1.9910996127e-21,1.2033360037
4.0634164204e-21,1.3750042937
3.4140703991e-21,2.2277122016
3.3518431574e-25,3.3060733068
3.2655134134e-23,0.5243714229
1.7599222486e-22,0.7740287421
8.3672285574e-21,1.7236167679
2.6254475710e-21,1.2642676608
2.1972702676e-21,1.2244471865
1.1349987047e-25,0.0842939383
4.7194202457e-21,1.4195726593
3.2476788688e-22,0.8741440169
1.6171035851e-22,0.7604148356
1.6934123108e-22,0.7678247237
6.8862784806e-21,1.5665720193
8.6810844027e-25,0.1959300652
3.7154002379e-23,0.5411569773
7.1554832684e-21,1.5872964436
3.2444851708e-26,0.0393225694
1.0720808904e-23,0.3983967262
1.0215308438e-25,0.0798012836
1.3313427081e-23,0.4204899142
1.2609144850e-21,1.1119114610
7.3162236573e-25,0.1848647854
1.6160359453e-22,0.7603088282
6.5004288868e-22,0.9916856275
2.9895972893e-24,3.1280151171
2.2129010850e-21,1.2259896075
6.0200803783e-24,0.3440253395
1.0568721774e-26,0.0075383297
7.4867310791e-24,0.3638626158
2.4986100300e-21,1.2529539438
1.8492174163e-25,3.3509856310
1.7085469172e-23,0.4472609727
7.0475466226e-25,0.1824842589
1.6888514272e-25,3.3577220429
1.1621546295e-23,0.4065077587
7.9382673774e-21,1.6595450161
3.7990888116e-22,0.9002345186
8.5791864454e-22,1.0407358598
9.3328838112e-22,1.0559523697
6.9716069711e-23,0.6296165329
1.2203292752e-22,0.7155959513
1.0710881523e-22,0.6951245250
2.5758007046e-21,1.2598823479
2.3975111138e-24,0.2680075759
6.7853525200e-21,1.5590935049
1.2209694653e-33,4.3815367362
3.4388395549e-24,3.1158271376
2.7080824219e-22,2.6586316152
1.3952318243e-21,1.1313988768
2.4508752348e-23,0.4887755510
1.3136211258e-23,0.4190930942
2.0714817256e-26,0.0265454681
7.7457010529e-21,1.9228317122
1.2063750491e-23,0.4103092257
1.9947286634e-22,0.7942752191
9.5426834791e-22,2.4768102742
7.9719610731e-21,1.6634132438
1.2201339154e-23,3.0002199922
9.2604440016e-22,1.0545369787
1.1636960775e-22,0.7081136567
1.3358257652e-22,0.7299061874
9.9554271573e-24,0.3910682498
5.3666160110e-21,2.0974177619
1.2722052023e-22,0.7221727906
1.9503800555e-21,1.1989823918
1.2488548398e-23,0.4138591066
2.3841079331e-23,2.9345804831
7.5725447947e-28,3.7159884010
3.2467249233e-23,0.5236322995
2.4595470729e-21,1.2493941707
2.4292384014e-21,2.3053525242
1.7828325761e-25,0.1051056743
5.2038556855e-21,1.4515935262
1.4954142086e-21,2.4000312490
3.5419931180e-21,1.3376362516
8.0634898840e-23,0.6514362423
2.4765495526e-25,0.1217651628
9.3359760321e-24,0.3848008890
8.3814750104e-21,1.8354495775
7.9924885984e-21,1.6658244887
1.1386103640e-24,0.2140941686
4.3997143871e-21,2.1600526977
5.0445265106e-23,2.8566379322
3.1463332817e-22,0.8688954093
5.1914033464e-22,0.9529353063
2.5655153109e-22,0.8352957169
5.5589338515e-26,0.0565358855
4.8088790048e-21,1.4255201420
2.9831449697e-21,1.2944290323
1.0025113363e-22,0.6848280861
5.1177867587e-24,0.3297518770
2.4542900893e-22,2.6713629920
1.3782722579e-21,1.1290241800
3.3265972098e-22,2.6314407069
6.3693585756e-21,1.5294719960
1.5796480571e-22,0.7566555654
4.4079369905e-22,0.9251844020
2.6226800717e-24,0.2749317634
2.5327896825e-21,1.2560387903
3.6003832814e-24,3.1118068280
5.8290398153e-23,2.8409816709
9.3711617302e-26,3.4007672924
4.8886550405e-22,2.5782292833
9.8553520514e-23,0.6821808670
4.4688361559e-25,0.1546431374
1.7219267741e-21,1.1732246052
8.2956461241e-21,1.7091807620
3.0072593227e-22,2.6448808552
7.1150050460e-25,3.2472505702
8.4949632828e-21,1.7859750975
5.2189341042e-26,0.0543723378
8.7256240944e-25,0.1962657314
8.0238834901e-21,1.6695994658
2.0764741714e-23,0.4692698468
3.3009018410e-25,3.3072465297
6.7874309952e-21,2.0020143431
2.0687411142e-21,1.2114616412
3.3507662948e-29,3.8933522289
4.7497516395e-24,3.0872877904
1.1475926824e-21,1.0941022628
1.1888517871e-22,0.7114777887
1.9750192094e-33,4.3610006973
3.0122598044e-24,0.2858069588
8.2374857576e-26,0.0710551886
7.6802581503e-24,3.0436634443
4.9933530759e-23,0.5813993062
5.8929228720e-21,1.4971155358
1.1006066163e-21,1.0862873093
5.5126065733e-24,3.0739194115
2.0275228947e-21,1.2071758340
1.6947853504e-29,3.9299632851
1.8151256243e-23,0.4539844763
3.9679505822e-26,3.4615481195
1.8560664070e-21,2.3596935445
4.4951238129e-21,1.4045501498
3.5351646904e-21,2.2190153392
1.9783964977e-24,3.1633454432
8.6282436314e-23,2.7973581849
5.7970777712e-21,1.4907291974
6.0903236864e-25,3.2595950913
5.5002746790e-21,1.4710980430
5.0560694754e-23,0.5831517632
4.7413459342e-22,0.9375120014
8.9813522766e-25,3.2285624202
1.3078662456e-29,3.9436991987
1.6447105561e-23,2.9713880040
1.1086857586e-23,0.4017556541
8.3803709217e-25,0.1936249929
8.1284883618e-21,1.6830886300
1.4088536219e-23,0.4264337051
8.4805331618e-21,1.7614206099
3.4316856721e-23,0.5307691954
4.9477384762e-24,0.3268322705
2.3716400945e-23,0.4848485312
4.9519219774e-24,0.3269050869
3.3794700387e-21,2.2302231716
1.4509973957e-24,3.1893045600
9.7259310245e-24,0.3887835739
6.0956269441e-23,0.6098895050
9.1701555646e-22,1.0527594277
8.4489261742e-21,1.8158891478
4.6920569951e-23,0.5727241385
2.2462081927e-22,0.8135745796
5.1963742381e-28,3.7383522172
2.4552128584e-22,0.8281003562
8.2121490839e-25,0.1923049333
1.2743836556e-21,1.1139396661
6.1977947313e-24,0.3466266187
8.4320937430e-21,1.7407537667
4.3978478056e-22,0.9247979807
6.5446612364e-23,2.8282799807
7.0820472945e-23,0.6319522553
9.1386849315e-23,0.6705332174
4.0403156663e-25,0.1487692381
3.8521433608e-24,0.3057205328
7.3249564001e-21,1.9606099989
6.9590949777e-24,0.3571237740
9.7086511744e-32,4.1868033762
3.0320392679e-23,0.5149429393
5.4298345759e-25,0.1662883358
9.4476608897e-22,1.0581757459
2.7425194760e-23,2.9204010336
4.2851193756e-22,0.9204232109
1.3998158536e-23,2.9870372154
6.1611452246e-22,0.9823760563
8.2422231973e-21,1.8623047489
1.6189141418e-22,0.7605944568
1.0118019472e-21,1.0707174966
1.8531965483e-23,2.9596754478
9.1717673548e-22,1.0527912919
2.4629146179e-22,0.8286127129
1.7188994463e-22,0.7702290955
8.2754995727e-23,0.6553724514
7.7176986956e-23,0.6448180333
3.9548194208e-22,0.9069550972
5.6998552932e-21,1.4842783540
7.4902262255e-21,1.6152605547
3.3423340135e-23,0.5273596825
3.5627496623e-21,1.3391697287
2.4380240178e-40,4.9559984758
7.9348819415e-25,0.1900786093
3.0962249220e-24,0.2879942438
2.7962967902e-24,0.2799357420
7.4877967619e-30,3.9729273500
1.4130949497e-24,0.2291074994
7.3242074516e-23,0.6369665700
1.1227922168e-22,0.7024978363
4.8116251380e-23,0.5762190208
1.1651344182e-21,1.0969515838
1.6109717344e-21,2.3864225759
1.7210579574e-25,0.1033920201
2.6479137792e-24,3.1384947089
7.0915143370e-24,3.0510037526
5.5467070080e-23,0.5962836824
8.4951306966e-21,1.7769373506
5.0988833400e-21,2.1146536047
3.2491851444e-21,2.2397900030
5.9758473749e-23,0.6070098494
2.5783885478e-21,1.2601122711
8.4223681278e-21,1.7377622649
5.2690102043e-26,0.0546969185
9.2633788549e-26,0.0757536795
4.2827778429e-24,0.3145505382
7.6549525925e-21,1.6303351183
3.0803147775e-23,0.5169372903
9.7463337709e-23,0.6804591002
8.2494338016e-23,0.6548933052
1.2702996248e-24,0.2216403625
1.8858703262e-23,0.4582810440
1.8430728114e-21,1.1871807705
7.3737399014e-21,1.9565450149
3.3047765155e-21,1.3197793090
6.9758743994e-22,1.0040210472
5.7678641306e-21,2.0714372339
5.3686990523e-25,0.1656007653
8.8377583400e-24,0.3795141059
4.6601728033e-25,3.2806042658
2.2394093510e-23,0.4780649106
4.3321624233e-21,1.3935102682
2.8506799646e-29,3.9020981136
4.5701370094e-21,1.4095941452
1.1097040985e-21,1.0878219395
6.9570662353e-21,1.9895002325
1.2121299525e-23,0.4107958436
9.0988850751e-22,1.0513455963
6.4843229078e-21,1.5374955380
3.9506316341e-26,3.4618516924
7.8369853160e-21,1.6484976425
8.5517585981e-23,0.6603707992
6.1251342548e-23,0.6105916563
1.6122906502e-21,1.1599357550
1.3601664581e-21,1.1264629404
4.9746575275e-21,1.4364923184
2.9698692279e-28,3.7710701012
9.5254436880e-23,0.6769167379
1.2362070263e-22,0.7176360514
2.9554812809e-34,4.4409835108
9.4912182790e-22,1.0590134340
6.3697801859e-21,1.5295012322
2.8357180357e-21,2.2715222779
3.2884774678e-21,2.2368854980
4.6151089460e-22,2.5863980134
2.6616151024e-23,0.4987660836
2.5499053028e-26,0.0323480452
4.1364671917e-21,1.3800764047
3.6769131783e-22,0.8947778024
8.0917601975e-22,1.0302634502
1.1921288917e-22,0.7119111983
6.3725039542e-21,2.0311875289
7.3149848297e-21,1.9614329549
6.5876663811e-21,2.0162770225
2.8844476248e-22,0.8545489495
8.2944526988e-21,1.7089634822
5.3771482627e-21,1.4629922746
8.1018660338e-21,1.8827093493
2.6375917413e-24,0.2753723456
1.1855971390e-25,0.0861949078
1.2163983539e-23,0.4111555941
6.6898006313e-23,2.8258575890
6.2825555633e-22,0.9857594747
1.2582564652e-22,0.7204291971
9.7269942893e-23,0.6801518553
3.0395803212e-22,0.8631899254
7.8504737311e-21,1.9121330093
3.7814285598e-24,0.3041925389
9.6495994165e-24,0.3880141514
1.5815290207e-25,0.0993433947
8.4587357390e-21,1.7503742671
1.9657060746e-22,2.6994746860
4.1029467391e-21,2.1797931478
6.5867237568e-21,2.0163432825
9.4240471973e-26,0.0764565142
6.6134905025e-21,1.5466474971
4.6157383583e-21,2.1459031227
1.5698614818e-28,3.8076479071
7.9421683944e-21,1.9021277886
7.4280944780e-21,1.6098330631
6.7921750665e-21,2.0016698216
2.5039389804e-23,0.4913513806
5.1087187233e-30,3.9927098688
1.6590700471e-22,2.7204189369
1.2440520438e-21,2.4325197247
3.4509292773e-21,1.3308555098
5.4458437483e-24,0.3351650256
7.3581467702e-32,4.1996996710
1.2514621629e-21,1.1104775120
5.4199831057e-33,4.3172335723
6.8667896204e-21,1.9962114969
3.0343238712e-24,0.2863866464
4.0448241168e-25,0.1488336493
3.0051706927e-22,2.6449727016
5.5907599249e-25,0.1680678775
5.0528913606e-22,0.9483246193
4.4094245879e-30,4.0002727969
3.0366487996e-25,3.3136228805
7.9284083632e-21,1.6584329159
1.9838117373e-25,0.1103849244
3.4300639052e-24,0.2962255128
1.7193102156e-28,3.8024752129
4.9101839404e-21,2.1268159137
6.5314697926e-26,0.0622659061
6.7060378619e-22,2.5319070909
3.6382149101e-21,1.3447090935
5.7166168048e-21,1.4853887950
6.6333307002e-25,0.1786605334
2.3060274528e-21,1.2350259656
3.8642199290e-21,1.3609893062
5.2746474874e-22,0.9556520629
1.7383740840e-26,0.0217293974
8.6254946281e-25,0.1955090780
1.4187634291e-21,1.1346558029
6.7432461621e-23,0.6246851635
5.6428360466e-22,2.5575259494
5.6806053938e-24,0.3388760282
3.8558443766e-23,2.8851836475
2.9309519506e-32,4.2419468288
1.7653931199e-22,0.7745290858
8.3344808401e-21,1.8457216402
3.2206733922e-24,0.2911460950
8.2080452185e-22,1.0328109900
2.1919940588e-39,4.8824436464
1.6960878457e-26,0.0210549222
5.4419748929e-21,1.4672584847
5.2042450738e-21,1.4516191442
9.1010544359e-26,0.0750349774
1.2140024210e-22,2.7578857147
8.0683994554e-26,3.4115213519
4.0611642779e-25,0.1490666046
3.3406453734e-22,2.6308751603
3.1141850719e-21,2.2499053175
1.3232383778e-24,0.2244879724
5.3440320824e-21,1.4608137548
1.5692162768e-25,0.0989734287
5.7123211658e-22,0.9693194131
4.0172015833e-23,2.8808740663
8.0488245239e-21,1.6726800682
1.3804087529e-21,2.4143524045
3.8155824287e-21,1.3575221886
9.5672026688e-22,1.0604668852
1.6319782463e-26,0.0199993257
3.2247253717e-21,2.2416068331
6.2889009081e-24,0.3479365703
5.2324604053e-22,0.9542802146
5.7512026956e-21,1.4876822560
1.1970461089e-24,0.2175293580
1.3502115577e-22,0.7316071170
3.7380451877e-23,0.5419591213
1.1947400382e-21,1.1016807220
1.8270242340e-21,2.3627277786
2.2415795940e-21,2.3221318291
1.3407684202e-23,0.4212269311
1.1154370987e-29,3.9520856038
3.5669895656e-21,2.2167520450
6.3013963250e-21,1.5247759412
2.0999846298e-25,0.1132512922
2.8320092837e-22,0.8515276122
2.4736862155e-28,3.7816340384
1.5119102638e-24,0.2339083971
1.7595444624e-28,3.8011570713
6.8783068770e-21,1.9953620600
9.5334681122e-22,1.0598228280
8.5100493130e-22,1.0392825830
2.3571526699e-23,0.4841196697
4.5027240309e-24,0.3187781461
8.1524949316e-21,1.6864254564
7.8987269198e-21,1.6551352811
4.5691918778e-21,1.4095307267
5.5731203027e-37,4.6860785404
3.1623564652e-23,0.5202719795
7.4309600866e-25,3.2437828588
5.0512097446e-21,1.4415425681
1.6314092845e-25,0.1008204810
4.1837965307e-23,0.5570233361
5.4901063847e-22,0.9625049953
6.1369024057e-24,0.3457422749
8.0799174654e-21,1.8855680193
3.1745577709e-29,3.8962798225
1.0085607475e-22,2.7794994920
3.6799424292e-25,0.1434192445
4.2156644962e-21,2.1722471145
2.1309215928e-25,0.1139938431
3.5657272247e-21,2.2168416493
6.2393640816e-21,1.5205170033
6.2962070993e-25,0.1753978015
6.0041972224e-21,1.5045711722
2.3280522650e-21,1.2371262899
5.1437742647e-21,2.1117638822
4.0569512690e-21,2.1828915704
1.4194573234e-22,0.7395642046
3.0625124294e-23,0.5162046647
6.4840594136e-25,0.1772334103
7.0032919271e-21,1.5754279117
8.7645862251e-28,3.7072301512
1.1466681567e-26,3.5455217597
7.9705719236e-21,1.6632516095
8.3782965025e-21,1.7261714592
1.4062685803e-23,0.4262396445
1.4258434640e-22,0.7402795900
1.4114744655e-21,1.1336516093
1.0726877792e-21,1.0815103348
6.4498547156e-25,0.1769025221
7.5680755396e-23,0.6418742107
3.9378636685e-25,0.1472893900
2.0748748622e-22,0.8006671638
5.4015485507e-21,1.4645977395
3.4050392312e-21,1.3274043406
1.4339085892e-21,1.1367292472
8.0611685239e-21,1.6742336195
3.8434281357e-26,3.4637596337
8.6980206419e-23,2.7964437615
3.8737947332e-23,0.5466896526
1.1462139752e-22,2.7646320044
7.2699751356e-21,1.5965356004
5.0889316451e-24,0.3292621627
1.1929736237e-22,0.7120227389
6.7768712224e-21,1.5584711622
1.3070971218e-21,1.1187938762
8.4271088327e-21,1.8232072783
1.9389829805e-23,0.4614259015
1.6408313888e-21,1.1634603890
5.6097240459e-23,0.5979007294
1.0517312344e-22,2.7746519503
8.0246701643e-21,1.6696954888
3.0203357709e-21,2.2570706200
2.3075276905e-21,1.2351694648
1.3383880588e-22,0.7302103942
1.7336871850e-23,0.4488755146
1.5711061029e-21,1.1547635140
7.9265409037e-26,0.0695522484
3.0224623502e-22,0.8622573393
6.6196741588e-22,0.9948537045
3.9717093749e-21,1.3685872040
3.4018966559e-22,0.8818397393
3.9888779002e-21,2.1874992810
3.3177011922e-26,0.0399867907
1.3146312023e-24,0.2240316396
1.7904284382e-21,1.1812035188
1.0770324238e-22,2.7718926575
8.4369535851e-21,1.7423331630
7.8478865097e-21,1.9124058903
4.9059843153e-24,0.3261027072
8.2889230520e-21,1.7079647018
8.3857916280e-21,1.7279687816
1.6832577621e-24,3.1769317425
7.9513292199e-21,1.9010890914
7.1292370050e-21,1.9763246439
3.7921220106e-32,4.2302114220
4.2167502174e-35,4.5200059334
5.0393136827e-23,0.5826852928
2.9950370792e-26,0.0369688239
2.7691125514e-21,2.2768632089
4.8888852310e-21,1.4308224246
6.1807535535e-21,1.5165149680
2.4489357490e-34,4.4487401410
3.7189039235e-21,2.2060661630
2.8480742844e-21,2.2705392184
2.8442615692e-23,0.5069449225
8.1653761743e-21,1.8739908979
8.1696059216e-21,1.6888705870
1.7697386950e-26,0.0222192188
6.1317487592e-21,1.5131839379
9.3369736236e-25,0.2007328021
1.3333783473e-23,0.4206494301
7.7848946807e-21,1.9189099396
1.0195059775e-23,0.3934094941
8.2280820467e-21,1.6977187657
5.7017465264e-24,0.3392039868
9.2002243822e-25,0.1997555048
7.4115229891e-23,0.6387396907
3.6371430870e-31,4.1242027974
3.9504538174e-21,1.3670915212
1.8421993174e-25,3.3512685858
6.9810371129e-21,1.9876968627
1.1247084499e-23,0.4031983533
1.1669320047e-25,3.3848761991
1.6012049097e-21,1.1585537103
1.3194534461e-25,3.3759052819
7.9661593879e-31,4.0860956713
8.4932640653e-21,1.7730912481
1.2554252789e-25,3.3795441966
4.8459272527e-21,2.1309669862
2.7194289657e-21,2.2808947896
7.9152528915e-23,0.6486299537
8.0736480573e-21,1.8863717103
3.0965176015e-24,0.2880017804
1.1012554361e-30,4.0701391426
7.6108014515e-21,1.9357110299
1.5268177509e-21,2.3962603632
6.7970189298e-22,0.9994717664
3.1566228205e-35,4.5315168196
8.2358514287e-21,1.6989604523
2.8700860667e-23,0.5080685122
6.8691247499e-22,1.0013185597
2.3130009303e-23,0.4818770070
8.3703966426e-22,1.0363153684
1.0768461789e-23,0.3988390939
8.4717538337e-21,1.7563777456
4.1374564016e-26,3.4586421489
1.0569626280e-26,3.5508864052
4.7930138285e-25,3.2784118716
6.9732972850e-21,1.9882801674
1.2436085520e-26,0.0124396864
3.3923019954e-30,4.0136728708
4.4745891672e-25,0.1547187798
7.5755900363e-23,0.6420232540
2.0228746465e-22,0.7965474952
4.7975114914e-26,0.0515521795
8.9668907005e-25,0.1980592696
2.3895429236e-26,0.0305178975
3.2522095281e-21,1.3157325893
2.7385243295e-24,0.2783004595
8.1802913011e-21,1.6904279929
6.0130575368e-23,0.6079095335
4.8469934305e-34,4.4204393876
5.3871313971e-25,3.2692623720
7.2954587718e-26,0.0663738258
3.9907306999e-24,0.3086483612
5.8298553488e-21,1.4929099366
1.7708381817e-25,3.3542054524
5.8443637907e-23,0.6037930634
8.2331725779e-21,1.8637610864
1.6592359904e-21,1.1657082794
3.1745528835e-23,0.5207620008
2.6140066138e-21,2.2895923905
3.9375662770e-24,0.3075353877
2.7710704063e-21,2.2767051857
4.1036379019e-23,0.5544106782
1.7306454280e-21,1.1742533291
1.6595535619e-26,0.0204584428
1.0651427390e-22,0.6942559407
3.7110680444e-24,0.3026483008
2.2091012270e-25,0.1158336324
2.7758784193e-26,0.0347693891
2.0864158019e-26,0.0267438805
6.5298498969e-24,0.3513276982
1.5381257303e-21,2.3949162032
4.6836509768e-21,1.4171882947
8.1612028051e-25,0.1919006564
5.6767509139e-24,0.3388161262
1.3905550208e-26,3.5327531414
1.7975466620e-21,1.1820193544
4.1174139176e-21,1.3787567105
8.4057098434e-21,1.8293294063
1.9776697820e-26,0.0252680297
1.0113160734e-21,1.0706291792
1.6960166442e-21,2.3768448916
3.1918730773e-25,0.1354465084
9.9555558184e-23,0.6837483505
1.5895393622e-26,3.5238400476
4.5243142620e-21,2.1518727882
1.3507826699e-21,1.1251246975
1.1257817126e-23,0.4032944088
2.7079532784e-21,1.2714398429
3.5165071745e-21,1.3357473419
3.2055778944e-25,0.1356834564
5.7837390027e-25,0.1701464395
4.8790749187e-22,0.9423707795
2.3522954873e-21,1.2394225753
1.9219211647e-22,2.7022823229
6.7261834827e-26,0.0633424961
8.3766758694e-21,1.8365832336
1.0743942396e-35,4.5738400890
2.3788798821e-22,2.6753651237
1.5614592608e-22,0.7547994763
3.5242969891e-21,2.2197902848
6.2028737958e-22,0.9835456848
5.9215938967e-23,0.6056897074
4.2952004622e-22,0.9208187888
6.1210123912e-21,1.5124558814
8.4733489658e-21,1.8052115295
6.6164666482e-21,1.5468602664
1.5219554420e-22,0.7506968224
1.6116778613e-24,3.1805640284
6.0487510104e-21,2.0529729750
1.9541991168e-25,0.1096336240
3.2978604267e-23,0.5256362570
1.0837708074e-22,0.6969627777
6.1607134979e-24,3.0638548165
9.8733956548e-27,3.5553606977
1.5051299514e-22,0.7489187885
1.4414808741e-25,0.0950017719
1.0315446262e-26,0.0067564699
2.8691985448e-22,0.8536757846
2.0526745181e-26,0.0262937207
8.4296609285e-21,1.7399854708
2.6482385183e-23,2.9239584867
1.0957410845e-21,1.0854621861
3.9974697434e-23,0.5508876294
8.1774896998e-21,1.6900172992
3.2087732987e-22,0.8721477849
1.9074154634e-24,0.2507947295
8.4946314590e-21,1.7756426673
4.4427660437e-34,4.4240700312
8.3153595994e-33,4.2983981974
5.9011023522e-21,2.0627180356
5.8414643284e-24,0.3413466269
7.4194967696e-22,1.0148707064
2.4323963226e-26,3.4951645306
8.5911505061e-29,3.8415754450
4.9816457273e-22,0.9459074446
3.2086640607e-21,2.2428035710
2.1535927699e-23,0.4734962293
7.1407247718e-25,0.1833183356
6.8021084066e-24,0.3550386849
1.4487741724e-22,2.7368473749
5.0009731389e-21,2.1209601376
8.0965484188e-21,1.8834085552
2.3019236676e-22,2.6795641881
2.9537614797e-24,0.2842525541
4.7457162884e-23,0.5743012943
1.2589992809e-21,1.1116216305
3.0323312469e-23,0.5149550749
4.2556088717e-23,0.5593305859
1.8996930054e-30,4.0429772005
8.2442460676e-21,1.8619758790
6.0151930201e-22,0.9782278298
9.8528477845e-22,2.4716103315
5.5685486629e-21,1.4755994817
7.9281968920e-23,2.8069180458
3.7708551113e-24,0.3039620206
2.1127729686e-26,0.0270909112
2.5586348566e-24,0.2730150881
8.0744340659e-22,1.0298811287
9.7640011712e-23,0.6807393017
6.8511877398e-30,3.9775429864
8.1005564503e-31,4.0852744563
5.9501753148e-28,3.7303396959
2.0282374331e-28,3.7930379917
8.3002344344e-21,1.7100219796
5.8939664620e-22,0.9747122837
1.6060590916e-21,1.1591597840
7.9386262396e-21,1.6595856594
3.9341735972e-21,1.3659437268
1.5761829021e-21,1.1554067461
3.0722479005e-24,0.2873747860
2.6449184495e-21,1.2659730090
9.1557798001e-27,3.5603016549
1.1035691085e-22,0.6997934868
8.9405786079e-27,0.0022824717
7.3628788947e-23,2.8152074099
5.8826499695e-21,2.0639294113
3.3493300974e-22,0.8792544469
2.4453066335e-21,2.3039537630
2.2624384569e-23,0.4792680312
7.0775874522e-21,1.5811680174
5.7402370836e-21,1.4869547774
2.6731227320e-31,4.1389740057
5.8160042153e-21,2.0682940484
3.3907453060e-21,1.3263245008
6.8174339288e-22,0.9999964151
3.0641165740e-24,0.2871637858
3.6755420462e-22,2.6179576957
1.2077450726e-22,0.7139614950
5.8148626879e-21,2.0683686701
1.3637649542e-25,0.0924564691
8.1512855309e-24,0.3718229799
8.4813130236e-21,1.7619318682
7.7903502295e-22,1.0235073294
7.5431993674e-21,1.6199924028
3.9544331483e-21,2.1898412756
1.5201550450e-25,3.3655004311
6.1285525873e-21,1.5129671351
4.2176462265e-22,0.9177529667
7.0227035406e-21,1.5769183417
4.4189120353e-22,2.5925097407
7.2972535298e-21,1.9628899137
7.0798266983e-21,1.9801611534
1.5049286124e-24,0.2335780724
6.0855171745e-22,0.9802378322
3.1691297998e-24,0.2898533121
2.4287447693e-21,1.2465606694
1.1976286297e-22,0.7126360925
1.2558875654e-21,1.1111499602
8.2973347480e-21,1.8528392502
8.1013788364e-21,1.6794397328
6.9267537225e-21,1.5696113976
5.6245337992e-23,0.5982785859
1.2698960401e-24,0.2216182700
6.6769737938e-21,1.5512061350
3.0113523704e-21,1.2967124599
9.3887405143e-26,0.0763027833
1.4257999704e-24,0.2297404243
8.1393497278e-21,1.6845853700
7.6021148328e-21,1.6253798673
4.0806984997e-21,1.3762072924
7.5927464796e-21,1.6245138485
1.6529753479e-23,0.4436258505
7.8229272296e-21,1.9150144282
2.7257200046e-25,0.1268521962
4.4573530294e-23,2.8698719598
7.0598773797e-21,1.5797908160
8.4842025839e-21,1.7639571149
8.4335785459e-21,1.8211753920
2.0257946924e-21,2.3425754437
2.3138418948e-23,0.4819200286
8.4644938080e-21,1.8095484766
6.4056795611e-21,2.0289144921
6.9750251960e-24,3.0525230147
4.4590533120e-21,1.4021166859
3.7010489778e-22,0.8958691977
3.2379578202e-21,2.2406231043
8.1370111469e-21,1.6842613365
5.6651295548e-23,0.5993101645
3.2615487133e-22,0.8748501849
5.1485774205e-21,2.1114547304
7.5912535998e-23,2.8117921734
1.1832134309e-23,0.4083320671
8.0870918419e-26,3.4113556494
7.7782336807e-21,1.6424269382
7.6870052076e-23,0.6442181972
5.9483801119e-21,2.0596080641
5.1699280347e-33,4.3193018285
4.7607667510e-21,2.1364793302
1.6752656018e-21,1.1676505443
4.0457646152e-24,0.3097875122
8.3402087782e-21,1.7177969711
6.3677761573e-23,0.6162607312
8.4952997753e-21,1.7849631056
2.6953878303e-21,1.2703565383
2.9925577615e-23,0.5132936179
7.6726254860e-22,2.5113385015
2.3610933860e-34,4.4502439763
2.7616475199e-25,0.1275548384
8.3205488525e-21,1.8484757561
3.9132084083e-24,0.3070212707
2.9271840416e-23,2.9137459805
7.0670782412e-24,0.3585358922
6.8475468312e-21,1.9976265012
7.4570146146e-23,0.6396563740
7.7656399570e-24,3.0426426589
1.0450155030e-24,0.2082676291
6.6623419305e-23,2.8263122247
1.0562297608e-23,3.0139166874
4.0606277981e-21,1.3748099969
2.4520894532e-22,2.6714782665
3.2050765195e-21,1.3120739981
4.9867654957e-24,0.3275095905
2.5784162886e-22,0.8361178706
8.7964880272e-24,3.0310785169
3.5530446604e-21,1.3384532740
4.6683196669e-22,2.5847779454
2.1352038230e-21,1.2182455636
3.1727400543e-24,0.2899444354
7.2217193937e-22,1.0101070809
9.5738273099e-27,3.5573799132
4.1656573796e-21,1.3820939444
4.8934451000e-26,0.0522087322
2.8891773515e-24,3.1309733582
7.0976600341e-23,0.6322799375
4.1027089843e-26,3.4592284465
1.5769053425e-40,4.9703281506
1.4243939445e-24,3.1908390538
3.4262817507e-22,2.6274707917
2.7146212787e-23,0.5011829545
1.1875481142e-21,1.1005408988
3.2021787712e-21,1.3118481102
1.6122957894e-21,1.1599363940
5.6166092112e-23,0.5980764997
1.9835980402e-22,0.7933681567
8.2223871237e-24,0.3726432784
2.4976913300e-22,0.8309072924
5.3271036070e-21,2.0999630239
7.6287906143e-24,3.0442838733
1.3556188039e-36,4.6529448964
7.4378237234e-21,1.6106747317
2.0821881865e-24,0.2573224276
2.0766295925e-23,2.9483993450
2.3372290184e-25,0.1187417632
8.4067733306e-21,1.7333469989
1.7811556534e-21,1.1801370801
1.1558715809e-22,2.7636495943
1.1234365377e-27,3.6922571218
1.5700361271e-27,3.6718668453
2.1065230908e-21,1.2153367792
1.7942517855e-21,1.1816420233
8.4690016321e-21,1.7549946787
2.5189657556e-23,0.4920732024
4.0357063557e-29,3.8832374917
6.7084367356e-22,0.9971787829
2.0155438574e-22,0.7959585924
7.9431111976e-23,0.6491608195
3.5830896427e-22,0.8904699320
2.6955054869e-21,2.2828511270
3.0892455819e-38,4.7906999495
1.4339743961e-25,0.0947603905
1.4232764179e-25,0.0944147681
8.4509673535e-21,1.8151248109
2.8443621124e-26,0.0354712220
4.8120542866e-22,0.9400225369
5.3422870908e-23,0.5909323352
5.1580422485e-22,0.9518352644
8.3198799741e-21,1.8486052626
5.9840895479e-21,1.5032202387
3.0535449629e-21,2.2545219716
7.5453656091e-22,1.0178439954
6.8707597853e-22,1.0013602350
2.0410714795e-21,1.2085914481
4.3591012909e-21,1.3953437060
2.7805389326e-22,2.6551858979
5.6388518613e-24,0.3382253534
1.8837888821e-21,1.1917170037
4.1538218941e-24,3.0992078103
5.0929629791e-24,0.3293307182
1.1387571553e-24,3.2092692478
8.7351462655e-22,1.0439770905
1.4467769966e-35,4.5622346611
2.3435449873e-23,0.4834319335
3.4846181300e-22,0.8858324118
2.2498908642e-32,4.2539249289
1.8242747527e-23,0.4545473204
1.3261727837e-24,0.2246429727
1.0591386789e-21,2.4597214330
2.1376500816e-22,0.8055108659
1.4599311692e-28,3.8117670301
7.0610186450e-21,1.9816092824
3.7312561368e-32,4.2309505485
2.2447600552e-23,0.4783452931
1.1878320548e-21,1.1005860077
8.0011333906e-25,3.2378637023
1.5548977828e-25,0.0985404599
4.1719358755e-22,0.9159211751
1.6192112897e-21,2.3854792227
2.9982895158e-21,2.2587707732
6.9561329312e-21,1.5718330544
2.8123038077e-21,1.2803175435
1.1876380320e-21,1.1005551848
2.6355228801e-21,1.2651511061
1.1319758235e-21,1.0915349320
5.2805877923e-21,1.4566408310
8.4424857614e-21,1.8181984535
9.9045455335e-27,3.5551541250
5.2686529745e-21,2.1037264186
6.1591618451e-21,1.5150456732
4.0825914828e-24,3.1007381040
4.5191353524e-23,0.5675413994
1.2718883782e-21,1.1135652500
2.9779299165e-27,3.6321954403
1.6575819412e-22,2.7205285903
1.2827390794e-23,0.4166232805
1.7588766673e-22,2.7132544082
4.0567592680e-31,4.1189392590
6.4702797216e-21,2.0244625302
1.2212197726e-24,0.2189090038
7.8682773239e-21,1.6518262124
5.9191250243e-23,0.6056293942
1.3127529885e-21,2.4231911325
1.7211274674e-26,0.0214563096
1.0096148497e-25,3.3953861744
8.4817906111e-21,1.7622517360
3.6917965809e-22,2.6173565505
4.9171207699e-22,0.9436905620
1.9690656540e-26,0.0251480594
1.5627617706e-22,0.7549330701
8.3608443688e-23,0.6569320613
5.1061875146e-21,2.1141833674
2.6609093107e-24,0.2760570941
3.2134713469e-23,0.5223159871
2.5526525260e-23,0.4936794519
8.9202845625e-30,3.9638012185
6.9152944866e-21,1.5687484296
8.4827954642e-21,1.7629429392
5.5318564647e-24,0.3365396902
7.2578986636e-24,3.0488735267
1.0860091429e-30,4.0708287442
6.2056982543e-22,0.9836245951
6.8306862061e-25,3.2504979019
9.0272568283e-25,3.2281507396
8.4537993634e-21,1.7483811754
2.1588290149e-30,4.0365521253
2.1341911125e-22,0.8052475389
5.8532892740e-24,3.0684992097
4.8200907933e-22,0.9403057097
2.7744442647e-24,0.2793205733
1.5976445654e-23,2.9742207092
4.1042103997e-25,0.1496766328
1.9493424261e-24,3.1645950763
9.9823161990e-25,0.2051878291
8.4948452988e-21,1.7761565425
3.7783249075e-31,4.1223685374
2.1275237300e-21,1.2174693806
2.9890464768e-26,0.0369104392
7.5272479357e-21,1.9432821951
9.3480688941e-24,0.3849263748
2.8134547334e-24,0.2804159200
4.8914390080e-22,2.5781481267
8.4467366663e-21,1.7457215458
6.2853218065e-22,0.9858358719
8.1058893594e-23,0.6522306253
1.6778112866e-21,1.1679576859
1.2745990810e-21,1.1139719626
1.7684474914e-21,1.1786687382
9.8186199740e-22,1.0652065899
7.5210593963e-25,0.1866308051
7.1371995643e-24,0.3594435158
1.3143128239e-22,0.7273303595
6.8085328054e-21,1.5607991094
4.0905109696e-21,2.1806297215
1.7911287910e-22,2.7110153505
5.2815669157e-24,0.3324890378
1.6363016175e-22,2.7221061942
3.3305538607e-22,2.6312812157
8.4236547902e-21,1.8242533793
4.8445469570e-25,3.2775768468
1.2262338613e-28,3.8216269632
2.1023771203e-21,1.2149139760
1.1814793713e-25,0.0860423955
4.7606731541e-21,2.1364853964
2.6204074745e-21,1.2638249106
7.2252848693e-21,1.5928941092
3.1115902258e-24,0.2883890960
1.2426811228e-24,0.2201145941
1.0490478127e-21,1.0773829240
1.4467730329e-21,1.1384767976
2.5191255096e-22,0.8323063473
7.2466899340e-24,0.3608463352
3.3945989312e-25,0.1388706689
8.3273440351e-21,1.7151993701
3.1717843326e-21,2.2455629269
6.7533853044e-21,1.5567524794
9.1849894641e-23,0.6713100620
7.3181135662e-21,1.9611750218
4.9945758639e-25,0.1612453262
9.6867487061e-26,3.3983777215
3.8271091205e-26,0.0443266275
8.1955467982e-21,1.6926950039
4.9784700984e-22,2.5756302155
7.6524134042e-21,1.9318315256
4.0845486862e-24,0.3105825662
4.4420427922e-25,0.1542897876
7.7686879501e-23,0.6458099458
1.5363252128e-22,0.7522007129
1.8261320560e-25,0.1062801222
1.5751342396e-22,0.7561968438
1.2981237505e-24,3.1985118675
3.4861702123e-22,0.8859064640
8.2123920951e-23,0.6542101082
1.3314166205e-38,4.8202764812
1.5799599950e-21,2.3900042079
1.3831138861e-23,2.9881945397
2.4760830603e-23,2.9307645308
2.9523274444e-23,2.9128697223
1.2572617477e-26,0.0127523914
5.4895683979e-21,2.0894874806
7.7113582118e-21,1.6357685197
2.9551659416e-24,3.1290187857
5.3007624676e-26,3.4413220671
3.5445755960e-23,0.5349797490
2.0918460980e-23,0.4701217864
7.9819950047e-24,3.0401019845
4.0458231292e-29,3.8831009620
5.4631509943e-21,2.0911929607
7.3429585433e-23,0.6373488771
1.7960386868e-23,0.4528031915
1.9710059907e-21,2.3479921399
5.2968867782e-28,3.7372211773
1.6716921783e-23,0.4448605961
1.8598763159e-25,3.3505578359
4.0879230850e-22,2.6033564605
7.6018216038e-21,1.6253527055
3.4145441423e-22,0.8824561056
4.2080284330e-22,0.9173690933
2.4464912517e-23,0.4885608372
8.1997763479e-21,1.8689388580
9.1064503894e-27,0.0027813841
1.7619557408e-26,3.5169443039
6.9457923918e-36,4.5907430287
2.4063978805e-26,0.0307151198
4.7941475292e-23,0.5757125474
1.9652535161e-23,2.9538728040
4.3009793854e-21,2.1665763457
4.5793186977e-22,0.9316254934
8.3867330503e-21,1.8341804243
1.5077718691e-21,1.1465992522
1.6637047453e-23,2.9702659335
6.9920065268e-21,1.5745643322
1.9093964615e-24,0.2508715092
1.7315559405e-24,3.1745621171
3.2406680202e-23,0.5233933212
8.8859788107e-24,0.3800360841
1.2966005828e-28,3.8184788429
5.4208470388e-21,1.4658677674
7.2378434562e-21,1.9677142612
2.6931261413e-22,2.6593527331
2.7957195531e-21,1.2789203951
2.8730650470e-21,1.2853939149
1.7055232983e-25,0.1029537686
5.1251885002e-24,3.0804764645
2.6327392325e-21,1.2649072402
2.1767503881e-22,0.8084594920
1.3631280450e-24,3.1944781685
6.8055183578e-23,0.6260438158
1.1762337399e-23,0.4077302786
4.2412825744e-21,1.3872978573
2.6430911030e-23,0.4979127532
1.7138097304e-26,0.0213396134
1.2026647461e-26,3.5423738480
3.9219612940e-23,0.5483369359
2.9643423674e-22,2.6467791805
8.8178476050e-26,0.0737595726
5.2130490007e-21,2.1073053449
3.4358831818e-22,0.8834911610
4.8867947861e-22,0.9426393443
6.9013361320e-21,1.9936577768
2.1673165260e-22,0.8077527347
1.6974268247e-27,3.6670799656
6.1401791832e-22,0.9817856793
1.2872884770e-24,0.2225649909
1.8112029527e-25,3.3525306955
1.4249304134e-22,0.7401774934
1.6452731435e-21,2.3825176051
3.8219789495e-21,2.1989181121
1.1013827661e-26,0.0088353333
1.0290809694e-23,0.3943327523
3.0085826385e-21,1.2964887997
8.4771003824e-21,1.7593109443
1.8866899771e-28,3.7971755799
7.0963749917e-25,0.1829224890
4.0117106283e-21,1.3713933030
8.8219915121e-24,0.3793429371
1.3749932500e-23,0.4238694355
1.1522178971e-22,0.7065563342
1.1656414943e-36,4.6586072039
8.3854017378e-21,1.8345045522
2.2767939129e-21,2.3189177279
2.7908645522e-31,4.1369130197
3.3032686510e-21,1.3196637123
1.8299835261e-33,4.3642708068
1.3221353508e-22,0.7282715052
4.3218920539e-21,1.3928103329
2.9134095733e-23,0.5099361246
2.8087524564e-24,0.2802845694
2.5812449882e-37,4.7143845326
7.6107655021e-24,0.3653905850
4.6181383306e-21,1.4128108113
7.7266595808e-22,1.0220502902
3.3637858137e-23,2.8994216947
5.8623414734e-23,0.6042364121
9.4981777663e-26,0.0767779948
6.1373745616e-21,1.5135656790
4.7887446745e-21,1.4241833965
3.6220794225e-21,2.2128549663
7.7416806010e-24,0.3669816043
9.5124089564e-23,0.6767054064
1.0754332843e-21,2.4571849647
5.1407184172e-21,2.1119605727
3.0171868650e-22,0.8619689169
7.0737139254e-21,1.9806325294
2.4038575978e-21,1.2442537385
3.1750421279e-23,0.5207816271
1.7439139787e-25,3.3553428804
5.8289023957e-23,0.6034108649
2.6753339393e-23,0.4993951260
6.0491580768e-23,0.6087779736
5.3907231790e-21,2.0958642126
7.6314095675e-29,3.8481695602
6.3305773838e-21,1.5267882916
2.8664849458e-25,0.1295642411
2.5198530238e-22,0.8323536336
8.4130251604e-21,1.8273264148
9.0006919184e-25,0.1983072809
7.8791582638e-21,1.6530004568
8.3405316794e-23,0.6565621349
6.3969793473e-21,2.0295114351
5.2376098629e-22,0.9544482097
2.0286755965e-21,1.2072965380
6.4060712513e-21,2.0288876029
8.4492082581e-23,0.6585321688
1.2101005422e-21,2.4372729327
9.9444901363e-37,4.6645487221
8.3277133698e-25,0.1932142016
2.8137056351e-21,1.2804354094
1.1855128762e-23,0.4085297124
6.5053061397e-22,0.9918162272
7.7187832914e-26,0.0685255173
2.1267792395e-31,4.1498709216
1.9491257125e-25,0.1095040294
1.7924633779e-21,1.1814369961
1.5158558806e-22,0.7500544052
3.0083610544e-25,0.1321918239
8.9156775725e-23,2.7936329434
2.1230380682e-25,0.1138054212
3.4557003592e-24,0.2968293916
2.3986455878e-22,2.6743056293
1.7174367034e-21,1.1726932717
5.0004672771e-24,0.3277463472
1.8322683194e-21,1.1859645331
3.4111719506e-21,2.2279220853
3.5450934351e-21,2.2183082729
5.4467074826e-21,2.0922540479
5.8183398899e-21,1.4921434267
1.9120881604e-24,0.2509757263
9.0510129529e-24,0.3818055305
2.0112773777e-25,0.1110740699
3.1005019693e-21,1.3038490515
7.1364110994e-22,1.0080164496
1.8183622305e-34,4.4609663693
7.5032925835e-21,1.9454037179
1.5535707109e-31,4.1647430860
8.3837068389e-21,1.8349144418
4.2296608919e-22,2.5986244889
8.3413185141e-24,3.0360204801
2.6976811433e-25,0.1262986849
1.3273250258e-23,0.4201745211
7.1433751382e-22,2.5223232782
8.8973629328e-23,2.7938670801
1.9050310896e-22,0.7868236829
1.3953574574e-23,0.4254174595
2.4811783248e-21,2.3008512036
1.0401650899e-24,0.2079538065
4.3834909539e-24,0.3165082348
4.2880462629e-26,0.0479031105
2.1573067457e-23,0.4736968183
1.3551506240e-26,0.0148693151
2.3781077257e-23,0.4851728157
3.8809534438e-25,0.1464536754
1.0264282493e-22,0.6884897067
7.4815584270e-37,4.6751549122
9.8217171784e-22,2.4721264381
4.2974512865e-23,0.5606607632
2.8865187610e-22,2.6502824395
1.0042578596e-25,0.0790869829
6.2928867354e-23,0.6145306047
2.4719123514e-22,0.8292093454
2.8574296088e-21,1.2840939054
2.2165629011e-24,0.2620326875
8.2068586203e-21,1.6944111263
4.3461830807e-23,2.8725543420
5.6204751675e-21,2.0810187652
1.1201882099e-30,4.0692956393
1.1739712878e-25,0.0857633320
8.9933575218e-22,2.4863532327
8.3931054922e-21,1.7297813301
1.2740725467e-23,0.4159217972
7.4341295938e-21,1.9514178368
5.4912710984e-25,0.1669728306
8.1644291602e-21,1.8741263852
7.1029506252e-21,1.9783715823
4.9958621689e-23,0.5814697575
6.5065016562e-23,0.6194209518
2.6735112842e-23,0.4993116955
1.7501194222e-24,3.1736678588
5.2089307833e-23,0.5873504490
4.5094731486e-24,3.0919159600
8.4266728815e-21,1.8233407214
2.0339537810e-22,0.7974336520
4.0548022153e-22,0.9111399236
7.8223241416e-21,1.6469616834
2.1048688002e-22,0.8029987191
3.0256051137e-22,0.8624289333
9.7528194535e-24,0.3890534620
3.9735932607e-22,0.9077484062
1.4628466467e-35,4.5618027063
3.6641022594e-21,1.3465967327
2.3752209900e-22,2.6755620854
6.3807513046e-22,2.5393697729
1.9763911119e-25,0.1101974711
3.5283916741e-24,0.2985214771
1.8773454541e-25,0.1076421291
1.5398262296e-26,0.0184045476
7.9768128856e-21,1.8981576559
3.7454854300e-21,1.3524912121
1.2835971614e-22,0.7235836472
1.7744247456e-22,0.7753518601
6.8172027021e-22,0.9999904807
1.1891409560e-24,0.2170730702
1.1278537362e-26,0.0095629682
2.8922779494e-21,2.2670416168
1.1315033412e-22,2.7661426483
1.7824986283e-24,0.2458109238
2.0584869566e-22,2.6937011067
2.3977425414e-31,4.1441629599
1.0802407456e-23,0.3991532702
6.4420040351e-21,1.5345296428
6.9708689395e-22,1.0038951574
1.2930074355e-25,3.3773874331
2.2767659226e-25,0.1173854034
5.0429333058e-21,1.4409969493
1.1952398274e-24,3.2053028265
9.1325189645e-24,0.3826698922
7.0394433817e-21,1.9832624877
1.1172479633e-21,1.0890865241
4.5617778512e-23,0.5688339904
5.1362781628e-27,3.5976811495
2.4442528432e-29,3.9103836322
3.8965407807e-23,0.5474695509
7.0500100370e-22,1.0058762072
3.4053142393e-23,0.5297701352
1.1872389193e-25,0.0862556097
7.0773594768e-21,1.5811502525
2.7136760590e-21,1.2719321748
2.0213112186e-28,3.7932338486
2.5879854454e-24,0.2738984296
6.3724018108e-24,0.3491236061
7.8950100045e-21,1.6547274578
3.4978413274e-22,0.8864623134
7.5440933638e-23,2.8124898029
8.0147279934e-21,1.6684872005
2.7891785119e-23,0.5045218827
8.4922211524e-21,1.7715891334
2.4767841568e-25,0.1217701395
3.7965162172e-21,1.3561578411
2.0735285571e-21,1.2119554499
1.2558518043e-23,0.4144346798
2.7664256239e-24,3.1347232606
3.6472102497e-22,2.6190109037
6.4194057383e-25,0.1766067275
1.5004968062e-23,0.4331406755
3.6863789441e-21,2.2083383051
1.3895813510e-30,4.0586001907
1.0327458493e-24,0.2074713770
1.2126259084e-22,0.7145972884
6.9286081422e-23,2.8219729362
7.7979496024e-24,0.3676587645
7.9043204347e-22,1.0260885893
2.5055398996e-23,0.4914284397
9.0835797557e-24,0.3821516426
2.4479217155e-22,2.6716968279
2.0571766189e-23,0.4681934590
5.0825389599e-21,2.1157059364
1.4515864786e-21,1.1391274978
5.7089323951e-22,0.9692173261
8.3436321852e-21,1.7185055666
3.8358100141e-22,0.9018422808
5.2529612413e-23,0.5885412634
1.6436936196e-23,0.4430095197
6.8864110452e-22,2.5278948499
3.1175591480e-33,4.3413230948
4.1662326723e-28,3.7513451083
1.5927686520e-23,0.4395791686
5.3644941622e-23,0.5915217071
2.1499432547e-21,1.2197296840
1.0649167306e-21,2.4588185929
5.7601173549e-21,1.4882739021
6.5474695593e-22,0.9929415887
7.5423505770e-21,1.9419338703
4.8767511525e-22,2.5785767331
1.5196723233e-23,2.9790873887
8.1981516849e-21,1.8691834944
7.2655036153e-21,1.5961691144
4.2583357785e-21,1.3884669060
1.0066708573e-26,0.0059589569
4.9110194831e-26,0.0523280421
1.0928326210e-24,0.2112971843
3.3909378348e-22,2.6288669682
6.6755410564e-22,0.9963203427
1.8325545912e-26,3.5143060317
3.3413903531e-22,2.6308452257
3.1699448438e-25,3.3103433646
8.6115767507e-27,0.0014840887
9.5418830149e-29,3.8357132049
3.6571987593e-23,2.8907204147
1.8272112775e-27,3.6625471688
6.4522902882e-21,2.0257058328
7.7362859017e-21,1.6382213885
1.5544151844e-22,2.7283499814
1.0378363755e-26,0.0069536609
1.8964655344e-27,3.6602540081
5.4909372407e-25,0.1669691282
7.6691904321e-22,2.5114078079
3.1516834928e-24,3.1234312192
6.9132906047e-22,1.0024411930
1.5455701678e-21,2.3940351671
6.2815269226e-22,2.5417077840
8.9781744008e-23,2.7928372001
1.9598980479e-21,2.3491025558
4.9442458174e-26,0.0525528084
8.4901746773e-21,1.7691736755
2.5922030830e-25,0.1241745484
1.8284173254e-22,2.7084702234
1.9202372540e-28,3.7961684144
2.1820633869e-21,2.3276381002
2.3911750907e-21,2.3086888271
5.8149350544e-21,1.4919168664
2.3920717680e-25,0.1199484184
7.9003187300e-21,1.6553102764
4.7598496278e-28,3.7435233258
5.4534713526e-22,0.9613573835
1.3053906686e-36,4.6543621419
4.3680521780e-22,0.9236519435
8.6226680690e-22,1.0416446356
3.8237616223e-21,2.1987951633
8.2047251644e-21,1.6940850710
9.8791646267e-22,1.0663324537
2.4235152596e-25,0.1206304529
9.5150679709e-29,3.8358706298
1.1372916455e-25,0.0843813769
1.2019398828e-24,0.2178105504
1.7483437038e-22,0.7729649141
8.4870412672e-21,1.7962250863
6.8144402762e-25,0.1803563507
5.5606193258e-21,1.4750763552
5.5265792265e-21,1.4728316289
1.6119595287e-24,0.2385053598
5.9502096648e-26,3.4331787130
1.1689807670e-21,1.0975715814
6.5242894694e-22,2.5360394796
1.0088370553e-26,0.0060294704
3.8610012627e-24,0.3059102772
2.8972229280e-23,0.5092408572
1.4458203167e-30,4.0566248133
4.8717300676e-22,0.9421148958
1.3109812130e-36,4.6542017702
2.6262139002e-21,1.2643349318
1.2217103053e-21,2.4356364118
1.4523732045e-21,1.1392336874
3.6254213570e-26,3.4678020067
5.1173914361e-21,1.4459027582
7.1058443822e-21,1.5833774772
6.5966038513e-21,2.0156483312
4.8443469577e-22,0.9411577504
9.2243754387e-25,0.1999289916
7.7295902138e-21,1.9244183424
5.9349909109e-24,0.3427575017
6.1311232127e-21,1.5131415015
2.4419068341e-24,0.2694150500
4.0687508203e-23,0.5532609967
3.9759936367e-25,0.1478437999
2.8840040364e-21,1.2863009036
2.9724508971e-28,3.7710197422
6.7416391621e-23,0.6246499614
2.1156996388e-21,1.2162704987
4.5199298631e-21,2.1521597190
1.3554667867e-23,0.4223681806
6.2654304266e-21,2.0384673004
5.5623481507e-22,0.9647476014
2.0810207322e-24,0.2572803900
5.2906585714e-23,0.5895543563
2.7665571922e-21,2.2770695535
1.2593592436e-23,0.4147222560
2.5798129330e-21,1.2602387604
1.9808435417e-26,3.5090681662
5.2394702742e-24,0.3317922669
2.1105982051e-21,1.2157517805
1.4195346868e-25,0.0942934317
1.2573769218e-25,0.0887943513
2.9494091198e-22,2.6474452411
3.9818025328e-27,3.6138876696
3.1001258331e-23,0.5177487531
4.1958196186e-25,0.1509575716
1.9599512470e-21,2.3490972277
5.8921359679e-21,1.4970629786
2.0554758891e-24,3.1601119530
2.7345572694e-23,0.5020825852
1.0265055179e-21,2.4648929536
3.0177959290e-23,0.5143498483
4.1911017836e-22,0.9166915040
8.0488887538e-25,0.1910018402
1.9352325268e-21,2.3515834671
8.4457748735e-21,1.8170374922
8.1143086395e-21,1.6811651127
5.4599157007e-26,0.0559153338
2.5903752349e-24,0.2739699802
8.3258676938e-21,1.7149075048
6.2636894630e-23,2.8331102083
5.0240939406e-25,0.1615986389
7.7680700124e-21,1.6413986150
1.9105012498e-23,0.4597478302
4.1084369567e-22,0.9133450821
1.5916944262e-24,0.2375941791
1.2207178918e-27,3.6872199140
7.7544696497e-21,1.9219620698
5.5976856930e-21,1.4775225991
7.6108586195e-21,1.6261914714
1.0492318568e-21,2.4612782682
4.0179744954e-21,1.3718317121
4.4638925459e-22,0.9273126717
1.8677242203e-30,4.0438283621
3.6644652957e-26,0.0429902188
8.4237817424e-21,1.8242153735
5.6567639705e-22,2.5571656802
4.5215193843e-21,2.1520556879
1.3872089033e-23,0.4248001627
1.6826339290e-23,0.4455774757
1.1463408326e-21,1.0938975419
8.1844998374e-21,1.6910481576
6.0432874164e-22,2.5474470332
1.5163135516e-28,3.8096181968
3.4654451387e-22,0.8849150542
1.0123817968e-22,0.6863487082
1.4540999288e-21,1.1394665950
2.9558731387e-21,2.2620607269
2.0565117428e-25,0.1121933806
8.4425544754e-21,1.8181745682
3.9252215263e-22,2.6089617777
1.7638161123e-21,2.3694480775
1.7303367719e-24,0.2436417397
4.5516803775e-29,3.8766652187
1.9799427693e-28,3.7944173627
9.3449040159e-23,0.6739663137
1.6057930358e-21,1.1591266021
3.7686662596e-22,0.8988914015
8.1963267761e-21,1.6928123476
8.4683899403e-21,1.7546970094
8.3623430700e-21,1.8398421199
5.6746656203e-24,3.0713032708
7.9733079755e-24,3.0402027571
2.0645913639e-24,0.2566866741
6.2380325230e-29,3.8593384528
6.7936853518e-21,1.5597058405
6.5296983556e-21,1.5406928489
1.1646916960e-24,0.2156454004
2.8900319970e-23,2.9150534208
4.2114318972e-26,0.0473283683
9.4418062007e-22,2.4785298928
7.2575879292e-24,3.0488774626
6.0194401086e-28,3.7296534441
1.7522109292e-28,3.8013951393
2.0617376677e-21,2.3390745805
5.9221538001e-24,0.3425649355
4.3465898444e-22,2.5948200618
1.0366501207e-21,1.0751868513
3.4288024804e-22,0.8831483866
1.3039489146e-21,2.4243659595
4.2649990278e-21,2.1689638847
7.4441075307e-21,1.6112199209
1.1586899426e-25,3.3853922762
4.0182433327e-21,1.3718505220
7.8437404722e-23,2.8081220598
1.4425519259e-22,0.7421371458
1.5148777159e-24,3.1857254792
2.1676415427e-23,0.4742536016
1.4838162090e-21,1.1434409092
7.8885651123e-21,1.6540229295
5.2547382948e-25,0.1643015111
3.9665661758e-26,3.4615723392
3.5091243001e-26,0.0416723141
4.6223193258e-24,0.3210053293
2.6720638823e-24,3.1377135020
6.6126443256e-23,0.6218008102
1.0515487101e-23,0.3964726709
6.6179925015e-21,1.5469693871
9.8635714541e-22,2.4714328399
4.9773610614e-24,3.0831010041
2.0708764160e-21,1.2116819913
2.1516378527e-21,2.3304903654
4.9440401626e-23,2.8588001959
5.3764897268e-26,0.0553865202
4.1073885241e-25,0.1497214629
2.6888707446e-24,0.2768715704
4.6296613870e-21,2.1449961222
1.5216122229e-21,2.3968815435
1.7453695506e-27,3.6653677793
3.3852029187e-24,0.2951596227
8.0542837575e-26,0.0701744748
2.3694040425e-22,0.8222855349
4.2872978801e-34,4.4255533720
1.4815642079e-26,0.0173430026
3.8052379947e-21,1.3567823282
5.6192198144e-22,2.5581384996
2.0361412073e-24,0.2556490261
7.0786650763e-25,0.1827638375
2.0556953727e-21,1.2101118503
2.5948579205e-21,2.2911941065
8.3134985006e-21,1.7125087097
4.6073868711e-26,3.4511447077
1.4680698098e-21,1.1413428869
9.7963195870e-23,0.6812506867
3.8255351517e-21,2.1986728671
2.3546416576e-22,0.8212648853
3.2063102314e-23,0.5220311444
3.2068485910e-21,1.3122120809
3.0258057429e-22,0.8624398818
1.2497294195e-32,4.2803101050
2.5230400631e-21,2.2972647639
6.5263243723e-25,3.2541190397
5.2771689017e-24,0.3324164580
4.6588315057e-25,0.1570998096
1.0479969349e-24,3.2160492061
2.5264219918e-22,0.8327800070
2.6598501683e-27,3.6392620404
1.2769671491e-32,4.2793484506
8.8627068534e-23,0.6658291618
4.4139179725e-24,0.3170923241
3.1028275777e-22,0.8665927968
1.3788233650e-25,3.3726784890
2.9643522481e-26,0.0366687859
7.7206383959e-21,1.9252938208
4.4746321568e-23,0.5661819933
9.5991478392e-23,0.6781068417
7.0462856872e-23,0.6311993528
3.8744536535e-23,0.5467122955
8.1331480534e-30,3.9686227095
1.1976703420e-22,0.7126415787
5.0001183737e-21,1.4381729454
4.1935434146e-22,0.9167894027
8.2141901958e-21,1.6955403517
9.3953205287e-24,3.0249264021
4.5153219476e-21,1.4059104658
1.3508097705e-22,0.7316774802
3.6908308311e-25,0.1435870410
2.1549586911e-24,0.2599041687
9.0038484411e-22,2.4861667545
8.9596299057e-22,1.0485552751
2.0034489932e-31,4.1527083501
1.4626751365e-21,2.4040239709
6.3297559485e-30,3.9816458230
6.3690119485e-23,2.8312771424
2.3423789677e-22,0.8204123926
3.2971876866e-25,0.1372466304
8.4115351844e-21,1.7346517343
2.7317832966e-22,0.8456012841
4.1938868302e-21,1.3840402867
1.3076825027e-21,1.1188798340
4.9492174352e-24,0.3268580185
1.3837626783e-21,2.4139226289
2.6087469201e-22,0.8380353881
8.4855248154e-21,1.7974662497
2.2396064812e-23,0.4780752495
8.3300609751e-21,1.7157397448
1.0243835095e-23,0.3938806623
8.0487463183e-29,3.8452086365
6.2569864478e-26,0.0607107658
6.0900665099e-24,0.3450571706
8.4277898824e-21,1.7394040195
7.0109582048e-24,0.3578042069
6.9861753983e-26,3.4218004866
8.0256924571e-21,1.8923468339
3.0418776188e-25,0.1327979799
1.8531803400e-24,0.2486659594
1.8274044970e-22,0.7800993906
2.6854386269e-22,0.8427903791
1.4345214978e-23,2.9846725867
8.4937461450e-21,1.7738887727
6.7877566685e-21,2.0019907016
1.4018946146e-23,0.4259106533
8.2534692748e-21,1.8604601539
1.0881544061e-22,0.6975935827
5.7420811763e-21,1.4870770962
6.4365502276e-21,1.5341484970
7.8145959795e-21,1.6461578468
4.8069901959e-22,2.5806272238
3.8023190877e-22,0.9003765355
1.3817988123e-23,2.9882862119
3.0995935751e-25,0.1338293005
1.0760053479e-22,0.6958395794
4.6933083164e-25,3.2800519083
1.6702624102e-22,0.7656108453
1.7511571367e-30,4.0470569917
1.6618393677e-33,4.3683959536
7.2730397009e-23,0.6359190381
5.4846988979e-22,0.9623360451
8.8637084788e-22,1.0466113373
1.6915673032e-23,0.4461601026
9.0020463203e-23,0.6682202362
1.7274366996e-21,1.1738751863
5.5425482670e-23,2.8464650501
3.6747661721e-22,0.8946803898
3.4778615293e-21,2.2231136070
1.4585484486e-23,0.4301114387
5.9131103451e-21,1.4984646113
3.0791106373e-21,2.2525698366
5.3143559479e-21,1.4588618056
3.5773056885e-21,2.2160202994
1.4918022199e-29,3.9367372015
8.6285417587e-25,0.1955322135
2.3997173348e-23,0.4862514330
4.3217004460e-22,0.9218545139
5.2893023857e-23,0.5895180118
7.5942421110e-23,0.6423926495
8.4422390461e-21,1.7441258894
3.1971462942e-23,0.5216659192
8.1758166398e-24,0.3721066445
3.5786804930e-21,1.3403437459
3.2389839263e-37,4.7060731572
7.5284692579e-21,1.9431734739
7.4559358199e-32,4.1990873234
7.0344129101e-22,2.5246657296
7.2517700160e-38,4.7603266040
6.5394740616e-23,0.6201637224
8.4845477684e-21,1.7982180809
2.4547418254e-24,0.2698179253
1.5023432083e-38,4.8160551085
1.9339727873e-22,0.7892639626
8.6740584273e-23,2.7967570426
3.2931637567e-24,0.2929351486
1.3914505722e-23,0.4251218442
2.7936377540e-23,0.5047194005
1.1966311543e-21,2.4391864819
4.1576562436e-24,0.3120642723
4.7896622396e-32,4.2195139808
6.8051568164e-21,1.5605502732
2.4808967910e-24,0.2706334198
1.4248560984e-35,4.5628315606
2.1651017245e-26,0.0277683901
4.1961229542e-27,3.6105629039
6.8742961860e-24,0.3560022929
2.3228648063e-24,3.1497154461
2.0578259693e-23,0.4682298046
1.5719029119e-21,1.1548645769
2.6399818330e-35,4.5385919200
6.7657002862e-27,0.0002622814
1.1205776191e-24,3.2105854274
2.9609891707e-24,0.2844460025
2.1948732768e-21,1.2242099788
3.4812376335e-21,2.2228713109
3.8892730678e-21,1.3627679530
4.5374641998e-22,0.9300734472
4.1951233791e-21,2.1736175225
5.0998671230e-28,3.7394582729
2.7102635795e-22,2.6585267372
2.6556973509e-21,1.2669136361
2.7336845111e-34,4.4442053963
1.1992927855e-21,1.1023993432
4.5980100271e-24,3.0901843742
2.9497209951e-24,0.2841442372
7.5283577721e-24,3.0455058529
8.2064210264e-21,1.8679316528
7.6593919400e-22,1.0204998614
7.8204571174e-21,1.9152702772
1.4354182922e-25,0.0948068932
1.1333494371e-38,4.8258939877
1.6912774059e-22,0.7676217654
3.9130617988e-21,1.3644523900
3.3468330381e-21,1.3229922811
1.5431505006e-21,1.1511921975
3.3640471711e-21,1.3243012504
6.9792841858e-28,3.7208573332
1.4027362596e-25,0.0937457781
8.3710127844e-21,1.8378926030
7.7137486588e-24,0.3666439825
1.1996053644e-21,2.4387625537
7.6832897234e-21,1.6330452222
1.5441350007e-25,3.3643460301
1.5843367059e-28,3.8071264731
5.5725722732e-21,1.4758649700
7.5251225844e-21,1.9434712614
1.4022256351e-24,0.2285621819
1.8207707527e-25,0.1061358609
2.0812299988e-26,3.5057317468
4.6879169675e-25,0.1574685504
3.3939274223e-23,0.5293368994
8.5023194165e-24,0.3758183452
8.2156411188e-23,0.6542701411
1.6103516993e-22,0.7597433115
4.3254194428e-22,0.9219993921
2.0088329378e-22,0.7954176873
1.0277411369e-23,0.3942039725
3.2868877194e-26,3.4745656457
3.0432762699e-21,2.2553084769
1.1281692009e-22,0.7032466863
2.1895772706e-26,0.0280802049
1.6935030865e-23,0.4462860390
2.5288044237e-25,0.1228645736
1.9846481620e-40,4.9627754380
8.1632949287e-21,1.8742884186
8.4444881940e-25,0.1941222563
1.2939182892e-21,1.1168503553
7.4493486425e-21,1.6116756057
1.6178159851e-25,0.1004213399
3.0708176213e-22,0.8648789142
1.7585766794e-24,0.2448228907
9.6071907436e-26,0.0772475990
6.6953145092e-21,1.5525312808
8.3011225824e-21,1.8521447810
2.3133157871e-24,0.2652766976
5.5785011045e-30,3.9881759685
5.1456508135e-23,0.5856246113
2.0291765225e-23,0.4666177823
1.8724189966e-22,0.7840311478
2.7167378393e-24,0.2776762197
1.7751721238e-22,0.7754197669
3.6488305259e-28,3.7590981123
5.1755700184e-29,3.8696227942
4.5618470211e-26,3.4518384354
6.4567953968e-21,1.5355645826
1.3520360214e-24,0.2259966813
1.4152065580e-23,0.4269094464
4.3124679817e-24,0.3151316127
1.6155075752e-25,0.1003533083
6.6583428646e-23,0.6228155065
4.8340392061e-21,1.4271891665
2.3132002267e-22,0.8183666060
1.1507874215e-22,0.7063612524
4.3877054448e-21,2.1608440654
7.3173805718e-21,1.9612354729
2.9098306088e-22,0.8559926645
2.9011503319e-23,0.5094098256
8.7520850259e-32,4.1916384630
1.3514336984e-21,2.4180976909
4.2384391607e-22,2.5983358308
2.8190352531e-23,0.5058397628
6.7678904747e-21,2.0034303516
7.8334817335e-26,0.0690946471
1.4009596326e-26,0.0157954909
1.1583166623e-25,0.0851773457
2.6091776986e-21,1.2628364585
7.9214503998e-22,1.0264737204
2.5498666474e-23,2.9277960945
5.6576568410e-23,0.5991207335
5.7076170315e-39,4.8496691948
1.0428471137e-25,3.3930417662
9.4022744741e-22,2.4792076927
2.1519586536e-23,0.4734078879
4.2995427825e-21,1.3912853716
1.8576152684e-25,3.3506483877
3.5594669185e-22,2.6223172926
2.0015999474e-25,0.1108320844
1.0345849768e-21,2.4636008817
4.1035807007e-27,3.6119779749
6.1573229345e-21,1.5149206573
1.9974429449e-26,0.0255418938
1.7037518032e-24,0.2425147740
1.0006514715e-21,2.4690811278
2.9401216524e-23,2.9132942439
3.2742824425e-28,3.7654058764
4.1963694176e-24,3.0983053912
4.6527211626e-24,3.0891298454
5.5171258869e-25,0.1672589865
2.5898666886e-21,2.2916127509
6.1660844380e-24,0.3461669801
4.3220969618e-21,1.3928243027
2.4292562761e-22,2.6726796320
3.7025698666e-23,0.5407007961
1.6654432058e-21,1.1664620914
1.4535029836e-21,1.1393861015
4.3656399305e-23,0.5628066570
1.3350225692e-22,0.7298107162
3.9537268675e-23,0.5494146440
5.4823966417e-24,0.3357513874
3.7505244046e-26,0.0437026419
3.8258106138e-39,4.8634244095
1.0180239164e-21,1.0718452906
6.3802287596e-21,2.0306590364
4.6049919649e-28,3.7454686925
2.4250464370e-24,0.2688830933
3.2999307311e-21,1.3194077190
5.0794617824e-24,0.3291009449
6.0995963644e-24,0.3451969200
1.5461769792e-27,3.6728049085
6.1397307636e-22,0.9817730324
7.6766074652e-21,1.9295393827
2.7958696194e-26,0.0349756995
8.1159038450e-21,1.8808422305
1.4795060815e-25,3.3674975032
1.3372692740e-22,0.7300776341
3.0727684450e-23,2.9087646148
5.2167477638e-21,2.1070672938
5.6738139121e-29,3.8645673489
3.1454769565e-22,2.6389208297
1.3154646314e-22,2.7483873547
1.3291697850e-22,2.7471544702
1.3179309930e-21,1.1203796943
5.6763313916e-21,1.4827209912
6.9113477439e-21,1.9929144101
8.8559110360e-24,3.0304509440
1.3463022865e-26,3.5349013577
1.0023043287e-26,0.0058162660
4.4449838043e-21,2.1570744168
1.5679754219e-36,4.6474738750
1.3391643104e-22,0.7303024468
3.5614779388e-31,4.1252146596
2.1094732634e-26,0.0270476827
1.4631699693e-21,1.1406864081
2.0726090877e-21,2.3380236414
2.3549569010e-25,0.1191342259
1.8999294973e-23,2.9572172770
1.1287713993e-26,0.0095876536
9.2143959518e-23,2.7898735455
8.4145952549e-21,1.7355093854
2.8193959731e-21,1.2809134859
6.6236344540e-23,0.6220453767
6.9486240953e-21,1.5712639615
5.8444349740e-21,1.4938810029
7.4118347746e-24,3.0469427397
1.2715186824e-25,0.0892937972
2.5355039977e-22,2.6671700463
1.0225641805e-26,0.0064717340
1.2265134027e-21,1.1066495944
5.8426600849e-23,0.6037509896
7.2809449988e-21,1.5974367555
3.7440150940e-23,0.5421699587
5.0361778125e-21,2.1186917570
2.3147743465e-22,0.8184775998
1.8745420164e-22,0.7842143469
3.5200801684e-22,2.6238240274
4.5404095154e-22,2.5886988726
2.6811387816e-23,0.4996605471
3.4548222196e-23,0.5316408109
1.1942933148e-23,0.4092816534
3.9295727384e-24,3.1041117452
8.3649185252e-23,0.6570061631
3.1715823064e-27,3.6282414953
7.6681735200e-21,1.6315947728
4.7777940690e-21,1.4234559380
4.5028037780e-26,0.0494764384
1.0571940359e-32,4.2877573209
5.1890697031e-21,1.4506206970
5.0905618505e-24,0.3292898908
1.9424768482e-22,0.7899743721
4.8896883870e-23,0.5784632638
8.1371129767e-23,0.6528133014
2.3700655441e-23,0.4847694812
7.0606615660e-24,0.3584524722
4.0410551992e-22,0.9105703187
7.1058091902e-30,3.9756487455
1.0153739970e-24,0.2063302164
7.2933114359e-23,0.6363348063
1.2744520333e-23,0.4159525917
5.7522562454e-22,0.9705183167
7.1035772864e-27,3.5768140583
4.4008770213e-21,1.3981800604
2.0656514658e-22,0.7999437058
7.3924464851e-25,0.1855267497
4.4098991227e-26,3.4542020429
1.1469105382e-21,2.4463943529
4.9825253916e-23,0.5810949533
3.5463910521e-22,2.6228159313
3.4498367236e-22,0.8841646929
4.9650585026e-23,0.5806028525
7.2922626023e-21,1.9632985561
2.5277228892e-22,0.8328643187
1.9721068105e-23,0.4633537926
1.2592965099e-22,2.7535618888
3.0492559191e-22,2.6430455702
2.8534954614e-21,2.2701086601
1.8528082048e-23,0.4562888078
8.9246615410e-22,1.0478487060
8.4831644232e-21,1.7992290725
2.9003390211e-23,2.9146891672
1.1711940558e-22,0.7091233377
1.8839230551e-22,0.7850214895
8.0921482550e-21,1.8839838766
7.5718705172e-21,1.6225969805
2.2301168289e-24,0.2624942653
3.8677572159e-22,0.9032292770
4.2952411954e-24,0.3147948692
2.4872689310e-23,0.4905467265
8.9337866549e-24,0.3805513574
1.4109569216e-21,1.1335801504
1.1250453946e-22,0.7028120349
3.5578358929e-22,0.8892922089
1.3980013973e-22,0.7371383398
2.1239051573e-24,0.2588116270
4.7136615520e-23,0.5733608710
3.9817150798e-28,3.7539973784
4.5792842952e-22,0.9316242231
6.1879990077e-22,2.5439393263
2.5432063486e-26,0.0322735782
3.9207056137e-21,1.3649927310
6.9440179886e-23,0.6290281229
7.9944816352e-21,1.8960870024
1.4801990251e-22,0.7462494260
8.1654123913e-25,0.1919341414
6.9032764936e-24,0.3563868236
6.2818150658e-25,0.1752552868
2.5608389380e-21,2.2940570213
9.6205373414e-25,0.2027214011
2.5751612886e-21,1.2598255145
1.9008653573e-22,0.7864695297
2.0804624216e-22,0.8011039418
2.3260817619e-21,2.3144714531
8.3200913670e-21,1.8485643591
6.9159094349e-21,1.5687946898
1.0508881804e-21,1.0777070455
5.7831365911e-22,0.9714401916
5.6393527595e-24,0.3382331827
2.8298773066e-23,0.5063156784
7.9632623306e-21,1.8997242500
8.4183651835e-21,1.8258086216
1.2632477843e-21,2.4298752631
4.7610616797e-21,2.1364602155
8.2439637661e-25,0.1925563237
2.6222538094e-23,0.4969473568
1.2798117218e-24,0.2221593463
1.4570638206e-21,1.1398658655
7.8377662047e-21,1.6485798626
8.4329212860e-21,1.7410183977
2.2890235733e-39,4.8809700029
2.1258311565e-24,0.2588797806
5.8838485097e-21,1.4965095932
1.4498736142e-23,0.4294765556
1.6820974332e-22,0.7667462725
1.3102511550e-26,0.0139236947
2.5579532511e-24,0.2729944729
2.3915261050e-33,4.3527741373
3.5825789967e-22,0.8904461956
1.2391932515e-21,2.4331939315
6.6869634921e-23,0.6234480064
7.0570473942e-21,1.9819142140
5.8334360628e-23,2.8408994402
7.3154377028e-21,1.6002898656
4.0295847361e-33,4.3301798380
6.2913572178e-21,1.5240849796
3.0906100630e-26,0.0378880723
7.7679961272e-23,0.6457965254
1.6381966996e-24,0.2396707392
4.3471907076e-26,0.0483418449
4.4074979913e-23,0.5641107831
1.4466635872e-24,0.2307694840
5.3646937098e-21,1.4621729136
6.5987176638e-24,0.3522781459
8.4846399625e-21,1.7642846777
7.9707485173e-21,1.6632721464
4.8927650876e-21,1.4310792009
7.6851767743e-21,1.6332270719
3.9984224786e-21,1.3704623715
2.3065479273e-21,1.2350757567
2.4382562613e-26,0.0310846707
1.4164952661e-21,1.1343437626
2.7929525054e-24,0.2798418606
8.3699084872e-22,1.0363049209
1.8050481383e-24,3.1710730983
1.2363239253e-24,0.2197593299
5.4628680579e-22,0.9616524124
8.3531097372e-21,1.7205086703
4.0577823407e-21,2.1828354823
7.0561567512e-21,1.9819825622
2.8859670755e-21,1.2864634468
2.0826242592e-25,0.1128308822
4.3247295630e-22,2.5955247291
1.2375873687e-23,0.4129268922
9.0613089801e-23,2.7917863246
5.2766690202e-21,1.4563830885
1.0314662081e-22,0.6892511420
8.1587168215e-21,1.6873078307
7.1052066805e-21,1.9781964346
1.2290170447e-24,0.2193490766
1.3313907900e-23,0.4204936842
2.3116606820e-24,0.2652221772
7.2831415746e-35,4.4981152065
3.2649833000e-23,0.5243506138
8.4672561051e-21,1.8082698935
9.0960860930e-22,1.0512898764
8.3324279298e-21,1.8461345154
1.5451144728e-22,0.7531140289
2.9105939692e-21,2.2656009993
4.4827560290e-21,1.4037163786
2.9783166083e-25,0.1316438279
3.0131246267e-23,2.9107787735
7.0654578371e-21,1.5802241543
1.7925993200e-21,1.1814525862
6.9488868643e-23,0.6291321095
2.4845211117e-28,3.7813821975
2.2056448966e-23,0.4762836662
3.5203615800e-23,0.5340854892
8.2829442205e-21,1.7068990835
6.0765066167e-23,2.8364376811
6.1368417358e-21,1.5135295167
8.4788233591e-21,1.7603432891
8.9152073971e-26,0.0742011708
1.1644092408e-24,0.2156287592
1.4644522704e-21,1.1408583784
2.3822559960e-22,0.8231691556
5.7755293134e-22,2.5541229019
2.0066516797e-24,0.2545604249
1.1047322674e-22,2.7689371275
4.4558737283e-23,0.5656057652
5.9068115005e-21,1.4980435180
2.3299192178e-24,0.2658218090
3.0691392554e-27,3.6303032138
6.6856433053e-23,0.6234188814
5.3108169869e-22,2.5663392539
4.2792758103e-22,0.9201935133
2.4826427929e-21,2.3007251224
2.6505146965e-27,3.6394815333
1.9580899524e-22,2.6999591102
5.4467180883e-21,1.4675707482
1.4295193571e-25,0.0946166919
7.9886442146e-21,1.6653696062
5.8096811121e-23,0.6029345521
3.2966017565e-21,1.3191522742
4.0413415025e-29,3.8831614023
3.7182604715e-23,0.5412585046
3.3673709850e-23,2.8993112660
7.0905437083e-25,0.1828702871
7.6396044609e-23,2.8110809581
7.9942017196e-21,1.6660276939
3.1123371525e-21,2.2500453105
2.3233438655e-24,0.2656063261
1.0418454039e-21,1.0761098115
2.9414998718e-21,1.2910345454
3.9652879537e-26,0.0454298539
5.2551475819e-22,0.9550192199
2.8921233113e-21,1.2869727639
6.2782019557e-21,1.5231805590
1.5164830056e-22,0.7501205676
4.7711225451e-23,0.5750430499
9.8639714547e-22,2.4714262223
8.5396284062e-22,1.0399055963
1.8476493982e-21,2.3605695627
6.9062818212e-21,1.9932907453
2.9329022428e-23,0.5107694636
1.7552389574e-26,0.0219938516
6.9160131243e-22,1.0025101854
6.9287152944e-21,1.9916212553
6.1766384551e-21,2.0444449419
5.9651664737e-21,1.5019504357
6.8489439944e-21,1.5637894453
2.4126338966e-25,0.1203952204
8.4829729553e-21,1.7630677532
7.6904350643e-23,0.6442853291
3.6779829066e-21,2.2089261857
1.5472388416e-23,0.4364394832
3.3492701919e-23,0.5276268679
6.4053838231e-21,1.5319749720
1.4902552560e-21,2.4006561825
5.6442250288e-23,0.5987797226
1.0687172309e-22,2.7727930717
8.9729315499e-24,0.3809716176
1.7941864518e-25,0.1054157162
4.6396402064e-23,0.5711694854
6.6647011820e-23,2.8262730962
2.3480947365e-22,0.8208102787
4.2374236408e-25,0.1515317246
9.5802441090e-23,0.6778023864
1.5915438055e-23,0.4394956215
1.4772704180e-21,1.1425709083
1.3125091590e-21,2.4232235905
1.7642452221e-21,1.1781814447
9.0595077253e-29,3.8386129689
3.1851783215e-21,1.3105206031
2.4046506970e-22,0.8246980294
1.9198977372e-23,0.4603035623
3.6649275626e-22,0.8942333104
2.2248714673e-23,2.9415181905
4.8529445345e-22,0.9414588073
1.0675374307e-21,1.0806176957
7.4163806963e-21,1.6088236050
2.8245736303e-23,0.5060830471
4.4017207894e-23,0.5639313761
4.3396937135e-22,0.9225543859
6.3672437288e-21,1.5293253636
6.6059127969e-25,0.1784004329
2.3831101580e-22,0.8232277207
1.9647256053e-24,0.2529891594
4.5636950111e-24,0.3199196448
7.5567463268e-21,1.6212190918
4.7318139663e-23,0.5738940550
4.6643062498e-22,0.9347368178
9.9765979800e-26,0.0788118600
3.5403214815e-25,3.3018748750
1.7025508831e-22,0.7686907583
4.8747032656e-21,1.4298835701
4.0530176526e-22,0.9110660830
5.0689045644e-23,0.5835082379
4.2232820936e-23,2.8755932681
8.4932790216e-21,1.7893231357
5.8915161392e-24,0.3421039597
4.2039120787e-24,0.3129905833
2.1614234422e-23,0.4739188485
6.0756375678e-21,1.5093854358
7.9243591316e-21,1.6579786389
2.5561668912e-22,0.8346974859
6.0623557675e-22,0.9795781721
9.3430836062e-24,0.3848746590
6.1187394355e-24,0.3454771015
3.3025692186e-23,0.5258195790
3.0240196204e-21,1.2977338417
1.7075640027e-25,3.3569053231
6.0495402886e-24,0.3444608698
6.0125261132e-22,2.5482015097
3.3432709466e-22,0.8789539806
2.3634554905e-24,0.2669129018
1.8432714929e-32,4.2629082931
7.6917262882e-21,1.6338595961
8.2032597670e-21,1.6938617665
4.4802413414e-26,0.0493136580
1.2278397134e-26,0.0120724162
3.6864523108e-26,0.0431733946
1.0496596216e-23,0.3962941523
3.5550082433e-21,1.3385983088
3.6294083684e-24,0.3008250552
2.2317474561e-21,2.3230349632
1.0932271390e-22,0.6983206639
8.3680392788e-22,1.0362649113
7.9853829894e-21,1.8971573401
6.1239611528e-23,0.6105637952
1.4222461104e-25,3.3704012202
1.4891947112e-22,2.7335335538
2.1391287107e-23,2.9454449414
4.2547708442e-21,1.3882226492
8.4958048356e-21,1.7822703422
1.8165019909e-25,0.1060207660
