likelihood_theta2,theta2
4.6252463370e-19,0.9236535857
5.1521188675e-30,2.9586344795
6.5609696792e-21,1.8081590350
2.3438599201e-23,0.0266172844
5.0170499213e-21,1.8298536462
4.3504369968e-19,0.9030064762
2.7345163398e-20,0.4612653385
6.8797432013e-22,0.1810569192
1.1833565939e-20,1.7583254217
1.7985186951e-25,2.4551672927
1.2352656227e-40,4.1451961751
2.6045551565e-19,0.7766441904
7.9658977552e-20,1.5665808493
1.0044047402e-19,0.6183591599
1.5997030398e-20,0.4085790192
5.6685863624e-19,1.1580655210
6.8996695638e-34,3.3709420310
7.4823419672e-21,0.3426791831
7.8745572622e-33,3.2577815208
1.4762809633e-33,3.3354758247
3.8121438662e-19,0.8643776585
8.4058782699e-26,2.4939919104
1.5391775488e-21,0.2295768308
4.2311923523e-20,1.6371416521
1.5895488315e-19,0.6877834256
1.4418556031e-22,0.0998753148
6.6471513758e-21,0.3331989712
3.1677513522e-19,0.8185839682
1.4504941550e-21,0.2258220203
2.0631183315e-46,4.9637227840
2.9291894531e-19,0.8011709711
2.9752697970e-20,0.4701032474
5.0324431641e-19,0.9568132750
2.9544263705e-19,1.3707557729
5.0453331289e-20,0.5292817893
6.1515611566e-27,2.6238545503
5.3823811121e-20,0.5370256558
4.4783527886e-26,2.5257407419
1.5216451585e-19,0.6807365138
5.1988859738e-20,0.5328574696
3.9372529736e-19,0.8732412613
5.7432662244e-21,0.3217509283
1.5796999866e-20,0.4074093367
1.1253288044e-20,0.3769233825
7.4561928725e-23,0.0700823667
4.0468431527e-31,3.0760576527
5.3776234871e-19,1.1938052234
5.1827611370e-19,0.9703692193
1.3892001260e-35,3.5553499315
1.5726402067e-20,0.4069936686
5.8758051673e-19,1.0778983509
1.1734856887e-20,1.7590560285
6.8347387029e-29,2.8383593940
1.6646421056e-19,0.6953524221
1.6258712444e-22,0.1055729908
5.8562161713e-20,0.5473074406
2.4337422674e-19,1.4073420884
2.2990744447e-23,0.0260448248
3.6987171976e-22,0.1469200321
5.4567862694e-21,0.3178085092
1.6333550223e-23,0.0168467805
9.3524326491e-20,1.5470466718
7.3599635466e-20,0.5762297749
1.7827163872e-20,0.4187686804
5.8461265624e-19,1.0642603563
1.9099696360e-19,0.7186776710
3.3626463092e-21,0.2820651412
4.2779998546e-19,0.8977044044
1.7924474755e-21,0.2393561722
1.5454144151e-19,0.6832262545
7.7957269393e-22,0.1882601833
5.8739484914e-19,1.0767005595
1.1969874863e-19,1.5153285565
1.4314158203e-24,2.3461616483
2.9590643891e-24,2.3067089057
8.2761427736e-21,0.3509099136
1.1388596212e-23,0.0087421581
1.2906491884e-21,0.2185217963
1.6550547853e-19,0.6943984550
2.1083747508e-19,0.7362561631
7.2957782095e-46,4.8760461309
1.8646451531e-19,1.4516260200
8.3619863124e-20,1.5607555852
3.7323204233e-21,0.2895382460
2.6723071007e-22,0.1300639958
2.7819794540e-22,0.1321131117
5.0356164918e-23,0.0536845907
7.0448915612e-21,0.3378298179
1.1786991888e-21,0.2129270011
2.9942474739e-23,2.1751468385
4.5362323857e-25,2.4071634221
1.8194252653e-34,3.4334057376
5.3064848238e-28,2.7417222068
9.5882570145e-24,0.0046881064
1.3603775096e-19,0.6631190980
5.2078052190e-19,0.9727295317
2.1171085915e-20,1.7057032424
2.7483669284e-22,0.1314927316
2.4600669431e-19,1.4054233319
5.1414945945e-22,0.1647074018
5.0627435165e-19,1.2231381108
5.6693958518e-20,0.5433323026
3.5721320688e-20,1.6546165423
2.1732516877e-19,1.4268714066
5.8194784523e-19,1.0560884321
1.9038981416e-38,3.8800481598
7.2209381410e-20,0.5737539721
7.2844825485e-21,0.3405157101
5.8526074629e-19,1.0666251882
4.9370937852e-20,0.5267107201
5.2837061965e-19,1.2031870767
5.8712843496e-19,1.1098197848
2.6114079058e-22,2.0411455854
6.6875981572e-21,1.8065915900
1.8307185985e-38,3.8820455655
5.2625562217e-32,3.1700510807
4.9743017865e-19,0.9518058074
1.3380480282e-21,0.2207645950
2.3463997085e-42,4.3681116121
2.6425742679e-19,0.7795787148
2.8996338514e-21,0.2716518778
1.2209754325e-20,0.3840781548
4.1229471057e-22,0.1527039167
1.7104092098e-19,0.6998588652
5.4225600031e-23,0.0566819608
4.3822098749e-19,0.9053476571
3.9927491486e-20,0.5022030879
4.3471507911e-27,2.6407471098
2.2588791068e-22,2.0505448446
3.1765737378e-19,0.8192205606
2.8006100299e-22,0.1324541496
2.1452646705e-19,0.7394192255
1.2371149140e-22,0.0927320692
1.1323278589e-21,0.2104735556
1.4631030923e-32,3.2291312867
1.2418824207e-21,0.2161385221
9.5626436912e-21,0.3629622309
1.9167112485e-19,0.7192920379
2.7160645085e-31,3.0944287016
1.9470040253e-20,0.4272246190
3.1867780265e-23,0.0365111208
2.7480209170e-19,1.3849564723
2.2592039315e-19,1.4203096918
1.3609037951e-19,0.6631788264
1.2183825174e-20,0.3838903104
1.0064478913e-19,0.6186461492
2.8883306202e-23,0.0331870065
8.9768717537e-24,0.0011572697
7.0945163651e-38,3.8135317718
1.0847185901e-20,0.3737349034
6.5271393841e-22,0.1780588762
4.8764033358e-19,1.2383965743
8.2541904311e-21,0.3506912406
1.8165291120e-19,0.7100244684
1.0307621537e-21,1.9482690585
5.3206573315e-20,0.5356358951
4.4096703928e-29,2.8588521530
1.6695104968e-20,0.4125710100
8.7809923465e-21,0.3558116551
1.4911714174e-20,0.4020847678
9.6952775395e-21,1.7755212778
2.8705985023e-20,0.4663327078
1.0598430775e-21,0.2064578216
7.2330557265e-22,1.9729661854
2.5323438223e-26,2.5542076382
7.5572710726e-20,0.5796840035
3.5914589279e-19,0.8487832682
1.0737703233e-19,0.6278759389
4.4101950486e-22,2.0065698145
2.2988386487e-22,0.1224845570
1.9470611254e-23,2.2003838094
1.3834651120e-20,0.3952513637
1.9100790384e-20,0.4253752472
9.4453308474e-41,4.1598498370
8.2203038118e-20,0.5908195766
9.5956493128e-34,3.3555482782
7.7071949992e-21,1.7948617860
7.2812416107e-21,0.3404798695
6.0505739698e-20,0.5513416839
4.1162219733e-19,0.8860100535
5.2391627298e-21,0.3146963303
3.7113753427e-20,0.4940339096
1.2405805265e-20,0.3854880582
5.2411663353e-23,0.0552981681
1.5193625451e-26,2.5795088148
2.5025383244e-33,3.3109325612
9.7675180861e-34,3.3547203932
1.6233087985e-23,0.0166965382
1.5818442276e-21,1.9176170990
3.0055796989e-23,0.0345147467
2.0767064579e-19,0.7335160822
1.8515181284e-22,0.1118338101
1.8817066279e-36,3.6517094135
1.6521726736e-23,0.0171271141
1.5496884279e-19,0.6836712668
4.0890664670e-23,0.0455519172
1.7321039095e-19,1.4629639438
3.2336769849e-19,0.8233304223
1.8240183827e-20,0.4209513586
5.2485976773e-25,2.3995091676
1.9604098193e-19,0.7232435776
4.0328824542e-20,0.5033314860
2.4319694269e-19,0.7630711564
1.9337393381e-21,0.2443045850
2.1475867328e-20,0.4368083394
5.8831435725e-19,1.0841645405
1.8977255130e-23,0.0206665910
1.7470645334e-22,0.1090239564
3.6473822661e-19,0.8527354342
8.9779145690e-24,0.0012261825
4.3256953993e-20,0.5113109027
1.3821397693e-19,1.4957345553
4.0248110965e-40,4.0813817014
6.9838561192e-20,1.5820430248
3.7526419901e-21,0.2899305862
6.1580449315e-45,4.7335670531
2.6385653210e-24,2.3129875810
8.1582760163e-20,1.5637247971
5.6492511197e-19,1.0233837075
1.6473910768e-19,0.6936333486
1.0647094747e-26,2.5970125057
1.2342455376e-21,0.2157579807
5.6555776364e-19,1.1600241614
3.3456324366e-30,2.9786057011
2.8146202754e-22,0.1327093043
5.7009717897e-41,4.1875821586
7.7455055131e-22,0.1878849144
2.9281873455e-36,3.6302583264
4.7891988989e-22,0.1608121842
4.2051041181e-37,3.7250368617
6.5990640158e-21,0.3326236206
3.1136357836e-22,2.0296488576
7.1762539209e-21,0.3393116365
4.1489640095e-19,1.2910353814
2.0403764770e-20,0.4317792391
4.7364303207e-22,0.1602072800
3.5338048981e-24,2.2969478484
4.3562499037e-26,2.5271269693
2.5179861429e-19,0.7698900496
1.7755289137e-19,0.7061418183
6.6078653415e-21,0.3327291855
6.1987925505e-32,3.1625022754
5.1594403240e-21,0.3135291303
1.4881039839e-44,4.6765342020
3.2870185390e-21,0.2804510574
1.6925403111e-20,0.4138585627
2.0597119171e-21,0.2484609268
8.3219704161e-22,0.1920705638
2.2763011987e-27,2.6720437488
3.1061284609e-35,3.5169813259
1.7510436004e-24,2.3352871037
3.6941833797e-19,1.3214534130
3.1783962518e-19,0.8193520106
3.1036631656e-22,0.1377397277
1.6401680685e-29,2.9049296814
9.2221919028e-40,4.0372263344
1.5852569813e-22,0.1043659563
4.0338026185e-20,0.5033572551
2.9454873400e-20,0.4690411641
2.6771149456e-27,2.6642193580
1.7735840660e-26,2.5718661200
2.6749064002e-23,0.0306938798
6.6757081305e-21,0.3335390101
9.7221383856e-23,0.0817655885
5.4547326424e-21,0.3177796298
6.8491915696e-20,0.5669531028
6.1501645481e-22,1.9840915493
9.1748588207e-22,0.1978216218
1.9560017644e-19,1.4440792132
3.2734864443e-23,0.0374434504
3.0592056317e-19,0.8107119087
3.9554145065e-23,0.0442996231
2.4847032514e-26,2.5551516614
5.7393788099e-19,1.0383374771
4.6865947235e-19,0.9284122797
6.9834819631e-20,0.5694412011
