sampled_sigma
1.8992901301
2.7330581785
84.8764489405
2.1558015249
1.8242215089
10.7183261214
3.0144277683
2.5069080274
1.8977070652
121.9971180785
3.7952609238
1.6830584417
1.7478956756
2.4243084834
7.8232272209
1.7102700588
3.9238327824
2.3799549045
1.8608038708
2.6720534452
1.7016525842
2.6240577115
1.5059040235
1.8822892689
12.1835524229
1.4415435185
7.6198226034
13.8983942916
1.4307074868
6.3484165165
6.3434102026
2.5292005398
29.9745035252
1.7982790861
27.1616946531
3.0157295747
14.2606441845
2.3519368827
7.2623198256
3.6901533395
3.0437654823
1.6046806342
13.9597716912
3.7206634764
2.3330707446
176.3395076822
1.6797200024
4.3285663078
4.9650452578
13.5693606575
2.4494846415
1.7867673348
3.9777742775
22.0237825845
1.4368195142
3.6782504836
2.3209362841
1.6477027553
7.3416476215
3.1366739897
1.5942649675
2.4456980674
1.6421696890
4.2854486390
1.6135333385
1.8886871977
15.5589678962
1.6138335373
5.8159494656
1.5806582087
1.4640616414
1.6953697639
18.8658434669
20.8996569469
83.1366599134
2.2776343319
1.7593935354
1.8904576416
1.5041020484
3.8476552348
34.3818878925
4.2516927484
1.8233352417
1.4983867849
2.7522677984
3.9450832510
1.5499415535
1.9672570347
2.0436477999
1.8908723888
9.0803031388
4.3012354524
3.0904522834
1.6048356832
1.6600165664
2.1438065441
7.9545672209
1.4527057951
14.6995315794
1.4104097470
1.6815360568
13.2293150475
3.6226538088
2.5622249644
3.4477406242
7.3843094684
1.8454265761
2.1113349850
142.8841791160
24.4323120523
29.5562057322
4.1645250145
1.9050014633
6.1926119289
2.6332585959
13.9499895799
4.9724912848
1.7924283423
8.0539847748
7.0913593686
1.4728709185
6.6745405343
1.5685390120
1.7470206503
2.5445206730
68.8218268012
7.5209916080
2.4348335225
2.0072045493
10.9062761226
1.4295436389
2.1416166941
1.4492196414
1.6889987369
2.6251808555
1.7054372478
1.8388225873
2.8116737599
2.3683528436
4.1681791492
2.8448507802
7.5864878679
38.4265575326
1.5053888983
4.4719793327
2.5002729456
2.9078372171
1.5942852839
2.1893288207
2.6500201544
1.4479785085
4.2776404104
2.4580619832
1.5194965527
1.9053044682
15.8778671324
11.4922719918
2.3014656208
7.3328396001
1.8582100683
19.5399380599
1.8415921799
2.5064865915
2.2146883388
6.2823916474
7.4174537236
2.7362835722
11.6257730837
16.9862338375
2.4115806462
48.1783189427
1.5267469656
3.5974685636
8.4383920447
2.5670526517
194.8669092451
2.2515172903
2.3880682784
1.5077015249
2.3701798941
1.9595898959
10.7581895146
3.1569315805
2.0039510566
2.9818335632
2.3484622068
4.3683429765
1.5942603430
432.3271374208
1.8428819082
40.5149549878
4.6441682779
8.3872759516
1.9012986947
1.6012924394
2.2444125296
34.5375235810
16.6307208863
11.4855250810
2.1089370118
2.9744037003
5.0161976728
52.0436969382
1.4400392817
2.8423765524
3.8977769981
1.6016521059
1.9536488184
19.3151778566
1.5943031125
1.7376092073
2.3686733992
2.5248468781
22.8264297161
1.5764429936
2.8712187209
228.9857948268
15.9536608302
16.4367355628
2.5543677154
2.0194106334
2.0335638275
2.0523675115
69.8376469815
1.4069757321
625.1072765548
5.9848655805
3.2032915374
3.5119663844
3.1705910282
1.7368660254
34.0528809461
10.9319466220
9.7242173589
8.7487916871
2.5733287941
1.9818849370
52.0155062949
9.1029403355
48.5783556508
1.4893987424
3.3044517177
2.7928733992
3.1190293234
1.5087440421
13.9027749195
9.3669534178
1.4345031786
10.7325626296
3.0986551908
2.5564680021
6.5084901738
28.6362651320
5.0237098943
2.6151237000
4.0037269406
1.4586859632
1.4925456442
1.9628273766
2.4495323803
866.7332936606
1.5943076879
16.4459544919
1.6060350291
1.7768411904
8.3527478058
1.8592151175
1.9469590171
14.9069154368
1.5750066227
1.6409006276
2.8770654020
2.4563665092
10.4169304966
1.6741426578
1.6359929560
