sampled_beta
1.3458717585
1.0966511062
8.0361411804
1.5027770949
1.2012891512
3.1246547569
1.8929124423
1.4411763631
1.1807641242
9.7119652433
0.9889485479
1.3272649301
1.2081916663
1.7449568990
1.6394238992
1.2224182537
1.0399510336
1.6812592092
1.2119298299
1.1526097040
1.3031985266
1.1117087770
1.4726505169
1.1798614371
2.8829123702
1.3263700757
1.3549705995
3.2829468938
1.4175405177
0.8720601105
2.5674676004
1.8206850390
4.4078154260
1.2142257809
1.4683614589
1.1097591568
2.0908590678
1.1405704407
2.5804711694
2.0467584735
1.7301939168
1.5257724744
1.2640471410
1.7474250498
1.5382067152
10.9413103810
1.2100962871
2.0132620809
1.0586495788
1.2840647598
1.4281311736
1.2040739803
1.1347620386
3.0619924232
1.3270160574
2.0572818302
1.2820962920
1.3284912184
1.5783817599
1.6120340876
1.2491395339
1.2645475021
1.2260871314
1.8586820961
1.2124425345
1.4344155896
0.9205856940
1.2587793860
1.3176815613
1.3152433545
1.3232731062
1.2381165440
3.8646844596
2.7845603941
7.9041069647
1.6870916250
1.3498754851
1.4897090949
1.2436204452
2.1190323717
2.0677907995
1.5969461504
1.1860524405
1.4594492603
1.4730409607
1.5203443424
1.3383502506
1.6377861649
1.4793409038
1.2119022556
1.6930296909
1.0471322173
1.0962125982
1.2597763259
1.3621482288
1.3963512465
1.9886656739
1.3915423713
3.4525819980
1.3979308110
1.2039042508
2.1707685183
1.4008438681
1.3164435289
1.6903621629
1.1102659004
1.5013752405
1.6593496186
6.9784116764
1.5661114515
4.7906592440
1.8205145977
1.2130058016
1.6865061548
1.2131308268
1.7316351834
2.2215175284
1.4929923157
1.0398046091
2.6551001333
1.3086447159
1.6029918394
1.4248027876
1.3850792520
1.5987385691
4.8748525070
2.1066291236
1.1322889574
1.1782242663
3.0656086013
1.3838284521
1.5215626125
1.3413199837
1.4799050184
1.1515356241
1.4863909592
1.6198311334
1.8041918547
1.1951310342
1.8852284930
1.6583184469
2.2301567417
5.5006061129
1.2340095171
1.7366441144
1.7764956505
1.6610290280
1.2491889847
1.2170591288
1.7437338058
1.3324820023
1.7402895676
1.6973440827
1.2660044162
1.2128671025
2.0167860065
1.6890623939
1.7478268781
1.4477401554
1.6260700142
3.3938145353
1.5846105562
1.4546788615
1.1551969851
1.3754924152
2.3876800883
1.6515070663
2.6512090873
2.7621125365
1.4666753427
5.4688917881
1.4001085116
1.8759249957
1.0984575015
1.8212455636
10.5545326659
1.1853356254
1.6780254664
1.2341992145
1.5081785486
1.6154619536
1.9519801041
1.7792348007
1.4831436128
1.1145913881
1.2146730142
1.0640014715
1.2491513764
16.5997660024
1.4273623930
3.2260382354
1.6642489887
1.2115181297
1.4177385836
1.3256428536
1.5406417347
5.2810267611
3.4515418561
1.4784809075
1.1864079989
1.8621894052
2.1021765934
3.4009785398
1.3977971013
1.8466204474
1.7789561806
1.2635422546
1.4449858704
3.6573659151
1.2492489748
1.4837065372
1.2662092177
1.2365908185
4.2520939171
1.2429409202
1.2373170520
13.0908874011
3.3314343727
3.7195363470
1.7269004343
1.2162989517
1.4828991989
1.3033086474
5.1518753103
1.3577030806
21.9682393822
1.3709284301
1.0575485017
1.4407116089
1.0751312596
1.5819141873
4.5168180044
1.1755717035
2.7827491227
1.6998445957
1.4414869529
1.2034162771
4.8762734220
2.8535381850
2.7662024697
1.3958930256
1.0504757532
1.6192606144
1.1986853741
1.2718767463
1.3001711158
1.1737543641
1.3485263807
1.7134610123
1.0689530314
1.1267402157
2.1038397228
3.8537974606
1.5439106820
1.1163940539
0.9690201962
1.3107934736
1.3204595189
1.6468698983
1.1311258155
24.5312876072
1.2490668228
0.8926283692
1.3954529238
1.5880099027
2.3678245667
1.2111218732
1.4662986100
3.4160176783
1.2720996163
1.2981676606
1.6724554277
1.1221515350
3.1369461944
1.2729900764
1.2261716887
