sampled_theta1
0.3372586070
0.1951698042
2.8209032759
2.8563642337
0.0726221155
1.7820943065
1.3554895519
2.0947262604
0.1208213227
2.7522372767
0.2541001012
0.2889924599
0.0337525662
0.7211336870
3.0814123380
0.1835040436
0.3518635657
1.4499691994
0.0041322737
0.1379891899
0.2724679634
0.2405630579
0.8709791643
0.1432160034
2.3757894040
0.5373245839
3.3476888415
2.1633010461
0.5687533047
0.4384902616
1.4508102452
1.0950349761
2.7085493732
0.0108730335
4.6560625905
0.3037721498
3.4017778197
0.1557308907
1.7868580391
1.4028521813
0.6252926870
0.7064212440
4.0361750103
2.0422458643
2.3654717366
2.5885921424
0.0292630220
0.8037272676
0.4365643825
3.9904880920
0.4357188908
0.0626863914
0.4078321779
3.2474582507
0.5170244447
1.3626406490
0.3478308860
0.8620785492
4.1319763735
2.0392728753
0.0628919522
0.3501733978
0.0120828109
2.0604368400
0.1140828418
0.3950196174
4.5976417890
0.2037445413
3.2109895924
0.2551771416
0.2601197382
0.2018020229
1.5832306445
0.9826339713
2.4146194836
1.3350982413
3.1855575957
1.5099445151
0.1211777486
1.0585640110
0.9532194353
0.5808363261
0.1272828647
0.5664820261
2.3727059871
3.0262228098
0.7932051983
1.1162079046
1.6768343586
0.0336957498
0.7079186618
0.3873609593
0.3019311726
0.6760193728
0.3131872539
0.3945674976
0.7541200687
0.9303899680
1.4547399544
0.7384165732
0.1268609048
3.2320250580
0.4964752300
0.3919702742
0.5974067193
0.5584160257
0.4577916298
1.2404416113
4.8787217349
4.4638644776
2.3341926176
0.6691756838
0.0204156503
0.6533123194
0.1002200881
0.7787693057
0.9690395209
1.3901283317
0.5609217041
1.5835213450
0.1810177406
2.9422040138
1.2075044623
0.3440044382
2.8731039229
4.2179020045
2.5193229364
0.1625624673
0.1145106727
1.9202111587
0.8393271037
0.4722493030
0.6826136162
1.2843542687
0.1384401312
1.2901805882
0.8928878037
0.7263988859
0.1022642423
1.9741686674
4.2514843145
0.8483639160
2.3778823445
0.0877583034
2.3051803256
0.7610200478
4.6876769734
1.4602115415
0.0126681283
1.4968992348
0.3134754878
0.6316193209
1.4711156365
0.1756691456
0.0125873316
3.6029868654
0.7431447441
1.1228186947
3.2081770646
0.7950318634
1.2319148215
0.6130755856
2.0426842543
0.2143638724
0.5905320957
2.1254786144
0.5712893572
2.5591979340
0.9863019105
2.1524508343
1.7600433191
0.3502606673
1.7529863201
0.5872282986
0.8512040900
2.3390779263
0.2608814049
1.4660036764
0.0634636237
0.4713164781
1.2038284022
3.1597786090
1.7319056507
1.9608525854
0.3034534700
0.0865144620
0.4006962207
0.0673027482
4.4577152002
1.6647241007
4.1717246088
3.6433372776
0.6117946083
2.4124910490
0.2700793223
2.5339152985
2.2514497498
2.3479484766
3.6524821966
0.1025557064
0.7839446232
1.8990817238
4.5061171143
0.4482788578
1.3551039241
0.6470019500
0.3321967557
1.7515092522
2.4463740976
1.6401077483
0.4463652428
0.3427100855
0.0782893237
1.7143741254
0.0221360671
0.0957871247
3.5005351005
1.2946934664
2.0102725253
0.6602514872
0.0210302370
1.6600842270
0.3293556163
1.4084139945
0.6108377760
3.6033021225
3.4137137187
0.2095374111
2.6765202807
0.1923989539
0.8742122902
1.5341937635
3.8810012531
1.1536195620
3.1490254332
2.1774504656
0.0772133292
1.4494502167
1.8331465336
4.7415563912
0.3611831803
0.2869054326
1.8641952667
0.1224365897
0.0906333892
4.0029075430
3.8934182729
0.3564989723
0.7359132177
0.2024899940
0.2492150862
0.7979858862
3.0805417856
3.4480361264
0.1729072010
0.2961519752
0.4085007800
0.2313277644
0.7210389661
0.1632222328
4.8239914448
0.0097324326
4.5468771532
1.2021406487
0.9818537593
2.3517955779
0.0288831705
1.6221652167
1.4078037008
0.3515902748
0.2542959895
3.8806026072
0.1829506404
1.5979030944
0.2372914708
0.0134391324
