sampled_theta2
0.9236535857
2.9586344795
1.8081590350
0.0266172844
1.8298536462
0.9030064762
0.4612653385
0.1810569192
1.7583254217
2.4551672927
4.1451961751
0.7766441904
1.5665808493
0.6183591599
0.4085790192
1.1580655210
3.3709420310
0.3426791831
3.2577815208
3.3354758247
0.8643776585
2.4939919104
0.2295768308
1.6371416521
0.6877834256
0.0998753148
0.3331989712
0.8185839682
0.2258220203
4.9637227840
0.8011709711
0.4701032474
0.9568132750
1.3707557729
0.5292817893
2.6238545503
0.5370256558
2.5257407419
0.6807365138
0.5328574696
0.8732412613
0.3217509283
0.4074093367
0.3769233825
0.0700823667
3.0760576527
1.1938052234
0.9703692193
3.5553499315
0.4069936686
1.0778983509
1.7590560285
2.8383593940
0.6953524221
0.1055729908
0.5473074406
1.4073420884
0.0260448248
0.1469200321
0.3178085092
0.0168467805
1.5470466718
0.5762297749
0.4187686804
1.0642603563
0.7186776710
0.2820651412
0.8977044044
0.2393561722
0.6832262545
0.1882601833
1.0767005595
1.5153285565
2.3461616483
2.3067089057
0.3509099136
0.0087421581
0.2185217963
0.6943984550
0.7362561631
4.8760461309
1.4516260200
1.5607555852
0.2895382460
0.1300639958
0.1321131117
0.0536845907
0.3378298179
0.2129270011
2.1751468385
2.4071634221
3.4334057376
2.7417222068
0.0046881064
0.6631190980
0.9727295317
1.7057032424
0.1314927316
1.4054233319
0.1647074018
1.2231381108
0.5433323026
1.6546165423
1.4268714066
1.0560884321
3.8800481598
0.5737539721
0.3405157101
1.0666251882
0.5267107201
1.2031870767
1.1098197848
2.0411455854
1.8065915900
3.8820455655
3.1700510807
0.9518058074
0.2207645950
4.3681116121
0.7795787148
0.2716518778
0.3840781548
0.1527039167
0.6998588652
0.0566819608
0.9053476571
0.5022030879
2.6407471098
2.0505448446
0.8192205606
0.1324541496
0.7394192255
0.0927320692
0.2104735556
3.2291312867
0.2161385221
0.3629622309
0.7192920379
3.0944287016
0.4272246190
0.0365111208
1.3849564723
1.4203096918
0.6631788264
0.3838903104
0.6186461492
0.0331870065
0.0011572697
3.8135317718
0.3737349034
0.1780588762
1.2383965743
0.3506912406
0.7100244684
1.9482690585
0.5356358951
2.8588521530
0.4125710100
0.3558116551
0.4020847678
1.7755212778
0.4663327078
0.2064578216
1.9729661854
2.5542076382
0.5796840035
0.8487832682
0.6278759389
2.0065698145
0.1224845570
2.2003838094
0.3952513637
0.4253752472
4.1598498370
0.5908195766
3.3555482782
1.7948617860
0.3404798695
0.5513416839
0.8860100535
0.3146963303
0.4940339096
0.3854880582
0.0552981681
2.5795088148
3.3109325612
3.3547203932
0.0166965382
1.9176170990
0.0345147467
0.7335160822
0.1118338101
3.6517094135
0.0171271141
0.6836712668
0.0455519172
1.4629639438
0.8233304223
0.4209513586
2.3995091676
0.7232435776
0.5033314860
0.7630711564
0.2443045850
0.4368083394
1.0841645405
0.0206665910
0.1090239564
0.8527354342
0.0012261825
0.5113109027
1.4957345553
4.0813817014
1.5820430248
0.2899305862
4.7335670531
2.3129875810
1.5637247971
1.0233837075
0.6936333486
2.5970125057
0.2157579807
1.1600241614
2.9786057011
0.1327093043
4.1875821586
0.1878849144
3.6302583264
0.1608121842
3.7250368617
0.3326236206
2.0296488576
0.3393116365
1.2910353814
0.4317792391
0.1602072800
2.2969478484
2.5271269693
0.7698900496
0.7061418183
0.3327291855
3.1625022754
0.3135291303
4.6765342020
0.2804510574
0.4138585627
0.2484609268
0.1920705638
2.6720437488
3.5169813259
2.3352871037
1.3214534130
0.8193520106
0.1377397277
2.9049296814
4.0372263344
0.1043659563
0.5033572551
0.4690411641
2.6642193580
2.5718661200
0.0306938798
0.3335390101
0.0817655885
0.3177796298
0.5669531028
1.9840915493
0.1978216218
1.4440792132
0.0374434504
0.8107119087
0.0442996231
2.5551516614
1.0383374771
0.9284122797
0.5694412011
