likelihood_theta2,theta2
7.5343638247e-54,2.9095099101
9.0403910898e-35,2.2398104817
1.8014379380e-23,0.4742565670
9.8919756704e-23,0.5969434987
5.7981332396e-22,0.7850481472
4.2516908999e-27,0.1237581886
1.8213341872e-22,0.6513719761
1.3471385892e-21,1.0564046453
4.1027310217e-26,0.1960154702
4.2552820690e-22,0.7434628917
4.1062869815e-23,0.5293254214
5.1035423731e-47,2.6930213041
1.0051698154e-21,1.1643211718
8.4610550235e-24,0.4290730349
2.7903416414e-25,0.2670514076
4.9654765304e-25,1.6776360506
1.9627662301e-22,0.6585930217
1.3300791091e-21,1.0678463829
8.7306314917e-25,0.3151525260
2.5566725905e-23,0.4968301378
1.1664990310e-25,0.2333866727
1.4630736514e-28,0.0379193649
2.9636064431e-22,0.7011502398
4.7123922338e-22,1.2786189216
4.5043628713e-23,0.5359611357
1.6644064773e-28,1.9256605590
1.5850464147e-24,0.3424505879
2.9901714311e-25,1.6966470125
3.0300756155e-24,0.3740620010
4.1013781971e-23,0.5292402941
1.5263239248e-100,4.3021559717
1.8746001673e-109,4.5937743819
5.3865039255e-71,3.4155530674
1.2008583102e-74,3.5214551504
8.8766645741e-22,1.1892136609
9.1631548258e-22,0.8634292540
1.0920758157e-21,0.9052392955
1.3612261581e-21,1.0413179676
1.1038425935e-22,1.4068445362
2.3863862446e-22,1.3460554440
2.8389141324e-28,0.0520031355
1.0365513151e-23,0.4407763449
1.1795159765e-26,0.1549500404
5.7155886111e-22,0.7829749861
3.4298720917e-27,0.1174519277
7.7333911008e-25,0.3097926993
6.7443352741e-23,0.5661603889
3.9406375580e-27,0.1215173205
2.7531299054e-24,0.3692474631
2.7864427144e-22,0.6944505979
4.0074393488e-26,0.1952080513
3.8131836949e-23,0.5240860249
2.9097353259e-24,0.3720202626
1.1451816316e-23,0.4466338269
1.3621066110e-21,1.0141221400
5.0864687739e-22,0.7666875943
4.3779790310e-23,0.5339093876
8.7813868436e-29,0.0283605291
2.7212081886e-25,0.2660479252
6.4245222300e-22,1.2400243206
5.3983579101e-22,1.2625526409
1.2616056188e-21,0.9550002044
7.5112596158e-23,0.5745910009
1.6552516430e-23,1.5222562090
8.1178413738e-23,0.5807761874
2.3558323410e-33,2.1769032507
4.2680157982e-22,1.2896480453
5.4707453512e-23,0.5502390086
3.4629421051e-38,2.3796478907
2.5929626791e-28,0.0499723966
7.7083531348e-22,1.2132457873
1.9156473347e-27,0.1008118175
1.3450424215e-21,0.9956556977
5.6962650519e-25,0.2965522484
1.3650609404e-21,1.0218819191
6.4390303766e-25,0.3018146578
3.8074287214e-22,0.7298502120
1.7281214455e-22,0.6463801809
1.3459323309e-21,1.0573523835
6.8247207702e-25,0.3043335076
1.4783929853e-26,0.1621370921
3.4793812910e-22,1.3109067811
2.2000591881e-24,0.3581754138
1.6328934190e-24,0.3438550643
2.2428633081e-28,0.0467893395
6.3221611106e-25,0.3010243969
1.2828958631e-21,1.0896869758
1.2924139330e-21,0.9670558600
2.2869478090e-24,0.3600689493
3.6298953744e-23,0.5206351281
5.0994862244e-24,0.4011254388
1.3611669495e-21,1.0124957471
1.6661159069e-25,0.2468520018
2.9273071532e-24,0.3723230305
1.9954379280e-27,0.1019551170
2.7092002675e-23,0.5006786704
6.5782596596e-27,0.1368491026
1.4611990149e-24,1.6348082157
1.3755129659e-30,2.0420669338
5.4053829780e-22,0.7750585179
5.9925041827e-22,0.7898796379
6.2740009042e-22,0.7967630170
6.5578920799e-38,2.3688180562
7.2442511657e-22,1.2228209249
2.6477310484e-90,3.9840928318
2.5945122369e-65,3.2505534401
4.4199907778e-24,0.3935309608
9.6398726040e-29,0.0300204272
2.3771773265e-22,0.6777537055
2.0239643645e-24,0.3541232242
7.7740260653e-28,0.0764994125
3.5907848934e-25,1.6898606293
9.7168843791e-27,0.1488658826
3.9829701958e-22,0.7352956365
1.3608629278e-21,1.0418990125
4.1247042502e-22,0.7395867406
3.5681650808e-22,0.7221703911
2.6791079414e-26,0.1815804513
1.4780475377e-22,1.3852114140
4.8758946947e-46,2.6605454131
2.2483397935e-90,3.9862462119
1.1220643398e-34,2.2357457072
1.9627360996e-23,0.4796812323
6.0629098051e-29,0.0221552890
2.7498487541e-23,0.5016731485
4.7010023396e-25,1.6797193718
8.8339608768e-22,0.8559310831
1.2841994883e-21,1.0891799443
7.4596703557e-24,0.4219594422
9.4078876760e-25,0.3184852520
7.3698302829e-22,0.8225929306
7.7876937593e-26,0.2185819134
1.5353065073e-23,0.4643156459
1.9799312453e-22,0.6594428239
7.4104856603e-26,0.2167946388
5.6644750699e-25,1.6725902029
5.7278067807e-23,0.5536819572
2.3659557771e-26,0.1774503692
1.0819359694e-21,0.9026821957
7.4611266743e-24,0.4219703811
4.8183765167e-26,0.2015766299
8.6415424254e-22,0.8515631949
1.0309908940e-27,0.0839023418
8.2225727484e-23,0.5818059224
6.7267580654e-22,0.8075946605
5.4407840798e-23,0.5498290728
2.2622765701e-49,2.7693567048
1.1092248069e-100,4.3065783099
3.6632237132e-47,2.6977566474
1.0358700156e-51,2.8432983348
3.2336289271e-24,0.3773566750
6.0578254017e-22,1.2479144445
6.6645552445e-82,3.7333670596
5.8799167857e-24,0.4088148641
4.6079209731e-24,0.3957294014
7.7073526092e-28,0.0762768161
1.3042980742e-28,0.0356678262
3.7993078972e-28,0.0587420777
1.0895239781e-21,1.1452228664
4.7450188119e-23,0.5397387382
3.2871762100e-23,0.5137684999
7.7069378641e-28,0.0762754261
1.7484355833e-28,1.9243751637
6.7246452615e-99,4.2499654178
7.6638623939e-35,2.2429089802
1.0084389595e-24,1.6499185838
1.5596930580e-31,2.0902413833
3.1298715034e-23,0.5104123529
1.2274903663e-21,0.9433330350
6.1069522833e-28,0.0703397916
9.6793548638e-24,0.4367943587
3.4209842503e-22,0.7172823211
2.2608487897e-24,0.3595070390
1.3101214980e-21,0.9750398441
1.1028981936e-22,1.4069058930
1.6996607995e-23,0.4706145634
1.5808580828e-22,0.6380621831
1.8793263112e-23,0.4769259912
1.2585651521e-21,0.9539009258
1.8593415685e-23,0.4762502704
1.2524315505e-21,1.1006473422
2.6866655183e-24,0.3680279455
1.3636498076e-21,1.0173653792
8.1395039111e-23,0.5809900545
2.6589902993e-26,0.1813290038
2.7883051027e-23,0.5026025631
1.3434557149e-21,1.0592123338
3.8679343589e-26,0.1939932679
9.3883811541e-23,0.5926082282
1.0154057642e-22,0.5991303255
1.1903240706e-21,0.9318856789
2.3035650271e-30,2.0302800403
1.2674587655e-21,1.0954343030
5.2884086537e-22,1.2650623237
5.4191910254e-98,4.2213923939
6.8649737398e-110,4.6084589343
2.7610009994e-93,4.0750933693
4.6236152602e-105,4.4481132905
4.7451881955e-25,1.6793638394
1.3766663907e-22,0.6254872044
1.1992609654e-21,0.9345447034
3.0992027908e-22,0.7060961807
1.0018591631e-23,0.4387927897
2.6105191380e-23,0.4982105599
2.2011187463e-22,0.6699367645
5.6681871785e-80,3.6767023351
2.3457981368e-23,0.4911737328
1.3263654216e-21,1.0699451121
1.1866516480e-25,0.2340247967
1.4259215403e-23,0.4597922829
1.9852581563e-22,0.6597054391
6.6653187567e-22,0.8061400181
8.4967691148e-27,0.1446984235
9.6438093809e-24,0.4365814383
8.3933439830e-45,2.6189430274
8.6393923871e-33,2.1508077560
1.2601658554e-95,4.1474128402
1.3014039466e-23,0.4542619975
2.1870372235e-23,0.4866211988
1.0318150491e-29,1.9950877245
8.4519870908e-102,4.3423707694
1.2947220402e-30,2.0434406328
8.8391327558e-22,0.8560485962
7.4344377592e-24,0.4217696138
4.8091768436e-22,1.2762880787
2.2194629374e-24,0.3586039997
5.5593060486e-22,0.7790123948
7.9751819324e-26,0.2194407227
6.8594905311e-28,0.0732849628
7.0272268960e-27,0.1388617358
6.2584567277e-23,1.4452743416
2.5214776244e-22,0.6838567371
3.2232308163e-23,0.5124209346
4.5766211642e-44,2.5937672423
3.6118929290e-30,2.0198707795
2.1399769706e-25,1.7088436016
1.5662777016e-25,1.7199929627
9.7246833427e-22,0.8763635099
1.5926280663e-25,0.2451263259
8.4321192745e-22,0.8468145252
1.2906831263e-22,0.6197570002
1.2155811330e-23,0.4501765862
1.9972632654e-22,0.6602953836
4.2930410312e-23,0.5325025109
1.2620906503e-21,0.9551768292
1.5899763202e-69,3.3729405960
5.3870687912e-23,0.5490894316
7.2643946979e-24,0.4204754045
3.1679650177e-29,0.0127679966
2.1287810497e-27,0.1037745030
7.7750758700e-24,1.5603230308
2.6209175207e-23,0.4984743388
8.0893913722e-29,0.0269321654
1.2938277086e-24,0.3329757739
6.6377982783e-26,0.2128547548
3.8675713198e-28,0.0591638230
2.3451216928e-24,0.3613010838
2.0296016759e-26,0.1724034224
1.3653906392e-21,1.0237387444
9.5194632643e-23,1.4172925941
1.3140955788e-21,1.0762721140
2.4494758082e-27,0.1077508993
9.6309350923e-26,0.2263072215
4.3868267737e-24,0.3931344374
3.6347528254e-57,3.0101552926
8.7206717148e-51,2.8142578555
4.8414328250e-22,0.7600717885
2.3395450597e-25,0.2600491847
1.3548454763e-21,1.0043868371
1.3612961933e-21,1.0412032056
4.1608389373e-25,0.2833347913
6.3909628863e-25,0.3014912159
1.1948719684e-23,0.4491533495
1.8869758737e-27,0.1003902074
2.7468799392e-22,1.3334717722
3.4351205102e-29,0.0138395277
4.7165730415e-25,0.2885649452
2.9910849958e-22,0.7021646954
4.3844643142e-27,0.1246683790
1.3581978825e-26,0.1594262126
3.2344832034e-23,0.5126596918
2.5265470707e-23,0.4960469978
4.2262708454e-23,0.5313801298
3.0853443792e-22,0.7055974559
1.3347222523e-21,0.9884803052
2.7365735792e-29,1.9713976672
5.0575348825e-23,1.4586908404
4.7869157385e-24,1.5831563032
4.3474018445e-24,0.3926595866
1.5388756366e-22,1.3821037357
6.1369598136e-24,0.4111506440
3.7088889229e-22,0.7267251371
5.9309958662e-47,2.6908725767
1.1736121959e-21,1.1241299288
3.9149592826e-26,0.1944072327
1.3615138447e-21,1.0130742633
1.9939989039e-23,1.5123336104
4.7283486395e-25,0.2886695780
1.3636207370e-26,0.1595532632
4.7947975183e-22,0.7587927012
1.0711490078e-24,0.3243318284
5.0400079969e-28,0.0655608957
4.2195706758e-24,0.3910932450
8.6688881909e-23,0.5860788592
8.3280260601e-22,0.8444543673
1.5756673107e-27,0.0953869510
2.9637241645e-24,0.3729453855
2.8432489114e-27,0.1120188540
1.1317464297e-22,0.6083282075
1.3054271667e-22,0.6207602710
3.3490689374e-22,1.3146853002
9.1141247992e-22,1.1842786367
3.3004905512e-26,0.1885914418
5.7864448054e-25,0.2972232953
5.2283356528e-29,0.0198484018
3.5602021415e-26,0.1911629175
1.2586508348e-25,0.2362259990
4.7307621063e-25,0.2886909937
4.9731556462e-27,0.1284166805
1.3203751348e-27,0.0905506887
3.0685668429e-26,0.1861308539
1.0685502904e-24,0.3242217076
5.7151847125e-25,0.2966938287
3.6475341205e-24,1.5954814470
2.6136140857e-27,1.8501931969
8.7588714233e-28,0.0796021751
8.7518048653e-22,1.1917966597
5.4142862459e-22,0.7752886704
8.2995223609e-22,0.8438079633
3.3416368168e-26,0.1890111112
4.7343356980e-25,0.2887226856
1.3958848489e-23,0.4584977079
1.3270101388e-21,1.0695878997
2.2492319110e-23,0.4884372946
1.3645383065e-21,1.0340875052
8.8542853555e-22,1.1896771596
7.8652516877e-26,0.2189394655
3.0454340268e-25,1.6959717306
1.3296185960e-22,1.3932232849
5.6844182476e-22,1.2561217967
3.7236292472e-23,1.4771634718
9.2399315159e-26,1.7383770287
1.0436150515e-24,1.6485398346
9.3228262364e-23,0.5920302874
4.7939572113e-25,0.2892482474
9.0341591059e-29,0.0288614200
8.9076032387e-29,0.0286119627
7.4463134235e-28,0.0753883867
2.4104633129e-24,0.3626528764
1.1540831871e-22,1.4036380797
1.6090192316e-29,1.9843789771
1.1575758563e-67,3.3189151710
6.5624713986e-28,1.8890249713
4.5998905735e-68,3.3305505922
2.5191580016e-43,2.5681402281
9.1792250434e-24,0.4337336013
2.5933418746e-61,3.1334150989
3.7965156540e-23,0.5237780372
1.9589126775e-26,0.1712440931
1.2554639797e-21,1.0996215409
5.4600311931e-25,0.2947475715
1.6595494275e-24,0.3446215642
1.4050359415e-24,0.3368008458
6.4642223331e-22,0.8013466962
1.2283873508e-22,0.6154165526
6.0221549180e-23,0.5574711234
8.9364403990e-23,0.5885560282
5.3863861566e-26,1.7566108501
3.1790152419e-24,1.6015960061
8.3175478868e-23,1.4265449411
8.4252580396e-22,1.1985245226
3.6082937223e-24,0.3829658817
9.1478022267e-22,1.1835759090
4.4925068551e-24,0.3943888971
1.1812390348e-21,0.9292341930
4.5457598702e-23,0.5366227419
2.3868940324e-27,0.1070144847
4.2686968083e-22,0.7438571119
3.8293258608e-22,0.7305377997
3.6865055272e-28,0.0580307979
1.8666038744e-22,0.6537274252
1.5726946598e-24,0.3420818422
4.7432524888e-22,1.2778731736
2.8005677911e-30,2.0257735813
6.0471838068e-88,3.9129238573
2.4373169524e-109,4.5899436819
1.5420737904e-23,0.4645862395
7.6321462837e-38,2.3662332975
2.7361016067e-25,1.6999099866
1.7189178332e-28,0.0411745387
5.3010481282e-22,0.7723475828
1.1500493941e-25,0.2328582396
2.5603833698e-24,0.3656347864
1.3507340439e-21,1.0533815713
5.1955882272e-25,0.2926413127
1.6277345023e-23,0.4679256780
1.8046604780e-22,0.6504933759
7.2769965653e-22,0.8204498277
1.4316696595e-28,0.0374896658
6.5209264425e-23,0.5635574141
3.0715850800e-26,0.1861639712
1.1168906415e-24,0.3262317130
1.9004576156e-22,0.6554611678
7.6594424121e-25,0.3093707587
5.5140768604e-27,0.1315115285
2.0339412106e-24,0.3543610828
5.2579759547e-27,0.1300834255
3.5071551956e-23,1.4806748526
2.4533908560e-26,0.1786524765
9.2651485209e-28,1.8795266486
2.2090090233e-29,1.9766567475
6.4930769321e-27,0.1364527898
1.8377983075e-23,0.4755148251
3.8622838157e-22,0.7315681366
9.1895310738e-29,0.0291641350
3.0607493294e-22,0.7047086355
3.8375763147e-23,0.5245347136
2.4494659730e-27,0.1077507849
2.7247058732e-22,0.6920471797
7.6272498177e-27,0.1413713968
3.7674107338e-22,0.7285872441
1.1599349597e-21,0.9231966552
7.0790546108e-24,0.4190341150
1.3821628336e-23,0.4578982496
1.0126491942e-23,0.4394160538
1.5984479358e-25,0.2452656263
4.1404344026e-22,0.7400574993
5.2048212779e-27,0.1297788821
1.1040802325e-21,0.9083027927
2.2914646823e-28,0.0472544781
2.2832483771e-24,0.3599896506
2.3779747506e-24,0.3619848992
4.3264055818e-26,0.1978443644
3.8001303708e-22,0.7296204933
1.5959514112e-23,0.4667047314
1.2633770030e-24,0.3318768261
1.2450894298e-21,0.9491800545
4.2248978012e-24,0.3911593536
4.2630658884e-22,0.7436917239
8.4208836494e-29,0.0276272585
5.0973137644e-26,0.2035385742
3.9225346286e-24,0.3872845629
1.2066614101e-22,0.6138622568
9.3649626567e-27,1.8123220110
1.3707833980e-25,0.2394337621
3.9523040424e-25,0.2812067347
6.1247280151e-27,0.1346810510
1.1531798681e-26,1.8059398298
4.9997308735e-27,0.1285759217
3.2060622865e-23,1.4858787046
6.4680877381e-25,0.3020091225
4.1402935254e-22,0.7400532880
4.2536663197e-22,0.7434153604
1.0286538585e-21,0.8896249992
3.1529432724e-23,0.5109133965
2.5287759467e-25,0.2631268913
2.5894200985e-24,0.3661942357
2.9904257082e-23,1.4898683261
5.6047121207e-26,0.2068653104
2.4156538359e-24,0.3627588495
1.3506890224e-21,1.0534215369
1.1146403216e-22,0.6070242306
6.0666895304e-22,0.7917061381
7.7232160081e-22,0.8307002353
1.4156389963e-24,0.3371511788
3.2793546658e-25,0.2735633075
2.0035256417e-23,0.4809921888
1.0716921573e-21,0.9001249889
2.8607885181e-29,0.0114538353
1.8013035161e-29,0.0058065715
6.6966483457e-22,0.8068823276
2.4062389496e-23,0.4928379023
1.1520021926e-21,1.1298287830
1.5259858312e-22,0.6348116608
5.9409728980e-24,0.4093777181
2.0064085425e-22,1.3608351043
6.2567303120e-22,1.2436161140
1.3376297339e-21,0.9903667313
3.2980394044e-25,0.2737941040
1.4501265739e-25,0.2415609370
2.8592843766e-25,0.2680297638
1.0578004876e-26,1.8085945461
7.2747238472e-24,0.4205547750
6.1510352935e-26,0.2101489527
8.2362771571e-22,0.8423733780
2.6371165988e-47,2.7024413310
9.5100724441e-22,1.1759609056
9.6872802002e-29,0.0301088111
1.3342796183e-21,1.0653394435
8.3705168133e-23,0.5832426148
7.8535646867e-23,0.5781291434
3.4966070510e-46,2.6653576397
2.0393751054e-29,0.0073062522
1.2775969787e-26,0.1574797556
2.5154019782e-24,1.6118357538
1.1579622674e-27,1.8733194479
2.1729740716e-22,0.6686455963
3.2517272774e-22,0.7114893498
2.7147656095e-28,0.0509971037
3.0102341902e-24,0.3737303950
1.2150658480e-24,0.3300833792
4.3852859999e-22,0.7472533693
2.8807106787e-25,0.2683294363
7.0122073047e-30,2.0042895899
7.0229441304e-26,1.7477150391
9.6332545681e-27,0.1485963237
2.8073794138e-23,0.5030595190
2.3920579411e-28,0.0481922268
2.5338402090e-24,0.3651184035
5.2381156087e-22,1.2662178930
4.0244632071e-22,0.7365612635
2.4922851875e-22,0.6826424856
1.0790201869e-22,0.6042573406
6.9498836625e-22,1.2289442800
9.3390125221e-24,0.4347269993
1.4729803592e-27,1.8665611369
1.2038417314e-22,0.6136589282
2.9449644129e-22,0.7004583718
1.3628211612e-21,1.0384222170
5.7482422307e-27,1.8270541588
5.8892020713e-26,0.2086104282
1.1085761695e-21,1.1406712720
1.3693642484e-24,1.6374850783
1.3255328383e-21,1.0704022374
5.8327528725e-22,0.7859137522
3.5697406371e-34,2.2137305584
3.7148149788e-24,0.3844659943
6.5194214642e-22,0.8026675300
7.3187784154e-27,0.1401052235
4.6191482814e-22,0.7539132946
1.3425184592e-21,1.0598892855
5.8136661831e-22,0.7854368016
5.0341855905e-22,0.7652902139
1.0643021028e-25,1.7335080599
3.7332872656e-23,0.5225992930
1.1785276468e-21,0.9284522885
1.0305388986e-26,0.1507036150
6.9270835639e-29,0.0243158599
4.3489375791e-23,1.4679105077
1.0622666529e-21,1.1515613706
2.2989471854e-22,0.6743337047
3.6324461703e-22,1.3065765863
5.7683448594e-25,0.2970893745
2.9867838911e-26,0.1852217651
1.8582766444e-23,0.4762140885
3.1704900536e-22,0.7086383155
2.6233406631e-25,0.2645868021
3.1168646257e-28,1.9091259017
9.6491033598e-114,4.7398893231
1.2025987942e-38,2.3974121821
2.6839846522e-25,0.2654979367
3.6569104579e-26,0.1920760968
1.3632214526e-21,1.0375717736
4.4377752299e-25,0.2860156064
4.4917721215e-28,0.0627501471
2.6382227661e-27,0.1098705666
3.2109958327e-23,0.5121605277
2.8533568647e-22,1.3299686933
3.6443631173e-22,0.7246504816
3.3744928226e-23,0.5155732734
1.5063953923e-27,1.8659278689
1.0679545173e-21,0.8991980808
3.5644124937e-29,1.9648612311
3.0996594817e-23,0.5097515002
2.5151534717e-26,0.1794778048
2.6800673000e-24,0.3679054145
3.1098786023e-25,0.2714133332
1.4782633095e-22,0.6319110520
1.3802181792e-25,0.2396925452
7.4880777711e-22,0.8253140549
1.0223034314e-28,1.9382685320
1.2985738817e-25,0.2373971340
4.4170630876e-22,0.7481699707
1.0488084168e-25,0.2294440091
1.0429072903e-21,1.1559576176
1.9416554284e-26,0.1709551449
6.6021151710e-70,3.3840067078
1.8651445119e-22,0.6536521619
7.7286415324e-49,2.7522356802
8.2025266688e-94,4.0913091617
1.0655522288e-82,3.7568315024
2.2048488601e-61,3.1354914807
9.7901052118e-22,1.1699881203
4.6766346038e-27,0.1265838282
9.8463009564e-22,0.8792008197
2.2080230130e-37,2.3480006617
3.2551123046e-81,3.7131088457
9.0398209152e-38,2.3633436736
4.1190007984e-24,0.3898311023
5.9657618086e-24,0.4096047840
1.2754898038e-25,0.2367240723
1.3648315812e-21,1.0209157976
8.8557472682e-26,0.2232404002
4.4047306046e-23,0.5343477671
1.8611854869e-22,0.6534477626
2.4350327179e-23,0.4936181937
2.6606455507e-27,0.1101129379
7.0439537340e-27,0.1389343708
1.1770997101e-21,0.9280421712
8.2529523894e-22,0.8427516695
1.3877972183e-29,0.0011582291
2.5918343793e-27,1.8504347874
1.4055030778e-26,0.1605189063
3.1909269981e-36,2.3010689736
3.5190006491e-25,0.2764366439
8.8486185745e-27,0.1459548509
7.6103446658e-28,0.0759498453
7.3290903810e-37,2.3271192857
2.3725213782e-26,0.1775420622
1.1372500324e-24,0.3270548717
1.9638927675e-26,1.7893267157
1.1619318647e-22,1.4031470485
3.0862578044e-23,1.4880659003
3.8307721123e-26,0.1936628065
3.1906356903e-22,1.3194037634
5.4754944854e-23,0.5503038166
2.6359748471e-22,1.3372177412
8.5301744364e-22,0.8490376269
5.8030430515e-27,0.1330502418
1.2732016476e-26,0.1573703401
7.8253201577e-27,0.1421593854
4.8939927950e-23,0.5419979721
7.0164343543e-26,0.2148354908
9.7717087566e-25,0.3201870814
1.3815313223e-22,0.6258030212
3.4751574753e-27,0.1178344460
4.6958458674e-25,1.6797610648
2.6994618402e-26,1.7791927402
2.2235205054e-29,0.0083450666
4.3984520224e-22,1.2863509220
1.0846818910e-28,0.0321755002
5.2371452467e-28,0.0665067596
2.2744878244e-23,0.4891625326
2.8747712594e-24,0.3714129431
2.3258142594e-23,0.4906154437
1.3595435415e-22,0.6243687138
2.3644417946e-22,0.6772025044
3.3246501421e-26,0.1888384417
7.1707665116e-22,1.2243450419
2.7707443060e-22,0.6938429797
5.8387970473e-22,0.7860646457
2.9390721321e-26,0.1846806542
1.6223546352e-22,0.6404636315
3.4552528956e-22,0.7184323416
8.1452573948e-22,0.8403077395
2.5174266505e-22,0.6836888344
7.9674363719e-30,2.0012579421
4.3916269842e-22,0.7474365772
1.9587748111e-22,0.6583946274
1.7754951473e-26,0.1680434278
4.0254849684e-28,0.0601155988
1.2699830135e-22,0.6183332472
4.2517367621e-26,0.1972437863
7.6983721381e-27,0.1416565247
1.0402311191e-21,0.8924148228
3.5015640708e-22,0.7199748596
2.1839368254e-22,0.6691499628
7.1609278483e-24,0.4196748361
1.0379591207e-22,1.4112274302
2.8951287211e-22,0.6985940443
2.7555566881e-25,0.2665493724
1.9432255926e-58,3.0482214963
3.6403357688e-40,2.4547404461
9.8567705037e-22,0.8794458223
2.9138563478e-26,0.1843913662
5.8919459306e-25,0.2979964131
3.0225139405e-26,0.1856217484
1.9281507934e-22,0.6568623965
7.0454336943e-24,0.4187691187
2.8292705114e-29,0.0113133291
1.2988018048e-27,0.0901035434
2.1628230625e-23,0.4859021739
6.9460079072e-22,1.2290252481
5.4511390885e-24,0.4047102449
1.0799335758e-60,3.1151401851
2.7116347999e-111,4.6559700730
1.2798220575e-71,3.4336429210
2.2806425590e-52,2.8637777394
1.1068857437e-21,0.9090247893
6.8233090525e-22,0.8098719904
1.4786452919e-49,2.7752592960
1.2703810673e-24,0.3321316934
1.4523525760e-24,1.6350592390
1.4540202830e-22,0.6304098934
1.2285898469e-21,0.9436890692
1.3335303089e-21,1.0657981299
2.6635630300e-22,0.6896293313
1.0130701822e-22,0.5989372810
1.6473519976e-25,0.2464181191
2.2370826966e-22,0.6715693165
1.1699741261e-22,1.4026465782
1.0990821983e-25,0.2311756220
2.3598654436e-22,0.6770039179
1.4898499357e-23,0.4624708518
5.6305857623e-27,1.8276713487
3.1961165269e-23,0.5118427070
1.0547458163e-23,0.4417935999
1.1174893189e-23,0.4451881493
5.2113496432e-23,0.5466264006
1.3034560489e-23,0.4543567877
5.8562668309e-81,3.7056166131
5.0983109249e-51,2.8215990084
9.9571173090e-117,4.8440381757
1.1635659102e-21,1.1268083422
1.2867882318e-21,0.9647078248
7.0917696650e-26,1.7473855582
1.2810837529e-46,2.6798305089
1.0842895927e-103,4.4034530773
3.1552025416e-69,3.3643103826
2.3785667942e-113,4.7263728084
1.3244908973e-110,4.6325983391
2.1264190231e-22,1.3559683076
9.4539391342e-28,0.0816079859
6.5532857173e-23,0.5639389174
6.7167290649e-24,0.4161180515
2.9713701088e-26,1.7761037041
7.0311917150e-29,1.9478158758
1.0951361289e-23,0.4439982797
9.8701860515e-25,0.3206378821
6.2113187629e-27,0.1351063377
1.4374716806e-25,0.2412289398
3.0178614604e-26,0.1855699156
1.5085356719e-24,0.3401235612
5.7992445596e-24,0.4080632236
2.4865208814e-23,1.5002522315
3.1688914175e-63,3.1895993794
2.8026021810e-115,4.7932377716
1.7590584854e-68,3.3426650042
1.8159869621e-72,3.4582246579
3.8588315956e-22,0.7314604678
9.1029238822e-24,0.4332538959
4.0601582806e-26,0.1956569202
6.1472706647e-25,0.2998167056
1.9666856382e-26,0.1713734654
2.0603034442e-22,1.3586245122
1.9303309781e-23,0.4786229746
1.4272739335e-27,0.0926720979
1.7504165587e-28,0.0415483118
6.2328605159e-26,0.2106173409
1.4263612441e-36,2.3153907672
4.0144339802e-109,4.5826692779
5.5938894995e-69,3.3570983691
1.1874184782e-21,1.1203575008
6.1882390948e-24,0.4116062858
3.7965520471e-24,0.3855913935
4.4520150626e-23,0.5351172119
2.3737018137e-26,0.1775585227
2.7090781292e-24,0.3684421598
2.9564712057e-23,1.4905188197
2.4974911778e-24,0.3644033612
1.4858856064e-23,0.4623076679
3.5647093925e-29,0.0143384829
1.0249046534e-22,0.5999118196
4.3278140447e-22,0.7455858382
3.9163951443e-23,0.5259683578
3.9919086871e-24,0.3881964330
4.0036181677e-27,0.1219840651
4.4909342565e-22,0.7502863004
4.9695797227e-22,0.7635530401
3.0552896186e-23,0.5087710105
6.6950838237e-28,0.0726669202
1.3884461434e-27,0.0919189568
1.3130963795e-21,0.9764901801
3.9543923745e-41,2.4901070619
1.2880655461e-21,1.0876537861
7.7848059892e-30,2.0018092016
1.8709323353e-24,1.6244841663
9.8114228596e-22,0.8783855033
1.3652315990e-21,1.0312247128
2.9742372431e-23,0.5069483468
8.2870705357e-36,2.2838873610
1.5214390278e-27,0.0944232275
4.7719852443e-29,0.0184752409
2.7199270321e-22,0.6918595716
1.2272802211e-21,0.9432651160
2.5485379304e-25,0.2634360566
9.1559050345e-24,0.4335873593
1.9806272670e-22,0.6594771672
4.1385942797e-25,0.2831124729
4.6375652453e-26,1.7615736107
1.8040244452e-29,0.0058250711
9.1097476383e-22,1.1843699162
6.8744048651e-23,1.4392018650
2.4845648849e-22,0.6823196787
1.6536617890e-33,2.1839031376
1.7874095293e-30,2.0360983769
6.7193262144e-25,1.6659769746
3.7806786895e-29,0.0151428694
1.3656066516e-21,1.0276118874
2.0234206819e-22,0.6615717792
1.1391948103e-24,0.3271328052
3.9535118680e-24,0.3876934890
1.0244254587e-25,0.2285764710
1.7505010429e-22,1.3719603571
1.4624697904e-43,2.5763463634
9.3563976326e-25,0.3182396160
3.1653940474e-27,0.1151191394
5.9834785935e-25,0.2986570622
3.5076232760e-22,1.3100993098
2.2864567298e-24,1.6159488153
1.2081334316e-21,1.1144683024
1.2178205587e-22,0.6146633101
1.2499021187e-21,1.1014937075
1.3882111977e-38,2.3950137493
9.7387621703e-63,3.1753102594
1.1688184111e-21,0.9256855338
1.2465107533e-46,2.6802236364
2.7840979067e-24,0.3698067337
2.4659278142e-28,0.0488605442
1.1938436815e-26,0.1553315799
1.3091412778e-21,0.9745698557
1.8971739303e-24,0.3510052342
9.1002718155e-29,1.9412483792
2.0054925066e-22,1.3608730427
3.3938265454e-22,0.7163656236
1.2902712922e-21,1.0867672274
1.3385360021e-21,0.9909737295
1.5468288804e-26,0.1635899376
7.5020944076e-22,0.8256360089
8.6685107304e-24,0.4304537957
2.1959255454e-24,0.3580836741
3.4334648935e-22,0.7177020180
1.7668462761e-23,0.4730390695
2.1122735227e-22,1.3565316169
6.8854310149e-27,1.8216429937
2.0934973858e-91,4.0175841996
9.7489233708e-24,0.4372091122
4.6407427442e-23,1.4639716200
8.6456160614e-23,1.4239184827
2.5165307893e-27,0.1085208017
2.0532364413e-24,0.3548181530
3.1711691487e-40,2.4569604788
1.3801297214e-29,1.9880926791
5.9541535450e-22,0.7889317196
1.0454154960e-21,0.8936718227
2.9885581957e-23,0.5072734246
7.7976562619e-27,0.1420504582
7.3937324809e-22,0.8231437249
3.3227282798e-23,1.4838148450
2.9726442497e-36,2.3023356174
1.3554801228e-21,1.0050675124
3.2996656099e-24,0.3783859139
1.2113902198e-24,0.3299443146
1.1813252762e-23,1.5396613387
4.0354098657e-24,0.3887610785
3.7255343350e-22,0.7272566378
2.6287947119e-24,0.3669439870
1.2169238790e-21,0.9399674345
1.3869829816e-23,0.4581094069
9.9521488750e-27,0.1496127181
3.1505447397e-23,0.5108614529
5.8535370492e-24,1.5738233396
8.1860066078e-22,1.2034384502
2.5565422615e-25,1.7023916760
1.1533537256e-23,0.4470546388
3.4344040819e-22,0.7177335608
3.5979443985e-23,1.4791803859
3.2482067379e-24,0.3775854806
4.5521881717e-23,0.5367250277
1.1314714639e-22,0.6083073707
6.5450182405e-26,0.2123534874
3.3892477273e-22,0.7162105985
6.5677816276e-28,0.0721790285
3.0850704344e-25,0.2710896911
9.9040609331e-22,0.8805540544
2.4491726229e-29,0.0095185094
7.2143292543e-28,0.0745751605
1.3614012277e-21,1.0128838824
1.2938083167e-21,1.0853199740
2.3000589863e-22,0.6743828913
4.7845216196e-26,0.2013313846
5.2865011923e-24,0.4030581385
7.3020658306e-23,0.5723636922
1.2019133279e-23,0.4495029789
6.6847182831e-22,0.8065997974
1.5018779912e-24,0.3399160894
6.0935897948e-68,3.3270057492
1.2414233910e-23,1.5371446809
9.7512810032e-22,1.1708215215
1.0003323210e-26,0.1497729798
9.9248438703e-23,0.5972202681
4.2528864490e-25,0.2842433880
4.9945323704e-24,0.4000131936
9.2667432911e-28,0.0810812407
4.9979134640e-27,0.1285650569
5.5161092252e-23,0.5508561664
9.0725017735e-22,0.8613600637
1.4971759826e-27,0.0939817606
4.6491237917e-23,0.5382530332
3.6256823949e-26,0.1917836999
1.0883087114e-23,0.4436306379
6.8586511197e-26,0.2140223915
4.1352025062e-27,0.1229374968
1.6355249471e-22,1.3773503526
3.0315595296e-22,0.7036475132
1.3512571130e-89,3.9626624795
8.6905109768e-22,1.1930622045
9.4543547146e-25,0.3187058856
1.5506995748e-28,0.0390813579
4.1142401307e-27,0.1227875225
4.7643683655e-22,1.2773642862
3.9285800699e-27,0.1214271696
1.1017989091e-23,0.4443551372
1.4295378923e-26,0.1610609818
1.2220198345e-21,0.9415782291
2.2555441914e-29,0.0085176069
4.6319699369e-23,0.5379845812
2.0045253581e-22,0.6606509806
1.7732222693e-25,0.2492460659
1.6991301005e-26,0.1666189255
8.8820818107e-26,0.2233485778
1.2811727506e-21,0.9624373317
1.6517483450e-26,0.1657047195
3.0962848940e-23,0.5096773470
5.9266063478e-24,0.4092457383
1.1059256669e-21,0.9087774472
4.4907288555e-25,0.2865108119
6.1899859612e-24,0.4116217489
4.4516385184e-22,0.7491630099
1.3373283499e-23,0.4559030044
4.3952513085e-47,2.6951560865
3.0667023591e-55,2.9519734993
8.1182848811e-39,2.4039590750
1.3622262220e-21,1.0143439924
1.1501125174e-21,1.1303164223
9.1644814493e-22,1.1832275841
1.2796848030e-21,0.9618470033
4.3497578138e-26,0.1980302187
5.1924869623e-23,0.5463579332
7.1078206914e-22,0.8165271031
6.6506239440e-29,1.9492256116
4.3202532599e-73,3.4763059107
6.9555924016e-41,2.4811792353
8.7460444818e-22,1.1919156595
1.0350894508e-21,1.1577111579
1.3384933090e-21,1.0626536326
4.1714953017e-24,1.5894356474
8.7666574174e-22,0.8544024501
8.6536012685e-24,0.4303555329
7.2221155266e-24,0.4201494894
3.4487724033e-25,0.2756135674
1.1844867368e-24,0.3289147117
1.9401059520e-24,1.6229498741
9.8896004119e-24,1.5485585937
1.3573952427e-21,1.0465987084
2.7405796579e-26,0.1823380307
2.1912934322e-25,0.2574745867
8.3789135289e-23,0.5833235389
1.9886929886e-24,1.6219018727
1.1052089248e-24,0.3257532777
4.2624336686e-22,0.7436731468
2.2238529254e-25,0.2580533948
3.7402599043e-23,1.4769009337
1.3483200047e-23,0.4563974625
9.0955012424e-26,0.2242145161
2.2571311270e-40,2.4624185353
4.0477768761e-27,0.1223072505
1.1892482688e-25,0.2341062914
5.5302878993e-28,0.0678572303
6.9169583320e-23,1.4387990288
9.7936826046e-32,2.1002319052
4.7796160820e-23,0.5402686217
8.1520236354e-23,0.5811134478
8.8644707280e-26,1.7397982884
5.6340655448e-28,1.8931872231
5.3348279576e-24,0.4035477433
4.7504797205e-26,0.2010831575
7.0496509544e-23,0.5696059368
1.1018779809e-25,0.2312697644
1.3602119405e-21,1.0110096380
8.0135378550e-23,0.5797399209
2.0903717897e-27,1.8566144086
3.8465076773e-95,4.1323712520
1.1707620760e-22,1.4025976882
6.2470721343e-75,3.5296970726
3.8416967628e-22,1.3008285622
5.3973911294e-22,0.7748517701
7.0153433673e-22,0.8143724483
1.3629041967e-21,1.0156826045
1.6015495843e-25,0.2453396753
4.0759794410e-28,0.0604131978
3.0492093139e-22,0.7042899450
9.9434630433e-24,1.5482893450
1.6584630256e-25,0.2466755861
2.8054682087e-41,2.4955114539
4.3829766431e-34,2.2097826411
3.4945018576e-25,0.2761512315
3.8842350297e-28,0.0592658097
1.5984667571e-24,0.3428483215
3.9613206278e-26,0.1948108618
8.3962142737e-25,1.6572251029
5.5506232432e-23,0.5513229119
1.6766504013e-22,1.3753911099
1.8412300254e-26,1.7913619024
4.6183519622e-24,0.3958490855
6.8782164096e-28,0.0733545197
1.2998702147e-28,0.0356020557
4.2327472096e-28,0.0613174075
9.5412645681e-28,0.0818504889
2.5782297843e-28,0.0498457756
6.8846331794e-23,0.5677591724
5.2296957128e-22,1.2664118339
1.2919990705e-24,0.3329104399
1.9415354860e-26,0.1709531283
6.1801481924e-23,0.5594424729
4.5581307958e-29,0.0178000534
4.7836407882e-23,1.4621179851
1.5013566322e-27,0.0940582946
4.7623513588e-22,0.7578988191
3.0168584899e-29,0.0121335068
7.4011943647e-27,0.1404483313
1.3633764561e-21,1.0372234823
5.4649342798e-22,0.7765944978
4.7907852314e-22,0.7586823417
1.3611042199e-21,1.0123935517
1.5264220240e-22,0.6348378500
7.5691027363e-22,0.8271735153
2.2798095839e-29,0.0086469262
8.2168924327e-23,1.4273674615
1.0320051225e-22,0.6004922342
1.1766558543e-23,0.4482404740
2.8644355200e-28,0.0522054101
9.7596230879e-24,0.4372726724
1.6138469100e-22,0.6399751247
1.6868493323e-30,2.0374211749
1.0302093927e-67,3.3203850741
1.5643725544e-64,3.2277970386
1.9149988870e-22,0.6561988105
2.2978685189e-23,1.5046117643
2.2156486378e-22,1.3524746983
1.3689650351e-29,0.0007615099
1.0112897903e-21,1.1629811640
2.5126101254e-25,1.7030236711
4.6213612772e-24,0.3958835696
1.3590456045e-21,1.0093615809
3.9873361225e-22,0.7354291818
7.2947381449e-23,0.5722847368
3.9843095446e-27,0.1218417034
7.7180164521e-84,3.7905246921
4.1029440514e-120,4.9645691494
1.3930110928e-27,1.8681345676
5.9506428315e-26,0.2089770531
6.3491780160e-26,0.2112734768
9.8742171031e-23,1.4147405106
3.6034289748e-44,2.5973340872
2.9323764342e-26,0.1846040636
5.0878428815e-26,0.2034736092
6.3060220292e-24,0.4126403868
2.5632222261e-26,0.1801071834
1.2379837276e-21,0.9467797538
1.8519926587e-29,0.0061451288
3.0798277586e-74,3.5095809883
1.3324920373e-21,1.0664251554
1.2939648477e-22,0.6199810778
3.3942557213e-28,0.0560981618
1.8677582570e-25,0.2512514562
4.9020484102e-27,0.1279866547
1.7533553928e-27,0.0983437241
6.5521456793e-25,0.3025672502
3.9882720557e-27,0.1218709713
7.4358952009e-28,0.0753523541
1.0523843195e-28,0.0316173399
6.2507440998e-42,2.5189599924
3.0723311436e-26,1.7750246759
7.6910561652e-22,1.2136014691
5.9245694683e-23,0.5562321448
6.3270504352e-68,3.3265317745
9.4663378546e-24,0.4355080055
6.6355641718e-27,0.1371130194
8.6971722725e-27,0.1454198833
9.2220997225e-46,2.6512944311
9.4862252894e-23,0.5934648513
2.9085921624e-22,0.6990998485
8.8736817354e-110,4.6047032925
3.2284174283e-79,3.6545868476
4.4867811734e-27,1.8344118233
9.2640020725e-22,1.1811450214
7.0909128746e-25,1.6638756260
2.8506335230e-23,0.5040860543
3.1406081859e-23,0.5106459059
5.3681187886e-25,1.6746545898
3.2178945326e-22,0.7103077820
1.2276711034e-28,0.0345044329
1.3578432181e-26,0.1594178868
9.3631497004e-24,0.4348757669
1.0563207307e-23,1.5452810845
1.8285196488e-25,0.2504306419
3.0473894922e-22,0.7042238216
2.1382231892e-23,0.4851646052
9.4502758281e-26,1.7376044201
1.9115440422e-27,0.1007518384
2.3587313003e-23,0.4915328855
8.8629697758e-25,0.3158216911
3.0435097708e-23,0.5085086740
1.6515828026e-38,2.3921057589
1.1680431315e-21,1.1256212167
1.0282372041e-25,0.2287133373
1.5965867372e-23,0.4667293421
1.3598335709e-21,1.0104572647
1.1056335483e-22,0.6063312896
7.1871132054e-28,1.8865328235
1.0337143969e-25,1.7345156490
5.0395427179e-25,0.2913522896
1.3687177832e-27,0.0915288512
3.7734011685e-24,0.3852748407
3.8347110389e-24,0.3861094389
1.3645752198e-21,1.0339647769
2.7411814881e-25,0.2663402101
2.2758942173e-22,0.6733099458
1.2463492265e-23,0.4516692180
3.2848962685e-27,1.8435609721
3.3135334010e-27,1.8433079002
1.0336418623e-23,1.5463633030
1.2074510961e-21,0.9370298420
1.1780803588e-26,0.1549115721
4.8973013512e-28,0.0648558491
3.6379271706e-28,0.0577187696
2.6541269899e-23,0.4993108518
4.9049126729e-25,0.2902106974
9.1758381851e-22,0.8637190772
1.3487769054e-21,1.0550670303
1.0386782337e-21,0.8920392630
2.5066345564e-28,0.0492218453
8.4670875006e-22,0.8476073059
2.3996168460e-25,1.7046979484
7.1743219211e-61,3.1203838087
6.6396554051e-22,1.2354594378
7.2698629049e-24,1.5635544438
9.2989480739e-22,1.1804119476
6.1525893455e-22,0.7938096779
8.2461274773e-41,2.4784794488
1.0392046467e-21,0.8921665258
1.9509836815e-23,1.5135081420
8.5752839435e-24,0.4298369257
1.3654775919e-21,1.0244448113
1.4419520657e-22,0.6296554176
9.8568921623e-22,1.1685500731
1.2141756699e-21,0.9391078210
3.4938744353e-23,0.5179780936
2.0590194473e-22,0.6632894936
9.4527159306e-46,2.6509351540
1.1269203732e-59,3.0849995887
2.5689439981e-49,2.7675898595
1.0725379846e-67,3.3198773305
6.3205051426e-24,1.5702122728
1.7227526735e-29,0.0052539396
9.4689392961e-24,0.4355238667
5.9583579164e-25,0.2984766680
2.5551939778e-23,0.4967918838
1.7168704170e-22,0.6457640473
3.7180872722e-23,1.4772511804
1.1508788172e-22,0.6097683430
2.9793161993e-22,0.7017309907
1.6187677292e-22,0.6402579124
3.2208110246e-29,0.0129848404
4.9432541034e-27,0.1282365538
9.5258829053e-22,1.1756259181
2.0962116517e-22,0.6650609404
2.1294163829e-25,1.7090220242
1.0550674637e-22,0.6023557785
8.3758127233e-27,1.8157199155
3.5142538055e-32,2.1218877442
3.2802588523e-54,2.9205807416
4.6865024850e-25,0.2882966701
9.1963787163e-24,0.4338409664
7.7815043836e-24,1.5602831364
3.3065617657e-28,0.0554908095
1.4626671384e-22,0.6309475125
9.4457332560e-22,1.1773216111
2.4511686919e-26,0.1786224227
6.0710590701e-24,0.4105601340
5.1784500097e-29,0.0197024872
2.2583353769e-23,0.4886995045
1.0392967040e-22,0.6010849749
1.3653302068e-21,1.0233273273
2.1887814681e-23,1.5072759920
5.5754612675e-26,0.2066812576
2.3211665185e-22,0.6753134660
1.9770192141e-27,0.1016950057
1.9524480639e-23,1.5134677883
7.9233983278e-24,0.4253515116
6.5459229530e-23,0.5638522491
3.2400990956e-24,1.6007541196
2.5825111377e-27,0.1092599770
6.0061119113e-24,0.4099726184
2.6121364625e-58,3.0443881228
3.4135353738e-23,1.4822507523
9.9788173498e-76,3.5528441566
4.3556386688e-30,2.0155012033
6.7837906156e-22,0.8089411181
4.8965785039e-22,0.7615758024
6.1617879455e-22,0.7940342333
7.5553250803e-25,0.3087703881
1.4206413377e-22,0.6283111456
4.9803622668e-26,0.2027283962
1.9647341842e-27,0.1015202652
1.7837618685e-22,0.6493835110
1.1050253061e-21,1.1415279587
9.5917817507e-27,0.1484618339
1.6746597367e-27,0.0970699917
1.3651740023e-21,1.0224327312
7.2712809395e-28,0.0747769455
7.3485187200e-23,0.5728627241
3.0333242497e-28,0.0535074047
7.2345663399e-27,1.8201526955
5.7879732144e-53,2.8822336584
3.3736176786e-26,0.1893339943
6.7490453658e-32,2.1081535092
2.8586057574e-23,1.4924301869
1.1787658356e-23,1.5397710087
1.4453866269e-23,0.4606186770
1.3354815284e-21,1.0645923694
1.1748733030e-24,0.3285416892
2.7899202323e-24,0.3699112628
1.2441167871e-22,0.6165284604
8.6828268597e-27,0.1453687587
3.2602746911e-22,1.3173121710
2.6522846117e-29,1.9721679999
2.1521311421e-23,0.4855824891
1.4839520011e-30,2.0403419193
1.2105825625e-21,0.9379931216
5.4410373480e-26,0.2058237695
5.3706062843e-28,0.0671295960
1.0733526631e-21,0.9005378113
4.1960197295e-24,0.3908000928
7.7205932496e-22,0.8306403167
1.2152449832e-25,1.7289037681
2.7813064710e-23,0.5024342338
9.2492606278e-29,0.0292794897
1.7467865143e-22,0.6473956856
1.1880520874e-23,0.4488130062
3.6744953440e-23,0.5214881030
1.4209250837e-22,0.6283291461
2.1922061212e-22,0.6695291934
1.8593410349e-27,0.0999781968
4.3674684155e-22,0.7467377543
8.3183865806e-27,0.1440427188
9.8684760800e-25,0.3206300891
6.9181604468e-26,0.2143310697
1.8702147825e-24,0.3503182685
1.2910820896e-21,0.9664928902
1.2406535462e-26,0.1565489359
1.1895495890e-21,1.1197649699
3.5394762320e-22,0.7212278942
4.9130361073e-27,0.1280534830
1.3533803206e-21,1.0509166704
1.9626668429e-24,1.6224602921
4.3466479683e-35,2.2534864979
4.0933963718e-29,1.9614181332
2.0787878930e-26,0.1731880845
4.2725635513e-27,0.1239030191
3.3196219960e-28,0.0555821161
1.1366358091e-22,0.6086980575
3.7264496774e-29,0.0149439349
1.0244936066e-45,2.6497640814
1.3377975086e-21,0.9904783844
1.2345834785e-23,0.4511022530
7.9023300672e-22,0.8347851399
4.0618317327e-25,1.6852436381
1.8904798077e-25,0.2517195627
4.5920311938e-25,0.2874435424
1.1524176811e-25,0.2329347460
8.2219478258e-26,0.2205430922
1.3175911853e-25,0.2379434099
1.2795417186e-21,0.9617904742
7.0229732520e-23,0.5693097868
1.4487424658e-26,0.1614880317
5.0208542375e-29,0.0192349409
4.0838668056e-25,0.2825608505
4.8220008425e-29,1.9573232552
1.1179541454e-25,0.2318068685
4.3983821279e-28,0.0622419945
3.6239392657e-25,0.2776390532
1.3368299277e-22,1.3928186633
1.0802572965e-25,1.7329932564
1.0279667876e-27,0.0838242789
1.2508336117e-21,0.9511637370
4.9635410732e-30,2.0124393932
3.6853994238e-24,0.3840556004
6.2498883763e-23,0.5602994935
1.7750517150e-26,0.1680353224
6.6165582020e-24,0.4152874711
4.6271323545e-25,0.2877623721
1.9213729929e-24,1.6233603661
6.2744401021e-24,1.5705576447
1.1589796276e-23,0.4473428332
5.9750091163e-22,0.7894475272
8.1764022699e-22,1.2036355799
4.9440742541e-22,0.7628639769
1.8708465771e-23,0.4766400337
6.5093951556e-27,0.1365290855
2.3362303102e-23,0.4909069455
6.3368657467e-44,2.5889022830
1.6440436244e-29,1.9838565071
1.2323767434e-24,0.3307332724
1.3071046359e-21,1.0795540438
8.8777516596e-22,0.8569263092
5.1415827225e-23,1.4576702408
3.3872560805e-24,0.3797231799
1.0354343106e-26,0.1508520301
4.1202558504e-22,0.7394534186
1.0522894315e-22,0.6021330253
2.9790720711e-22,0.7017219818
1.2031451414e-22,0.6136086391
3.1045957184e-24,0.3752904144
8.7573381170e-27,0.1456334482
1.3498778063e-21,1.0541316822
5.3168584168e-24,0.4033661506
9.2183844072e-23,0.5911027496
1.9846715810e-27,0.1018033446
6.1598723421e-22,0.7939874808
2.7793399831e-26,0.1828076244
4.6449937178e-26,0.2003033649
1.8791252700e-22,1.3662308172
2.9122134111e-23,1.4913763763
1.5023903993e-61,3.1403973614
8.4074848832e-26,0.2213520093
1.8268091839e-26,0.1689688524
8.6772099707e-24,0.4305110610
6.7691700076e-23,0.5664453648
5.8534773616e-25,0.2977159790
3.1531987595e-26,0.1870481884
2.3035996578e-22,0.6745394180
4.2389863256e-23,0.5315950096
2.7265156095e-22,1.3341519441
2.4656296573e-25,0.2621239837
6.1431049820e-24,0.4112054233
6.9546508090e-27,0.1385446944
2.8260592997e-27,0.1118443714
1.1657283774e-21,1.1262362502
3.9840943536e-23,0.5271805468
1.0328589734e-21,1.1582093141
1.9366240681e-22,0.6572881412
4.2843269193e-24,0.3918918922
1.3111568849e-24,0.3335908225
6.0371332704e-22,0.7909795539
2.7968550102e-24,0.3700355104
2.1460977789e-29,0.0079185367
1.7250338799e-24,0.3464586779
1.7446596114e-28,0.0414803990
3.4812855063e-29,0.0140187488
5.5909910802e-24,0.4060793927
1.8157919211e-29,0.0059046353
7.4696762436e-23,0.5741523129
8.1115217958e-26,0.2200536175
2.2323423325e-28,0.0466875714
2.3017212472e-28,0.0473516111
3.1798027927e-24,0.3765038194
8.6070271862e-22,1.1947836640
1.9396351611e-23,0.4789283736
4.1604850718e-29,0.0164838094
7.2459055072e-23,0.5717569119
4.9840071038e-32,2.1145573411
6.4448211134e-22,0.8008814948
2.9851277038e-22,0.7019453016
5.6006878179e-25,0.2958304325
1.2140581229e-21,1.1127261475
9.4095633142e-22,1.1780848677
7.6228763663e-50,2.7844324579
1.2461493191e-27,1.8712646960
2.5025205273e-29,1.9735972606
4.0200104673e-25,0.2819086450
1.7685663973e-25,0.2491447888
1.2838951307e-24,0.3326198953
4.1621863184e-29,0.0164896221
1.2045575523e-25,0.2345834710
4.0257344138e-23,0.5279175809
7.5496381849e-22,0.8267271739
1.5655953475e-23,0.4655188528
8.2623418237e-25,0.3127086214
1.3250392369e-21,1.0706710793
2.5893544366e-22,1.3388239685
8.4630765725e-23,0.5841310719
1.5870961643e-23,1.5244649116
2.6873984218e-31,2.0784285890
8.0963660777e-22,0.8391975210
3.2478569605e-25,0.2731715153
3.0979951043e-25,0.2712585986
2.1114484898e-22,0.6657800131
1.8179614905e-25,0.2502070253
1.4877389376e-22,0.6324926494
9.0146313520e-22,1.1863503915
3.7910575496e-22,0.7293345401
1.7647583339e-26,0.1678466404
1.5687415018e-26,0.1640424526
9.8539514433e-22,1.1686135125
8.1817832540e-23,0.5814061419
4.1700775552e-23,0.5304239894
3.7325420560e-29,0.0149663834
1.1828623421e-25,0.2339055748
8.6508269740e-25,0.3147445525
2.7819168862e-26,0.1828386279
1.3769556226e-24,0.3358614343
3.8776858729e-27,0.1210437773
5.0638865541e-25,0.2915557494
1.9911940272e-29,0.0070192850
2.3864903288e-22,1.3460516295
3.6937430790e-116,4.8240267334
1.5018894442e-107,4.5301588678
8.8681238319e-22,1.1893905783
1.2894800110e-21,1.0870866376
6.4101536057e-22,0.8000489711
7.6261135705e-22,0.8284796035
2.3521565306e-23,0.4913505154
9.1022374178e-22,0.8620383649
8.6071312802e-22,0.8507827050
8.7992007530e-22,0.8551414572
4.2091909692e-23,0.5310906431
5.5326305223e-26,0.2064101380
3.6224643159e-22,0.7239411176
7.9200550928e-23,0.5788018378
1.2649157364e-21,0.9562127181
4.1587663088e-25,0.2833141227
2.6327193483e-23,1.4970659359
7.6029062108e-22,0.8279481514
8.3186407105e-42,2.5145200551
1.5511270944e-54,2.9305263963
5.6185294886e-25,0.2959660201
3.4507323140e-24,0.3806732038
2.1055891504e-22,0.6655039440
1.4287017167e-24,0.3375795517
1.0463300038e-22,1.4106586343
1.1569195920e-25,0.2330797801
2.0366409088e-24,1.6208903883
3.9638883082e-22,0.7347109122
6.2552685419e-22,0.7963088162
1.1292398443e-25,0.2321796934
1.4397493110e-27,0.0929100919
1.4874659434e-24,0.3394641243
2.5067463443e-27,0.1084096566
6.4986997787e-28,0.0719107451
6.5304470860e-25,0.3024238001
5.1779413060e-26,0.2040871507
2.0369285640e-22,0.6622261617
2.7798858452e-27,0.1113707524
5.0474248347e-22,1.2706453338
2.1780374916e-23,0.4863547564
3.8280560985e-27,0.1206653587
2.9214501665e-26,0.1844787305
9.1791024717e-22,1.1829220809
1.3100230416e-23,0.4546592612
5.4610799579e-25,0.2947557387
1.1959655321e-21,0.9335580501
6.0905946803e-24,0.4107357711
1.9200435977e-22,0.6564537430
6.8396952530e-26,0.2139235465
3.7016737658e-22,0.7264942867
1.3547001045e-21,1.0042337172
5.6871175216e-29,0.0211463843
1.2322218596e-27,0.0886793703
2.4710887152e-26,0.1788909317
1.3620603620e-21,1.0398848326
1.6154677070e-25,0.2456703462
1.0877434420e-27,0.0853300200
9.3790254687e-23,1.4183238021
1.7606361489e-22,0.6481439278
2.9126017806e-29,0.0116823847
6.3123596388e-22,0.7976914758
4.9674435136e-29,0.0190741540
3.1314268725e-74,3.5093715550
3.1557831713e-28,0.0544141069
3.0288728675e-22,0.7035495009
1.3220685862e-24,0.3339743588
1.6059218553e-23,0.4670899869
1.3628227135e-25,0.2392141355
2.8720941075e-24,0.3713661706
2.8079121752e-26,0.1831498992
6.6944199727e-22,1.2343039191
6.6781744122e-29,0.0237144896
3.6871954034e-23,1.4777421223
1.3559901033e-22,1.3917516598
4.9580207891e-28,0.0651579933
2.3207908651e-92,4.0467465966
9.0194339820e-24,0.4327249511
9.5631234753e-23,1.4169744710
1.5697667630e-22,1.3805607608
1.2616401148e-110,4.6333132178
8.2815292723e-78,3.6134335190
1.1969830259e-21,0.9338619036
5.1957153831e-22,1.2671959442
6.5154962819e-22,0.8025737377
1.8765086604e-24,0.3504794376
4.3066220497e-26,0.1976861830
2.4521457666e-24,0.3634982025
5.6879985513e-24,0.4070114556
2.2670501386e-25,0.2588094581
7.1292187389e-24,1.5644897481
1.4698254979e-31,2.0915211834
7.8867574555e-23,0.5784655347
1.4216529257e-29,0.0022068503
4.3236455811e-26,0.1978223369
6.9978825048e-22,0.8139647407
1.3351346608e-21,0.9887425550
9.5498886269e-22,0.8723110887
5.0021793563e-23,0.5436030819
4.9609678582e-24,1.5815128530
1.3599735285e-21,1.0432343091
2.3459796471e-23,0.4911787850
1.8426368908e-22,1.3678263008
5.6324130237e-27,0.1321505690
1.2013538246e-22,0.6134792131
5.2306655937e-22,1.2663894870
5.2800759562e-106,4.4790396884
1.8919965147e-22,1.3656733875
1.6527836080e-22,0.6421950583
4.2887560169e-25,0.2845926172
1.1189469568e-21,0.9121567146
8.1321460870e-22,0.8400100599
6.3346391926e-23,0.5613304662
1.0125007921e-21,1.1627153132
2.6444920634e-24,0.3672400968
3.1800454226e-30,2.0228301336
1.5119274313e-24,0.3402289417
8.9905355412e-22,0.8594922792
1.2358346144e-26,0.1564256140
6.5537141135e-22,0.8034861121
1.8680297096e-29,0.0062497370
2.2308720007e-22,1.3518886006
7.6244373606e-33,2.1533452919
3.1722107656e-22,0.7086992036
5.7044855131e-22,1.2556756402
5.0350564888e-23,0.5440851493
4.7729574645e-23,0.5401668885
5.7878959282e-27,0.1329713841
3.5987269768e-24,0.3828292378
2.2135367277e-22,0.6705026405
7.3083105604e-24,0.4208121776
1.8028286206e-22,0.6503964780
3.9865041317e-26,0.1950282791
3.9919247960e-23,0.5273196380
5.1161072622e-24,1.5800912350
5.0298590821e-28,0.0655113328
1.0073905550e-21,0.8845569645
7.6737122133e-27,1.8183728366
3.2951003464e-27,0.1162850070
1.1889144152e-21,0.9314709734
4.8841374866e-22,0.7612372849
2.6022640548e-28,0.0500520320
3.6540248618e-22,0.7249625956
1.2463783925e-21,0.9496216852
1.9524979645e-22,1.3630893815
4.1772379167e-23,0.5305464216
1.3565434883e-25,0.2390400655
6.5819319476e-29,0.0234776155
1.7640203510e-27,0.0985122652
5.3203931667e-25,0.2936472091
3.2882899688e-28,0.0553625568
8.1330242470e-24,0.4268280567
4.6711602686e-23,1.4635730887
1.2316809628e-21,1.1073662083
3.3703802623e-24,0.3794679434
5.7132929121e-41,2.4842949520
1.8286169211e-23,0.4751991358
1.2981532389e-21,0.9695364039
3.1434274245e-23,0.5107071203
7.2010945731e-22,0.8186927529
1.6200966595e-66,3.2856158714
1.1599871275e-24,0.3279586109
1.0986091824e-21,0.9069015136
1.2253179498e-22,1.3992731471
5.3920610792e-22,0.7747138004
1.6856407049e-22,1.3749675646
8.1168443074e-24,1.5582418031
1.0006288638e-24,0.3212542840
5.2877879687e-29,0.0200210258
4.2857359809e-22,0.7443568007
1.1614222457e-24,0.3280151159
1.2862061950e-21,0.9644692298
1.1825994585e-21,1.1216870060
1.3169021090e-21,0.9784022437
3.9411780873e-28,0.0596115201
4.2596789125e-28,1.9007579881
1.1919254615e-21,0.9323583114
1.3438229856e-26,0.1590871193
1.6379402169e-31,2.0891844854
5.0348228400e-26,0.2031078387
1.1781368991e-21,0.9283399487
9.9294513613e-25,0.3209072288
4.7985111994e-23,0.5405566686
2.7047960482e-30,2.0265778749
1.2085133782e-22,0.6139956005
2.3793542282e-27,0.1069245549
5.7098895066e-24,0.4072198470
1.6718089758e-29,0.0048725003
4.1313135458e-25,0.2830394714
2.0358040798e-25,0.2545970500
2.4609983401e-23,1.5008249605
2.6216665574e-40,2.4600173817
2.6530071292e-22,0.6892080007
1.4490748793e-23,0.4607741764
3.7655253289e-25,0.2792120658
1.6823087384e-27,0.0971961908
2.5781359677e-24,1.6107684296
2.6810016800e-22,0.6903228359
3.5029163776e-22,0.7200197040
9.5591372958e-23,0.5940986069
1.2177488745e-27,0.0883604955
6.5863896133e-29,1.9494712358
1.4337868707e-23,0.4601273752
3.8514650443e-23,0.5247891202
1.3438978555e-21,0.9947851352
1.4816952621e-28,0.0381707731
1.8002845485e-29,0.0057996335
3.5919880020e-22,0.7229493639
4.1201677706e-27,0.1228300037
1.1348842776e-21,0.9163708463
2.3282429505e-23,0.4906835121
2.6073109129e-22,0.6873704250
1.9494642199e-22,0.6579306756
7.1319288156e-22,1.2251516885
5.1475553337e-29,0.0196116251
3.0255357255e-26,0.1856553741
8.8877442158e-23,1.4220308624
6.6895989796e-29,0.0237424438
5.5118199758e-22,1.2599855342
9.7209849342e-22,1.1714705981
1.7609833124e-28,0.0416725043
3.6128250234e-23,0.5203063229
1.9306988535e-26,0.1707704468
3.5344404038e-23,0.5187794946
1.1708653808e-22,0.6112527607
5.6270864388e-26,0.2070054954
2.4663089714e-25,1.7037010408
1.4059332463e-22,1.3890235195
2.0270316067e-23,0.4817372953
1.0023022995e-21,1.1649470677
1.4643369219e-27,0.0933736576
7.5971799921e-24,0.4229841519
6.0160933943e-23,0.5573946475
6.6667747485e-22,1.2348869150
4.3751502202e-24,0.3929941952
2.7570648630e-35,2.2619115381
3.6263154380e-23,0.5205662802
1.8102916543e-24,0.3487589617
9.1229191448e-24,0.4333799449
2.5864850246e-28,0.0499167979
7.6226156959e-23,0.5757561179
9.5403493184e-22,0.8720907101
8.7542432942e-22,1.1917462818
1.4798071414e-24,1.6342847265
2.8784161965e-22,0.6979639350
7.5443718697e-23,0.5749389122
1.0040110465e-32,2.1477487945
1.2863507270e-21,0.9645284052
1.3400000568e-21,0.9919753001
5.7668841865e-27,0.1328616742
1.9194658798e-114,4.7641668283
3.9033931505e-84,3.7992936343
6.9359598089e-59,3.0615526086
7.3219207177e-23,0.5725773037
4.3736166917e-28,1.9000465967
2.3534560456e-24,0.3614753645
3.7480390213e-24,0.3849260670
6.0404961308e-26,0.2095069623
1.5176045641e-30,2.0398315242
2.9394176665e-28,0.0527911468
2.9640279528e-27,1.8465507996
9.3607687538e-22,1.1791126763
9.7391727244e-22,1.1710810653
1.3229461996e-21,1.0717938841
8.6845919779e-23,0.5862259428
6.0034335750e-23,0.5572347186
5.8402140296e-24,0.4084460887
1.0190965998e-24,0.3220786900
2.6390528851e-22,0.6886492262
1.1449984636e-23,1.5412379794
6.4472479072e-25,0.3018697337
1.1817409151e-24,1.6435108566
1.2275145030e-21,1.1086592758
5.2634764219e-99,4.2533289897
9.9827968420e-79,3.6402556674
8.9732757347e-28,0.0802357828
5.2599592303e-22,1.2657153989
2.4249290634e-26,0.1782656104
2.2284269328e-24,0.3588008640
2.6364166660e-22,0.6885434312
1.2526358382e-23,0.4519702536
2.1892253127e-25,0.2574375566
1.4165266743e-28,0.0372798342
7.5115060633e-27,0.1409020203
4.0945340957e-24,0.3895199192
6.6387179176e-32,2.1085027202
1.2224910644e-26,0.1560817771
1.2408714197e-21,1.1044509996
2.3380750936e-26,0.1770583372
9.7020676270e-33,2.1484468304
1.1321266551e-21,1.1348811527
6.2952497346e-24,1.5704013440
5.5362177525e-23,0.5511283938
9.5602153382e-23,0.5941079482
2.1717148680e-25,1.7083123090
8.4471348597e-25,0.3136876168
4.6546657175e-22,1.2800204758
4.1496188674e-25,0.2832227908
2.2698889041e-22,0.6730420283
9.2188693338e-23,0.5911070756
3.2579194802e-22,1.3173824497
1.3029296416e-21,1.0814254865
4.0290201251e-24,0.3886784789
1.4691330767e-25,0.2420546024
4.6284874856e-49,2.7593930968
2.3949220541e-28,1.9161133612
1.3360653048e-25,0.2384671883
1.3478409717e-22,0.6235979814
2.3304063786e-22,0.6757189117
1.9613080518e-23,0.4796349135
1.3650842976e-21,1.0319726089
1.3801467895e-29,0.0009542126
2.1934668094e-26,0.1749523387
1.9403570080e-24,0.3520875979
1.1674250641e-21,1.1257857096
9.3502898118e-24,0.4347965477
1.2385884175e-23,0.4512957667
2.3144895661e-26,0.1767232837
2.4979569951e-31,2.0800241371
9.5281198921e-102,4.3406995534
1.3455717042e-25,1.7253426308
3.4950649809e-112,4.6863115496
2.0383928136e-67,3.3117787827
1.4215236212e-102,4.3672879940
2.0082985994e-39,2.4270083068
1.2320000597e-24,0.3307192185
7.1211731564e-25,0.3061833682
2.4849320978e-22,0.6823350489
4.8839834233e-22,0.7612330900
3.0948148578e-28,0.0539664434
1.3584750641e-21,1.0086083031
1.9291560218e-28,0.0435733637
4.4796028197e-22,1.2843256960
1.1449151662e-21,0.9190722373
2.5676989835e-23,0.4971148149
2.2164098216e-23,1.5065905346
8.6496612224e-22,1.1939048422
3.1242264544e-47,2.7000263516
9.5735692808e-70,3.3793280350
2.4213161846e-75,3.5416551066
1.7143541095e-106,4.4951417829
4.6058602906e-59,3.0668422214
1.1441043119e-21,0.9188523601
6.5017811230e-24,1.5688747263
2.6988278027e-22,0.6910285077
7.9414975691e-23,0.5790177989
1.3228634349e-21,1.0718377301
9.8500919829e-23,0.5965897483
9.2667692028e-25,0.3178091119
1.1762569404e-25,0.2336969084
6.7252873884e-24,0.4161885079
3.6561961798e-22,1.3059145463
1.0518309029e-21,0.8952343067
4.7126991664e-86,3.8563128899
6.1961093876e-49,2.7553232568
1.2186058051e-21,0.9404966212
2.0518713883e-22,1.3589676169
9.6342473112e-22,1.1733230495
1.2105775853e-21,1.1137529691
3.8092492368e-22,0.7299074709
6.0078644237e-24,0.4099885451
1.1214270276e-24,0.3264162896
1.4701545225e-22,0.6314110684
7.8319518050e-22,0.8331816539
1.0544282393e-27,0.0845003885
1.1951543434e-27,0.0878556936
6.4817488398e-22,0.8017665140
2.9691499515e-27,1.8465006831
2.2100162126e-49,2.7696814250
2.4786971808e-111,4.6572966573
2.2970758689e-107,4.5240318125
7.0509318692e-23,0.5696201332
4.0882290185e-25,0.2826050651
4.5584394556e-24,0.3951583683
1.1051242246e-22,0.6062919714
3.2779940591e-22,1.3167844448
1.5749289650e-28,0.0393935517
1.6133259348e-27,0.0960383985
2.5388998383e-22,1.3405844580
6.1862837728e-27,0.1349839523
9.9026906013e-22,1.1675606033
8.4744030001e-22,1.1975139412
6.5867565264e-22,0.8042734416
1.9596674787e-29,1.9795834692
9.0489153437e-22,0.8608223098
1.1631853574e-21,1.1269087751
5.4056910942e-24,1.5775385270
3.1324272679e-24,0.3757424731
2.1478702786e-24,0.3570056716
2.3530281658e-22,0.6767067056
9.3425138279e-25,0.3181731736
8.9434156496e-24,0.4322396057
2.2328022361e-22,0.6713760109
3.4058603570e-23,1.4823815700
7.9366059236e-22,0.8355654196
1.5360334816e-24,0.3409718459
9.3200257058e-22,0.8670201343
4.7074596720e-23,0.5391598381
2.6458507657e-22,1.3368799408
1.3964758650e-25,0.2401346826
2.4111385167e-22,0.6792133100
6.5236616388e-29,1.9497133495
3.2584448563e-32,2.1234663728
6.2550457314e-22,0.7963034106
1.3325752080e-21,1.0663752837
2.8092684630e-62,3.1618081819
1.7445355600e-37,2.3520647573
3.2670676058e-22,0.7120224189
1.8690584352e-22,1.3666687294
1.5221878690e-25,1.7210024094
1.1464848740e-71,3.4350278037
8.9139276034e-55,2.9378676720
1.2004465528e-23,1.5388485875
4.6407931575e-24,0.3961057646
4.4039392957e-23,1.4671514476
6.5644899528e-72,3.4420469274
1.1059763439e-59,3.0852412086
1.5459952094e-23,0.4647425705
7.1303339263e-24,0.4194361716
2.4802598046e-27,0.1081067511
2.9585739318e-28,0.0529387922
2.2903194558e-22,0.6739514266
1.2392732769e-21,1.1049644586
1.1522583290e-22,0.6098714502
8.5474368115e-22,1.1960110386
5.6377238326e-22,1.2571623702
1.2956002760e-21,1.0845740578
1.2986514567e-24,0.3331477198
7.5399404467e-28,0.0757101995
1.8285674751e-22,0.6517512521
9.3129365652e-23,0.5919428163
1.3432501432e-21,0.9943022973
2.3563717688e-22,0.6768521273
1.9641475327e-22,0.6586616100
7.3006651910e-22,0.8209968290
1.3353284286e-21,1.0646883309
4.7160071104e-26,1.7610194836
2.7226308518e-25,0.2660688088
1.2598035802e-21,0.9543470506
3.8949775922e-24,0.3869183712
6.5368570996e-23,0.5637454237
1.3500260600e-21,0.9997543039
4.2607250550e-24,0.3916020540
1.1991353851e-22,0.6133187164
2.2184534614e-27,0.1049395364
8.9880012609e-23,0.5890265384
1.7766790872e-24,1.6266606140
4.7974396115e-22,0.7588653457
2.2328695389e-28,0.0466926803
1.1926359100e-21,0.9325685166
1.6243159235e-27,0.0962258715
2.3902103230e-24,0.3622374189
7.0988035543e-22,0.8163173476
2.0041577003e-22,0.6606330007
1.0760435474e-21,0.9012081713
5.8150257008e-25,0.2974339924
8.1765110908e-23,0.5813543515
9.7804987499e-29,0.0302816586
8.2407324152e-23,1.4271719196
1.3622179160e-21,1.0143284622
5.6956577070e-25,0.2965476964
1.0749429978e-35,2.2791636330
4.2818423521e-28,0.0615946625
3.7256497544e-26,0.1927116360
1.3109013998e-26,0.1582975710
2.9110958210e-22,0.6991937315
6.1443934117e-26,0.2101106805
5.1124249664e-22,0.7673785848
2.6176084443e-24,0.3667320086
2.9998658468e-27,0.1135648471
5.0413337433e-23,0.5441768935
1.0601268033e-22,1.4097289224
4.0876571383e-43,2.5608071903
1.4439011319e-59,3.0818064693
1.7395594978e-22,1.3724618252
2.1807536956e-24,0.3577456296
1.4604449384e-25,0.2418296731
1.3174662444e-44,2.6122797587
3.0032455727e-29,0.0120752452
1.3561378960e-21,1.0057954773
6.3725118251e-112,4.6773985800
1.0021680029e-21,0.8833221468
1.5887639936e-24,0.3425610662
2.4768111835e-30,2.0286100089
1.4676479072e-24,1.6346261033
2.0219620454e-29,0.0072033559
5.1654982880e-22,0.7687859213
3.2127324204e-23,0.5121975399
1.5711918107e-26,0.1640926861
2.0362076080e-23,0.4820261522
9.0065655732e-24,1.5531694815
9.2791279167e-22,0.8660825746
8.3675492569e-37,2.3247933636
9.4580946686e-37,2.3226394039
9.0029180713e-25,0.3165195849
1.2248843082e-28,0.0344610804
6.6045399742e-24,0.4151870786
7.4097501517e-22,1.2193975386
1.4321274887e-27,0.0927649158
6.6251249591e-22,1.2357664493
1.8817137459e-24,0.3506123602
8.9844310244e-28,0.0802683738
8.1041791848e-27,0.1432377163
1.3324005560e-23,0.4556801839
4.0290745036e-23,0.5279764236
5.3582244838e-24,0.4037833713
3.3816141125e-29,0.0136297010
2.9110504469e-22,0.6991920305
2.1250729215e-23,0.4847673410
6.2626500207e-22,0.7964878563
1.2365138334e-21,0.9462901645
8.2924869667e-22,1.2012524174
3.4974233479e-25,0.2761853626
5.3427182101e-23,0.5484741251
1.8239474091e-23,0.4750380578
9.9741694135e-22,1.1660106109
3.1376048077e-27,0.1148635722
2.3211115272e-34,2.2219671505
3.9047868137e-30,2.0180538036
9.4072228145e-33,2.1490754222
4.0893531555e-23,0.5290313968
7.7828679606e-24,1.5602746781
3.7392068413e-36,2.2982301568
9.1228740453e-35,2.2396398843
6.8551619377e-28,0.0732688603
7.6779078647e-22,1.2138718854
2.5797601794e-26,0.1803211805
4.7670540721e-23,1.4623307475
1.3656144462e-21,1.0268211599
2.6164172672e-27,1.8501622431
6.8847060893e-22,0.8113149244
1.4859496601e-29,1.9863067673
1.8354750914e-28,0.0425315954
9.5814652017e-22,1.1744462597
2.6509087924e-24,1.6095595873
1.3601955137e-21,1.0109852669
3.3956505638e-22,0.7164273415
7.0205672967e-23,0.5692830331
1.3285763945e-21,0.9847529262
7.4375592059e-26,0.2169256845
4.1457387116e-23,0.5300065093
1.3386158646e-21,1.0625725638
1.2054966956e-21,0.9364323959
1.2156519334e-22,0.6145080887
1.2278940874e-44,2.6133217101
4.9795846547e-119,4.9256761920
6.3488377475e-22,0.7985724302
2.5139829592e-27,0.1084918987
1.0803098125e-26,0.1521827521
2.4985494968e-23,0.4953120108
8.4912791687e-23,0.5844002224
8.8493760480e-26,0.2232141839
7.6970597888e-30,2.0020785469
1.0200008454e-22,0.5995090961
2.1851326026e-22,1.3536581393
3.9896302340e-38,2.3772536158
1.3588341479e-21,1.0090787668
5.6089259839e-25,0.2958930870
2.8491795223e-22,0.6968555793
4.8929427845e-47,2.6936236014
1.3098730793e-21,1.0782779875
4.6061914254e-22,0.7535493441
9.9717175752e-24,0.4385202052
1.0449903888e-23,1.5458191565
1.4623615573e-28,0.0379097015
1.3656149772e-21,1.0270301903
3.6290989130e-23,0.5206198159
4.0509276016e-28,0.0602659472
1.4451037340e-28,0.0376743745
9.3143139131e-22,0.8668891318
1.1569549875e-22,0.6102217590
3.0396753142e-24,0.3742217453
1.5246787583e-26,0.1631263922
1.5301777566e-24,0.3407923515
1.2606023583e-21,1.0978541776
5.8796488703e-22,0.7870827409
1.4707480499e-24,0.3389348908
1.7918196795e-22,0.6498125883
5.0385948597e-25,0.2913443496
5.1782796946e-22,0.7691237463
2.7109648327e-22,1.3346736209
8.0260467313e-24,0.4260787597
1.4467483363e-26,0.1614439353
1.1184174013e-24,0.3262939092
2.0610102138e-22,1.3585957989
2.5685915206e-25,0.2637475525
4.6391659013e-25,0.2878711688
3.1302197982e-22,0.7072070082
9.6292058156e-28,0.0820926805
3.9670335795e-22,0.7348074101
1.1898185782e-22,0.6126421194
4.3559061537e-25,0.2852393137
2.7460991637e-22,1.3334977884
6.4025930421e-25,0.3015696759
1.2166840137e-23,0.4502306535
7.8461331694e-23,0.5780536710
3.3778531200e-22,0.7158242191
7.8619646540e-22,0.8338656924
1.0947463340e-21,0.9059172978
6.0634867645e-31,2.0604847837
3.7103846335e-95,4.1328563420
4.7910466389e-49,2.7589117759
3.5014440108e-25,0.2762322927
6.5323988673e-26,0.2122848013
1.1859893372e-21,1.1207532651
4.7015183648e-22,0.7562139140
6.0892422031e-22,0.7922595768
1.3693836622e-22,0.6250128112
9.3481761354e-24,1.5513399503
1.2532246724e-21,1.1003802377
5.4795839471e-44,2.5910767010
1.3617034188e-21,1.0134006925
1.1700113410e-21,0.9260227739
2.9037301583e-25,1.6977270432
7.6255961336e-23,0.5757871117
1.2151793032e-21,0.9394210296
2.1993748931e-24,0.3581602376
2.6283029570e-23,0.4986611470
1.6242387201e-26,0.1651626369
1.5815551442e-24,1.6315250333
5.8803751698e-28,0.0693900520
7.6527648076e-23,0.5760691877
1.3212282652e-21,0.9806623453
8.3114308604e-26,0.2209353060
3.0282073699e-22,0.7035252137
3.0290533755e-23,0.5081855535
2.2798452149e-22,1.3500219365
1.0982816656e-26,0.1527012321
2.5159262870e-22,1.3413939323
1.0711519509e-21,1.1495155793
2.8054474465e-22,0.6951830363
2.4347354493e-23,0.4936101782
2.8515560371e-27,0.1121028236
1.0649049701e-24,0.3240668293
5.1786806139e-25,0.2925033578
4.5885822251e-29,0.0178975209
7.7700689076e-26,0.2185002023
8.3999848521e-29,1.9432928974
3.6669066502e-27,0.1194042364
1.2286518297e-21,0.9437091748
5.2302990368e-41,2.4856918647
1.2544351624e-26,0.1568991675
1.9249016721e-29,0.0066120744
4.0527551933e-25,0.2822442562
1.4384468819e-29,0.0025209643
6.8348835251e-24,0.4170838595
6.1175045676e-24,0.4109768967
2.9984099026e-22,0.7024340503
5.1635017900e-29,0.0196585718
2.0064549029e-22,0.6607453032
7.4149697781e-26,0.2168163740
1.9669184154e-24,0.3527426764
1.3459574680e-21,1.0573329311
2.0005338508e-24,0.3535604614
6.4193023531e-23,0.5623491293
3.1584925010e-25,0.2720407681
3.1276280582e-23,0.5103634661
7.7926221751e-27,0.1420305975
1.2627788976e-25,0.2363486656
4.9206854586e-23,0.5423967168
3.0788888767e-22,0.7053646277
1.2979615687e-23,0.4541026966
8.2411672987e-31,2.0536280851
1.1742019252e-21,1.1239710282
4.6976940305e-22,0.7561075933
1.5041179500e-28,0.0384702417
1.3994621485e-27,0.0921345785
4.9403594426e-27,0.1282190624
1.3098537608e-21,1.0782869950
7.7732034673e-23,0.5773099250
2.1862585100e-23,0.4865981816
5.6919092102e-27,0.1324671317
2.9753425741e-28,1.9103628964
3.5373873835e-29,0.0142343431
5.8323660604e-24,0.4083729321
1.2313750211e-23,0.4509468307
1.0178178048e-22,0.5993293188
1.2592608604e-22,0.6175886409
5.7377242181e-29,1.9529542465
2.9575459080e-28,0.0529308891
8.6356335986e-23,0.5857666827
3.0515639084e-23,1.4887128278
5.0035620264e-22,0.7644682416
4.3220733240e-22,0.7454185708
1.7014929801e-71,3.4300582333
1.4760444224e-48,2.7431770782
2.0361710334e-40,2.4640688327
5.0031527810e-22,0.7644572392
5.7936581191e-26,0.2080332134
7.8034105853e-25,0.3101888692
4.0657157926e-26,0.1957039233
1.1038431329e-23,0.4444642489
1.2222122645e-77,3.6085042337
1.1605337683e-24,1.6442465439
4.1610396824e-26,0.1965009867
1.3652256717e-21,1.0227079340
2.1906343833e-27,0.1045828527
1.9983714832e-22,0.6603497105
5.0328919528e-39,2.4118873151
7.5800098450e-67,3.2952062321
2.3876796940e-61,3.1344723051
5.7303195636e-55,2.9437142971
4.9796207843e-28,0.0652647000
1.3673689954e-26,1.8006695281
4.4583495895e-23,1.4664083459
4.2562131093e-27,0.1237896234
4.4826192626e-25,0.2864353190
1.4515790776e-23,0.4608795601
2.8974673378e-27,0.1125628343
2.8965421164e-23,0.5051612276
9.9848386227e-23,0.5977235792
2.8880395318e-26,0.1840927598
6.1358859336e-22,0.7934015726
5.1910350828e-22,0.7694604642
2.2731224827e-23,0.4891235024
2.3862231060e-27,0.1070064930
5.4487125662e-28,0.0674878446
7.1709293395e-58,3.0312828137
7.5446879360e-70,3.3823265506
1.8163797512e-23,1.5173351509
4.6432310263e-24,0.3961335825
9.4216120359e-22,0.8693536755
6.3651028920e-22,0.7989646238
1.2100825792e-21,1.1138982199
3.9902768462e-23,0.5272903847
8.1402148633e-30,2.0007476167
1.8656601945e-48,2.7398901435
9.2217068002e-23,1.4194936649
6.1539311055e-26,0.2101656272
5.5577495649e-26,0.2065693767
3.5029663347e-24,0.3814433888
1.1068317177e-21,1.1410926419
9.0445000239e-22,0.8607216700
1.7321000211e-24,0.3466531558
1.8479307526e-22,1.3675934040
5.9117308338e-24,1.5733594990
1.8669426635e-24,0.3502342862
2.1460685291e-29,0.0079183730
1.1586655674e-24,1.6443119454
4.4825812796e-29,0.0175562723
2.6784994968e-22,0.6902235221
2.0596696444e-24,0.3549696898
5.1564471452e-22,0.7685464350
7.1955866070e-28,1.8865004722
8.9750559638e-28,0.0802409863
2.8832919319e-26,0.1840375772
1.3565830007e-21,1.0475451769
9.5816875930e-23,0.5942938322
5.9855514988e-23,1.4481230384
2.9148093332e-22,1.3279858602
3.2928539442e-41,2.4929915103
5.1562085388e-22,1.2681104821
9.9506025716e-25,0.3210030047
2.0382821654e-30,2.0330908123
1.1342516000e-22,0.6085178647
7.7734847261e-26,0.2185160518
1.4101043155e-23,0.4591135386
8.8713602204e-22,0.8567810183
3.2172178725e-29,0.0129701762
3.4408709346e-32,2.1223287741
4.7204129100e-37,2.3348133861
3.4652829063e-27,0.1177514352
9.3754342796e-26,0.2253223631
1.3363980451e-21,1.0640128529
9.5178475548e-26,0.2258743191
3.1314048171e-24,0.3757259291
1.3702667317e-25,0.2394195434
1.1849464925e-21,1.1210412596
1.7704312547e-79,3.6622197583
4.1249972659e-22,0.7395955195
1.2245249384e-22,0.6151418158
5.6349396636e-22,0.7809363946
1.2415598308e-22,0.6163484622
3.2612996857e-24,0.3777902032
2.8286543513e-27,0.1118707756
3.3318146500e-25,0.2742082917
6.0696858160e-80,3.6758316359
1.2238429878e-28,1.9336375285
6.0463740504e-29,0.0221118473
1.6723317852e-22,0.6432946373
9.9097708227e-25,0.3208179467
1.9854476592e-49,2.7711697459
3.5853802262e-25,0.2772009672
2.6390475831e-26,0.1810779885
6.3720486728e-22,0.7991319901
9.2414290093e-23,1.4193461376
5.9117139872e-29,0.0217548781
1.6825257226e-22,0.6438641836
2.1850429007e-27,0.1045106545
1.4201879880e-24,0.3373007582
2.9701645051e-46,2.6677156095
2.4523407329e-22,1.3436609692
2.5524462229e-24,0.3654808763
3.3173869039e-26,0.1887643606
4.4166720302e-23,0.5345427345
3.7207053964e-53,2.8881613514
4.5973457032e-25,0.2874919570
7.5854225942e-23,0.5753685143
2.2136975222e-24,0.3584770055
2.8444576183e-23,0.5039402962
6.0083709493e-28,1.8914348967
4.1879714940e-28,0.0610621237
1.3335007412e-27,0.0908194764
4.4150294765e-39,2.4140521155
1.3694844518e-76,3.5779337851
1.1904800339e-21,1.1195053661
2.3420198503e-23,0.4910684910
5.2564430468e-22,1.2657962232
1.3799565745e-22,0.6257008877
1.0033345004e-27,0.0831805527
2.3305441315e-27,0.1063358974
5.0276332490e-22,0.7651145603
7.4574701042e-24,0.4219429118
1.6718080287e-22,0.6432653035
6.1956746805e-22,0.7948603267
1.0237160035e-22,0.5998143432
9.5590937816e-22,0.8725238197
1.3547738927e-21,1.0043113123
8.6287896359e-23,0.5857023151
2.6225350915e-26,0.1808688088
5.5772584780e-27,0.1318543010
1.2589494535e-21,1.0984268309
1.3126059413e-21,0.9762485143
1.7238138066e-27,0.0978718810
1.2358051799e-21,0.9460549442
9.0806541712e-23,0.5898666048
1.6372642411e-25,0.2461829803
1.3065487448e-21,1.0798067896
1.0726353018e-21,1.1491721999
5.2765742387e-22,1.2653338021
1.5615783109e-24,0.3417477475
3.3405063749e-26,0.1889996456
4.8928912511e-22,0.7614755208
1.3354392397e-21,0.9889373252
6.9189718309e-45,2.6217916930
9.5786223193e-46,2.6507426629
9.9569690307e-36,2.2805559426
1.7031636460e-94,4.1123712336
2.0315149072e-27,0.1024582234
1.4871073784e-43,2.5760947581
3.3946964729e-23,0.5159852466
1.1611079149e-21,1.1274557684
4.9775385586e-24,0.3998311626
2.3809241493e-45,2.6374572864
1.4809029706e-28,0.0381601269
4.8094696676e-22,0.7591958402
1.8453943655e-22,1.3677049284
1.4170761179e-35,2.2741268982
7.1046353742e-28,0.0741824672
5.1864878250e-22,0.7693404732
2.9107677912e-24,0.3720380973
1.4819054515e-22,0.6321349384
1.0922057758e-21,1.1445886560
8.9985554176e-33,2.1499793989
1.2853929738e-21,1.0887124541
1.2928319606e-43,2.5782022345
7.0547423761e-78,3.6154644267
3.1745600386e-24,0.3764200647
6.1416914703e-27,0.1347648074
1.3290080558e-21,0.9850046399
4.5330260224e-27,0.1256567624
1.9095099254e-24,0.3513166638
1.1732759783e-21,0.9269494861
3.7956015223e-25,0.2795392606
9.7073977356e-22,0.8759614838
4.1185504199e-27,0.1228184184
3.3912110920e-23,0.5159143240
9.0906903378e-22,1.1847671817
1.3147867716e-21,1.0759363949
2.0062651603e-28,1.9207740125
1.0230666836e-26,0.1504758022
3.0993019765e-26,0.1864666855
7.6270609306e-23,0.5758023406
5.1007281723e-24,0.4011384787
1.8316965015e-23,0.4753051745
2.3958367646e-25,0.2609878233
1.3883264136e-22,0.6262426994
1.6920674181e-28,0.0408516128
1.5214587052e-24,0.3405239412
8.8829513794e-22,0.8570445187
7.5794892730e-25,0.3089103900
5.7583498064e-23,0.5540825067
6.8589884573e-27,0.1381220403
8.1261732326e-22,0.8398744401
4.2341065624e-22,0.7428391198
8.9842176077e-22,1.1869824879
4.6493228951e-23,1.4638589816
3.7910435176e-49,2.7621745249
6.5487322685e-25,0.3025447126
3.3557292908e-23,0.5151887975
1.0947190021e-26,1.8075409020
6.9200341835e-42,2.5173809857
1.8186975862e-66,3.2841554252
2.6620499152e-23,0.4995091061
1.0656998897e-21,0.8986404692
3.4360351360e-23,0.5168217803
1.7695808842e-23,0.4731360608
4.2375061387e-26,0.1971282172
1.5794536825e-27,0.0954530951
1.3309353604e-21,0.9861460598
9.5034781304e-28,1.8788223140
5.0083455163e-22,0.7645968082
1.0467431112e-21,0.8939945186
2.3710691320e-24,0.3618418670
1.2290531397e-25,0.2353355025
9.1827925826e-22,1.1828449527
3.4654919854e-27,0.1177531951
6.5825915639e-27,0.1368691282
5.9038469862e-22,0.7876843572
2.6064151403e-23,0.4981062064
1.7877964018e-23,0.4737788584
1.2652003496e-21,1.0962395494
1.0035944737e-21,1.1646651757
8.5077699589e-22,1.1968274828
1.4274334723e-22,0.6287412703
2.5805945361e-24,0.3660247889
1.1912709944e-21,0.9321649559
1.0127700448e-23,1.5473780648
6.4472247554e-22,1.2395405536
1.5821524141e-25,0.2448744068
5.5204318991e-25,0.2952156391
8.1944831316e-23,1.4275516856
1.1260770344e-109,4.6012195620
4.2223490817e-44,2.5949699661
6.0598975601e-26,0.2096204243
9.3231515490e-24,0.4346290584
2.3832805034e-23,0.4922100151
2.9897314002e-22,1.3256048762
8.9924047648e-22,0.8595348439
1.3558307995e-21,1.0483845338
3.5404184207e-32,2.1217326738
9.0227217245e-23,1.4209963851
1.4679077776e-23,0.4615628880
1.6961097994e-22,0.6446190953
5.9679778417e-30,2.0081022122
2.4041256002e-22,0.6789131139
3.0790930853e-23,0.5092985092
7.1918908977e-23,0.5711696893
1.2775054554e-21,1.0917455224
2.1850980897e-22,1.3536594843
1.3113749839e-21,0.9756464657
1.1058532924e-22,1.4067140396
1.0217218786e-21,1.1606831751
2.0519515053e-29,0.0073800156
3.2386125516e-28,1.9081043740
3.1622408907e-22,0.7083461100
1.4556954814e-25,0.2417061934
6.8715681365e-26,0.2140896025
1.3612044747e-21,1.0413533130
3.6061405182e-24,0.3829351551
1.2669799066e-21,0.9569775130
2.8667742602e-23,0.5044657319
1.7208913202e-22,0.6459845907
1.2041010298e-24,0.3296674060
2.7511821805e-26,0.1824670947
1.0218248095e-21,0.8879898249
1.3001602041e-22,1.3948938589
6.9993156838e-26,0.2147480954
4.8555369752e-25,0.2897848717
3.9136406920e-25,0.2808009875
7.1590538631e-22,0.8177175498
2.8849386270e-24,0.3715902242
4.3915518493e-26,0.1983605479
1.3515550137e-21,1.0526419915
1.0574487328e-24,0.3237485420
3.1201658805e-26,0.1866928975
1.1675013185e-49,2.7785335867
1.5440744295e-22,0.6358929298
4.4480638751e-23,0.5350531774
1.2653825816e-21,0.9563850937
1.1412299715e-21,0.9180751080
1.0859125662e-24,0.3249529001
8.8356925291e-24,1.5541078986
1.1364490087e-42,2.5452255810
1.3011661857e-28,0.0356213237
2.1186890690e-23,0.4845737280
1.5917992599e-29,0.0042211410
6.0593443823e-22,1.2478814398
1.7644219967e-25,0.2490544317
3.6503349461e-24,0.3835625771
1.5810540449e-22,0.6380736359
7.9181995605e-22,0.8351464549
1.3604523876e-21,1.0425296240
4.1612822317e-41,2.4893027269
1.3423325830e-39,2.4335937090
2.6806816459e-27,0.1103279094
5.9062234175e-22,0.7877433831
4.6923571550e-29,0.0182263431
2.1560290566e-27,0.1041332499
2.9583300581e-25,0.2693982660
5.4437857695e-24,1.5772119347
3.1516116028e-22,1.3205884216
6.3404843253e-27,0.1357305324
2.0098667214e-25,0.2540975689
5.1502883488e-26,0.2038999016
1.0190736024e-52,2.8746311089
5.8518611649e-106,4.4775702721
2.4468511761e-103,4.3919900060
3.1595466299e-70,3.3932843220
3.2904988130e-27,0.1162443839
1.7018339612e-26,0.1666703744
2.8287427237e-22,0.6960761830
1.4365954690e-23,0.4602466467
1.6109447673e-34,2.2289104336
2.2059682497e-22,0.6701580271
7.6638832299e-22,0.8293439227
1.0730766255e-24,0.3244133558
5.8163259250e-22,0.7855033061
6.8885337562e-27,0.1382531625
2.2380825226e-22,0.6716144300
3.5076109742e-22,1.3100996607
5.2206552247e-27,0.1298699038
3.6304998690e-24,0.3832818207
6.4527489526e-22,0.8010716491
4.9302060253e-25,0.2904273257
8.5642612655e-24,0.4297636025
5.0029769447e-26,0.2028864236
7.3814772354e-25,0.3077510375
4.6504688269e-24,0.3962160948
8.5692678542e-25,0.3143240797
2.2451585380e-23,0.4883196742
1.2122172395e-21,1.1132704546
1.3607086747e-21,1.0117647468
6.2095152773e-28,0.0707595099
3.7241886543e-22,1.3040331805
8.0968211801e-27,0.1432097123
5.6865717438e-29,0.0211448850
1.2946670425e-21,0.9680188280
5.0233831369e-22,0.7650005609
1.0182214081e-99,4.2759329446
5.5427549148e-50,2.7888343785
1.2194743254e-25,0.2350430815
1.1976032620e-23,0.4492891803
1.8718913006e-23,0.4766753244
3.0064182521e-27,0.1136278756
3.4247686125e-24,0.3802865085
7.0132592924e-28,0.0738512008
1.5038891954e-23,0.4630457485
2.3875328334e-27,0.1070220918
2.5320293223e-22,0.6842931854
7.6704176502e-26,0.2180349624
1.0840932867e-21,0.9032240117
1.1995099421e-21,1.1169562246
5.3617221694e-26,0.2053085724
1.3715281984e-23,0.4574301108
1.3681627227e-23,1.5321716556
1.4232226550e-29,0.0022397657
6.6560918394e-25,0.3032485275
2.4944225503e-22,0.6827317293
1.0564106897e-25,0.2297106994
3.4861668145e-28,0.0567206694
5.9483863693e-22,1.2503000884
9.2004805111e-23,0.5909429016
1.3212594509e-26,0.1585479640
1.1469358038e-28,0.0332166515
1.3382465000e-21,0.9907787832
9.7033765030e-22,1.1718473535
3.7665699789e-22,0.7285606205
7.2302070070e-26,0.2159105787
1.3576657210e-23,0.4568151382
7.0683436181e-23,1.4373821282
1.1363508255e-21,0.9167633191
8.6620885997e-24,0.4304114879
3.5551712835e-29,0.0143021906
5.8580943816e-29,0.0216111231
2.2306591744e-22,0.6712791294
4.2141591557e-23,1.4698052477
5.9251074093e-22,0.7882120642
1.6503733267e-28,1.9258813182
5.0565849038e-25,0.2914948175
8.2133711879e-27,0.1436505203
6.9241676413e-22,0.8122402848
8.7989611218e-38,2.3638050799
1.5127990391e-26,0.1628751824
1.1718637462e-28,0.0336214814
1.2413960283e-22,1.3983152939
4.5779874618e-23,0.5371343331
2.3179608804e-22,1.3485883981
5.1151511116e-26,0.2036606255
2.3272782769e-22,0.6755817800
1.7606096611e-25,0.2489711423
6.8279119294e-24,0.4170272819
4.0545984661e-23,0.5284247373
6.6001468235e-22,0.8045921161
3.3698218393e-27,0.1169373629
3.5392067001e-27,0.1183675956
1.9644842003e-27,1.8583894704
4.0176447078e-23,0.5277748939
6.3265561422e-22,0.7980345522
6.8050278615e-26,0.2137421175
2.9459070477e-23,0.5063013396
5.0833473139e-22,1.2698055255
5.2005947589e-27,0.1297545421
3.4881073308e-24,0.3812253389
4.5552327579e-27,0.1258018965
9.5588853283e-25,0.3191986580
1.3373426675e-26,1.8013588095
1.0426185652e-27,0.0842005695
9.0128373454e-24,0.4326829764
2.3363604407e-22,0.6759795646
1.7631969007e-25,0.2490276846
2.1592573095e-28,0.0459696812
1.1553341061e-21,0.9219225338
4.5928719839e-26,0.1999119819
2.6064364260e-22,0.6873350401
2.6983844363e-23,0.5004119223
2.6319242289e-24,0.3670031469
6.0887075668e-24,0.4107188265
1.9767264118e-23,0.4801334864
7.1076874318e-26,0.2152980645
1.7928987653e-22,0.6498699394
2.6506748088e-38,2.3841577021
6.6932587901e-22,0.8068020723
1.1230935696e-23,0.4454832157
1.0069742954e-63,3.2041701562
7.3700766867e-22,0.8225986107
4.6734741129e-27,1.8332065821
2.6423338321e-28,0.0503924376
1.5488276783e-26,0.1636314618
3.4561882019e-23,1.4815282784
9.6285220601e-22,0.8741306610
2.8182750685e-33,2.1733411217
1.9524366619e-22,0.6580789721
6.3631157573e-25,0.3013028249
4.0909001727e-24,0.3894735601
3.8246306056e-27,0.1206390712
9.7058883497e-22,1.1717936313
1.0850506845e-27,0.0852638283
1.3031879160e-21,0.9717922670
1.3613613324e-21,1.0410956288
8.7030137938e-25,0.3150117226
3.2988855037e-22,1.3161645242
3.1855929553e-22,0.7091719897
4.3713536689e-22,0.7468502911
1.1953317843e-25,0.2342965830
1.3551881927e-21,1.0047518857
1.1047206385e-25,0.2313652602
1.3943217737e-50,2.8078259204
6.3576767572e-25,0.3012659419
9.8816748816e-27,0.1493907498
1.5730173110e-23,0.4658106176
3.5682479857e-22,1.3083791429
3.7552443294e-26,0.1929819095
5.2453903519e-29,0.0198980620
1.2854130944e-21,1.0887045454
5.0378832849e-27,0.1288031564
2.9842934895e-23,0.5071767563
1.3886781821e-23,1.5314051530
5.8181901308e-22,0.7855499109
5.4725414672e-22,0.7767901290
5.7898309137e-86,3.8536472481
1.0754637722e-90,3.9959661194
2.3585383005e-22,1.3470801649
3.5072769967e-23,0.5182437311
2.7686267319e-22,0.6937608356
1.3107703381e-21,1.0778579798
7.1305912439e-24,1.5644805413
9.6264920079e-24,0.4364774575
3.5014805793e-27,0.1180546616
2.2173311125e-27,0.1049252267
2.5342685550e-22,0.6843856411
4.5310257481e-22,0.7514266135
2.1883686608e-28,1.9184907995
7.0028393457e-26,0.2147661008
2.1472305097e-24,0.3569911750
3.6058831404e-56,2.9801411992
3.0609195147e-23,0.5088960855
2.3754014572e-25,0.2606494282
3.1375359262e-23,0.5105791447
7.1283263006e-47,2.6882404423
1.1386564230e-21,1.1332393799
8.2591156712e-22,0.8428914793
9.6831905278e-22,1.1722788187
1.1957890253e-21,0.9335054105
1.6736851153e-22,0.6433704004
6.8986099016e-22,0.8116411444
2.5686743001e-56,2.9845890270
2.7545911385e-25,1.6996631608
1.4200410685e-23,1.5302524064
3.0433757826e-44,2.5998505808
4.7147066673e-24,0.3969434809
4.6286726215e-23,0.5379328845
6.1065080553e-26,0.2098916408
2.6294110905e-22,0.6882619281
9.9504783288e-22,0.8816444030
2.4152348072e-23,0.4930825355
8.9830934765e-27,0.1464227369
5.2703293306e-27,1.8296409042
1.1555451678e-22,0.6101167229
3.4678281014e-27,0.1177728525
2.0322315290e-22,0.6619989797
5.0958432498e-24,0.4010871728
4.9157987652e-23,0.5423238523
4.3068663780e-24,0.3921673662
8.1159423283e-24,1.5582471920
4.6719578135e-23,0.5386091004
1.3148318202e-21,1.0759144389
8.6806064246e-26,0.2225133138
5.0842547677e-25,0.2917253005
4.0397187912e-22,0.7370246073
2.9149415639e-25,1.6975852803
4.9991309217e-23,0.5435582505
9.9357911693e-23,0.5973122884
4.7561596447e-27,0.1270858177
7.3308040253e-22,0.8216927591
5.3871719099e-32,2.1129181461
1.4309102754e-22,0.6289608344
6.6820790731e-24,1.5675771649
2.2999114487e-23,0.4898856683
1.0593026124e-27,0.0846232482
1.3213598537e-23,0.4551783507
1.0244113488e-25,0.2285759635
1.1502373644e-21,1.1302842545
7.1100409542e-27,0.1392197798
3.4157737223e-22,1.3127401081
1.2367673127e-28,0.0346454129
3.8336503888e-22,0.7306733053
1.3655937441e-21,1.0279843391
5.3683361973e-22,1.2632357026
5.4154368164e-22,0.7753183997
4.6117627673e-22,0.7537059096
2.0370113127e-26,0.1725227545
1.3269278722e-22,0.6222076014
2.9530371986e-28,0.0528962003
1.7468098536e-24,0.3470557350
1.1643734888e-22,0.6107728059
6.4847978341e-27,1.8234447907
2.5031659063e-28,0.0491912470
1.8918717011e-23,0.4773470257
1.8020444902e-24,0.3485407447
1.2448295030e-21,0.9490912356
1.4040545346e-22,0.6272540385
7.2472830218e-22,0.8197625192
1.5505695788e-24,0.3414147754
1.3652680598e-21,1.0310182010
2.2489276971e-25,0.2584938869
3.6246721681e-27,0.1190651657
8.2497512369e-32,2.1038896520
1.3519829871e-21,1.0522479476
1.7203837618e-50,2.8049416290
5.2198470921e-22,0.7702195177
1.3796970505e-24,0.3359539024
9.2094345005e-22,0.8644871840
3.8800357566e-22,1.2997953161
8.7652867940e-24,0.4310880408
8.0782109105e-22,0.8387851175
1.9466912352e-23,0.4791591436
2.8564820264e-29,1.9703405706
1.9924056697e-24,0.3533638562
6.4596850599e-22,0.8012379469
9.2152667450e-23,0.5910749326
2.3172724389e-22,0.6751422459
1.5039357428e-27,0.0941054120
3.3356010212e-23,0.5147743352
8.7829384280e-26,0.2229397636
2.7642429102e-29,0.0110197648
7.7467742304e-27,0.1418491617
3.3253939829e-23,0.5145633543
2.1363023213e-23,0.4851067073
1.6188816384e-23,0.4675876768
1.2876841330e-25,0.2370810041
2.9837939260e-43,2.5655789606
2.7343732201e-44,2.6014440435
3.5934763002e-22,0.7229979197
1.6945384206e-22,1.3745500248
2.2468340506e-22,0.6720086896
2.2267568810e-23,0.4877860332
5.1972109824e-26,1.7577998416
1.1741564265e-40,2.4728600835
1.0756725068e-23,0.4429448744
9.8903711494e-22,0.8802329724
8.3876171279e-23,0.5834073514
1.3581299484e-21,1.0457015604
4.6912251555e-35,2.2520689443
1.1890678223e-70,3.4055858650
1.3580665976e-21,1.0080871179
5.7724846681e-22,0.7844053802
9.7518335878e-23,0.5957551186
2.7906694882e-23,1.4937902965
4.5363803110e-27,0.1256787272
2.6105817909e-23,0.4982121519
2.8539357777e-23,0.5041638812
3.7911146079e-26,0.1933068570
3.2657956743e-24,0.3778603343
1.1072271692e-22,1.4066249803
1.0626134447e-21,1.1514818706
5.1931505178e-22,0.7695162673
8.5568157524e-22,0.8496416967
3.6099634555e-29,0.0145097645
1.0573630260e-26,0.1515088947
2.1781755877e-23,0.4863588519
3.6658674585e-28,0.0578986649
3.6859298493e-27,0.1195557712
3.6691827426e-24,0.3838281063
2.0605834400e-25,0.2550688188
3.0794904950e-25,0.2710165694
4.8136710484e-25,0.2894207179
7.2938673521e-28,0.0748565807
9.0284267338e-25,0.3166457343
9.7662806754e-29,0.0302553755
5.2618707827e-39,2.4111512765
3.1800467959e-22,0.7089762071
2.4456826480e-22,0.6806829932
4.9421386290e-27,0.1282298145
4.8477527624e-22,0.7602446179
1.3130757984e-21,0.9764800178
1.0188755630e-25,1.7350146154
4.7931709001e-43,2.5583891182
5.2138920923e-27,1.8299610641
1.0820091181e-27,1.8752135473
1.0243503318e-21,0.8885936806
9.8707483144e-26,0.2272099472
1.3218858007e-21,1.0723525843
4.5027270675e-25,0.2866222771
1.7267121094e-22,0.6463031684
6.5878738089e-24,0.4150475941
5.3523874331e-23,0.5486086324
2.8576522964e-22,1.3298291935
1.1284185966e-25,0.2321526793
5.4567779860e-22,0.7763846012
6.7794185248e-24,1.5668896258
1.6766944664e-34,2.2281519275
3.3975486821e-27,0.1171760053
1.8344365767e-25,1.7143740587
9.0698885930e-22,0.8613004731
1.5968962113e-23,0.4667413272
6.4691108450e-23,0.5629432842
5.4430177905e-79,3.6479538313
1.1239793219e-99,4.2745707415
7.2609156540e-66,3.2666618004
1.9631886671e-24,0.3526511704
1.4199315218e-26,0.1608453511
6.4227995641e-24,0.4136490100
9.7090482398e-25,0.3198981000
3.2897640269e-24,0.3782327636
1.9229075826e-22,0.6565982520
1.7031531072e-22,0.6450087162
9.3724922437e-24,0.4349332590
3.3986358824e-23,0.5160653342
3.2026744504e-61,3.1307141942
1.9008797393e-91,4.0188613092
5.7677575693e-22,1.2542728970
8.4817557836e-26,1.7413066782
3.6208612525e-23,0.5204612774
1.3549423931e-21,1.0044894835
1.5038283577e-26,0.1626842634
3.2516646920e-23,0.5130229043
3.4911197812e-22,0.7196281368
1.3776201630e-24,0.3358838644
1.0270655564e-26,0.1505979126
4.7457327186e-22,0.7574397002
1.0532386603e-22,0.6022091906
7.0095651601e-24,0.4184851793
4.9853427135e-24,0.3999148257
8.2660000606e-23,0.5822297983
6.5386591397e-26,0.2123188907
9.7650597321e-43,2.5475449382
2.7407159591e-88,3.9232523259
1.7378002158e-75,3.5458412795
1.0550947277e-24,0.3236476352
2.5457348872e-23,0.4965467156
1.6765532539e-22,0.6435308134
2.6965632602e-28,0.0508464148
7.6587660264e-22,1.2142656402
9.8221853041e-22,1.1692980834
3.4362742522e-26,0.1899584210
1.2936520707e-25,0.2372545565
3.5008552511e-26,1.7707903629
1.1242186609e-22,0.6077563067
6.4290603475e-24,0.4137026281
4.0399793210e-25,0.2821136068
3.2318361905e-22,0.7107956675
1.9807703215e-23,0.4802636990
4.9436411325e-22,1.2730874333
9.3033230603e-25,0.3179851399
8.6771619204e-23,0.5861563787
1.3457615778e-21,0.9962147251
1.5536029637e-24,0.3415067351
2.3171351883e-24,0.3607117760
1.7599222590e-50,2.8046295937
4.2087821462e-29,0.0166481936
1.2038101731e-31,2.0958144696
1.5687940705e-22,0.6373550175
2.2868523258e-22,0.6737975123
8.5900787063e-37,2.3243321822
1.5745421726e-69,3.3730634230
4.6696016576e-41,2.4874835789
5.8263622251e-39,2.4094640937
8.3718725292e-22,0.8454485870
1.3227018596e-21,0.9814555210
1.4757725001e-27,0.0935868277
9.3155657206e-23,1.4187938103
7.9266684084e-34,2.1983081337
2.3277489117e-24,0.3609360126
2.6025019614e-29,0.0102665522
1.7363979983e-29,0.0053527453
7.0569032875e-22,0.8153417226
1.9437651206e-26,0.1709905970
9.1772633639e-28,1.8797907823
8.2932889169e-35,2.2414294311
6.8748121408e-31,2.0576848227
1.1592615971e-25,0.2331550253
8.4151265640e-24,0.4287633477
1.3318175055e-21,0.9866785228
1.8259539920e-23,0.4751073197
1.1143941783e-23,0.4450246362
1.1795270354e-21,1.1225273757
4.7220155662e-27,0.1268712569
1.3374148858e-21,0.9902242182
2.4490150361e-26,0.1785932712
1.3356018262e-21,1.0645168007
1.3618237698e-21,1.0136120110
1.6335882657e-25,0.2460969654
3.4202884684e-23,0.5165041349
4.0311670296e-27,0.1221860757
2.5952579541e-22,0.6868819833
2.4470387420e-65,3.2512940331
8.0560122886e-24,0.4262895239
4.0621130233e-25,0.2823397142
1.8439201458e-23,0.4757245634
9.1911729002e-22,1.1826697565
1.2355110092e-21,0.9459574557
1.1413671488e-21,1.1325527735
1.4836022256e-22,0.6322390965
8.0263733765e-32,2.1044736728
1.2731833056e-21,1.0933547499
3.4402184286e-28,0.0564112208
8.1838531780e-23,0.5814264681
2.8884178669e-28,0.0523941262
4.0445563211e-25,0.2821604556
3.4706935087e-27,0.1177969468
5.5751113001e-28,0.0680581673
8.9140683835e-22,0.8577520993
1.4789602838e-22,0.6319539285
9.2325145592e-25,0.3176435859
1.2652763525e-25,0.2364226994
8.2443960820e-28,0.0780228584
3.4557300108e-23,0.5172173467
2.5559293657e-22,1.3399876264
3.8353002860e-24,0.3861174026
1.6886829195e-22,0.6442069284
1.3448845419e-21,1.0581525933
7.7469802426e-24,0.4240820970
1.2827418483e-21,0.9630648483
9.7931004139e-26,0.2269198914
1.6737827964e-22,0.6433758670
1.0357821165e-21,0.8913399897
5.2281367594e-23,1.4566336266
1.3591254358e-21,1.0444126579
1.7165752457e-27,0.0977551276
1.1590946229e-21,0.9229632023
1.0426897818e-25,1.7342171105
8.9257120386e-28,1.8805604814
1.8827352000e-23,0.4770406349
4.8719898023e-28,0.0647289337
2.8964807864e-22,0.6986449121
1.1757334841e-22,0.6116112942
1.5822237335e-23,1.5246259744
1.3350373142e-44,2.6120836405
1.5843832912e-33,2.1847466239
2.4689478742e-25,1.7036621160
3.0156796712e-25,0.2701716599
6.8314905386e-25,0.3043765561
1.0145344840e-21,1.1622683294
5.9135947812e-24,0.4091259627
2.8747731670e-25,0.2682465974
6.9861452401e-25,0.3053496178
2.1518389228e-23,1.5082043487
2.6845344688e-22,0.6904629453
2.7516929910e-27,0.1110779547
9.6400262485e-23,0.5947971896
1.8639230777e-22,0.6535891354
1.9503625103e-22,0.6579755094
1.2688982059e-21,0.9576944731
9.2650064613e-22,1.1811239655
2.4457577936e-24,0.3633694903
6.5009371961e-23,0.5633209727
1.2257331474e-21,1.1092070154
8.4582123914e-23,0.5840845776
2.0691911681e-25,0.2552314846
1.3427663783e-23,0.4561480718
2.2719917181e-24,0.3597476513
1.8339610017e-24,0.3493803308
7.1744562314e-24,0.4197800861
3.6749790186e-24,0.3839095211
1.0676491337e-26,0.1518126318
1.3160792330e-21,1.0753027204
7.7799473757e-28,1.8843534608
9.4903666075e-26,0.2257684056
1.6546311474e-28,0.0403945358
2.8542329468e-24,0.3710531201
1.2299766698e-26,0.1562750959
9.0009005319e-22,0.8597283201
5.6658539173e-22,0.7817193820
1.6684478356e-28,1.9255973169
3.8117629412e-28,0.0588195068
8.9857963828e-24,0.4325106320
5.2941601059e-26,0.2048641218
5.7821482311e-27,0.1329414103
3.8279447822e-22,0.7304945048
1.2049195394e-24,0.3296985754
6.5742202103e-23,0.5641849055
1.3655205079e-21,1.0290906355
2.9254772551e-22,1.3276444332
4.3372222501e-27,0.1243475126
3.8294963815e-23,0.5243863537
1.2031757900e-26,0.1555777937
1.6183138794e-23,0.4675659455
1.5525067691e-24,0.3414735217
1.1519932489e-22,0.6098516452
2.3930404646e-25,0.2609416746
3.9261998183e-58,3.0391034073
7.1636875147e-86,3.8508908061
1.3013088692e-50,2.8087729287
9.3574366557e-34,2.1950736293
1.8180198805e-98,4.2363302591
1.6186819016e-74,3.5176903692
9.0925239239e-121,4.9881812234
8.0807328516e-106,4.4729607141
1.0826360389e-27,1.8751973963
3.7194866002e-26,0.1926551001
1.1022017911e-21,0.9078206897
6.9182135338e-22,0.8121007637
6.5377470982e-23,0.5637559162
2.6087282042e-27,0.1095488214
3.6872361266e-22,0.7260315012
2.1721128143e-24,0.3575521605
6.2496213209e-27,0.1352926924
4.0283361660e-25,0.2819942130
1.2331318240e-69,3.3761408539
5.7038662019e-95,4.1270693645
6.1796372994e-27,0.1349513827
1.1198435836e-21,0.9123914319
6.6552332572e-25,0.3032429398
1.2871525122e-22,0.6195154314
2.5445232163e-25,0.2633734263
6.3283098557e-23,0.5612538640
4.9682374428e-22,0.7635168230
4.3494253878e-22,0.7462143774
8.1673902773e-29,0.0270975867
1.9314944358e-25,0.2525516420
1.2425507768e-21,1.1039083471
1.2163674205e-21,1.1120394069
2.1057731323e-25,1.7094245062
8.7178140415e-25,0.3150872289
4.0527114375e-29,0.0161121874
1.3600205263e-25,0.2391365457
2.8626205943e-28,1.9113894881
1.1405053720e-21,0.9178796976
2.1128861745e-26,0.1737219532
2.3126509770e-22,0.6749387744
1.0452361127e-27,0.0842672879
4.4897259091e-22,0.7502518424
1.4315281073e-29,0.0024005402
1.3342912455e-21,1.0653322841
1.3090483762e-25,0.2376989185
3.1983568904e-24,0.3767992435
1.4244234893e-25,1.7233424981
