sampled_theta2
2.9095099101
2.2398104817
0.4742565670
0.5969434987
0.7850481472
0.1237581886
0.6513719761
1.0564046453
0.1960154702
0.7434628917
0.5293254214
2.6930213041
1.1643211718
0.4290730349
0.2670514076
1.6776360506
0.6585930217
1.0678463829
0.3151525260
0.4968301378
0.2333866727
0.0379193649
0.7011502398
1.2786189216
0.5359611357
1.9256605590
0.3424505879
1.6966470125
0.3740620010
0.5292402941
4.3021559717
4.5937743819
3.4155530674
3.5214551504
1.1892136609
0.8634292540
0.9052392955
1.0413179676
1.4068445362
1.3460554440
0.0520031355
0.4407763449
0.1549500404
0.7829749861
0.1174519277
0.3097926993
0.5661603889
0.1215173205
0.3692474631
0.6944505979
0.1952080513
0.5240860249
0.3720202626
0.4466338269
1.0141221400
0.7666875943
0.5339093876
0.0283605291
0.2660479252
1.2400243206
1.2625526409
0.9550002044
0.5745910009
1.5222562090
0.5807761874
2.1769032507
1.2896480453
0.5502390086
2.3796478907
0.0499723966
1.2132457873
0.1008118175
0.9956556977
0.2965522484
1.0218819191
0.3018146578
0.7298502120
0.6463801809
1.0573523835
0.3043335076
0.1621370921
1.3109067811
0.3581754138
0.3438550643
0.0467893395
0.3010243969
1.0896869758
0.9670558600
0.3600689493
0.5206351281
0.4011254388
1.0124957471
0.2468520018
0.3723230305
0.1019551170
0.5006786704
0.1368491026
1.6348082157
2.0420669338
0.7750585179
0.7898796379
0.7967630170
2.3688180562
1.2228209249
3.9840928318
3.2505534401
0.3935309608
0.0300204272
0.6777537055
0.3541232242
0.0764994125
1.6898606293
0.1488658826
0.7352956365
1.0418990125
0.7395867406
0.7221703911
0.1815804513
1.3852114140
2.6605454131
3.9862462119
2.2357457072
0.4796812323
0.0221552890
0.5016731485
1.6797193718
0.8559310831
1.0891799443
0.4219594422
0.3184852520
0.8225929306
0.2185819134
0.4643156459
0.6594428239
0.2167946388
1.6725902029
0.5536819572
0.1774503692
0.9026821957
0.4219703811
0.2015766299
0.8515631949
0.0839023418
0.5818059224
0.8075946605
0.5498290728
2.7693567048
4.3065783099
2.6977566474
2.8432983348
0.3773566750
1.2479144445
3.7333670596
0.4088148641
0.3957294014
0.0762768161
0.0356678262
0.0587420777
1.1452228664
0.5397387382
0.5137684999
0.0762754261
1.9243751637
4.2499654178
2.2429089802
1.6499185838
2.0902413833
0.5104123529
0.9433330350
0.0703397916
0.4367943587
0.7172823211
0.3595070390
0.9750398441
1.4069058930
0.4706145634
0.6380621831
0.4769259912
0.9539009258
0.4762502704
1.1006473422
0.3680279455
1.0173653792
0.5809900545
0.1813290038
0.5026025631
1.0592123338
0.1939932679
0.5926082282
0.5991303255
0.9318856789
2.0302800403
1.0954343030
1.2650623237
4.2213923939
4.6084589343
4.0750933693
4.4481132905
1.6793638394
0.6254872044
0.9345447034
0.7060961807
0.4387927897
0.4982105599
0.6699367645
3.6767023351
0.4911737328
1.0699451121
0.2340247967
0.4597922829
0.6597054391
0.8061400181
0.1446984235
0.4365814383
2.6189430274
2.1508077560
4.1474128402
0.4542619975
0.4866211988
1.9950877245
4.3423707694
2.0434406328
0.8560485962
0.4217696138
1.2762880787
0.3586039997
0.7790123948
0.2194407227
0.0732849628
0.1388617358
1.4452743416
0.6838567371
0.5124209346
2.5937672423
2.0198707795
1.7088436016
1.7199929627
0.8763635099
0.2451263259
0.8468145252
0.6197570002
0.4501765862
0.6602953836
0.5325025109
0.9551768292
3.3729405960
0.5490894316
0.4204754045
0.0127679966
0.1037745030
1.5603230308
0.4984743388
0.0269321654
0.3329757739
0.2128547548
0.0591638230
0.3613010838
0.1724034224
1.0237387444
1.4172925941
1.0762721140
0.1077508993
0.2263072215
0.3931344374
3.0101552926
2.8142578555
0.7600717885
0.2600491847
1.0043868371
1.0412032056
0.2833347913
0.3014912159
0.4491533495
0.1003902074
1.3334717722
0.0138395277
0.2885649452
0.7021646954
0.1246683790
0.1594262126
0.5126596918
0.4960469978
0.5313801298
0.7055974559
0.9884803052
1.9713976672
1.4586908404
1.5831563032
0.3926595866
1.3821037357
0.4111506440
0.7267251371
2.6908725767
1.1241299288
0.1944072327
1.0130742633
1.5123336104
0.2886695780
0.1595532632
0.7587927012
0.3243318284
0.0655608957
0.3910932450
0.5860788592
0.8444543673
0.0953869510
0.3729453855
0.1120188540
0.6083282075
0.6207602710
1.3146853002
1.1842786367
0.1885914418
0.2972232953
0.0198484018
0.1911629175
0.2362259990
0.2886909937
0.1284166805
0.0905506887
0.1861308539
0.3242217076
0.2966938287
1.5954814470
1.8501931969
0.0796021751
1.1917966597
0.7752886704
0.8438079633
0.1890111112
0.2887226856
0.4584977079
1.0695878997
0.4884372946
1.0340875052
1.1896771596
0.2189394655
1.6959717306
1.3932232849
1.2561217967
1.4771634718
1.7383770287
1.6485398346
0.5920302874
0.2892482474
0.0288614200
0.0286119627
0.0753883867
0.3626528764
1.4036380797
1.9843789771
3.3189151710
1.8890249713
3.3305505922
2.5681402281
0.4337336013
3.1334150989
0.5237780372
0.1712440931
1.0996215409
0.2947475715
0.3446215642
0.3368008458
0.8013466962
0.6154165526
0.5574711234
0.5885560282
1.7566108501
1.6015960061
1.4265449411
1.1985245226
0.3829658817
1.1835759090
0.3943888971
0.9292341930
0.5366227419
0.1070144847
0.7438571119
0.7305377997
0.0580307979
0.6537274252
0.3420818422
1.2778731736
2.0257735813
3.9129238573
4.5899436819
0.4645862395
2.3662332975
1.6999099866
0.0411745387
0.7723475828
0.2328582396
0.3656347864
1.0533815713
0.2926413127
0.4679256780
0.6504933759
0.8204498277
0.0374896658
0.5635574141
0.1861639712
0.3262317130
0.6554611678
0.3093707587
0.1315115285
0.3543610828
0.1300834255
1.4806748526
0.1786524765
1.8795266486
1.9766567475
0.1364527898
0.4755148251
0.7315681366
0.0291641350
0.7047086355
0.5245347136
0.1077507849
0.6920471797
0.1413713968
0.7285872441
0.9231966552
0.4190341150
0.4578982496
0.4394160538
0.2452656263
0.7400574993
0.1297788821
0.9083027927
0.0472544781
0.3599896506
0.3619848992
0.1978443644
0.7296204933
0.4667047314
0.3318768261
0.9491800545
0.3911593536
0.7436917239
0.0276272585
0.2035385742
0.3872845629
0.6138622568
1.8123220110
0.2394337621
0.2812067347
0.1346810510
1.8059398298
0.1285759217
1.4858787046
0.3020091225
0.7400532880
0.7434153604
0.8896249992
0.5109133965
0.2631268913
0.3661942357
1.4898683261
0.2068653104
0.3627588495
1.0534215369
0.6070242306
0.7917061381
0.8307002353
0.3371511788
0.2735633075
0.4809921888
0.9001249889
0.0114538353
0.0058065715
0.8068823276
0.4928379023
1.1298287830
0.6348116608
0.4093777181
1.3608351043
1.2436161140
0.9903667313
0.2737941040
0.2415609370
0.2680297638
1.8085945461
0.4205547750
0.2101489527
0.8423733780
2.7024413310
1.1759609056
0.0301088111
1.0653394435
0.5832426148
0.5781291434
2.6653576397
0.0073062522
0.1574797556
1.6118357538
1.8733194479
0.6686455963
0.7114893498
0.0509971037
0.3737303950
0.3300833792
0.7472533693
0.2683294363
2.0042895899
1.7477150391
0.1485963237
0.5030595190
0.0481922268
0.3651184035
1.2662178930
0.7365612635
0.6826424856
0.6042573406
1.2289442800
0.4347269993
1.8665611369
0.6136589282
0.7004583718
1.0384222170
1.8270541588
0.2086104282
1.1406712720
1.6374850783
1.0704022374
0.7859137522
2.2137305584
0.3844659943
0.8026675300
0.1401052235
0.7539132946
1.0598892855
0.7854368016
0.7652902139
1.7335080599
0.5225992930
0.9284522885
0.1507036150
0.0243158599
1.4679105077
1.1515613706
0.6743337047
1.3065765863
0.2970893745
0.1852217651
0.4762140885
0.7086383155
0.2645868021
1.9091259017
4.7398893231
2.3974121821
0.2654979367
0.1920760968
1.0375717736
0.2860156064
0.0627501471
0.1098705666
0.5121605277
1.3299686933
0.7246504816
0.5155732734
1.8659278689
0.8991980808
1.9648612311
0.5097515002
0.1794778048
0.3679054145
0.2714133332
0.6319110520
0.2396925452
0.8253140549
1.9382685320
0.2373971340
0.7481699707
0.2294440091
1.1559576176
0.1709551449
3.3840067078
0.6536521619
2.7522356802
4.0913091617
3.7568315024
3.1354914807
1.1699881203
0.1265838282
0.8792008197
2.3480006617
3.7131088457
2.3633436736
0.3898311023
0.4096047840
0.2367240723
1.0209157976
0.2232404002
0.5343477671
0.6534477626
0.4936181937
0.1101129379
0.1389343708
0.9280421712
0.8427516695
0.0011582291
1.8504347874
0.1605189063
2.3010689736
0.2764366439
0.1459548509
0.0759498453
2.3271192857
0.1775420622
0.3270548717
1.7893267157
1.4031470485
1.4880659003
0.1936628065
1.3194037634
0.5503038166
1.3372177412
0.8490376269
0.1330502418
0.1573703401
0.1421593854
0.5419979721
0.2148354908
0.3201870814
0.6258030212
0.1178344460
1.6797610648
1.7791927402
0.0083450666
1.2863509220
0.0321755002
0.0665067596
0.4891625326
0.3714129431
0.4906154437
0.6243687138
0.6772025044
0.1888384417
1.2243450419
0.6938429797
0.7860646457
0.1846806542
0.6404636315
0.7184323416
0.8403077395
0.6836888344
2.0012579421
0.7474365772
0.6583946274
0.1680434278
0.0601155988
0.6183332472
0.1972437863
0.1416565247
0.8924148228
0.7199748596
0.6691499628
0.4196748361
1.4112274302
0.6985940443
0.2665493724
3.0482214963
2.4547404461
0.8794458223
0.1843913662
0.2979964131
0.1856217484
0.6568623965
0.4187691187
0.0113133291
0.0901035434
0.4859021739
1.2290252481
0.4047102449
3.1151401851
4.6559700730
3.4336429210
2.8637777394
0.9090247893
0.8098719904
2.7752592960
0.3321316934
1.6350592390
0.6304098934
0.9436890692
1.0657981299
0.6896293313
0.5989372810
0.2464181191
0.6715693165
1.4026465782
0.2311756220
0.6770039179
0.4624708518
1.8276713487
0.5118427070
0.4417935999
0.4451881493
0.5466264006
0.4543567877
3.7056166131
2.8215990084
4.8440381757
1.1268083422
0.9647078248
1.7473855582
2.6798305089
4.4034530773
3.3643103826
4.7263728084
4.6325983391
1.3559683076
0.0816079859
0.5639389174
0.4161180515
1.7761037041
1.9478158758
0.4439982797
0.3206378821
0.1351063377
0.2412289398
0.1855699156
0.3401235612
0.4080632236
1.5002522315
3.1895993794
4.7932377716
3.3426650042
3.4582246579
0.7314604678
0.4332538959
0.1956569202
0.2998167056
0.1713734654
1.3586245122
0.4786229746
0.0926720979
0.0415483118
0.2106173409
2.3153907672
4.5826692779
3.3570983691
1.1203575008
0.4116062858
0.3855913935
0.5351172119
0.1775585227
0.3684421598
1.4905188197
0.3644033612
0.4623076679
0.0143384829
0.5999118196
0.7455858382
0.5259683578
0.3881964330
0.1219840651
0.7502863004
0.7635530401
0.5087710105
0.0726669202
0.0919189568
0.9764901801
2.4901070619
1.0876537861
2.0018092016
1.6244841663
0.8783855033
1.0312247128
0.5069483468
2.2838873610
0.0944232275
0.0184752409
0.6918595716
0.9432651160
0.2634360566
0.4335873593
0.6594771672
0.2831124729
1.7615736107
0.0058250711
1.1843699162
1.4392018650
0.6823196787
2.1839031376
2.0360983769
1.6659769746
0.0151428694
1.0276118874
0.6615717792
0.3271328052
0.3876934890
0.2285764710
1.3719603571
2.5763463634
0.3182396160
0.1151191394
0.2986570622
1.3100993098
1.6159488153
1.1144683024
0.6146633101
1.1014937075
2.3950137493
3.1753102594
0.9256855338
2.6802236364
0.3698067337
0.0488605442
0.1553315799
0.9745698557
0.3510052342
1.9412483792
1.3608730427
0.7163656236
1.0867672274
0.9909737295
0.1635899376
0.8256360089
0.4304537957
0.3580836741
0.7177020180
0.4730390695
1.3565316169
1.8216429937
4.0175841996
0.4372091122
1.4639716200
1.4239184827
0.1085208017
0.3548181530
2.4569604788
1.9880926791
0.7889317196
0.8936718227
0.5072734246
0.1420504582
0.8231437249
1.4838148450
2.3023356174
1.0050675124
0.3783859139
0.3299443146
1.5396613387
0.3887610785
0.7272566378
0.3669439870
0.9399674345
0.4581094069
0.1496127181
0.5108614529
1.5738233396
1.2034384502
1.7023916760
0.4470546388
0.7177335608
1.4791803859
0.3775854806
0.5367250277
0.6083073707
0.2123534874
0.7162105985
0.0721790285
0.2710896911
0.8805540544
0.0095185094
0.0745751605
1.0128838824
1.0853199740
0.6743828913
0.2013313846
0.4030581385
0.5723636922
0.4495029789
0.8065997974
0.3399160894
3.3270057492
1.5371446809
1.1708215215
0.1497729798
0.5972202681
0.2842433880
0.4000131936
0.0810812407
0.1285650569
0.5508561664
0.8613600637
0.0939817606
0.5382530332
0.1917836999
0.4436306379
0.2140223915
0.1229374968
1.3773503526
0.7036475132
3.9626624795
1.1930622045
0.3187058856
0.0390813579
0.1227875225
1.2773642862
0.1214271696
0.4443551372
0.1610609818
0.9415782291
0.0085176069
0.5379845812
0.6606509806
0.2492460659
0.1666189255
0.2233485778
0.9624373317
0.1657047195
0.5096773470
0.4092457383
0.9087774472
0.2865108119
0.4116217489
0.7491630099
0.4559030044
2.6951560865
2.9519734993
2.4039590750
1.0143439924
1.1303164223
1.1832275841
0.9618470033
0.1980302187
0.5463579332
0.8165271031
1.9492256116
3.4763059107
2.4811792353
1.1919156595
1.1577111579
1.0626536326
1.5894356474
0.8544024501
0.4303555329
0.4201494894
0.2756135674
0.3289147117
1.6229498741
1.5485585937
1.0465987084
0.1823380307
0.2574745867
0.5833235389
1.6219018727
0.3257532777
0.7436731468
0.2580533948
1.4769009337
0.4563974625
0.2242145161
2.4624185353
0.1223072505
0.2341062914
0.0678572303
1.4387990288
2.1002319052
0.5402686217
0.5811134478
1.7397982884
1.8931872231
0.4035477433
0.2010831575
0.5696059368
0.2312697644
1.0110096380
0.5797399209
1.8566144086
4.1323712520
1.4025976882
3.5296970726
1.3008285622
0.7748517701
0.8143724483
1.0156826045
0.2453396753
0.0604131978
0.7042899450
1.5482893450
0.2466755861
2.4955114539
2.2097826411
0.2761512315
0.0592658097
0.3428483215
0.1948108618
1.6572251029
0.5513229119
1.3753911099
1.7913619024
0.3958490855
0.0733545197
0.0356020557
0.0613174075
0.0818504889
0.0498457756
0.5677591724
1.2664118339
0.3329104399
0.1709531283
0.5594424729
0.0178000534
1.4621179851
0.0940582946
0.7578988191
0.0121335068
0.1404483313
1.0372234823
0.7765944978
0.7586823417
1.0123935517
0.6348378500
0.8271735153
0.0086469262
1.4273674615
0.6004922342
0.4482404740
0.0522054101
0.4372726724
0.6399751247
2.0374211749
3.3203850741
3.2277970386
0.6561988105
1.5046117643
1.3524746983
0.0007615099
1.1629811640
1.7030236711
0.3958835696
1.0093615809
0.7354291818
0.5722847368
0.1218417034
3.7905246921
4.9645691494
1.8681345676
0.2089770531
0.2112734768
1.4147405106
2.5973340872
0.1846040636
0.2034736092
0.4126403868
0.1801071834
0.9467797538
0.0061451288
3.5095809883
1.0664251554
0.6199810778
0.0560981618
0.2512514562
0.1279866547
0.0983437241
0.3025672502
0.1218709713
0.0753523541
0.0316173399
2.5189599924
1.7750246759
1.2136014691
0.5562321448
3.3265317745
0.4355080055
0.1371130194
0.1454198833
2.6512944311
0.5934648513
0.6990998485
4.6047032925
3.6545868476
1.8344118233
1.1811450214
1.6638756260
0.5040860543
0.5106459059
1.6746545898
0.7103077820
0.0345044329
0.1594178868
0.4348757669
1.5452810845
0.2504306419
0.7042238216
0.4851646052
1.7376044201
0.1007518384
0.4915328855
0.3158216911
0.5085086740
2.3921057589
1.1256212167
0.2287133373
0.4667293421
1.0104572647
0.6063312896
1.8865328235
1.7345156490
0.2913522896
0.0915288512
0.3852748407
0.3861094389
1.0339647769
0.2663402101
0.6733099458
0.4516692180
1.8435609721
1.8433079002
1.5463633030
0.9370298420
0.1549115721
0.0648558491
0.0577187696
0.4993108518
0.2902106974
0.8637190772
1.0550670303
0.8920392630
0.0492218453
0.8476073059
1.7046979484
3.1203838087
1.2354594378
1.5635544438
1.1804119476
0.7938096779
2.4784794488
0.8921665258
1.5135081420
0.4298369257
1.0244448113
0.6296554176
1.1685500731
0.9391078210
0.5179780936
0.6632894936
2.6509351540
3.0849995887
2.7675898595
3.3198773305
1.5702122728
0.0052539396
0.4355238667
0.2984766680
0.4967918838
0.6457640473
1.4772511804
0.6097683430
0.7017309907
0.6402579124
0.0129848404
0.1282365538
1.1756259181
0.6650609404
1.7090220242
0.6023557785
1.8157199155
2.1218877442
2.9205807416
0.2882966701
0.4338409664
1.5602831364
0.0554908095
0.6309475125
1.1773216111
0.1786224227
0.4105601340
0.0197024872
0.4886995045
0.6010849749
1.0233273273
1.5072759920
0.2066812576
0.6753134660
0.1016950057
1.5134677883
0.4253515116
0.5638522491
1.6007541196
0.1092599770
0.4099726184
3.0443881228
1.4822507523
3.5528441566
2.0155012033
0.8089411181
0.7615758024
0.7940342333
0.3087703881
0.6283111456
0.2027283962
0.1015202652
0.6493835110
1.1415279587
0.1484618339
0.0970699917
1.0224327312
0.0747769455
0.5728627241
0.0535074047
1.8201526955
2.8822336584
0.1893339943
2.1081535092
1.4924301869
1.5397710087
0.4606186770
1.0645923694
0.3285416892
0.3699112628
0.6165284604
0.1453687587
1.3173121710
1.9721679999
0.4855824891
2.0403419193
0.9379931216
0.2058237695
0.0671295960
0.9005378113
0.3908000928
0.8306403167
1.7289037681
0.5024342338
0.0292794897
0.6473956856
0.4488130062
0.5214881030
0.6283291461
0.6695291934
0.0999781968
0.7467377543
0.1440427188
0.3206300891
0.2143310697
0.3503182685
0.9664928902
0.1565489359
1.1197649699
0.7212278942
0.1280534830
1.0509166704
1.6224602921
2.2534864979
1.9614181332
0.1731880845
0.1239030191
0.0555821161
0.6086980575
0.0149439349
2.6497640814
0.9904783844
0.4511022530
0.8347851399
1.6852436381
0.2517195627
0.2874435424
0.2329347460
0.2205430922
0.2379434099
0.9617904742
0.5693097868
0.1614880317
0.0192349409
0.2825608505
1.9573232552
0.2318068685
0.0622419945
0.2776390532
1.3928186633
1.7329932564
0.0838242789
0.9511637370
2.0124393932
0.3840556004
0.5602994935
0.1680353224
0.4152874711
0.2877623721
1.6233603661
1.5705576447
0.4473428332
0.7894475272
1.2036355799
0.7628639769
0.4766400337
0.1365290855
0.4909069455
2.5889022830
1.9838565071
0.3307332724
1.0795540438
0.8569263092
1.4576702408
0.3797231799
0.1508520301
0.7394534186
0.6021330253
0.7017219818
0.6136086391
0.3752904144
0.1456334482
1.0541316822
0.4033661506
0.5911027496
0.1018033446
0.7939874808
0.1828076244
0.2003033649
1.3662308172
1.4913763763
3.1403973614
0.2213520093
0.1689688524
0.4305110610
0.5664453648
0.2977159790
0.1870481884
0.6745394180
0.5315950096
1.3341519441
0.2621239837
0.4112054233
0.1385446944
0.1118443714
1.1262362502
0.5271805468
1.1582093141
0.6572881412
0.3918918922
0.3335908225
0.7909795539
0.3700355104
0.0079185367
0.3464586779
0.0414803990
0.0140187488
0.4060793927
0.0059046353
0.5741523129
0.2200536175
0.0466875714
0.0473516111
0.3765038194
1.1947836640
0.4789283736
0.0164838094
0.5717569119
2.1145573411
0.8008814948
0.7019453016
0.2958304325
1.1127261475
1.1780848677
2.7844324579
1.8712646960
1.9735972606
0.2819086450
0.2491447888
0.3326198953
0.0164896221
0.2345834710
0.5279175809
0.8267271739
0.4655188528
0.3127086214
1.0706710793
1.3388239685
0.5841310719
1.5244649116
2.0784285890
0.8391975210
0.2731715153
0.2712585986
0.6657800131
0.2502070253
0.6324926494
1.1863503915
0.7293345401
0.1678466404
0.1640424526
1.1686135125
0.5814061419
0.5304239894
0.0149663834
0.2339055748
0.3147445525
0.1828386279
0.3358614343
0.1210437773
0.2915557494
0.0070192850
1.3460516295
4.8240267334
4.5301588678
1.1893905783
1.0870866376
0.8000489711
0.8284796035
0.4913505154
0.8620383649
0.8507827050
0.8551414572
0.5310906431
0.2064101380
0.7239411176
0.5788018378
0.9562127181
0.2833141227
1.4970659359
0.8279481514
2.5145200551
2.9305263963
0.2959660201
0.3806732038
0.6655039440
0.3375795517
1.4106586343
0.2330797801
1.6208903883
0.7347109122
0.7963088162
0.2321796934
0.0929100919
0.3394641243
0.1084096566
0.0719107451
0.3024238001
0.2040871507
0.6622261617
0.1113707524
1.2706453338
0.4863547564
0.1206653587
0.1844787305
1.1829220809
0.4546592612
0.2947557387
0.9335580501
0.4107357711
0.6564537430
0.2139235465
0.7264942867
1.0042337172
0.0211463843
0.0886793703
0.1788909317
1.0398848326
0.2456703462
0.0853300200
1.4183238021
0.6481439278
0.0116823847
0.7976914758
0.0190741540
3.5093715550
0.0544141069
0.7035495009
0.3339743588
0.4670899869
0.2392141355
0.3713661706
0.1831498992
1.2343039191
0.0237144896
1.4777421223
1.3917516598
0.0651579933
4.0467465966
0.4327249511
1.4169744710
1.3805607608
4.6333132178
3.6134335190
0.9338619036
1.2671959442
0.8025737377
0.3504794376
0.1976861830
0.3634982025
0.4070114556
0.2588094581
1.5644897481
2.0915211834
0.5784655347
0.0022068503
0.1978223369
0.8139647407
0.9887425550
0.8723110887
0.5436030819
1.5815128530
1.0432343091
0.4911787850
1.3678263008
0.1321505690
0.6134792131
1.2663894870
4.4790396884
1.3656733875
0.6421950583
0.2845926172
0.9121567146
0.8400100599
0.5613304662
1.1627153132
0.3672400968
2.0228301336
0.3402289417
0.8594922792
0.1564256140
0.8034861121
0.0062497370
1.3518886006
2.1533452919
0.7086992036
1.2556756402
0.5440851493
0.5401668885
0.1329713841
0.3828292378
0.6705026405
0.4208121776
0.6503964780
0.1950282791
0.5273196380
1.5800912350
0.0655113328
0.8845569645
1.8183728366
0.1162850070
0.9314709734
0.7612372849
0.0500520320
0.7249625956
0.9496216852
1.3630893815
0.5305464216
0.2390400655
0.0234776155
0.0985122652
0.2936472091
0.0553625568
0.4268280567
1.4635730887
1.1073662083
0.3794679434
2.4842949520
0.4751991358
0.9695364039
0.5107071203
0.8186927529
3.2856158714
0.3279586109
0.9069015136
1.3992731471
0.7747138004
1.3749675646
1.5582418031
0.3212542840
0.0200210258
0.7443568007
0.3280151159
0.9644692298
1.1216870060
0.9784022437
0.0596115201
1.9007579881
0.9323583114
0.1590871193
2.0891844854
0.2031078387
0.9283399487
0.3209072288
0.5405566686
2.0265778749
0.6139956005
0.1069245549
0.4072198470
0.0048725003
0.2830394714
0.2545970500
1.5008249605
2.4600173817
0.6892080007
0.4607741764
0.2792120658
0.0971961908
1.6107684296
0.6903228359
0.7200197040
0.5940986069
0.0883604955
1.9494712358
0.4601273752
0.5247891202
0.9947851352
0.0381707731
0.0057996335
0.7229493639
0.1228300037
0.9163708463
0.4906835121
0.6873704250
0.6579306756
1.2251516885
0.0196116251
0.1856553741
1.4220308624
0.0237424438
1.2599855342
1.1714705981
0.0416725043
0.5203063229
0.1707704468
0.5187794946
0.6112527607
0.2070054954
1.7037010408
1.3890235195
0.4817372953
1.1649470677
0.0933736576
0.4229841519
0.5573946475
1.2348869150
0.3929941952
2.2619115381
0.5205662802
0.3487589617
0.4333799449
0.0499167979
0.5757561179
0.8720907101
1.1917462818
1.6342847265
0.6979639350
0.5749389122
2.1477487945
0.9645284052
0.9919753001
0.1328616742
4.7641668283
3.7992936343
3.0615526086
0.5725773037
1.9000465967
0.3614753645
0.3849260670
0.2095069623
2.0398315242
0.0527911468
1.8465507996
1.1791126763
1.1710810653
1.0717938841
0.5862259428
0.5572347186
0.4084460887
0.3220786900
0.6886492262
1.5412379794
0.3018697337
1.6435108566
1.1086592758
4.2533289897
3.6402556674
0.0802357828
1.2657153989
0.1782656104
0.3588008640
0.6885434312
0.4519702536
0.2574375566
0.0372798342
0.1409020203
0.3895199192
2.1085027202
0.1560817771
1.1044509996
0.1770583372
2.1484468304
1.1348811527
1.5704013440
0.5511283938
0.5941079482
1.7083123090
0.3136876168
1.2800204758
0.2832227908
0.6730420283
0.5911070756
1.3173824497
1.0814254865
0.3886784789
0.2420546024
2.7593930968
1.9161133612
0.2384671883
0.6235979814
0.6757189117
0.4796349135
1.0319726089
0.0009542126
0.1749523387
0.3520875979
1.1257857096
0.4347965477
0.4512957667
0.1767232837
2.0800241371
4.3406995534
1.7253426308
4.6863115496
3.3117787827
4.3672879940
2.4270083068
0.3307192185
0.3061833682
0.6823350489
0.7612330900
0.0539664434
1.0086083031
0.0435733637
1.2843256960
0.9190722373
0.4971148149
1.5065905346
1.1939048422
2.7000263516
3.3793280350
3.5416551066
4.4951417829
3.0668422214
0.9188523601
1.5688747263
0.6910285077
0.5790177989
1.0718377301
0.5965897483
0.3178091119
0.2336969084
0.4161885079
1.3059145463
0.8952343067
3.8563128899
2.7553232568
0.9404966212
1.3589676169
1.1733230495
1.1137529691
0.7299074709
0.4099885451
0.3264162896
0.6314110684
0.8331816539
0.0845003885
0.0878556936
0.8017665140
1.8465006831
2.7696814250
4.6572966573
4.5240318125
0.5696201332
0.2826050651
0.3951583683
0.6062919714
1.3167844448
0.0393935517
0.0960383985
1.3405844580
0.1349839523
1.1675606033
1.1975139412
0.8042734416
1.9795834692
0.8608223098
1.1269087751
1.5775385270
0.3757424731
0.3570056716
0.6767067056
0.3181731736
0.4322396057
0.6713760109
1.4823815700
0.8355654196
0.3409718459
0.8670201343
0.5391598381
1.3368799408
0.2401346826
0.6792133100
1.9497133495
2.1234663728
0.7963034106
1.0663752837
3.1618081819
2.3520647573
0.7120224189
1.3666687294
1.7210024094
3.4350278037
2.9378676720
1.5388485875
0.3961057646
1.4671514476
3.4420469274
3.0852412086
0.4647425705
0.4194361716
0.1081067511
0.0529387922
0.6739514266
1.1049644586
0.6098714502
1.1960110386
1.2571623702
1.0845740578
0.3331477198
0.0757101995
0.6517512521
0.5919428163
0.9943022973
0.6768521273
0.6586616100
0.8209968290
1.0646883309
1.7610194836
0.2660688088
0.9543470506
0.3869183712
0.5637454237
0.9997543039
0.3916020540
0.6133187164
0.1049395364
0.5890265384
1.6266606140
0.7588653457
0.0466926803
0.9325685166
0.0962258715
0.3622374189
0.8163173476
0.6606330007
0.9012081713
0.2974339924
0.5813543515
0.0302816586
1.4271719196
1.0143284622
0.2965476964
2.2791636330
0.0615946625
0.1927116360
0.1582975710
0.6991937315
0.2101106805
0.7673785848
0.3667320086
0.1135648471
0.5441768935
1.4097289224
2.5608071903
3.0818064693
1.3724618252
0.3577456296
0.2418296731
2.6122797587
0.0120752452
1.0057954773
4.6773985800
0.8833221468
0.3425610662
2.0286100089
1.6346261033
0.0072033559
0.7687859213
0.5121975399
0.1640926861
0.4820261522
1.5531694815
0.8660825746
2.3247933636
2.3226394039
0.3165195849
0.0344610804
0.4151870786
1.2193975386
0.0927649158
1.2357664493
0.3506123602
0.0802683738
0.1432377163
0.4556801839
0.5279764236
0.4037833713
0.0136297010
0.6991920305
0.4847673410
0.7964878563
0.9462901645
1.2012524174
0.2761853626
0.5484741251
0.4750380578
1.1660106109
0.1148635722
2.2219671505
2.0180538036
2.1490754222
0.5290313968
1.5602746781
2.2982301568
2.2396398843
0.0732688603
1.2138718854
0.1803211805
1.4623307475
1.0268211599
1.8501622431
0.8113149244
1.9863067673
0.0425315954
1.1744462597
1.6095595873
1.0109852669
0.7164273415
0.5692830331
0.9847529262
0.2169256845
0.5300065093
1.0625725638
0.9364323959
0.6145080887
2.6133217101
4.9256761920
0.7985724302
0.1084918987
0.1521827521
0.4953120108
0.5844002224
0.2232141839
2.0020785469
0.5995090961
1.3536581393
2.3772536158
1.0090787668
0.2958930870
0.6968555793
2.6936236014
1.0782779875
0.7535493441
0.4385202052
1.5458191565
0.0379097015
1.0270301903
0.5206198159
0.0602659472
0.0376743745
0.8668891318
0.6102217590
0.3742217453
0.1631263922
0.3407923515
1.0978541776
0.7870827409
0.3389348908
0.6498125883
0.2913443496
0.7691237463
1.3346736209
0.4260787597
0.1614439353
0.3262939092
1.3585957989
0.2637475525
0.2878711688
0.7072070082
0.0820926805
0.7348074101
0.6126421194
0.2852393137
1.3334977884
0.3015696759
0.4502306535
0.5780536710
0.7158242191
0.8338656924
0.9059172978
2.0604847837
4.1328563420
2.7589117759
0.2762322927
0.2122848013
1.1207532651
0.7562139140
0.7922595768
0.6250128112
1.5513399503
1.1003802377
2.5910767010
1.0134006925
0.9260227739
1.6977270432
0.5757871117
0.9394210296
0.3581602376
0.4986611470
0.1651626369
1.6315250333
0.0693900520
0.5760691877
0.9806623453
0.2209353060
0.7035252137
0.5081855535
1.3500219365
0.1527012321
1.3413939323
1.1495155793
0.6951830363
0.4936101782
0.1121028236
0.3240668293
0.2925033578
0.0178975209
0.2185002023
1.9432928974
0.1194042364
0.9437091748
2.4856918647
0.1568991675
0.0066120744
0.2822442562
0.0025209643
0.4170838595
0.4109768967
0.7024340503
0.0196585718
0.6607453032
0.2168163740
0.3527426764
1.0573329311
0.3535604614
0.5623491293
0.2720407681
0.5103634661
0.1420305975
0.2363486656
0.5423967168
0.7053646277
0.4541026966
2.0536280851
1.1239710282
0.7561075933
0.0384702417
0.0921345785
0.1282190624
1.0782869950
0.5773099250
0.4865981816
0.1324671317
1.9103628964
0.0142343431
0.4083729321
0.4509468307
0.5993293188
0.6175886409
1.9529542465
0.0529308891
0.5857666827
1.4887128278
0.7644682416
0.7454185708
3.4300582333
2.7431770782
2.4640688327
0.7644572392
0.2080332134
0.3101888692
0.1957039233
0.4444642489
3.6085042337
1.6442465439
0.1965009867
1.0227079340
0.1045828527
0.6603497105
2.4118873151
3.2952062321
3.1344723051
2.9437142971
0.0652647000
1.8006695281
1.4664083459
0.1237896234
0.2864353190
0.4608795601
0.1125628343
0.5051612276
0.5977235792
0.1840927598
0.7934015726
0.7694604642
0.4891235024
0.1070064930
0.0674878446
3.0312828137
3.3823265506
1.5173351509
0.3961335825
0.8693536755
0.7989646238
1.1138982199
0.5272903847
2.0007476167
2.7398901435
1.4194936649
0.2101656272
0.2065693767
0.3814433888
1.1410926419
0.8607216700
0.3466531558
1.3675934040
1.5733594990
0.3502342862
0.0079183730
1.6443119454
0.0175562723
0.6902235221
0.3549696898
0.7685464350
1.8865004722
0.0802409863
0.1840375772
1.0475451769
0.5942938322
1.4481230384
1.3279858602
2.4929915103
1.2681104821
0.3210030047
2.0330908123
0.6085178647
0.2185160518
0.4591135386
0.8567810183
0.0129701762
2.1223287741
2.3348133861
0.1177514352
0.2253223631
1.0640128529
0.2258743191
0.3757259291
0.2394195434
1.1210412596
3.6622197583
0.7395955195
0.6151418158
0.7809363946
0.6163484622
0.3777902032
0.1118707756
0.2742082917
3.6758316359
1.9336375285
0.0221118473
0.6432946373
0.3208179467
2.7711697459
0.2772009672
0.1810779885
0.7991319901
1.4193461376
0.0217548781
0.6438641836
0.1045106545
0.3373007582
2.6677156095
1.3436609692
0.3654808763
0.1887643606
0.5345427345
2.8881613514
0.2874919570
0.5753685143
0.3584770055
0.5039402962
1.8914348967
0.0610621237
0.0908194764
2.4140521155
3.5779337851
1.1195053661
0.4910684910
1.2657962232
0.6257008877
0.0831805527
0.1063358974
0.7651145603
0.4219429118
0.6432653035
0.7948603267
0.5998143432
0.8725238197
1.0043113123
0.5857023151
0.1808688088
0.1318543010
1.0984268309
0.9762485143
0.0978718810
0.9460549442
0.5898666048
0.2461829803
1.0798067896
1.1491721999
1.2653338021
0.3417477475
0.1889996456
0.7614755208
0.9889373252
2.6217916930
2.6507426629
2.2805559426
4.1123712336
0.1024582234
2.5760947581
0.5159852466
1.1274557684
0.3998311626
2.6374572864
0.0381601269
0.7591958402
1.3677049284
2.2741268982
0.0741824672
0.7693404732
0.3720380973
0.6321349384
1.1445886560
2.1499793989
1.0887124541
2.5782022345
3.6154644267
0.3764200647
0.1347648074
0.9850046399
0.1256567624
0.3513166638
0.9269494861
0.2795392606
0.8759614838
0.1228184184
0.5159143240
1.1847671817
1.0759363949
1.9207740125
0.1504758022
0.1864666855
0.5758023406
0.4011384787
0.4753051745
0.2609878233
0.6262426994
0.0408516128
0.3405239412
0.8570445187
0.3089103900
0.5540825067
0.1381220403
0.8398744401
0.7428391198
1.1869824879
1.4638589816
2.7621745249
0.3025447126
0.5151887975
1.8075409020
2.5173809857
3.2841554252
0.4995091061
0.8986404692
0.5168217803
0.4731360608
0.1971282172
0.0954530951
0.9861460598
1.8788223140
0.7645968082
0.8939945186
0.3618418670
0.2353355025
1.1828449527
0.1177531951
0.1368691282
0.7876843572
0.4981062064
0.4737788584
1.0962395494
1.1646651757
1.1968274828
0.6287412703
0.3660247889
0.9321649559
1.5473780648
1.2395405536
0.2448744068
0.2952156391
1.4275516856
4.6012195620
2.5949699661
0.2096204243
0.4346290584
0.4922100151
1.3256048762
0.8595348439
1.0483845338
2.1217326738
1.4209963851
0.4615628880
0.6446190953
2.0081022122
0.6789131139
0.5092985092
0.5711696893
1.0917455224
1.3536594843
0.9756464657
1.4067140396
1.1606831751
0.0073800156
1.9081043740
0.7083461100
0.2417061934
0.2140896025
1.0413533130
0.3829351551
0.9569775130
0.5044657319
0.6459845907
0.3296674060
0.1824670947
0.8879898249
1.3948938589
0.2147480954
0.2897848717
0.2808009875
0.8177175498
0.3715902242
0.1983605479
1.0526419915
0.3237485420
0.1866928975
2.7785335867
0.6358929298
0.5350531774
0.9563850937
0.9180751080
0.3249529001
1.5541078986
2.5452255810
0.0356213237
0.4845737280
0.0042211410
1.2478814398
0.2490544317
0.3835625771
0.6380736359
0.8351464549
1.0425296240
2.4893027269
2.4335937090
0.1103279094
0.7877433831
0.0182263431
0.1041332499
0.2693982660
1.5772119347
1.3205884216
0.1357305324
0.2540975689
0.2038999016
2.8746311089
4.4775702721
4.3919900060
3.3932843220
0.1162443839
0.1666703744
0.6960761830
0.4602466467
2.2289104336
0.6701580271
0.8293439227
0.3244133558
0.7855033061
0.1382531625
0.6716144300
1.3100996607
0.1298699038
0.3832818207
0.8010716491
0.2904273257
0.4297636025
0.2028864236
0.3077510375
0.3962160948
0.3143240797
0.4883196742
1.1132704546
1.0117647468
0.0707595099
1.3040331805
0.1432097123
0.0211448850
0.9680188280
0.7650005609
4.2759329446
2.7888343785
0.2350430815
0.4492891803
0.4766753244
0.1136278756
0.3802865085
0.0738512008
0.4630457485
0.1070220918
0.6842931854
0.2180349624
0.9032240117
1.1169562246
0.2053085724
0.4574301108
1.5321716556
0.0022397657
0.3032485275
0.6827317293
0.2297106994
0.0567206694
1.2503000884
0.5909429016
0.1585479640
0.0332166515
0.9907787832
1.1718473535
0.7285606205
0.2159105787
0.4568151382
1.4373821282
0.9167633191
0.4304114879
0.0143021906
0.0216111231
0.6712791294
1.4698052477
0.7882120642
1.9258813182
0.2914948175
0.1436505203
0.8122402848
2.3638050799
0.1628751824
0.0336214814
1.3983152939
0.5371343331
1.3485883981
0.2036606255
0.6755817800
0.2489711423
0.4170272819
0.5284247373
0.8045921161
0.1169373629
0.1183675956
1.8583894704
0.5277748939
0.7980345522
0.2137421175
0.5063013396
1.2698055255
0.1297545421
0.3812253389
0.1258018965
0.3191986580
1.8013588095
0.0842005695
0.4326829764
0.6759795646
0.2490276846
0.0459696812
0.9219225338
0.1999119819
0.6873350401
0.5004119223
0.3670031469
0.4107188265
0.4801334864
0.2152980645
0.6498699394
2.3841577021
0.8068020723
0.4454832157
3.2041701562
0.8225986107
1.8332065821
0.0503924376
0.1636314618
1.4815282784
0.8741306610
2.1733411217
0.6580789721
0.3013028249
0.3894735601
0.1206390712
1.1717936313
0.0852638283
0.9717922670
1.0410956288
0.3150117226
1.3161645242
0.7091719897
0.7468502911
0.2342965830
1.0047518857
0.2313652602
2.8078259204
0.3012659419
0.1493907498
0.4658106176
1.3083791429
0.1929819095
0.0198980620
1.0887045454
0.1288031564
0.5071767563
1.5314051530
0.7855499109
0.7767901290
3.8536472481
3.9959661194
1.3470801649
0.5182437311
0.6937608356
1.0778579798
1.5644805413
0.4364774575
0.1180546616
0.1049252267
0.6843856411
0.7514266135
1.9184907995
0.2147661008
0.3569911750
2.9801411992
0.5088960855
0.2606494282
0.5105791447
2.6882404423
1.1332393799
0.8428914793
1.1722788187
0.9335054105
0.6433704004
0.8116411444
2.9845890270
1.6996631608
1.5302524064
2.5998505808
0.3969434809
0.5379328845
0.2098916408
0.6882619281
0.8816444030
0.4930825355
0.1464227369
1.8296409042
0.6101167229
0.1177728525
0.6619989797
0.4010871728
0.5423238523
0.3921673662
1.5582471920
0.5386091004
1.0759144389
0.2225133138
0.2917253005
0.7370246073
1.6975852803
0.5435582505
0.5973122884
0.1270858177
0.8216927591
2.1129181461
0.6289608344
1.5675771649
0.4898856683
0.0846232482
0.4551783507
0.2285759635
1.1302842545
0.1392197798
1.3127401081
0.0346454129
0.7306733053
1.0279843391
1.2632357026
0.7753183997
0.7537059096
0.1725227545
0.6222076014
0.0528962003
0.3470557350
0.6107728059
1.8234447907
0.0491912470
0.4773470257
0.3485407447
0.9490912356
0.6272540385
0.8197625192
0.3414147754
1.0310182010
0.2584938869
0.1190651657
2.1038896520
1.0522479476
2.8049416290
0.7702195177
0.3359539024
0.8644871840
1.2997953161
0.4310880408
0.8387851175
0.4791591436
1.9703405706
0.3533638562
0.8012379469
0.5910749326
0.6751422459
0.0941054120
0.5147743352
0.2229397636
0.0110197648
0.1418491617
0.5145633543
0.4851067073
0.4675876768
0.2370810041
2.5655789606
2.6014440435
0.7229979197
1.3745500248
0.6720086896
0.4877860332
1.7577998416
2.4728600835
0.4429448744
0.8802329724
0.5834073514
1.0457015604
2.2520689443
3.4055858650
1.0080871179
0.7844053802
0.5957551186
1.4937902965
0.1256787272
0.4982121519
0.5041638812
0.1933068570
0.3778603343
1.4066249803
1.1514818706
0.7695162673
0.8496416967
0.0145097645
0.1515088947
0.4863588519
0.0578986649
0.1195557712
0.3838281063
0.2550688188
0.2710165694
0.2894207179
0.0748565807
0.3166457343
0.0302553755
2.4111512765
0.7089762071
0.6806829932
0.1282298145
0.7602446179
0.9764800178
1.7350146154
2.5583891182
1.8299610641
1.8752135473
0.8885936806
0.2272099472
1.0723525843
0.2866222771
0.6463031684
0.4150475941
0.5486086324
1.3298291935
0.2321526793
0.7763846012
1.5668896258
2.2281519275
0.1171760053
1.7143740587
0.8613004731
0.4667413272
0.5629432842
3.6479538313
4.2745707415
3.2666618004
0.3526511704
0.1608453511
0.4136490100
0.3198981000
0.3782327636
0.6565982520
0.6450087162
0.4349332590
0.5160653342
3.1307141942
4.0188613092
1.2542728970
1.7413066782
0.5204612774
1.0044894835
0.1626842634
0.5130229043
0.7196281368
0.3358838644
0.1505979126
0.7574397002
0.6022091906
0.4184851793
0.3999148257
0.5822297983
0.2123188907
2.5475449382
3.9232523259
3.5458412795
0.3236476352
0.4965467156
0.6435308134
0.0508464148
1.2142656402
1.1692980834
0.1899584210
0.2372545565
1.7707903629
0.6077563067
0.4137026281
0.2821136068
0.7107956675
0.4802636990
1.2730874333
0.3179851399
0.5861563787
0.9962147251
0.3415067351
0.3607117760
2.8046295937
0.0166481936
2.0958144696
0.6373550175
0.6737975123
2.3243321822
3.3730634230
2.4874835789
2.4094640937
0.8454485870
0.9814555210
0.0935868277
1.4187938103
2.1983081337
0.3609360126
0.0102665522
0.0053527453
0.8153417226
0.1709905970
1.8797907823
2.2414294311
2.0576848227
0.2331550253
0.4287633477
0.9866785228
0.4751073197
0.4450246362
1.1225273757
0.1268712569
0.9902242182
0.1785932712
1.0645168007
1.0136120110
0.2460969654
0.5165041349
0.1221860757
0.6868819833
3.2512940331
0.4262895239
0.2823397142
0.4757245634
1.1826697565
0.9459574557
1.1325527735
0.6322390965
2.1044736728
1.0933547499
0.0564112208
0.5814264681
0.0523941262
0.2821604556
0.1177969468
0.0680581673
0.8577520993
0.6319539285
0.3176435859
0.2364226994
0.0780228584
0.5172173467
1.3399876264
0.3861174026
0.6442069284
1.0581525933
0.4240820970
0.9630648483
0.2269198914
0.6433758670
0.8913399897
1.4566336266
1.0444126579
0.0977551276
0.9229632023
1.7342171105
1.8805604814
0.4770406349
0.0647289337
0.6986449121
0.6116112942
1.5246259744
2.6120836405
2.1847466239
1.7036621160
0.2701716599
0.3043765561
1.1622683294
0.4091259627
0.2682465974
0.3053496178
1.5082043487
0.6904629453
0.1110779547
0.5947971896
0.6535891354
0.6579755094
0.9576944731
1.1811239655
0.3633694903
0.5633209727
1.1092070154
0.5840845776
0.2552314846
0.4561480718
0.3597476513
0.3493803308
0.4197800861
0.3839095211
0.1518126318
1.0753027204
1.8843534608
0.2257684056
0.0403945358
0.3710531201
0.1562750959
0.8597283201
0.7817193820
1.9255973169
0.0588195068
0.4325106320
0.2048641218
0.1329414103
0.7304945048
0.3296985754
0.5641849055
1.0290906355
1.3276444332
0.1243475126
0.5243863537
0.1555777937
0.4675659455
0.3414735217
0.6098516452
0.2609416746
3.0391034073
3.8508908061
2.8087729287
2.1950736293
4.2363302591
3.5176903692
4.9881812234
4.4729607141
1.8751973963
0.1926551001
0.9078206897
0.8121007637
0.5637559162
0.1095488214
0.7260315012
0.3575521605
0.1352926924
0.2819942130
3.3761408539
4.1270693645
0.1349513827
0.9123914319
0.3032429398
0.6195154314
0.2633734263
0.5612538640
0.7635168230
0.7462143774
0.0270975867
0.2525516420
1.1039083471
1.1120394069
1.7094245062
0.3150872289
0.0161121874
0.2391365457
1.9113894881
0.9178796976
0.1737219532
0.6749387744
0.0842672879
0.7502518424
0.0024005402
1.0653322841
0.2376989185
0.3767992435
1.7233424981
