sampled_beta
1.5613239679
1.8527075035
1.3095537575
2.4427945538
1.4620332158
1.5884772406
2.1993265496
3.6507899773
1.5658568743
2.6247411050
2.2254661036
1.9120223777
5.1477611110
1.9145676319
1.6627537992
3.1645324870
2.6076962188
4.9660196333
1.7161018631
2.1391113987
1.6683110429
1.9559030271
2.8130302033
3.0618665164
2.2427723255
6.7505267890
1.8240432922
2.6423217850
1.8540234566
2.1445051288
1.5858532332
1.8285628414
20.8149736735
1.8938332051
5.4700553939
2.8718054302
1.4448609401
2.5342445994
2.3203491993
6.2083673682
2.0358379230
2.0186662403
1.3402459512
3.1623045927
1.5882513896
1.5057600576
2.1327042301
1.5414486566
1.5306168944
2.7622426752
1.6289379725
2.1500720048
1.8745701544
1.9475504035
3.7100786213
3.0853022996
1.4643515984
1.9590471576
1.6256196001
3.3050081586
6.3961534215
1.3471278392
2.3291667042
9.5222340816
1.8900342713
4.3161606626
3.4348932710
1.1681642578
2.9778862717
1.9652986535
4.4973770085
1.5566342910
4.0455820463
0.5378452666
2.7146177809
1.6791634560
2.4601334143
2.4263288838
2.9001928633
1.7602235872
1.5452293853
6.3456132233
1.8143210976
1.7038689315
1.4794056109
1.5830834334
1.6165833007
1.6088269324
1.8560420524
1.8466038220
1.6762193353
3.4383887885
1.5644023190
1.8738291180
1.8153875713
1.8354892346
1.5731542081
1.5207031947
2.0227802703
2.9651490081
3.1747040931
2.7841051946
5.2242307910
4.3848779674
15.6406553496
22.4686404044
1.8758683986
1.4640227260
2.6166702677
1.6418963538
1.9056303121
2.0174856124
1.4358865620
2.6945071347
2.4811527022
2.6831166347
1.5690429108
1.5181826807
1.8240476861
3.6040950681
1.9888171720
2.2221289649
1.9494092199
1.7731995805
2.1518025078
2.1749614045
3.5376402847
3.5652429272
1.9659586722
0.7068151575
3.2216995881
1.4521972829
2.0167232154
1.4346333221
1.6313871622
6.6870217973
2.1695578332
1.3186647414
3.2796484582
1.7523613252
1.3539712323
3.4790078614
1.4527089167
2.3385514405
3.2770609965
2.2700921442
5.0398892258
37.8512856925
13.5901860278
12.8526922606
1.8727654715
2.5949834483
1.9273737652
1.2854113164
1.6048004449
1.4720902092
1.7162303664
2.1493667218
3.3731606752
2.1737879807
2.0492392437
1.5411958231
1.7748278925
16.5638660022
10.2767064623
7.4644773764
2.4503105824
1.7734289257
1.6095955664
1.6359112089
1.9926465349
2.7452042073
1.8530155177
2.8763957900
1.9051260012
1.9475475859
2.4795837482
1.5464053312
3.3137698973
1.9477192443
2.2117464348
1.5154926966
4.2847863694
2.2164016406
1.3804205320
2.1679106651
3.7511331449
1.4401214540
2.3439452582
2.3902997789
1.6957707855
10.3200314062
1.2335469535
5.1554413999
2.2101936517
2.0567985670
2.2145893448
1.7661680546
8.2667536954
1.9112326884
3.8930953957
2.7763083162
2.0103749041
1.9407469102
2.6857284211
1.6587680194
2.1165904059
2.2043095054
1.3567900611
2.0368454739
2.6561836358
2.2467910741
1.5884345220
1.8527604688
1.9851734918
10.6792140264
1.9907203352
1.2838967586
2.0628142389
8.3240517911
2.0194961759
1.6896155272
3.2302612051
1.9480135047
5.0741480697
1.8386898350
1.6722098687
1.6021675773
1.6394202465
1.5746828076
7.2429262348
1.8522310554
2.1302379513
1.5192314269
8.0939126825
7.7997495414
6.7640898789
2.7539661587
1.4419313468
3.4862646669
2.4171735582
1.9401869284
1.6946614315
2.1189903333
1.4143022866
2.0482242058
1.6609964358
1.9715122827
1.4355018693
1.5862263850
7.0698300421
1.5163238106
1.5529166893
1.7534678573
1.6065515693
1.5456351828
1.8351890750
1.5448252382
3.2498537973
5.7294181350
4.1819818862
1.5781149731
1.4772941597
1.8944151497
1.6985255529
14.4761733081
2.4169394237
1.3481407994
4.1931928013
4.7543361949
1.7166776697
1.5732999095
1.9489315773
1.6039006947
3.7534605056
1.7208297684
1.7163043604
2.2105884875
1.5759542817
1.4051384168
1.5839348990
1.3284123230
2.2210646551
2.4369858421
1.9457691845
4.0099803245
3.7623424960
2.8080413703
1.9104992013
1.4066197153
1.9154208085
2.9071334537
2.1062550257
3.9994080662
1.4795300145
1.3461102987
9.0676429145
1.5021864105
1.5570780903
1.9955096762
1.7241431562
2.1712176564
1.8728676455
2.3681462798
2.5569232659
1.5097819841
1.8149049684
1.6858390274
2.2408887666
1.9584256816
2.2121753272
4.7205723937
1.3245765553
1.5971482186
1.5832286888
1.3680975238
1.5527046574
1.4814132119
1.9118518021
1.7618492523
1.5540549156
1.7724818545
1.6486438188
2.0434856605
11.3831171222
1.7604333184
4.4773812773
2.8032426480
1.4497604013
1.5215927197
0.7513602348
2.0575667930
4.6420096033
1.6411952745
1.8053291478
1.8460716635
1.5218193189
7.1918629419
7.9815760947
1.7423298158
1.8112056743
4.8270022058
6.7433218474
1.9346965888
1.7192866289
1.7818853930
1.6919760976
1.4794398076
1.7580733655
4.3161079232
6.0106474933
5.2054036773
3.7613611710
18.5845495250
2.0265865061
1.8908076918
2.9896421532
0.9128759177
1.5669443781
2.3510218498
0.6296819833
1.7099705801
1.7575521751
2.7547336069
2.4175515771
0.6821864056
1.6721324371
6.0134690529
2.8147847292
3.9532515918
4.0187146739
1.8407432163
1.3675274233
1.3750050484
3.9686578270
1.5517210094
1.3267626698
1.7029088659
2.5332726919
1.7353468250
2.6224573356
1.7156247618
1.5764581747
10.2903314990
25.5624732203
41.5763624768
2.0680367773
2.0212873806
5.9135905377
1.5710303933
1.5382112609
0.8891378684
1.7672411482
4.7072606746
1.6459169355
1.7813206181
2.5948582120
2.0126090543
1.4206256281
1.4989589061
1.6081103085
1.5960811108
2.4886161501
1.6267058538
1.5643912904
1.3494953646
1.5902204526
9.6107559341
1.5891660552
8.7478598725
1.3387485210
1.5833936403
2.0849996555
2.1505871238
1.5551210677
1.3058727488
2.2275794162
1.3570665589
2.0317176180
1.5563432041
2.2845328126
3.5395430816
1.5565573529
1.2618977200
2.0167046648
1.6205108327
2.9271939266
1.4624431997
3.0859818152
1.9207524107
1.8242789813
1.4662919977
1.4217428170
2.8020204467
2.0650803659
1.7225276275
3.2772670397
1.8833561092
2.5898371449
1.8174729349
1.3375150866
1.8030498907
1.3931592406
1.6532652942
1.5745935873
1.6632590130
1.7537644753
1.8847754159
1.5912229905
2.2386355719
1.6507032384
2.9346642457
2.3937776975
3.6739392354
1.7995132091
1.6135020520
1.6429224366
6.1809667928
1.6005327169
1.8449074546
1.7837438028
2.2416809917
1.5222126270
1.4578909247
1.8153242111
1.7145595437
2.0538970360
1.3752861806
1.5451547648
1.4717897960
1.8299637659
1.7525988249
4.9374454959
2.5573649314
1.9013513807
5.8801278251
4.7893614281
3.5918934823
1.3463816312
1.3562436217
1.6922043901
9.2501834536
1.6957345652
1.6402478121
2.8650172590
13.0333846344
1.3966637738
1.7884090795
4.3362768306
2.0642817824
1.9102829581
1.3846318373
1.4026176724
1.5108367503
2.3558236034
2.0143709284
1.9691486848
1.6972948618
1.5758194891
1.7091795717
1.3016596445
2.5860792053
1.6472668993
5.4262447764
2.3746072487
1.5262377586
1.9972846999
1.4150890056
1.6455543101
2.7639349674
1.7949566225
2.7438596120
1.9395142597
6.1290253510
1.8973750924
2.0836945229
1.7561002544
2.6995671419
4.7354163241
2.5583180491
1.6196673633
3.8759853157
6.5522338068
3.6345286230
1.5625374820
16.2024312064
1.6245431156
1.6491057347
1.5697421302
1.4246626988
2.6755528128
2.9070647318
2.8054156369
5.7265488057
1.3587081647
2.3742863926
1.5682606681
1.4522389450
5.1947598841
2.0108267117
2.4109646155
4.7247798226
1.5850117075
1.5109140958
1.8786945957
1.6416286162
1.6328193821
12.4373903500
1.9608405763
12.8498807625
1.6913969339
1.6242616615
4.1295955462
1.7271072581
1.4539791905
1.5416457027
0.6089219450
5.6159022235
2.6019155059
1.3451590389
2.6324487757
1.7784696015
1.6671242393
1.9404670860
1.5443318335
1.7992509475
1.5880079877
2.2093557515
0.8860232632
3.3440562693
1.4504752706
1.4563001226
1.5195835784
1.3420922188
3.3590839090
1.3242653370
22.1917601373
2.6360302459
3.0157891832
7.3199304533
3.3984792343
22.2076431037
3.0937926549
1.5925545383
3.1121471930
2.3970659233
4.4386398840
1.5473136123
1.6506656625
1.8557915279
1.6076056256
3.0193646312
1.3342671573
1.2603415908
2.6350979638
1.3473297790
1.6012475122
1.5863941518
2.9750594555
3.2467097492
1.4312832007
10.9792903139
1.4613921572
1.4192362363
1.7003728396
1.5859742065
1.9779653052
9.2727552744
1.6123059146
1.7042932810
2.0870205295
7.6945246899
2.1493693146
1.4383092358
5.3886481912
2.2316335981
1.9667654814
1.4179657512
1.5888710484
1.5576254852
1.5896010080
2.2466994162
1.5539253157
1.6222446042
2.3594075228
1.4371560478
2.3666354706
7.2945515801
1.5013260250
1.9882573477
1.6220042459
1.4963209383
1.8693720681
1.3787314022
2.1330887693
2.3714744885
2.6520229453
1.6222736708
4.3957581760
2.5144517496
2.9361329927
1.5251223821
2.0124630004
1.6063087322
2.8138757138
2.6722472295
9.1155006797
2.1239355568
2.3774447247
1.5959774151
1.4765595392
1.8001217497
1.1842849969
1.5552244299
2.8684979014
2.6931231471
2.4897388367
1.2822827630
7.2686497592
1.8668636345
1.0811142638
2.5056256699
1.7138583202
3.2073074687
1.6110142590
1.7356185105
1.4298529558
2.4524030231
1.8494695976
1.5043783789
1.6586134796
2.1206553032
3.6882593186
1.6501042842
1.7090257292
29.9918771000
2.0386275166
1.8574585783
1.2723423493
3.0748397704
1.5121435618
1.7493272259
1.6464206688
2.3325200264
1.9119481984
4.5272063435
2.1121866529
1.9757354244
1.5024767687
2.1303282858
5.2977585327
1.6186342943
2.4259392188
0.3732749017
3.8964156079
1.1993638864
0.6936360482
2.0282436876
0.3831793793
1.4626178970
16.4812913081
1.6322660361
2.6260608385
5.1508586461
1.4042323965
2.5162776276
9.6136708389
34.7362044047
12.2849428624
2.7505664730
31.1218412629
1.9849230205
1.6097872349
2.3176061000
1.8951179888
1.2430279593
7.4402479148
2.0260145305
0.6417627737
1.5038063998
1.6458530577
1.2532826669
1.5591739997
1.1583813953
1.8816552202
1.9398273378
12.6687062238
12.9059505511
22.0055349043
2.5367168812
1.7726827594
1.5844372021
1.6259188174
1.4718669347
1.6250497752
2.0758235544
1.8380660417
1.4432557224
1.5383549423
11.0953921853
2.0561561633
2.4927256985
5.4006341043
0.5165281813
1.7705992095
1.9209408883
1.2839812028
1.7879386254
6.2728019327
1.8634994685
1.9695832353
1.4457402687
2.4246614658
2.8131720346
1.4796367927
1.7476469730
1.4967377087
2.8022585032
3.0187434040
1.3948456428
1.4897913353
1.6693891848
2.3684772326
8.8379979083
4.2549892031
1.5610375659
7.0452700839
3.6488575406
3.4084296159
2.1698484089
13.5925622935
1.4503487487
1.8539229609
2.7780846137
3.6215457612
1.6140233616
1.2689511612
2.6215392883
1.7292215420
5.0712475470
1.4385436583
1.4319075611
5.0326390939
2.7423345225
11.6571351556
18.1229620596
1.6313048695
1.4712748432
3.1821841407
2.2630655019
1.7390845686
1.3977765972
1.6629019153
1.8872880450
1.4616337008
1.7845929254
1.6549988518
1.7116837335
7.4636594073
7.2952195052
5.1959994898
2.3953125831
5.0369590906
1.9744516393
2.8681478604
3.2966153734
1.7648471697
1.6889860693
1.9397807685
1.5941247341
3.2814096136
0.7570131357
1.7579467392
5.3433032944
2.8775814988
5.1175739950
3.6877871838
1.5246386612
2.9806857485
1.9751082110
1.8397555080
2.5092942001
1.3729554242
2.2132048987
6.6826073501
3.5508339746
1.9004020438
5.7396922914
1.7091086516
1.7211217122
1.4744922080
12.9598641259
11.4240755918
2.7637504477
2.3970895778
2.0800249438
1.5686258113
2.3855679206
5.2883892387
8.6563528891
3.4609461463
1.6326555993
1.7294871882
2.6865626917
1.8982581549
2.7183195952
1.7360053933
3.1294981555
1.7460768223
1.5451411869
1.8404545914
5.9794492209
3.5252838286
3.8444209803
1.5807352687
2.5286795603
7.4399816093
1.5699869085
2.1852751782
2.0929935614
1.2378692822
1.5697340283
1.3999900857
1.6995451081
3.2766730765
1.5804256758
1.7778603849
2.6026555851
4.3021107664
1.9737327827
1.4840638211
1.5117128393
2.2910729737
1.3976658760
3.2096775170
1.5749968744
7.5077690271
6.8894855278
4.3941967397
1.5674769607
2.4286862320
1.7182230759
1.8440578004
1.4863230258
1.5901742636
1.8212298823
2.9416487055
2.0557923222
2.1392104188
1.1541273264
1.6083609493
1.6000187340
1.3538875366
7.5510227459
1.9557987637
27.1580879718
3.1226242494
1.7775680577
1.3993718611
1.6641730289
2.6480875149
1.4724793874
2.0136773904
1.5877211626
3.7372443152
1.5450114946
2.1415645439
2.4525313384
0.9508016475
1.4157928345
1.0665996188
1.4150661514
1.4256823958
2.1522384026
1.7873479894
3.5528869045
1.6860872872
1.9377597003
2.6191147617
1.5602510031
14.2325028354
16.0312322811
1.5260238096
4.3389686133
4.1606853331
4.0469212583
4.1265828632
1.4668957705
2.2891044860
3.3168816092
1.9736825187
4.4006367770
11.1916437279
2.1093302008
2.3482003420
3.9082399357
9.3155595054
3.4096338213
1.9526360642
1.5302152279
1.6841937910
1.7359426910
10.1017286754
1.4687560825
2.7500379221
1.5551667485
1.5163301020
1.9995707422
7.5952759682
1.3295751017
2.9901839451
1.6143106864
3.0944609583
1.5592641193
1.5622851771
5.7306167134
1.4289606639
1.5477079205
1.7401116347
4.2435345183
1.8848776988
1.3636686244
2.3885010732
1.9676713423
4.4577288015
0.6087513459
1.5955400932
2.3329967516
1.5080117267
1.8494195455
2.2616707294
11.2688313265
1.8562985003
7.0369013687
31.9004194493
7.0051162810
2.9967908038
3.1911119701
1.5683884482
1.6719328299
1.8202818747
1.6883881224
4.1226966883
1.6814178300
2.3014085760
1.9023033535
1.5049861876
1.7286544954
1.7049610868
1.6228264280
1.5727704402
2.0961279267
5.0195583625
7.5729390516
1.7529519243
1.5185669719
1.9245499882
1.4762640167
2.2085284794
1.4915852051
2.3494658913
1.6624840330
1.6961893205
1.6046949139
2.2940506791
1.4947158721
6.0342984135
1.4088294094
1.2913582660
1.4329026145
1.6315775159
4.2711126256
2.3752618704
1.9560936739
1.9159798733
2.1727130274
1.3769580622
1.5341854051
5.8605347833
2.3770857751
2.0318981265
1.7338438020
1.8162283741
2.4580571473
2.8833759608
21.4374538405
2.0313384815
2.5310107339
3.0751761334
1.8512969025
1.4223364206
2.7937502086
7.3749364547
0.7905062874
3.8452453023
1.7916045432
2.3047194909
1.6293089916
1.2655991760
2.0831597459
10.9244071581
1.6247178154
1.5671192828
2.2432802787
11.9316651328
1.5971105620
1.6263190257
1.7102396365
1.2759368227
3.9880543579
1.4562805420
21.5765383755
1.6015816401
2.4780108013
1.7071934741
1.5845176702
1.5981427661
2.1389406096
0.9594966170
1.5878112185
1.5434382131
1.9812837111
2.3653060634
9.9959768777
3.8854935010
2.2207448861
1.6984678853
1.5267670253
1.6828529899
1.5480155521
1.9610204129
2.4104720250
1.7475647951
2.0805594516
24.8113322906
6.4501964213
1.7157331082
4.7509986579
2.1596259778
1.6164996809
6.2740650573
1.5782223517
1.9483712214
1.5070251563
1.6520014749
6.0916662026
1.5685723521
2.7686978256
2.0700989598
1.4637311326
2.1342152655
2.0677921789
1.2409295113
2.1832374852
16.7902514963
5.1321861098
1.4694135731
2.0790531944
4.0310734699
1.2194267294
9.2159464192
13.8162019000
1.7413880207
1.6246215883
1.7569270199
1.7765700393
4.6894619082
0.4640578257
2.6098952340
1.6278806990
8.7788882400
9.5874164201
1.7010218053
3.8392693205
1.5920394582
1.7732232180
1.9186652452
1.7003343579
1.7348931304
2.9327565860
1.8596793178
3.2429715043
1.6532756959
3.2251890334
1.5809017976
1.8941460091
4.9471415612
1.2213548030
1.6312809025
2.8531728435
4.4969586528
3.0448929689
5.6670538058
1.5758310880
3.9272437982
1.9874621463
5.5317670272
3.9186604537
2.1640623498
2.5929228156
1.2266863206
1.9354389031
16.5034322378
10.3933854030
3.9730794323
1.4396456570
1.4652646971
1.7465590258
1.3828583287
1.6312357164
5.9610083139
2.3687376918
2.8097187613
1.6352658829
1.4491968704
1.5919169752
3.3359917701
2.4755885800
4.0114756250
2.1820340988
2.2610990004
2.1145640317
1.7881226497
0.9610432249
1.9122284020
2.3163237999
1.8594792861
2.3842076211
2.8022605853
1.6049216875
1.9161130576
1.5033504566
2.0724274892
2.4073571710
3.5722718863
5.6057940703
1.2151498672
1.4146123252
1.4117307681
1.5938728707
1.9249859707
1.7824178669
8.6500249850
1.8655932021
1.7390734376
16.5812456995
6.6357673608
35.7992999956
7.4048690344
2.8606444491
1.8858462359
3.1037904026
1.7566365578
1.4897897680
1.6299232039
1.4319992160
2.5676530267
2.3242209896
1.5443138294
1.4554549787
4.5382217892
2.1284141173
1.9347341137
1.5011510874
5.2044329035
3.6491481950
1.3853320193
2.1677314311
6.9311834891
2.4805036836
2.0146047489
4.6112430601
1.7938711763
1.7990448309
2.5045927815
1.4746575679
2.3255861077
2.7403437996
1.6747752224
1.5702274233
2.8346669909
1.5905922516
1.5494496515
1.8132818083
1.5995873989
2.9009357374
8.2823218414
2.1648384494
1.5896220160
2.5413009192
1.9255315595
2.2161986619
2.2793938199
2.6586113786
1.5195764739
2.3994847987
1.5938852026
1.5048233995
1.6341668093
1.7449191936
2.1463441388
1.4735286100
5.0126865459
2.4065076373
1.5979684695
4.3462698743
4.4436585136
16.7512025311
1.7816174669
1.5994559243
1.4822942411
1.7215842660
2.1907648704
1.5025860033
6.0810351002
4.0317350758
1.8454539727
2.7732559754
1.7190520171
1.6523296889
1.6207575575
1.6481493065
1.5835373400
1.6436925186
2.3957811542
2.3507905438
1.5557567860
1.6496264676
1.7050804224
4.6652277845
1.6484476154
1.4350326208
1.4225807390
4.1087261146
8.1175837804
1.5021930118
2.7685051230
2.8959943400
1.7306232403
2.2686643622
1.5225534535
1.8782287910
1.6138811030
1.5079189019
8.3081879405
2.0345812472
2.5321699202
1.6225856614
1.5742946533
2.1036923813
1.5876082354
1.2638564447
5.2963186226
7.9908537556
1.6409678987
2.3313068696
2.4287018214
6.9864744378
1.7841569150
1.5569721301
1.2543804045
1.6479278395
2.3633871629
2.4972809313
1.8800612941
1.5926418821
2.6384946197
1.6876046443
2.4174636020
1.6091621079
1.8487808486
1.5917318235
1.6140742169
7.4322887440
1.2945011464
13.6593991639
1.5214290477
1.5661567539
1.9598190925
1.6937200566
1.7531716191
1.5647762315
2.6952251974
2.0920722617
2.3125009177
1.5812596175
1.5743565411
1.5898846958
1.6678609381
1.7756480843
2.1571237343
2.1639956387
1.5782264982
1.4861762126
1.4436330134
2.7966299379
1.8570820498
1.5749137052
1.8222977058
1.4251814761
1.4424810999
1.8896466218
1.4918006786
2.3066838964
1.6083104820
1.5545091002
2.0411527897
1.8170414731
5.1768656179
2.1096847232
1.3996428255
2.3480180667
2.7595364006
2.7812629634
1.1088779605
1.6861028610
5.1671942623
4.6831101788
4.1614612669
1.7650778584
4.4679986390
1.7270692022
1.6469315270
1.7135977546
1.7365377043
1.5085285499
1.4736949935
2.0939540513
1.4822422593
1.7518557623
4.1108255857
2.3153021193
2.1540756440
3.5106581295
4.8513500866
3.2023636994
1.3035297193
1.6488925452
2.6603665346
1.6372533006
2.4480449151
1.5221020735
1.5535750093
1.6067114423
1.6039342281
2.0638163230
1.9670619832
2.1361225373
1.6958997650
1.4643997763
1.6109193681
1.5091121771
1.7329073941
1.4223910990
1.7362869723
1.4697401567
5.3578318451
7.8662305250
40.0956965425
3.4130769182
1.7233608049
3.2096206760
2.1020117292
1.8983479095
3.3173410816
3.4965027672
2.8096838807
2.2326990040
1.6380424137
2.5142486955
2.2806843902
4.1281982993
1.6693125192
2.1580733912
1.2113169774
1.5476357580
1.8556455590
1.6248262285
0.7012897430
2.6610013966
1.7416715237
7.1424979464
1.2535193909
2.1523600045
2.8869675123
1.6460935046
1.6122341274
1.3132091189
1.5617155950
1.6353778589
1.6514624924
1.2744527070
1.5247686939
1.8567259850
1.6009261933
4.1737932250
1.6309910954
1.7665981959
1.5744692139
3.1702252579
1.7237059298
1.3967676756
3.5903126950
1.9051745655
2.5284257044
1.5794541966
2.8963529095
4.1420098711
1.5240628818
1.5443949829
1.2693464385
3.4843576865
1.5943958704
1.6356660797
3.6062200415
1.7967764000
1.5877848786
2.6669392560
1.5761385908
2.1607427525
2.0310044045
2.0527589191
1.7923854678
1.9855277607
1.6581633072
1.8503434556
1.4066021155
4.2738922745
1.4822384300
6.0381000435
2.5319004514
1.6151924385
1.9501199187
2.0018519445
4.6184825938
7.3150031801
3.2690233122
1.4810113021
3.9370967450
6.9352862205
3.2555407427
1.8371728334
1.4824556919
1.8540126114
1.4512923152
1.1139026603
1.8493410810
2.2776599454
2.3151577134
1.4033534303
1.4852429158
2.4583414783
3.6570473681
1.6379163549
2.2475304243
1.9937176286
3.3747376095
2.1274441756
5.5349722742
1.5840845154
2.3361975819
5.0123154105
2.0236597671
5.4436219200
2.4075105633
1.6691779783
2.8039619566
2.9470412057
1.7910825401
4.0550900105
1.6532125739
16.1960239329
1.7456623745
1.3596070448
1.4840526044
3.2680409557
1.4232182795
2.2050631015
7.6772840864
1.4253541811
3.2809759197
2.2775371187
2.1665265898
1.5531516290
1.1429101167
2.6490054035
0.7236584218
2.0733286497
1.4888299007
2.0775805073
1.5963321344
1.5975026826
3.2260362349
6.8219718727
1.7477879196
2.1038712744
2.9630961909
1.3746846560
2.5496410497
1.4708370260
5.3388675412
1.5412693935
1.6525926408
1.6069544242
1.5234344146
1.5423160204
2.1579224368
1.9585599074
1.9749714110
3.4164743939
1.8788850879
2.1849599928
1.9525341542
2.4167133547
1.6037326479
1.5324542160
5.5573376320
1.7186653430
1.5671492151
5.8678828724
2.6052770937
1.8671495144
1.5357816051
1.2869914848
1.4741101476
2.8472775218
1.4024486229
4.1086642936
1.6818172522
2.6669607662
1.5858794762
7.4076773246
3.9766116982
1.4735260383
4.4298836218
1.5696188565
2.6935103931
1.2474755808
2.2231332592
3.9232763312
2.4283961701
1.5797522459
1.4984359406
1.4496040127
1.5304227592
1.2715073595
6.7747009689
21.5380952423
2.7683190551
0.9636730828
0.5122760868
2.0347322861
1.6200838797
1.9113479917
2.8809653574
2.2247039743
1.7964582450
1.7584162757
1.8644244569
2.0965269574
3.5192221571
2.0880879346
1.4016648355
2.5660904961
1.5756032223
1.7204497815
1.9633249909
2.0916879707
2.3860748428
5.8590119444
1.6937546580
1.6165332516
1.6533594763
1.5013123551
4.5916725321
4.5372639269
1.7128094983
2.0176373996
1.6054972636
2.0233305622
1.3998378516
1.1272429553
7.2080594900
2.8718275295
1.9259290030
4.1647131230
1.5849323520
1.9806477529
2.3124469104
2.2630995988
1.8634613691
13.7980968504
2.0471563345
1.8301533948
1.9754059029
1.9486404538
2.2937965396
3.2564228807
3.5551720589
9.6138040787
2.7640590351
2.2948957390
1.8237900532
1.8831556420
1.5770691113
1.5986205717
2.0777781274
4.1537488345
1.3690392743
1.8678166579
2.1907177807
1.7766052332
1.8543799010
1.6175585327
1.5164061954
1.3909575175
1.6353320722
2.0369384976
1.4336918260
2.9169520449
1.8286789957
2.1006998541
1.3169379039
1.7121625902
2.6302949161
7.0460257817
1.1882945171
6.3237047146
4.7239650165
20.1011376207
2.2869485478
1.6597504713
1.5488624235
1.3102458091
1.3175049241
2.5531852756
0.7657246154
1.5204687799
1.7197080862
1.5668616064
1.8684835352
3.1872106733
1.5988244920
2.0100469573
1.5196790444
8.9889367125
3.9433923584
3.2406937284
2.1236781032
2.3925506519
7.4480966473
1.6533146981
3.8100860037
0.8271001887
2.5396400872
2.3763581625
2.6433097821
2.7375516262
1.5449071481
1.5663231573
5.3249692710
1.2536876710
1.2838612919
2.5161065762
2.6341060249
1.9839842765
2.0705998165
1.4128294794
1.5251128118
1.6771245691
2.2782403347
2.0017021555
1.9187567218
1.5864199978
6.3438375143
6.8156963158
1.6987030518
2.3552093056
5.4739162405
2.0043220858
8.0705068286
1.4320550784
1.6303705117
2.6550143605
1.5490152886
1.6790073636
2.2385257070
1.5889726263
5.5359346479
1.5186874169
2.1534420108
3.5000781212
5.3319279405
4.9529481400
1.9016016510
25.1984152496
2.6685518289
1.2517321247
1.3329085851
2.1784516559
2.1224823185
2.0047547166
4.7998347189
2.4413684747
1.7239131611
1.5496066972
1.5909211408
2.1252564475
3.3234025229
30.6465030094
3.5942193160
4.0413808787
7.3561090224
3.8304214977
1.5057413337
2.7489968428
1.6904423379
1.7791448402
1.9539283481
2.3038745501
1.5644881614
1.6199329127
2.1996710016
1.9325510199
3.9272380984
2.2259522156
5.0199255688
2.3569598711
1.7310883672
1.9166493341
2.2900412455
4.7721301806
1.6045718317
1.4078788013
5.2240600932
1.5882772041
4.6311960877
4.7812578705
2.8255489474
3.8779561810
2.1990706329
1.8269514350
1.4822241141
1.8824427837
1.3032370971
2.3892837142
1.7466850089
1.9670904881
1.6737993867
3.1713539012
2.3270577855
1.5041006691
3.5947100463
1.9423378865
2.0357245199
1.5969427315
2.3630059868
2.1149280395
1.6523767225
3.2174011788
4.2425467308
20.3109250328
2.4380750899
2.7479826577
2.1705844610
2.0893471676
23.5253275211
2.4701074241
5.5881204217
1.5006878043
1.5769789286
25.2553034797
3.5611541620
1.7194401585
1.3466803138
2.0001678701
1.9019162432
2.5496677329
4.4435284593
2.3598477295
4.1697072507
5.8208492885
3.9987466567
1.7751082996
1.4735137989
1.1077211762
2.4007046056
1.7166055110
2.6892992334
1.8102325651
3.0706587733
2.8076363372
1.2552656307
1.7058292977
2.2156753614
1.8323905101
2.2948517640
2.2719746604
1.5440607733
1.2306727220
1.5103960857
1.8859326753
6.9475570239
1.8193780176
1.6112155716
1.6392270579
1.3889034212
1.8168769456
3.0615940319
2.5460349779
3.4489085423
1.3817740227
1.4499169838
1.7755664870
5.7616431034
3.5763515354
1.5509166578
2.1604797769
1.3521611360
1.6243766940
1.4779309940
2.6542100333
1.6343394597
2.7938490143
1.3482720856
1.5952734923
2.2821466576
5.3619731133
10.2535057587
4.2126318677
4.6997841529
1.8017761644
1.5704670897
4.1352037804
1.4592719594
4.0786028402
2.2818096100
3.6798573406
1.8178110114
1.6634707234
5.5012674214
1.5478224719
3.1007221746
2.1434273270
1.5956469824
2.0702896436
5.2358918225
1.6800133620
4.2526802921
1.4719314792
1.4757727483
1.3805583742
1.9075040044
1.9337743046
1.6428322998
1.7681903514
1.3274504309
1.5360254227
1.4689010025
1.7261310975
2.0626287403
1.3425214034
1.6369424298
2.5442531221
2.0735723742
3.0533079450
3.8924161486
5.8519888771
1.4579553898
2.2951928136
2.0740656143
4.4968856276
1.6245668451
11.3855806889
1.6552069312
4.5075760428
2.0259465034
4.9207962605
9.3053153716
2.6919205470
1.5264884219
5.0907769698
1.6082242600
2.3584299381
4.0784983790
2.2928132341
2.9404081122
4.3370437261
2.1423667442
3.6127460902
1.7366188168
3.7753766842
1.6144396342
2.3458194928
1.6439163942
1.3333899798
2.2367544178
4.9225636994
3.9843771375
2.3349152300
6.5383501810
38.3198052626
2.6300815359
1.4950669785
1.5886911831
1.3641198635
1.6685542889
1.5743038708
9.4244060076
1.5284566720
1.6455348244
3.3837090209
1.6123571989
1.7263341816
2.7383205071
8.5549739534
2.2974046625
1.4838651943
1.9318664957
3.8641275912
2.0485783582
1.6437028058
2.1196745647
1.5826193261
1.8000924934
2.6078356211
2.3715088244
0.2028865497
1.6017233591
0.5440233027
2.0453818242
3.0078885039
1.4686145406
2.5885112464
1.6656384145
3.0039330831
2.7646779714
1.9826302463
1.5204058553
1.0901675272
5.0118475153
1.4461957721
1.5187264605
2.8404707943
2.0829265818
2.9546323107
1.7698999209
1.7247578805
1.7864328996
1.5765293854
2.0260644391
2.3769266996
2.7600448877
1.5226096288
3.7459415542
1.7126939138
2.7286270632
8.1760020758
1.7068862074
1.6163028528
4.3442510590
2.7979577699
3.1122407787
2.4059802984
4.4987635592
3.8661013409
4.9295634185
4.3898600349
1.5187014297
7.4624145884
2.3760813427
2.3238991099
1.8524371433
2.1410045341
1.4408677999
9.2501755691
1.5817104891
2.2177388759
2.6721839444
1.6538187971
2.7048435581
2.1809043723
1.5667443075
1.5903813310
5.6206461672
4.9985376145
2.7776004112
1.9267874900
1.5979316188
1.7381781340
1.6800089676
1.7722263734
1.6050939073
7.8960094834
1.5339303131
3.8115843483
1.2009206593
1.5811648397
1.4784189359
1.6389182195
1.4322324978
1.7464039770
1.9262339032
2.4343385854
1.6584846518
1.6213777196
1.4787621661
1.7071140108
3.6979862331
1.8384507601
2.3155792652
1.7160373100
1.9715576864
1.4998928274
0.7433022796
2.2380051433
2.7675019005
1.7604007051
8.3070063134
4.0120070431
3.0339531002
1.4776506739
1.7268634205
1.5770689837
2.6636033288
1.6442361660
1.7808468292
1.4891603111
1.8316780054
1.4761438717
1.6790551671
1.6402197176
2.2951205503
2.4355057200
3.8224856196
1.4245938491
2.3619350339
5.2401771823
1.6944862174
3.0003524724
1.8797695904
13.5312769717
11.8572696223
1.6979230631
1.6411353596
1.7706726593
1.5001006100
2.0277426457
2.3449109342
6.9329687419
1.5896786028
4.1827126301
1.4793555881
2.1069632470
3.2083680000
6.2871240861
1.3025391410
17.5792356317
1.3927071083
13.5073122837
1.4828451685
1.8251744843
1.7305054019
1.9244946946
1.5890088154
1.7627264530
2.1146971324
1.6070727319
3.1732032705
2.1842459717
1.8814851684
1.6065737314
1.6365605293
4.5096175180
15.7610099210
5.6803134040
1.6805997344
3.5642317357
1.5342226989
2.4524708381
1.8948671744
2.8465347016
5.2345704338
5.8464839160
1.3941897385
1.6000252337
1.7590057164
4.1362937826
1.6106657269
1.3287765431
2.0091273078
6.9547396114
1.7978682238
1.5739697703
6.6103786234
1.6323307961
2.4159109801
1.4675810033
2.2598372769
7.3945080323
1.5519082494
1.5791678259
1.8561535287
2.3288003606
1.6569880704
3.5453507823
1.7492367284
6.5447125913
1.7369729734
1.8433534192
2.4064325819
1.5523031581
2.0508141112
1.4926672707
1.5521999683
1.8789000086
9.9422784804
1.5918733541
1.1091155741
1.5505737599
1.4966405185
1.8789097647
1.4015511376
4.8948508499
26.3106951716
2.8726122019
2.0948253240
3.0786199449
2.1976571861
1.8061804392
1.6475119496
1.1200959297
2.6305315981
7.8106547746
1.7325127878
2.4376013431
1.1453013091
5.3768564767
1.7031358357
1.5957881482
3.1342773924
2.4901154756
1.5644852941
2.0236690194
1.5986853966
1.5256280662
1.8090158407
2.1288094152
1.8409765252
1.2993812202
2.1469256648
1.7994407996
1.6087470038
2.0476903956
1.8467677061
2.1729107023
8.8422816997
1.6573410372
1.4898295639
1.9461869292
2.0681974703
5.1823301838
2.1397800992
4.0409795174
2.2219923595
1.5675708809
1.5979123989
3.0474229327
1.4147990238
2.5947130132
2.9279381366
2.3790703804
3.5609172471
3.6738749819
2.1298981094
1.4069178185
1.5903525800
4.0251682534
3.6005681237
1.4459251421
2.3671797724
2.2105905536
1.6508310781
1.2926496902
2.3305466158
4.0319108585
1.3975274421
1.5802743764
2.5299285589
3.3505643886
3.3915120989
13.7661647230
3.0932116227
1.5082060314
1.6925457718
5.5952449741
1.2439707665
2.9793428809
1.8978335640
16.2548394598
1.4851646626
2.7902361729
1.8555212159
2.6784736565
1.4874774019
3.0775781208
1.7795579507
2.3733228052
1.3103917693
5.5208254753
1.6264363693
8.8108493538
1.7946363794
1.6602650027
1.5912729542
4.3346504772
1.5512600114
1.8404012199
3.8422814666
1.7238172055
2.9425460812
1.9467732216
1.8703472381
5.0403175849
4.3054058914
3.0626722175
1.5826594559
1.5629042710
2.3522078037
1.9224638193
1.4383763875
1.6442302855
1.7038181641
2.0438937642
1.3816745154
3.2013008285
1.5771210109
1.9329920984
1.5780320466
2.6727367388
2.8157530058
3.4777667855
6.4235270944
3.0197849383
1.6468376304
1.8976930762
1.4297287464
2.6207158341
1.8077570029
0.3063086136
2.1012201917
2.1885325359
2.0638698245
1.3526769359
1.3831847717
3.9773537649
1.8421448367
2.9086115763
1.4916575623
0.7372427473
1.6540826112
4.3100867327
1.4899001085
1.5804182145
2.3561672714
1.6893168104
2.0860390319
4.7014957257
3.6337837842
2.0314373455
2.1274252599
1.7047071790
2.0384661848
3.6311838706
5.9983460742
1.5571004585
1.6235045075
4.6914801504
2.3538607602
1.9223920805
1.6328548228
1.9996954819
1.3480209141
6.4661837932
2.5161322396
4.3683571852
9.9397535715
1.4749365579
1.3453736216
2.3380492045
1.4445795177
2.3952597882
1.8030899662
2.2372758157
2.3175404063
1.8232804655
1.4162690271
2.1261029793
1.2106819629
1.5263735920
16.6243917592
2.8450124698
1.6229715201
0.9564135364
4.6130442884
1.7635769197
3.4019665677
1.9954328047
1.5300548072
1.8023138085
1.5897981713
3.5567764210
1.5976687782
1.4780526862
1.4714880839
1.5089419151
3.2314452310
1.4826003602
1.6116570177
4.4733867496
1.7800792709
1.6020505661
19.7723152034
0.9541677971
1.9907173737
4.1178499056
3.7747954335
1.6466763537
1.9307136175
4.4929407308
1.5730416274
2.0987935353
1.4673231867
5.7757682650
1.5895826454
1.5266080869
2.5738925782
2.7248108523
1.5964487246
12.6469356940
2.1835147674
1.4634790792
2.0768235286
1.5289304648
1.6220854881
1.6033654193
7.1029998566
4.5525643724
1.5743460338
1.6857752144
1.4642309777
12.5280728031
2.2483854345
4.4715579182
16.9647273759
1.3593811435
1.6060425184
2.4723521055
0.9857003088
10.0864267720
1.7182711380
1.6155488490
1.5462034211
3.0482841063
1.5912011415
2.4017254317
5.9872248503
1.5889150563
1.8791784675
2.5907706290
1.5641686900
1.4386958918
1.5129499558
1.5623662960
1.9237778063
1.3605526347
2.1213380258
1.6738833614
3.0412153485
1.7904374759
1.7600449138
1.5626007313
1.7411890719
2.1374514029
2.3151317287
22.5191906768
1.7812223910
1.5869717336
2.0379668813
1.5486101544
1.6045775313
1.7361356785
1.5827529560
1.9997234309
1.5796683381
2.6992686502
1.6372483939
2.8207466660
4.0772933423
1.6264652986
2.0535618216
3.4892616074
1.4302484955
1.5919660168
2.6756448593
1.6307079813
2.0800091498
1.5522346430
2.3888680378
1.5306520524
1.5212995393
4.1124380184
3.9643799933
2.6308629379
1.1745728873
1.9266308406
6.5814147364
3.6418166208
1.3235531818
1.4051633511
1.5722016358
2.4384325570
2.4303765985
3.1038337600
3.2615129796
1.7431590276
1.4977512492
2.5350974921
3.8013443544
1.5963551566
1.5292879146
7.3935599303
2.2578350960
4.3469450453
1.4697221264
2.5664607466
1.5548593676
1.8161663511
1.7450615552
2.6287935469
1.5797500970
1.3852323861
1.6196842097
2.1877231092
2.8601450344
1.3459826980
0.2404489413
4.1507183774
1.5014428349
1.8903709512
1.7040859922
1.4155276426
10.8416747316
1.5660183180
1.7237639083
2.6992016116
1.5931267789
1.7757926539
3.7232135562
1.5978793060
1.0897370400
1.4072225400
0.7968520386
1.8105710125
1.7068981579
1.6461900534
2.2467589416
1.7004135902
2.5160218872
1.9597763676
2.3266850373
1.3898552657
1.6524018000
1.6118502405
1.5710284523
6.6082701032
3.2834855504
1.6310206024
2.0827723813
1.7246825590
1.3643662085
1.5962947533
2.5211860344
1.9968804862
3.8666607408
3.8861744169
1.3542751206
4.8763756914
2.8391712052
2.4668006119
1.6301449871
4.3361419387
1.6050464423
7.0636959473
1.6211605087
1.5388229430
1.6305963386
1.9658964741
1.5996842112
1.4888149611
3.5499395563
1.6600374800
2.0191248269
3.4376958806
3.1744981503
1.5822731577
34.1363800984
22.4599106517
7.9386089755
2.1702792662
2.4364400571
3.7540255175
11.0042443483
1.9956193703
1.9637046195
1.7330856713
1.4613452267
3.0258105760
1.4937396741
1.5704641743
1.5320939822
15.4773760210
1.5794261464
1.6947612241
0.4860911185
1.7888040253
1.3248766156
2.2588555116
3.9651359824
3.3151209621
1.8453673077
2.9561316431
18.6835597240
1.7914141959
8.9303311292
10.4541005095
1.9202971747
2.1351079832
1.6413395593
2.7045507331
2.7102353894
1.8037644853
1.5894773952
3.6458174320
2.4550379144
1.6088241817
2.5659108506
1.8846481199
1.7740445105
1.8767592469
6.6458813156
1.5959791363
4.9651271087
1.6012940132
1.7439035888
2.1107230371
6.5712057086
1.9579853162
1.6204197872
1.8123053538
2.4356441919
2.3308208215
2.5423793815
1.4901671713
2.0002770214
1.7767605876
1.9428206376
1.6466889429
3.7468157302
1.5895287423
5.3097346990
1.8275119087
2.9073459004
4.1249311797
2.8431152210
3.1300636801
2.6960418726
1.5961422032
2.5026086730
1.6766468484
1.7478036873
1.9944222571
1.7394075114
1.4796518934
1.9757695186
1.6338186447
4.0516713767
2.4843680045
3.1439446803
1.8062571615
4.3540946120
1.6969828199
1.5158714678
8.8287554882
3.8011636413
14.9964539895
2.6008658017
1.7653173017
2.3912272226
7.0216289896
1.9353280813
3.2022428596
2.1068967055
14.2225814118
1.1565845176
1.5063911634
2.4083323513
2.3733652834
2.0128522584
2.0651525123
1.6173747634
1.6177733816
1.5918426369
2.1876863172
2.0239588977
1.6175867663
0.9685804396
12.5773293472
2.4831363728
1.5999498075
4.6502435301
2.2651426688
2.0239235843
4.5835579333
8.0061997249
1.9293684662
1.4763592192
2.3318058322
1.5386266131
4.1061483209
3.3662879424
3.7390809413
2.7581887654
0.6000382109
6.1369398009
1.6478876776
2.0045661653
1.9411669047
1.6267773056
0.2776152217
7.0338089531
1.6154523288
2.9993620735
2.6021223977
1.5564266229
1.5395046017
1.3400298729
1.6830320878
1.5830828920
1.4516186386
1.5836064241
1.4668221383
1.7407992596
1.4220180566
0.6356577067
1.5825420768
10.5366729089
1.5136432788
2.1150544270
1.5910603811
2.6536642130
3.2637580409
6.6211278039
1.5483143499
4.0700757449
1.7647976440
3.4227812959
1.6468356783
2.8312354526
1.4915291788
2.4264425281
1.6132296501
2.1357581524
4.8487615518
1.5956784486
2.9726322994
10.5828441668
1.7473340693
1.6549718561
1.7335619347
2.6513146820
1.7703423611
2.2907201629
1.9928177160
1.3959511027
2.3324794568
1.8310145095
1.4600270685
1.6942616203
1.7524533627
1.8497530886
1.9485554936
2.3328464290
1.9913462984
2.1675375836
1.9561695408
1.5008902059
5.5919570664
1.8311693830
1.9781215508
2.5225806434
1.4970616932
1.6007726180
2.7296475651
1.7097733181
1.5198109874
2.9118959792
2.4556196096
1.8887545420
1.9320295144
2.0400055440
1.4206852697
4.5931499108
1.9546500480
2.1808688710
1.7393926354
2.0756929451
2.5497166294
1.5650983552
1.6892458339
4.6346597017
1.6194138138
1.6690084926
7.6363967420
2.4634094271
1.7825834526
1.6340030973
1.8422099461
1.5906823763
5.8553196047
1.2984249937
2.3978550751
1.4702740847
1.7593482435
1.0488695101
1.3642021296
1.7373560189
8.8510928699
2.2781203699
1.3015944507
10.4887947038
1.9265493900
6.1294337778
10.7048708635
2.6459822574
3.7437165026
1.4495637136
4.0632220272
3.1122858073
0.5678917339
1.4487242977
1.4771746585
1.4046959609
1.6056450482
2.7873282787
15.9263855614
7.9088756893
0.6996610942
1.7160145225
4.2813304557
1.9183323562
1.9786557319
2.5872495066
1.5906552304
1.9327238171
1.5729628441
4.9193993066
4.4262718860
1.5936713460
1.7378638450
1.5919709807
2.1981522921
2.5460349125
1.8485001362
1.4528366633
2.0795962735
5.7693160545
3.4457377286
2.8572816423
2.3127341466
1.8278296537
3.9167596052
1.4519970880
2.3941792195
1.3827889470
1.3786638724
1.6258758673
2.2147529307
1.6003055959
2.4149010014
1.7781260700
1.5026703463
1.9528118386
2.0693087498
5.1717480537
1.7621600549
2.2501081036
4.4250708658
1.9088386586
3.2725867579
1.6522222605
1.3532279734
1.7115018149
6.5827736418
3.7453106282
1.4129109435
3.8512981079
2.3343593252
3.3178168172
1.9729742739
1.4465742137
1.6113912592
2.4577480810
5.6571558327
7.3346226681
10.7809514878
3.0574077283
1.4863004425
1.7444182112
1.7164684778
1.9456800971
0.8878747561
1.5539710823
10.1111960292
2.7450965249
1.6121870143
2.3028063938
2.1306099018
1.7987839299
3.1080118787
2.4644597062
1.8271091554
2.2882380709
3.1712462136
2.3030840788
1.6808469293
0.5368043325
1.7338411405
1.7404390529
1.8966557044
1.7910903045
1.5765475890
1.7956301886
2.9549071492
1.6557613318
1.4019248164
1.7608586481
1.5216462693
1.6660107815
2.6948525131
2.1018570822
1.5353691252
1.8360393062
1.4535783192
1.5575359451
2.9363852597
0.5164484293
2.1772018262
3.3995006689
4.8940568046
1.9206385945
1.3318943942
1.5992746975
2.0746210914
1.7101987523
2.0768428341
1.2040789875
1.8202644808
2.1390240861
23.2044224077
12.0498429454
1.9121081628
17.8611453355
14.2342545856
2.0338330886
12.3968205998
1.6159619229
1.4384325754
1.9159975893
2.3197247481
1.9636297330
2.8316171373
1.8035017482
1.5576575762
1.4667293258
16.0344712425
3.9078519905
1.6274906610
3.2168073907
1.7019372267
2.5059251130
1.5811238920
2.3326597170
3.0808273177
2.9215721135
1.4188383900
1.5810252396
4.2509873846
2.5997162464
1.9226524713
1.3811505618
1.7931955816
1.6490675696
2.6887235369
3.3021031342
1.6056772382
1.9223439959
1.5189809163
1.5510836176
1.4180946001
1.4908839893
1.6616944926
1.8687953750
1.2085233219
