sampled_theta1
0.0609424209
0.3061305330
3.5421371174
1.6523608274
0.1064840039
1.4537201188
0.6690173948
1.2184483178
0.5828363209
0.9882846552
1.7856448231
0.3254821152
2.3409544359
1.9750804072
1.7601537390
0.7001081622
1.4502868081
3.1996144091
1.8350995406
1.7207937788
1.1806039810
3.8781991862
1.8643882767
0.7172103572
1.2935016551
1.2670580723
1.3046013304
0.5871161272
0.9253294446
0.9502891559
0.0561114342
0.0950993066
2.7803409609
0.1992544968
2.5394726975
0.9492095885
0.0851929708
0.6100768228
0.5061565707
2.4325115683
4.0092274474
1.4326172376
0.0757351657
2.3995793292
1.4743535301
2.5558069725
2.6143153420
0.8106330934
0.2290306785
1.6443700372
1.2326655165
2.1047213665
1.1405816521
2.0214382356
1.4317515079
1.9898951059
3.6018849336
4.4550917595
0.5508456668
0.7947443658
3.0308409963
0.0386501472
2.0566794887
3.7830087153
0.4573748662
0.8595117794
0.8135109001
4.0674255209
0.6536972930
3.6766051509
1.5309559535
1.0600865875
1.9553377548
4.5236468877
0.6822658652
1.9177179396
0.8086328436
1.0292432917
0.7380229643
1.0834289538
0.6277828813
2.6819143409
1.7064016770
2.0925343586
0.6380035065
0.3606036124
0.1990849501
0.2004516443
1.2661523244
0.4657953786
0.3851682885
1.1346394791
0.4173024374
1.1198308135
3.4722080011
0.4743180917
2.4386628584
0.0788415789
0.3850387204
1.4572719764
2.5724205364
3.6895061305
0.9561341153
1.3966362237
1.5161497798
3.4802243150
1.7666827293
0.5766175276
2.5658874615
0.3904758243
3.4374609486
0.3891258601
0.2441266419
1.1367151016
0.5912645542
1.0974359771
4.6266829256
2.3758499745
0.3095653496
0.7615575136
0.3111781992
0.4550973381
0.6872114165
3.3651783142
1.2322339420
0.4492158688
2.3860995907
1.0569437048
1.1081544710
4.1791989528
3.1084288598
0.2094362189
0.9428534973
0.0979342212
0.8603241944
1.7448180027
2.3845285061
4.4042995499
1.3292217848
0.4676148793
3.0921248113
2.8313074545
0.4245099943
1.2047925557
2.5189886768
1.2502977369
0.9305973620
4.2782053937
2.2136495554
1.6588832314
1.5515995353
0.5968710996
0.1823109860
0.0276133654
2.6600578845
0.5388980432
2.4290980602
4.4768946385
0.8721968455
0.9736208690
2.3415175228
1.0087264314
0.2706764410
1.5335487861
2.0546721231
2.2611601473
0.5292495781
0.4014090969
0.2023791559
1.8661023418
1.0882741193
2.7614048573
1.1557002156
0.7828955496
0.3477428247
0.7129808409
1.2067711585
0.2093769598
1.1808058941
0.6945202555
0.4879674065
2.7411180145
2.1746306610
0.8777403948
3.2627181217
1.5596405691
1.3140413242
0.2070254499
1.1344721627
1.2370085050
0.2583902572
2.6004168110
0.0087331742
1.9269915886
0.4135907329
0.1792476805
0.4191338037
0.0847097740
2.5737780870
3.5213948898
3.4156654079
2.4638915524
1.2177226982
2.5079095283
2.0722465080
0.0721621761
1.1551369957
0.4881902545
2.9184115668
1.7426170173
1.9328266711
0.5659545449
1.1734346074
2.2630805947
0.3608826751
2.4696354216
0.1899307146
3.4995694109
1.9948736228
1.7632220917
0.1984249176
0.1919491056
1.4755215770
1.7128845997
1.8217278674
0.9955781617
0.2561918820
1.8598929938
1.9111275032
1.0134616361
2.7375742251
4.0299392434
1.0130304063
0.0557594300
1.5786502866
2.2793406784
1.6515131864
0.8187909260
2.6263187308
2.3209910355
1.1585763589
0.7753453845
0.2873704085
2.3147815042
0.0650617725
0.3714347817
0.2876247563
1.2058976586
0.4462433606
1.4472491422
2.2904398607
0.1788418395
1.3427540630
1.7932140717
1.7957216847
1.0936332047
0.9371991360
0.5808612376
0.9487754398
1.8693867743
1.7224310469
1.3014208612
2.4955783089
0.9747904490
0.0924566466
2.2341745214
0.7143823832
2.9142953053
2.1253007699
3.3008950623
1.5090085128
2.3229723798
2.0421328767
1.7430163716
0.8851868609
4.2833141801
0.8529380545
0.6148134231
1.1569622439
0.1667315381
3.3080022702
3.6097714454
1.2267643635
0.8380036505
0.3878580440
0.8260860581
0.8427684622
0.6295340929
1.4813416094
0.0470670609
1.7634845174
1.8323180420
0.4074031063
1.3521213770
2.5455796231
0.0370392139
3.5405420711
0.2378522352
2.1834555943
0.4487472728
0.6647454818
4.5246766528
1.7538950680
2.0644132445
0.7194228755
0.7044012267
1.8603390370
3.0086152082
0.8252828700
0.4855542023
0.4741688174
1.8397308979
3.4388139788
2.2238632693
1.7455776446
3.1471177486
2.1858884332
2.5663835367
4.6901803495
2.9539519481
0.5686997834
0.8988601710
0.5235822969
0.4017494648
3.3455976186
2.7736597126
1.5858733797
1.1475281704
0.0931580367
0.4287656938
4.1770022464
1.5049337546
2.3235953934
3.0764557099
0.3143109206
0.3272819712
0.3605216805
1.9879342016
3.5544021345
0.2702760377
0.3007457678
0.9770753202
1.8531748627
0.4869806327
1.5634099729
3.0402150629
2.3914609573
0.5817069141
0.6189231887
1.0155531553
1.0980426682
0.9476844060
0.7930632521
2.2489663334
0.3787821567
2.1125125489
0.6507566090
4.2561193537
2.0276131029
0.5372851081
4.3727610755
0.5485126980
1.8067269476
0.9819505736
1.1913002807
4.6400461074
0.2859742733
1.2262312654
0.6303896082
0.8976564096
1.1580968727
1.8344373667
0.0399293411
3.1263257439
2.6880319578
0.2014827305
0.0524250884
0.2801967164
0.8982725389
2.4591644260
1.6139914050
0.5710083191
0.1557071248
2.5991743234
2.8162702663
4.3594617176
1.5754045153
0.3797092393
1.2586244869
1.3663971337
0.1638140159
4.3209900446
0.6340313643
4.0036477605
2.0108239253
0.4470238447
1.5045812897
0.4426349006
0.3003636948
3.7148594037
1.6128225817
0.3502006609
1.1198004624
2.1750053026
0.9539189256
0.0667109289
1.4784836584
4.3227073591
1.8056449988
2.3041730390
0.0259537044
3.1396681742
1.6892845244
0.5499128108
1.3342631057
0.0303378250
1.4673800208
0.1009661967
3.8536587835
2.7960434719
0.6454908740
1.6122701457
0.2363296396
3.5468666775
1.3720517179
1.8747403116
1.6801835077
0.3623531588
1.0620051919
3.4754071574
0.8840399591
2.8285280061
2.8142788884
2.7809753624
1.1674993243
0.6273481294
1.1540054575
1.6899509442
0.9369534146
3.3666794298
0.0696131423
2.0382693240
0.0748943057
0.1776883604
0.4661149602
0.6292959223
4.3057894968
0.3298170156
1.9122927308
0.4766317460
0.5138151370
2.4880352764
0.7176038135
2.1826947670
2.9168409473
2.0023237193
2.4143927743
1.9590413907
1.8135964089
1.5445614307
0.3015906073
2.7445568310
0.1504204331
0.0997706302
1.2867437952
1.3572300639
0.9633951917
0.0504650890
1.7800225541
1.4542158036
0.3485714739
0.3934128514
2.3045028565
1.9954799235
1.8190597994
2.1524532750
1.6904869389
1.3821545478
0.0711061510
2.9061383036
1.5470587594
2.6808941282
0.3907556261
1.3754160579
0.9975773974
1.9573832674
0.0491276400
3.0409358279
1.9497335883
2.9233306832
0.4766846229
0.0311047879
0.1667042971
0.4803976222
0.5106030169
0.3843882976
0.4661119485
4.4134521029
1.3655934580
0.4775039882
3.0945798930
3.4879141241
1.8596112527
1.0113917297
0.5131074278
3.2524100506
2.3949891669
0.2778602052
2.4014088669
0.6412113161
4.4876142655
1.9298488734
0.4819002932
3.0079876756
2.0977173926
0.4116419868
3.6667959085
1.3512028437
3.1887656853
0.5631922282
1.6530858387
1.1870334907
1.7629588962
1.1615391835
0.1804158921
3.8582763873
0.3326536512
0.2387444571
2.3412686686
0.0839177296
0.6546406559
3.3114251852
3.2676407923
1.1669439879
3.6917583093
0.5792184704
0.8512904689
0.5122959942
1.3292443023
0.4051469831
0.8912898940
1.4286136471
2.2658086621
2.4060789421
0.5685275060
0.2435188307
0.5821851575
3.5362670914
0.1232746579
2.6934366119
1.5230261893
1.1256568085
1.8364154224
0.9789768328
0.4662120066
0.8734269545
4.5597663204
2.0644069530
1.0210142092
3.6766549120
0.5814554765
0.3094274114
0.1720856186
0.5968079435
2.1993680415
0.7251219116
0.4245908562
3.0543532262
4.2293277798
2.7238149601
0.0487486666
2.5747722195
0.1520549368
2.9789156600
0.8580320043
0.0581585929
3.2018291238
1.8473926083
0.6593247482
1.1099313503
0.7266353567
3.6024817105
0.7565651798
1.8222833024
4.1394347858
0.5094449365
0.8743718240
0.0653450768
2.5187983465
2.0259755503
0.5959037664
0.8155427198
3.0281254174
3.8783096212
1.8028575893
0.0563478714
1.8068499363
1.2068696895
0.9079864219
3.3807290539
4.0558996497
3.2105577068
0.2979034459
0.0388263875
0.8516209110
1.8312451849
3.7428032054
1.4740990545
1.1597630425
0.5887439302
0.4143969614
3.2302994266
0.4452097114
2.7621583731
1.9282736813
1.0843222234
0.3775610929
0.0732810968
1.8910401842
2.1967585023
1.7382106532
1.9119067065
0.4684215962
2.2439723708
0.9842647907
0.2943404141
0.5122150786
1.8065182268
1.4944195939
0.3888274471
1.8238601540
0.7053022862
0.5318706685
0.0857061062
1.3015695312
1.0172563864
2.4299786326
1.3501913241
1.4015735486
3.0422990030
1.3301759501
2.3173682607
3.4766062936
0.2176824860
0.9444550174
1.4142806345
2.1667659679
0.5251844153
0.8899772457
1.6715228267
0.5963231668
3.6356435704
4.0074379489
2.8189410937
0.8844518244
1.2108208189
2.8136666942
3.3753113854
2.8884615314
0.3907319953
3.5753811203
0.5301259163
0.1359365624
3.9857239672
1.0008481702
0.9023087588
2.8814665885
1.0339159500
0.6621670849
1.2526244392
2.2500620219
1.6055900834
0.9318008976
0.3479891148
0.0927617821
2.1577190260
0.3655420308
0.2863872607
0.0179934648
3.2782412888
0.0526391903
0.7221843776
0.1895550461
0.9117153294
0.3757530025
2.1887623293
0.5518976226
0.5169248082
2.4120416574
3.5405832895
1.5912549858
0.6739817557
3.0503871752
4.6998080151
0.8170040972
3.8552907259
4.2746359839
1.2912869073
4.9071359054
0.1409670040
1.6050515292
0.0783000307
0.5273049190
2.5990539123
0.0599174679
0.5535242515
1.3323538244
3.7188606203
1.4074826349
0.5627042518
2.3147525131
0.3847133236
1.6898194129
1.3176349573
1.9246751099
0.0097841483
1.4496099823
1.4353778519
4.2809916172
0.5233389269
0.7673834980
4.1418394212
2.5205083275
3.5392839695
0.3344219976
0.3240567745
1.3657832594
1.4505685581
3.0077079402
0.9002903725
2.4655308940
0.6804125750
0.4550777569
0.3096190996
0.1908166872
1.0778498604
3.3762735252
0.4255253543
2.2141340874
2.2314489076
0.1963493285
0.5209754898
3.2819028963
4.4510341409
2.1430336434
0.5306763134
0.0192598595
0.6850371740
2.0165874932
1.2112707642
2.0976494621
0.5225250309
1.3798399116
1.3161887628
0.1446151380
0.5221568881
0.5336568526
1.2665960192
2.6484074456
3.5741225483
0.6491699590
2.3711544014
0.5640964232
1.3072157963
1.7550315484
0.0791019816
2.1020622068
2.3314503503
1.0578376782
1.6991038447
3.1188056135
0.3920742548
4.9912286937
1.8696927949
4.1762766477
2.0013392236
0.0200894502
1.5004869789
1.0732046425
1.0133862627
0.7103914027
0.0618409487
1.2946302036
1.8790696352
2.7431865712
4.7928989928
0.1705365585
0.7567523524
0.8986120200
3.2237759085
0.7076532520
0.0981186379
1.2178198870
0.3405286235
0.0447644205
1.2531964588
2.8556149701
0.7494253510
4.3526199084
2.2618877681
2.8060194994
1.1316192087
4.4014607490
0.3600842359
0.6227681618
1.2601260979
0.1687925680
0.4474591884
3.5571094883
1.1381558717
1.0826815162
4.0775233432
0.2596663045
1.7594486176
2.0387165098
3.5941643411
1.4979498306
0.5199915189
1.2160019143
1.6653547813
1.5081636429
0.9027664269
0.0728304466
0.4726784857
1.3688518542
0.7518169587
0.7229604598
1.7326678776
0.2457505597
3.1412509145
0.1733055775
2.6023289607
3.0563605997
1.0343102605
0.6016034022
2.1715967567
2.2915868161
4.5323310501
1.3501240590
1.3727583354
1.1802222039
0.3488719901
1.8875428334
0.6025469297
1.0610371311
2.9741751902
0.5494837867
1.0216481943
2.6891215669
3.8230711896
2.8337289278
1.5669069400
0.8881441659
0.8187786822
0.2499140573
0.9307875558
2.7330742070
0.2702470011
2.1273971417
0.6211059669
3.4498153038
4.5847336226
0.2143107276
1.5138478588
1.4247365596
2.8265755079
2.8070400614
0.6429292201
1.8167611719
0.4664480805
0.2937634603
0.1966643424
1.1164084015
3.3004863239
1.8147035772
0.3034387006
1.1205563042
2.2541494311
1.5802370869
2.1478110954
1.4531627004
0.9131348329
1.9857539489
0.6068367398
2.3846162655
0.4183278705
1.0334717648
4.2853430266
0.8895052480
4.8964166699
0.2783397041
1.8502681802
0.0954166244
3.2842291862
0.4432860122
3.1209307276
0.7571033815
1.0176529943
0.1916790832
3.2508449186
0.6087571837
0.4232414864
1.6217211042
1.7824316933
1.8177738833
2.3434199430
2.3011604924
1.0168848842
3.9677023968
4.0569356635
3.9109115672
0.0650398948
4.1154913493
1.8837217598
2.2592462879
1.7177168007
1.7695811599
1.0416640512
0.9610176593
3.0494086824
2.4802843018
2.4453478336
0.0595847758
2.2945149887
1.4931379961
1.2181154104
2.4673691654
2.5947596597
1.5281783036
2.1042629874
0.3664836677
0.8683349994
1.7963918922
0.4428025330
0.5302011966
1.4730839928
3.3155130934
3.1575919493
1.8075692103
0.2097281906
1.6895206647
1.8479704241
3.5623395361
0.0620897270
0.6858457379
2.1119087237
2.3811329329
0.5558196797
2.4009564115
0.0553301925
2.0005072584
0.5396091683
0.6983427630
0.2265332229
2.1106285077
1.0027204980
0.2602769979
2.2038042638
2.5391697181
0.9685362044
0.3248985007
3.7724507526
1.7807340522
0.3675172527
0.8941638678
4.3221486001
1.8284200772
1.3215179623
0.3062273887
0.3388386755
2.3927962426
3.2923205283
0.1092317932
2.7728879611
4.4704855539
3.4007873609
2.9333633179
1.6807631212
0.1686427074
0.9440078155
2.9219434705
0.2760018836
0.8955936053
1.0672865185
0.4771951823
0.3311656835
2.4631400302
2.4249468564
0.5409100765
1.4676569159
0.1078310165
0.7491861472
1.4568658185
1.9365183981
0.5157771028
0.8394267729
3.7631095263
0.5924136673
4.7028206943
0.7121960624
1.5105721714
0.2219107307
2.0505501824
1.1019370098
1.9675254783
0.9464496643
1.9442984475
0.2302834481
0.0246872976
0.4291723178
3.9213234447
2.0206734889
0.6638292612
0.4271192906
0.3717286900
0.6671711406
0.0541747200
2.0585360848
1.9307535840
1.1795040641
1.5203770692
2.4411550479
0.5439855902
1.1365245007
0.6367155854
3.1536777165
0.3678211870
2.5281814520
0.6920006452
0.3239524320
1.2318480368
0.6666243966
2.0721421663
4.0635850555
1.6151838200
0.3371297121
2.1338967048
2.8613516751
0.0117824512
0.2756521302
3.1514122967
0.8748119597
2.0545896115
0.4806665066
1.8019349428
0.8432979471
1.5246636171
0.4189074238
0.0126437896
3.4108380048
1.0092973976
2.7591409294
0.1898192903
2.1455217916
2.2890808059
0.4641877741
2.6967890754
4.6612430402
3.7577796294
1.4424687287
1.0306739944
4.3653918323
0.4969981755
3.0440041370
1.0434370487
1.0099845465
0.0853119044
0.2019826936
4.0609688326
0.7283903767
0.3497386202
1.4012672113
0.3158292143
0.3345290829
3.2527666880
1.2741361577
0.2577836471
0.9858074326
1.7192294326
3.2438129896
1.4748179758
0.1984385499
3.9667330771
2.7429285608
0.3281658674
1.7323543203
2.1554016606
1.5313011680
1.9419091166
0.0555705935
4.6898642143
0.9410363182
3.2007753427
1.3995319391
3.6767479464
2.5823521618
2.5262474095
1.3439449227
1.8488354346
0.0022550760
2.4899390440
4.8788781637
1.0856096807
1.9313695623
2.1868456914
0.5905994627
3.3722298931
4.8906938621
1.3133081489
0.2940541787
2.4045773256
2.7334427492
0.2365757160
2.0392153919
1.6847599830
2.6998467707
3.4015653111
0.3398779703
1.4088724581
4.2267128407
0.3411115483
1.3224851341
1.9428605962
1.5146749835
0.1092439451
0.2983675079
1.8557522002
0.0062929115
0.2047203510
1.1502273326
0.8756218080
1.0629083046
1.5272059602
2.8900713824
1.6494280125
0.5020622733
2.7681106425
2.1992677301
1.0982185392
2.4204468593
0.0067953446
0.3255868584
3.0073382763
1.2974106216
0.8607255157
0.8059294979
0.1462945261
1.0032297801
0.0772569404
0.2447653533
1.8488354406
1.0907633301
1.7972984629
0.2485610601
0.5713726073
1.7823068425
0.8360363785
1.0428074127
0.8458354474
0.7476179755
0.4757687376
0.4188729669
0.1438101543
3.7773673764
2.0328153358
0.4997397103
3.1127869323
1.0131626207
0.6661268722
0.9892610442
0.9277200363
0.9993977871
0.9763797960
1.2838866889
1.2415606565
1.5019415606
3.6169362887
0.0835318341
0.2319209607
0.1477058399
1.8876513732
0.3791108434
2.9608414114
3.8869043888
2.4039832637
2.3796205689
2.2637911985
4.8635701742
1.3471100925
1.1020508055
0.3874318959
2.9452703320
1.4871193310
0.1408222573
1.4548372567
0.3031577226
2.2796927905
0.5237164648
0.6883387214
0.4090934722
2.6500894391
4.3497222865
0.5033852073
0.7690579252
1.0187748390
0.7686994519
0.1235776873
0.4382929061
2.4055234198
0.5489559240
0.9618978952
2.3163908342
1.0315013636
0.7147242217
1.8320953668
0.3717272881
0.5118613143
0.6058111017
0.3229992088
0.0810694244
0.7956567819
0.6604941866
1.1048903190
0.3286818363
0.2971555708
1.0806986428
2.4585543622
1.6086860720
1.6127248216
2.3561133984
2.1268117724
1.3935294793
0.8265185122
2.2477668539
0.7519196625
0.7178706299
1.4992287282
2.5933287958
1.5425343589
1.9775325072
0.4779598503
0.3431074007
2.4639317621
0.7669784416
2.6978491921
2.0401485222
0.9388100455
3.9035494479
0.2736507290
1.6456850590
0.4592569591
2.3734157929
2.8784609455
1.0884663217
1.0273826506
1.9677286728
0.5654431086
0.9141150370
0.2434100261
0.7351440986
2.0889532314
0.8522088724
1.9826814954
1.6683782906
0.5784152326
1.7750811450
2.1828335238
2.3906988903
0.8296462592
0.9165309223
1.5679280679
0.3711837528
2.7148306588
0.9570624298
2.3723704596
0.6950539869
0.7466743266
0.6396420493
0.4977459927
1.1352406553
2.4399303060
1.9889298769
2.1181363755
0.0738977626
2.8910403042
1.3937884309
4.0123341674
0.1974734515
0.1907501442
1.3861932056
1.8717881367
3.6783161302
0.9571894135
1.6162254547
0.4254230477
0.5329383269
0.6352195525
2.5441555930
2.0497011775
0.7604244018
0.0141809657
0.2647552939
0.7578422326
1.7031639205
1.4141387513
1.2795945231
0.6433440442
2.4998700209
1.5118366238
1.8482937502
0.3610101389
0.8121652795
1.6493924749
3.2601296881
0.0197953625
1.5669946195
0.3548802512
2.0401556034
1.7685022750
0.3084471445
1.2209697168
2.0370100002
2.1504319744
0.8087627519
0.5068345566
0.4279019615
0.2579466952
1.7426039071
2.8571141541
0.2935585181
1.0012389779
0.4657233381
0.2042774798
2.9004493977
0.1476184619
3.5994756975
0.9901872908
4.1955489268
1.0290324761
0.3264597086
0.4964240984
0.8452022392
2.0442534896
2.1540584393
0.6799497264
1.2071473669
4.1133180385
1.8844670338
2.2188568929
1.4224359204
0.1282265679
1.8800601816
0.6086062312
1.0184741105
4.9477433035
0.6525079662
4.3770546851
1.8280986636
0.8362665821
0.2663694696
0.8887570848
1.0630375031
0.7212318500
1.9781667023
3.7163110175
2.3730412222
0.1396772828
0.4813722349
0.1556734848
0.8709219900
1.6665451265
0.5075096838
0.7528098782
0.7785196775
0.9301361226
1.5233550047
3.0315263623
1.8693445026
1.6046535290
0.6657277736
2.4662102420
0.1163001448
0.1787306143
1.3620317588
1.2641407500
0.4261551517
0.5257421188
2.2343244611
3.4364171717
2.5448266617
2.2557467539
0.4018552438
0.6450209306
0.2418962853
1.4170406152
1.1308353641
1.8181069804
1.1498844538
4.2640502284
0.8556396717
0.2661353645
1.9110417577
0.4848533662
0.5695038027
3.5238183210
2.2343139743
0.9052108434
1.3092753326
1.1182476662
3.3711733190
1.0416077341
2.6328076328
1.8400894039
0.4480957958
0.0025881972
0.0629353150
0.2808545930
2.1150396247
4.1732070918
1.6147824767
1.8917278616
2.8085759546
3.2458440168
0.4425457096
1.5986010116
0.2373199269
1.8558898926
0.0142236487
2.5109487765
2.4030157971
1.9965103424
3.1142933468
2.2854596393
0.3948825088
1.8197231710
1.1151686105
3.0830531175
3.7965220531
0.6830210133
0.7758885701
2.7174187319
0.1109296699
1.6340094761
0.8770919473
1.2120417123
1.9866142647
2.3395738788
2.0449910166
1.1720467678
0.9939841296
0.0068893305
1.1041958177
2.0175964014
1.9778313431
0.8179342154
0.3594306336
2.3791765596
0.8866802709
1.7040456298
0.4127337799
3.9587495570
0.5033799520
1.5445334048
0.8239059740
1.5467762266
1.6370390558
0.1561302073
1.2668353726
0.7579093296
1.9000414910
0.5690504172
1.6797114174
0.1492799229
1.3438301348
1.1174231671
3.0722450383
0.6881775241
0.0429427663
3.2442731402
4.0729734385
2.1184867826
1.1524584900
0.2952254155
1.4623831343
0.1391959286
3.5221963026
0.3176555391
0.4760664851
1.1494620118
0.2158922426
2.5029210091
0.6845743190
1.4688272874
0.2258481072
1.2119166481
0.3818045547
1.0047476200
1.2314579815
1.8824848127
1.2378878689
0.9918243434
1.8039002400
0.2870449810
1.8209202724
1.0095575691
0.6374227452
0.8060613510
1.1106713605
3.2653359185
1.2834109606
2.3911555781
4.2999109399
1.8947713193
0.0457796949
3.5122372233
2.2332509437
0.4387289462
0.4700352749
1.2950946623
0.0878015801
0.7821943992
1.4194727497
2.2412074924
0.8391518073
3.5003969207
2.3167301662
4.1949526888
0.5538580540
2.4938549920
0.7937062791
0.1413849349
1.5312754457
1.3303171178
1.4327370521
3.5445274566
0.4651797584
1.5616774008
0.1078975320
3.3145403354
0.0988988937
1.7489393136
0.1939705843
1.6003636098
1.8541189299
0.7850199044
2.3944686325
4.5615481288
1.7215564104
0.3770028340
0.9312750888
1.0356984761
0.4384975100
0.7083372615
0.5845875779
0.2508124399
0.1558913552
0.9780788829
1.9221294987
0.1749218834
2.0220728791
0.8719693456
0.3309180772
0.0913591579
0.0291220641
0.7210113907
1.4009981069
2.8680989106
2.3637606484
0.2399471605
0.6824264824
1.4328272822
1.5301283200
2.5615431334
3.2872716130
0.8770290932
2.0224807247
0.7254684125
3.1932657294
2.0148985324
0.8118106710
2.2657198562
1.3311109966
0.1825168995
1.1425910960
0.2874024297
3.1307967452
2.2913815855
4.4432797220
1.8770147088
3.9745808482
4.6712445574
4.2656294804
0.1646216075
4.0019718077
1.8257603907
2.6555395187
3.0963660527
0.2596794464
0.5785680867
0.8469088633
1.2794675361
4.7039643113
0.1579284031
3.2598839157
1.1663745030
0.2743501387
2.3830607745
0.5389586759
0.9059990112
2.7229843887
2.7985630222
1.4558596293
0.2088520131
0.9267352957
1.4615891617
1.7149125048
2.3485467111
2.4926393510
1.4968557038
0.7133371284
0.0791443404
3.9923091668
1.9755212627
0.6556040415
0.6360389134
1.3790200353
1.4283678390
1.3406933190
1.4087637125
0.4959419680
1.8272541158
3.2104603040
0.7542291622
1.4145906258
1.0210873145
3.5917317324
2.2296125748
1.4346806483
0.9095812870
3.2917207509
2.3471535206
2.2138790229
0.2927888966
0.3595463770
0.1765872258
3.1026992831
0.2162226640
0.8409081497
0.0275893865
3.2121135103
0.4500893924
0.6789442138
0.8398159323
0.8088290831
0.0636548246
0.1740056751
0.1470459232
0.4145331897
0.0631683670
0.7373066798
3.3720263107
2.6116161672
0.0438137486
0.6326284099
2.6832563352
2.3300979559
3.3020201569
1.5926003805
2.1779522307
1.6906094917
0.4533449584
2.1319768151
0.1315737005
4.3785683009
3.1273287823
2.8896157436
4.2064663840
2.3659391031
2.4313052575
2.3871359389
1.7598526907
0.6951509690
1.2773913238
0.4077853914
0.4555985328
1.6804298681
1.2639277757
0.7209714957
0.8022005357
2.0877485560
2.0979638093
0.4893039533
0.9366415630
4.0537910512
1.1381966497
1.2623481445
0.6039452148
0.6695863087
2.7622185456
0.4341389073
0.9576793977
0.0114243913
3.1337321863
1.5248095030
1.3658726790
2.2184144806
0.4391351597
0.5497076231
2.3632629351
0.4573602068
0.5094295384
1.2142137055
0.7150868651
0.8147011853
1.1184553908
1.0807386212
0.2275865664
0.4517046503
0.9711732510
0.2660374861
1.2384776294
2.8062714769
2.1455155473
1.3720631007
0.1726396094
2.1109885337
0.5085530015
1.4951671591
2.1624637401
0.1376775256
1.5552163042
0.7788382318
2.3714505865
0.9223608344
0.2857804906
3.5238103635
0.5465318432
0.0102028177
0.0348961359
0.4533044355
0.5582524862
3.0088728426
2.5616971814
1.7306931589
1.8164354700
0.4060208610
2.7917062865
0.4430521114
1.4256223227
3.9281940201
0.7602533009
2.7665701450
3.2448583226
1.0783751590
0.1101420774
2.9323042958
0.3948342834
0.9237289698
0.4753460022
0.5830569552
1.2023349911
1.8409799708
0.5428921704
0.3505835769
0.8068218889
0.4062270534
0.9416008137
1.6833869178
1.1610008889
1.4684392872
0.9254417022
1.4364267345
1.6345355774
0.2252729702
1.7311505362
1.3160289002
1.8189380113
1.8461699686
1.0684634028
0.8068841864
0.5221184054
0.3205222600
0.0658399449
1.3853692345
3.1506940435
0.8511079159
1.6879403773
1.7495103683
0.2710281509
0.7142043488
0.5938592537
2.6653533388
2.3728635501
2.8258499720
0.4066447826
0.5403323775
0.8076540822
0.4218669403
0.1212574053
2.0360575843
1.8343988741
3.1928670135
0.5216271973
1.3917636908
0.4571868370
0.4167135572
3.3860447995
0.5217040922
1.4029907375
2.8880567761
0.1355418534
3.6816038730
0.7558180412
0.3798646656
0.0603941834
4.3803538097
3.3327331289
2.7146830632
1.8847517842
2.4517117453
1.2871949602
2.5063622677
1.4900278888
1.6660729086
0.5479167011
4.6559096591
1.9968349271
0.2670015653
2.2504781637
3.9028353435
1.3873105535
0.6999370220
0.0118954259
1.0645751197
0.5082081584
1.9135553721
2.0412486528
0.5226793271
0.2341595009
4.3147641426
0.6722997007
0.4485883522
2.0399300381
0.3497760316
1.6517473219
0.2227381022
0.1698358897
1.7380088864
1.3965084428
1.2301614911
3.8553515125
2.8535695207
0.1157748859
2.9438770615
1.8619238295
1.2763966588
2.3769795191
0.4330138371
0.0591306574
1.1108723071
3.2712890264
1.2464056720
1.4883994558
1.1664041927
3.0888037524
1.6803542406
1.4974147859
1.6188580968
1.4617642793
0.8438639809
1.2349472447
1.7747656700
2.1194637534
0.8327418636
0.6905043791
1.9410195908
0.4267734235
2.7981436138
1.0504761861
0.1521514746
1.1932323262
3.4897968969
2.0610426357
1.9702815792
1.6545519461
1.0200200298
1.1949993182
0.2533777180
0.8486502671
0.0488895799
2.6571465140
0.0727523869
1.8558711596
0.3676902976
2.1443405255
0.2851773502
0.0526099938
0.9525437850
0.3558781823
0.3945432259
2.4389895178
0.0588493860
2.7981208125
3.0370405246
1.0108403744
1.5022995341
2.0631968738
2.9038223818
2.6094082566
1.6096767102
1.7621193906
1.6962825947
2.4733746106
2.5721453921
0.1416653853
0.8841367266
0.6891015575
1.0801899999
1.5154630562
0.5912749870
0.8991443251
2.0606205960
1.0154991739
0.5159292087
4.7305569992
0.4854501728
1.2144902714
0.8703515724
4.8308915258
0.9527463951
0.2568100791
1.5225209026
4.5387871450
1.8283242102
0.2227516164
3.0620714559
1.3741197047
3.4228843687
2.4682934511
0.9840788234
1.0686535272
3.2486886150
0.8457064143
0.5709386665
1.0774799501
0.0658501297
0.2842554116
0.5151129114
2.3063883615
0.1736019840
0.2064984654
0.7273491437
0.2004793405
0.8548211136
1.5049874659
1.2321235652
0.5211619247
0.1250388155
0.8068241152
0.8444103335
4.4631856195
0.2203705675
0.9277895918
1.4047039672
2.9267723640
0.7296602076
1.0953269352
4.8385830943
1.1897994586
4.4026924924
0.4232213149
1.4686408006
2.7445342701
2.1841853545
1.9128979611
1.6021642582
0.6340813376
1.4852811705
0.5086602202
3.5080983142
1.5024606909
2.6265381663
2.4509654527
1.9831792948
4.2248089617
2.0402195094
3.6403366341
1.4486529776
0.2917546076
0.3475227800
1.6398522025
1.8016394682
1.3941688093
0.1473719569
2.1629788926
0.2174797873
0.5702394931
1.1926278413
0.9063110126
1.7112406583
1.7157114883
3.1668633498
1.6810031532
1.0952628191
0.9762432263
1.2966416270
0.9208697558
2.4062614613
0.1371292033
2.1341080549
1.5820702893
0.5553016775
1.2820684323
1.7471798709
3.3488783735
3.1383584725
1.3910516179
2.4844348181
0.6835419491
1.1382856384
2.6756123068
1.3710429363
0.1392975504
1.7173104786
2.0302473002
2.2622396677
1.7253316160
0.6092418856
1.7445584843
0.7202577801
1.8487080282
3.9257487769
0.6711173983
1.6751431286
0.7654251821
1.9305376178
0.0024857560
0.9277404068
1.3839042263
1.9835378949
3.6532167074
2.4295315064
1.6932215975
3.2984325554
2.4511454540
0.2354307300
2.4950341654
0.5197201229
1.2641022844
1.0811908214
1.8908233163
1.2606911149
0.6443591774
0.4822742941
4.6921909997
1.1801879347
1.5139221416
2.6311962452
1.5976186206
1.3652048871
1.9243888460
0.6457818107
2.7807410385
1.1441415052
0.6454294798
0.2672347429
2.7953831684
0.4644023252
0.3022518598
0.8236393990
2.5498236475
2.8708574576
0.9675476953
2.2937812598
0.7997257014
0.3248382572
2.0904899573
1.3093542191
0.2722433828
2.0723245423
0.2014131975
2.0471141930
2.1482543047
0.2744600359
1.2034794730
1.3022518721
2.4311905704
1.3295704564
0.4722928412
1.9819499885
0.7067043358
1.9861852715
0.5022194317
0.5721877872
0.6973945813
1.0358089126
0.0175971495
2.9483502065
0.1882145086
4.2576490294
0.0705168803
4.1793224833
1.0154882724
2.2400700786
1.5009704256
0.3947451595
0.6647294569
1.6107112098
2.6781040979
4.2950171674
0.5488824128
1.8791483072
1.8577051216
0.8771664813
1.6587612255
1.5252814198
0.3968089133
2.1294280523
0.1587431101
0.5693030611
0.5108128403
0.6292309796
0.9493872647
1.9450649726
2.8640610939
0.7099245617
2.1529075961
1.4311283790
0.2084647494
3.0741725568
0.3945178818
2.1908433073
1.7159303084
4.1004643993
1.7804131790
2.3218064969
0.8507550444
2.8009390315
0.5947148538
1.5575692245
1.0913969933
0.7143252420
0.3398136357
1.0788322724
0.2102314831
0.8297686252
0.2034130272
3.1575889815
0.7322127308
0.3057655886
1.2107378659
2.1507043115
1.1849499208
0.1229227884
1.7402274840
0.3216516865
1.6508021986
1.5926833512
3.7483960900
0.1513857439
2.4161084791
1.4456449440
2.7632410771
2.3072034452
3.5296903082
2.7222844562
3.1303401272
1.7015231122
0.7356427735
0.7019284359
2.6607253382
3.4690954351
0.5534989409
1.6551857903
2.9872133469
1.0691482834
3.3991170873
0.9623636838
0.8649826614
0.8612069160
1.6743538807
0.5561384565
1.5284775861
0.5198549876
1.6840930557
0.2391326487
0.2597537769
0.4427735927
0.9309922291
3.5898501355
0.9278832563
0.1893315431
0.4408580274
2.8921994122
1.4326526390
1.4436395048
2.3178350757
1.9841189476
0.5990928818
0.3475441662
0.3744844255
2.7198889323
1.4188425419
1.0502952545
0.7473144515
1.2373097398
1.6830427071
1.8016088725
3.1573827817
1.6819572745
1.2698018383
1.1915225291
3.0513629818
4.9798763788
0.7113298800
3.0945144929
1.4613800964
1.4675022696
1.4494135674
0.3658028831
0.5711877521
0.8330929516
1.6791923196
0.0217616019
0.5251224097
1.0463595716
0.1039639067
0.6927225909
0.8183127161
1.1128793091
0.7283816805
2.4221205646
0.6767926631
0.0454020376
2.7792931455
0.9858044049
0.0010151422
0.7354398937
1.7171232511
3.1731878098
0.6998540328
3.2226673728
0.3255448671
0.5875978452
0.6314406035
2.5124269346
2.0065640866
2.6810022608
0.0254646889
1.0033963586
0.2058727035
1.2784108096
0.1047348565
2.4211957721
1.4782821516
2.8331912011
0.8675450341
1.2522074443
2.1528788844
1.3363130931
0.9930769145
4.6185680283
2.8066079334
2.1351347902
1.8625400659
0.6742214176
1.8818117064
2.0510718898
1.3386019352
1.5485912494
0.1186317338
0.6438031387
0.3005902210
4.3103111770
2.9470278325
1.4216525699
2.3404490001
2.9579205524
2.1691302307
0.8100577107
2.9401350498
0.8820250201
2.1892927580
0.6600835746
0.5017573318
2.7421544963
0.0457120052
0.5699834731
0.1228396936
4.8527000477
0.4694047026
1.7836251934
1.7952858595
3.1451979333
0.1556899857
1.9128423439
0.3081308318
1.4027616106
0.1190161335
4.1098641286
1.5464482181
1.4582131471
0.5137341430
1.1150046506
4.2385171682
3.0453140604
1.6377005194
2.2229823591
0.9752723759
0.4112755048
0.6278064028
0.4842583911
0.4363066938
0.7989183443
2.7723729944
2.1887621997
0.4598137917
1.1353355339
0.4534758107
0.3330240629
0.9566863260
1.5218861703
0.0568098507
2.7060890644
0.6812790952
2.0844706760
2.2333716804
0.0692581272
3.4346687109
0.8707935529
0.0465252863
3.1345012610
0.4313456612
0.9702411536
0.5266627277
0.3100782674
0.0649118560
0.4393401009
0.0042636551
2.3396309695
4.9289201280
1.9763733974
0.6412920333
4.5552940976
2.5479308477
2.1479314300
1.2759400534
0.7031368151
0.1694652872
1.3006501111
1.8108972869
1.8803159076
0.1645929232
2.5003962769
2.5978828642
2.4622766894
1.7538907634
0.1766866267
1.6619039824
2.2024444765
0.9644822589
0.8703716300
3.6739588699
4.7229125383
0.6199790271
2.5651323670
2.0866147873
2.1852020383
0.3554166697
0.8746758927
1.4186665043
1.7698692043
3.5864132927
2.5123839349
2.0546740557
2.7802822185
1.9509942679
0.8647075454
0.1875192647
2.4128117763
0.4387558720
0.4130203716
0.4836932616
1.2758718224
2.1007245508
0.4707272956
2.2624899614
1.2556065941
2.7246504509
1.4175449695
2.5859335496
1.5814339988
0.4204725384
0.8821345651
1.7826549596
0.1044669737
1.2948087008
3.1567989153
3.9437063521
2.0011874005
0.3017208343
0.2140863392
0.2751381909
1.5738115767
1.6670844955
0.8855347247
2.4097420402
2.0721364648
1.6004022904
0.8031782089
0.3394312171
0.1249189985
0.3680868141
2.3822755781
1.3738765631
0.0781025251
1.2353641666
0.2354227686
0.8358870672
2.8347943201
0.2785200262
2.3941803692
3.1430188168
0.4740744811
0.6330553814
1.8131462330
0.1692138290
0.5215243380
1.3079342439
0.2113989582
1.9821557848
0.5167566751
1.4001551447
1.9842732664
1.3293914765
1.5053830096
1.5454693848
0.8295213969
1.4554895044
1.5435506072
1.2575307171
0.7733240254
3.5043408555
2.2679531990
1.4353111986
1.7101142834
4.1720378636
0.1362843368
1.3203002037
0.5672091705
1.0117671146
2.0956147690
1.1800449145
1.0539402823
3.6396801059
0.7137214595
2.3663422422
1.8210870954
3.3459362992
0.1828080613
1.5999937988
2.9608354862
0.5370924468
1.6985974547
0.7106502216
1.2736070566
0.4678412769
4.2358103039
0.7898601935
1.6322451630
1.0755871949
3.0347752227
1.6928158903
1.0858294845
0.2576773473
1.1850248594
0.3875638957
0.5916820119
0.3650810915
4.0249711289
1.2818639848
0.1510266475
0.1255395911
1.1070213442
1.1438266666
3.0334904976
4.9383874251
1.1032383434
0.5303557062
1.4371353180
3.6561487136
0.1236316681
3.2834733732
1.2189239369
2.5839743871
1.6384498169
0.4975995243
2.6953983156
3.6137114676
0.7376017295
4.8781954442
0.0931390163
4.0233881613
2.1964258217
0.3566154570
1.3498158019
3.1462239158
0.1322520118
0.7328055774
1.9571715155
0.4737944511
0.0603168166
0.1735216555
1.6481992390
2.0024234708
2.2495287858
3.7741251078
0.1017590722
0.5547513191
0.7998548889
3.1293521028
1.8794624917
0.5835247021
3.9252030896
1.8339759398
1.5314199470
2.9504133045
1.5253444059
2.1763450160
0.7813604020
1.7462290717
2.3915362767
1.8967292794
1.1020953806
0.4405361153
2.6325472353
0.2903357403
0.3782666985
0.7983746930
0.8582125885
1.0463627629
3.4971179302
2.3690638638
0.7632771387
2.0687148694
0.1952424398
4.3725590380
1.9424932529
4.4560386691
1.1229134646
3.2049939016
1.2558591069
4.6535860566
1.6136659676
4.5262944320
3.1131979053
0.1145691457
2.0603937021
0.0600125992
0.5297928848
0.2365522902
2.1339333551
0.2304714728
1.4052743746
4.6891837802
0.2344816884
0.0291825544
4.8596001138
1.1795726302
1.2544201016
3.7466516368
1.2384237733
3.1409125200
0.2855521731
3.3640862499
1.4667177996
1.4695597459
2.3215879448
1.1091045867
1.4786863184
0.7803345236
2.7897504386
1.1719441258
0.7776180660
1.3907004790
2.2812217256
2.4973552312
1.8090576478
0.3827937222
1.7445468157
2.0532434126
0.2374384742
2.8862746047
0.6315910682
1.1492471535
0.5224092623
1.5945799267
2.8264155915
0.2448605381
4.2481682290
0.6634912083
0.4928036492
1.6113066484
0.0691754868
0.7630482477
2.9332575710
0.7606614070
1.5521092571
1.1072106226
1.7549002579
1.8891055439
3.1656339012
1.7421091552
1.8793558316
0.6626590067
2.0730789580
1.0613167407
1.6931362588
1.4625345620
2.0949942397
0.6473301154
0.5227559048
0.2518027596
0.6349012544
2.2238065897
2.3493392769
2.4535083536
1.3135696129
3.2642723209
1.5372748039
2.1805356871
1.0880426233
0.6490728932
1.7202536807
1.3929956338
2.4707414277
0.8777747030
0.7677843770
0.6119989949
3.4366995075
1.9044909452
1.5256742950
1.5481201333
3.9038215392
3.4179859395
0.1378314846
1.4319727764
0.8326267566
4.1264228590
0.8151898343
0.7142097217
3.1177308621
1.3319385597
1.7359660977
2.1339195475
0.2772931878
4.0339684581
2.1693975123
0.5309100386
0.2127058198
1.2009857654
0.7051052941
2.1624651270
0.9317604511
1.2205128536
0.7777592733
0.1087875960
2.1885132478
0.1432069422
0.8313390158
0.7229427571
1.4904222141
1.0421296248
4.8784367832
1.9183759838
3.2457682070
2.3290308675
2.5549439250
1.1855445939
4.7417808273
2.7546234882
0.1950852182
1.5857522388
0.7440239228
1.6920257669
2.5413706824
3.5496756564
2.1442897274
1.3322296188
0.1438844356
2.1052769048
0.1981752887
1.2392457571
0.3001100172
4.2984201887
1.5448618652
1.7077402657
0.1510457358
0.5608572751
1.9854956843
0.9742551573
1.0600490834
1.5211600822
0.0624535299
0.8432521125
0.2660821431
1.6188680326
0.8991380361
0.7054603904
2.5311647784
2.7054031579
2.7379695495
0.8367883748
1.4592339592
0.5652809601
1.4647970109
4.2071966570
0.2370934379
2.9351381271
0.2517520341
0.7643218474
2.6896490176
2.0482534618
0.3347287480
0.0294298037
0.4745413101
1.0146470804
3.9095833782
2.5425506141
1.6684396205
0.8670487665
0.4579840892
0.8609291381
1.1061325969
1.9052635507
0.3350843394
0.0446152335
2.3252227421
0.3052461569
2.5956574420
0.6154507229
0.4107869325
0.2476615327
1.2923254981
0.5747830625
3.4984677613
1.4607072710
1.8274562716
0.7723623264
1.3485810647
0.6010709480
0.1629747552
0.8857548827
0.1746973519
0.4192417724
0.7276452247
2.0633201585
1.3920383091
1.2786427736
0.2407876399
1.8156232659
1.0552283625
1.3624962439
2.0305536744
1.4842887382
0.5333257523
2.0050390027
0.3727121493
0.2481431428
2.4614843947
0.0359007776
1.8658009096
0.0945913960
0.7123138737
3.6168550430
0.0274519720
3.6942927669
1.7543724402
0.7982620178
0.0294353256
1.9141652454
0.3066903989
1.0391365954
1.7763364333
0.7807012357
1.6117157375
0.3903381652
0.9296295040
0.6808249048
4.3560074942
0.6187834204
1.8465066065
0.0681992209
1.4961324132
0.6177855956
3.7466099891
1.4397831051
4.9149807055
0.4082249643
3.4877530945
0.6392989610
0.9331386105
0.6111564087
1.5371215079
0.3815399978
0.7065434331
3.0321505134
2.4871402661
2.0229549690
3.0690386649
1.6170802924
3.5629448158
0.5380740285
0.6353877471
0.1744316352
1.7360515912
2.9782018954
1.3744571094
0.6938539065
0.8696175700
0.2960696990
1.3718632741
0.4629992832
1.6462688001
0.1421435696
0.0967830948
2.6204963821
4.7007100387
0.2015950621
2.5623964249
1.0462749018
2.3985974422
3.6571024537
0.8148199908
1.6913581607
2.1754022897
3.0866973434
4.6996613121
1.9476211929
1.1061022710
1.4607114702
0.0517097335
0.2708569415
2.3080615591
1.3593310679
0.2400649831
2.2327002036
0.5010600854
0.7214413044
0.7481915084
0.4256716361
0.2234743389
1.3832404895
1.4876433827
1.1372743045
2.4307916823
0.6782066190
2.5100223270
1.5400131288
0.2589422287
1.4773541083
3.9941582888
2.3992373546
4.5172486263
2.2684089642
2.0989927741
2.4440453219
0.5992819451
0.3581139321
0.9613780118
0.5650484441
1.6886226088
2.0666531200
0.8152240330
2.3081069936
1.4992107401
4.4970175634
0.5645201630
0.6160458647
0.7911519001
2.0565547566
1.9818095830
0.3067927509
0.6534806839
1.3776138652
0.2064793919
0.5981776686
0.5326129288
0.2449872903
0.9632713860
0.4174274446
1.0109361701
2.2826524085
0.2233621063
0.8773604585
2.0867718623
4.4594805171
2.4741943404
1.0550999453
1.5034978508
4.5757087091
0.0467351768
1.3930273662
1.5871599727
0.5584004283
0.6016257699
3.2947240905
0.1746556465
0.3963180136
4.1916819243
2.8451219801
0.1228470844
1.7964090146
1.4224724663
0.2158621521
3.6096913079
0.9600576032
0.0810658600
0.3946218173
1.3337745225
4.2828504146
2.6248136364
0.8000681940
0.8631047955
0.1923406782
1.6886234498
0.8081192689
3.5638495741
4.3986612141
1.8140030717
1.5431743015
2.1471886081
1.6351401827
2.1385268855
2.6721351458
0.2847081099
2.1075226635
1.6847551317
0.6170192642
0.3486297588
2.8878911244
4.8023697308
0.8050186510
0.5944869767
1.2976872898
1.5331347587
0.4328678458
0.8071386922
0.1750760671
0.7133171263
0.1032736562
0.9300364218
1.5771187577
0.0041294300
