      3.770393
      3.415963
      3.225913
      3.816293
      3.737585
      1.679846
      4.142151
      3.805181
      2.178704
      3.039050
      2.865075
      3.088933
      1.541654
      2.637906
      3.074721
      3.986878
      3.305421
      2.674476
      2.276340
      1.513782
      1.938038
      0.581860
      0.919172
      1.926547
      1.953728
      3.258323
      2.852158
      4.389718
      4.572517
      3.805738
      4.093271
      4.986054
      3.550609
      2.966992
      0.880322
      1.681515
      1.895474
      0.784184
      1.349234
      2.758138
      4.389810
      2.886166
      2.428239
      2.598526
      3.321261
      4.596155
      3.789713
      4.845547
      3.788157
      2.861962
      4.146981
      4.285055
      4.208590
      4.715628
      3.579026
      3.996952
      4.063378
      4.183905
      2.903328
      3.785500
      4.920792
      3.447725
      4.796865
      3.524761
      3.484647
      3.281585
      4.162535
      3.650386
      3.229910
      4.536164
      3.693611
      4.209286
      2.820103
      2.081462
      2.497061
      1.232046
      3.355842
      2.827616
      1.828487
      3.264071
      4.075726
      3.656419
      2.780556
      2.928075
      4.475062
      3.453574
      3.945093
      4.691643
      4.663217
      1.921456
      3.409448
      3.338998
      3.956582
      3.926327
      3.977981
      3.826422
      4.636984
      0.578623
      1.904583
      1.792915
      1.432524
      2.158420
      4.118552
      3.763827
      4.088522
      2.437035
      2.465746
      4.079518
      2.100654
      1.548400
      1.276563
      0.294855
      3.219740
      4.237444
      4.213253
      2.086055
      1.644302
      2.049541
      2.272896
      3.845449
      2.618245
      4.358843
      4.641875
      4.641309
      4.384878
      4.701856
      4.912435
      4.767046
      2.600545
      2.498740
      1.560181
      1.556636
      2.576806
      3.347072
      2.622964
      4.529225
      4.778971
      4.701709
      4.332073
      3.316286
      3.895878
      2.734172
      2.831991
      2.245333
      3.769078
      4.876862
      3.824862
      2.451170
      1.246649
      2.088204
      1.550964
      2.841421
      2.463643
      2.219266
      1.957341
      2.433134
      2.779732
      3.705622
      4.058320
      3.106866
      3.986839
      3.269276
      2.513860
      2.750211
      2.427540
      4.762393
      4.422947
      3.072691
      4.169686
      4.183409
      3.707186
      3.592336
      4.025542
      4.296501
      3.034741
      3.773128
      4.972196
      4.222747
      4.549077
      4.288149
      4.312120
      3.920852
      2.585901
      1.542838
      3.022439
      3.962552
      4.201908
      2.423204
      1.977677
      3.655387
      1.051855
      1.530570
      3.239707
      3.889799
      2.600220
      2.105967
      1.703257
      1.699003
      2.383795
      4.446457
      4.751512
      4.339745
      2.058749
      1.434045
      3.686646
      3.353956
      4.106443
      4.239767
      4.610630
      4.368084
      4.859184
      4.923333
      4.743067
      4.030011
      2.491554
      2.993686
      2.651171
      1.438758
      1.124291
      3.738648
      3.309241
      3.002182
      3.602563
      3.813806
      3.380139
      3.936634
      3.565178
      4.275358
      4.853757
      3.468835
      4.910779
      3.108746
      3.011769
      2.795539
      3.210275
      2.190090
      1.697761
      0.485682
      0.985735
      0.935213
      1.748560
      1.457215
      2.648238
      3.179932
      4.415242
      3.735269
      3.471232
      3.896629
      3.302303
      4.699274
      2.914352
      2.896316
      4.751799
      4.388202
      4.156287
      4.188666
      1.958270
      1.049337
      3.178515
      2.963408
      2.797984
      2.119181
      1.556229
      2.108431
      2.327909
      2.361509
      4.296294
      4.054458
      4.178672
      3.358111
      4.888199
      2.250814
      2.185739
      2.932080
      1.272507
      0.169971
      1.810219
      1.209365
      2.637758
      2.403838
      3.867902
      2.967482
      3.209420
      2.851243
      3.883689
      2.943637
      3.342748
      1.864138
      1.647368
      2.637445
      2.773724
      1.686549
      4.754960
      4.911082
      4.230112
      4.726036
      3.926066
      2.699158
      3.741840
      2.900655
      2.569283
      3.846070
      3.526400
      2.479938
      3.433858
      1.717455
      2.582039
      4.331276
      3.213703
      1.159526
      3.206964
      1.640937
      1.176514
      0.971136
      1.266016
      1.709673
      4.824697
      4.234630
      2.495831
      4.557589
      2.947757
      3.628823
      3.458752
      4.211607
      2.152127
      1.309747
      2.733053
      2.696593
      1.835693
      1.291968
      1.823989
      2.985241
      3.782267
      3.364028
      3.968242
      4.726243
      4.237680
      4.694205
      4.541127
      1.405235
      3.911076
      4.600335
      4.813406
      4.445212
      2.937846
      2.667129
      2.939593
      2.887383
      2.760723
      2.714528
      4.479595
      4.776910
      3.676438
      3.277172
      4.004531
      4.958561
      3.547433
      4.449154
      2.749766
      2.683022
      4.122281
      3.575153
      4.564509
      3.373850
      2.472145
      2.500547
      1.990315
      1.126048
      1.957570
      1.029919
      1.962555
      3.216673
      2.820979
      2.240095
      4.212403
      3.094715
      2.551910
      2.389015
      2.562099
      3.586685
      3.920431
      4.038240
      3.400264
      0.904257
      2.122677
      2.642785
      2.788799
      4.317780
      4.858703
      3.906021
      3.567056
      2.223142
      2.941637
      3.920071
      4.247751
      1.774343
      3.451900
      4.445258
      3.877705
      2.581086
      4.660593
      4.204978
      4.284214
      4.386114
      3.301127
      0.637812
      0.266554
      1.554270
      2.621124
      1.835012
      1.373253
      1.718479
      3.024406
      4.098736
      4.349860
      0.581472
      2.083174
      2.931515
      1.104400
      2.200645
      2.441499
      3.444363
      4.197111
      4.652354
      4.443753
      2.083174
      2.145867
      3.524917
      4.911385
      4.425027
      3.767630
      2.951613
      1.371032
      3.836163
      4.810179
      4.632175
      2.543813
      3.168033
      3.453087
      1.559053
      2.485303
      2.826859
      2.750261
      2.908604
      4.320549
      2.976832
      3.759038
      2.740832
      1.949518
      4.486543
      3.246736
      2.683398
      2.874703
      1.690170
      0.322237
      2.070314
      0.959840
      1.437819
      2.103619
      2.498933
      3.230023
      1.902999
      2.542088
      1.016213
      1.516383
      1.148657
      1.300783
      3.429693
      3.634532
      3.031592
      3.402397
      1.054769
      1.609044
      2.376386
      1.959126
      2.714354
      2.943072
      2.695471
      3.238135
      3.184849
      4.635564
      4.672472
      4.415658
      2.325626
      2.484477
      1.416918
      2.057674
      4.740259
      3.257213
      3.058565
      3.249847
      3.880846
      4.277224
      2.538190
      2.666868
      4.126479
      4.409255
      3.636523
      4.070405
      3.653386
      4.950910
      4.714925
      4.672956
      4.265074
      2.737449
      1.765813
      2.584783
      3.478761
      2.581332
      2.677940
      1.926734
      0.671262
      1.284142
      2.174459
      1.858921
      4.074262
      3.870840
      2.385855
      1.840451
      1.494129
      2.448023
      4.617136
      4.568421
      3.498189
      3.512085
      1.805023
      1.371815
      0.759568
      2.142146
      3.564737
      4.303686
      2.894222
      2.214495
      1.830286
      2.050718
      2.209395
      2.397726
      2.354991
      2.848525
      1.017148
      0.839153
      3.118173
      2.781079
      3.769312
      4.384331
      4.661743
      3.430048
      0.454913
      2.067228
      2.105058
      1.972714
      0.440968
      1.175263
      0.456027
      2.240663
      4.705030
      3.588263
      4.878468
      2.855784
      2.739697
      3.350658
      4.336344
      3.940759
      2.865194
      3.338011
      3.330745
      4.168915
      3.634664
      3.156805
      4.181999
      4.540890
      4.326854
      4.733960
      3.644261
      2.532900
      2.939476
      2.913052
      3.075398
      4.608049
      4.694715
      3.012190
      2.786165
      2.582585
      3.420484
      4.526062
      4.690602
      4.717056
      2.768936
      2.367867
      4.286142
      1.867573
      4.139143
      4.137558
      4.095093
      3.563905
      2.852050
      2.709628
      4.001413
      4.301057
      3.435535
      3.746586
      3.780111
      4.892129
      3.471663
      4.426397
      3.309159
      1.156932
      3.448758
      3.526617
      3.186022
      3.299237
      4.251411
      2.815235
      3.491242
      3.816810
      4.396051
      4.411071
      4.599971
      4.559819
      4.548142
      4.245332
      4.381694
      3.610883
      2.216780
      1.793138
      2.976084
      3.310613
      4.402498
      4.029925
      4.700614
      3.940518
      4.150320
      4.071489
      4.662893
      3.838995
      3.764450
      2.228411
      1.778240
      0.162532
      3.006389
      3.227094
      0.965928
      0.682580
      0.456326
      1.950543
      1.516113
      3.324061
      3.627568
      0.656429
      2.635189
      2.482554
      0.756860
      1.853424
      1.322052
      1.119257
      2.559877
      2.486113
      1.764623
      2.964153
      3.897725
      1.806805
      2.726109
      4.741513
      3.693533
      4.077976
      4.863266
      3.501749
      3.343743
      3.030182
      3.090259
      3.820105
      4.116886
      2.720818
      1.918264
      1.154011
      2.749813
      1.784472
      1.247483
      1.024019
      1.828498
      3.262008
      2.670616
      1.445009
      2.405808
      3.185700
      2.603152
      2.826979
      3.515519
      3.299090
      3.909634
      1.174664
      1.858639
      3.018641
      3.062738
      2.490121
      1.641374
      2.745507
      4.896505
      4.979598
      3.857892
      3.486564
      2.621288
      2.741316
      4.953947
      2.859243
      1.630122
      2.724213
      4.207365
      3.975988
      3.909377
      4.462082
      3.752038
      3.237184
      3.263338
      3.856132
      3.493524
      3.367255
      4.629000
      4.702244
      3.565591
      4.700140
      2.976460
      2.519404
      3.108220
      1.386350
      2.117157
      1.657780
      3.955587
      1.449036
      3.084708
      2.751771
      3.140154
      1.888206
      1.079702
      1.626385
      4.487500
      4.034403
      3.901458
      3.352469
      0.455825
      1.462984
      1.738878
      2.030777
      1.811575
      1.950386
      4.302043
      4.547799
      4.436251
      4.145907
      3.721158
      3.336675
      3.778730
      4.568365
      4.358401
      2.571903
      3.331585
      2.166278
      0.344789
      2.154129
      2.264239
      3.402465
      4.230172
      3.652010
      3.640503
      3.408076
      3.798074
      3.297380
      3.290094
      2.003562
      1.203372
      1.762664
      1.061010
      1.292065
      2.616527
      1.905191
      2.938522
      4.697335
      4.612395
      4.261850
      2.847754
      3.169550
      2.850262
      3.342250
      1.958635
      2.350681
      3.599974
      4.176744
      1.908192
      3.428889
      4.082016
      4.050327
      2.876332
      1.501436
      3.152672
      1.590964
      1.687806
      3.093100
      2.217691
      1.760102
      0.766222
      0.848192
      0.877234
      2.228008
      4.219727
      4.968990
      3.444298
      3.034115
      3.953547
      1.908842
      2.855835
      2.954368
      4.028287
      4.881193
      2.431871
      2.824713
      2.260242
      3.477384
      2.850729
      2.243647
      3.379023
      3.025920
      4.174757
      2.305390
      1.691922
      3.557882
      3.299487
      3.111765
      4.913226
      2.549159
      3.752939
      2.538257
      1.778705
      3.892126
      2.486121
      3.706363
      2.809562
      2.739935
      4.674870
      3.662643
      4.489224
      4.062284
      4.290398
      2.842502
      3.703912
      2.539482
      2.901853
      3.997677
      3.913009
      0.653461
      3.457065
      3.047898
      2.397806
      2.489379
      2.202476
      4.382045
      4.432489
      3.997948
      1.203660
      2.467803
      3.038187
      3.584234
      4.804352
      4.600486
      4.937071
      4.629655
      4.684638
      4.191810
      0.462898
      1.047444
      1.734296
      2.388484
      4.104716
      4.561634
      2.530028
      1.724439
      2.317326
      1.179967
      3.242028
      3.865715
      3.786438
      4.259756
      3.889499
      3.862814
      2.904418
      1.917332
      4.045956
      3.297585
      1.556556
      0.928766
      1.496034
      3.036334
      2.479659
      2.082524
      2.845329
      0.196342
      1.254467
      0.927783
      2.321994
      1.050663
      3.208618
      1.788441
      3.598011
      4.341712
      3.775474
      3.347369
      2.439011
      2.927420
      3.638403
      3.881174
      2.953388
      2.802655
      3.718283
      4.380640
      4.048871
      3.805372
      4.662373
      4.203150
      1.297487
      0.515388
      0.737128
      1.241191
      1.644658
      0.629746
      1.261818
      2.232365
      2.678126
      0.873820
      0.952666
      1.284877
      1.282986
      2.858228
      3.519866
      3.999554
      4.738278
      3.345157
      4.845671
      4.796411
      3.085104
      3.757650
      3.119382
      2.596743
      2.087045
      1.506008
      1.418005
      0.908481
      1.378700
      2.104483
      2.275364
      1.927270
      4.918935
      4.117226
      2.731006
      0.688020
      0.508670
      0.596105
      1.116997
      1.378714
      1.780135
      1.855551
      1.866725
      2.705291
      3.075801
      4.766676
      4.201423
      2.931747
      3.976965
      3.755301
      3.560194
      4.562102
      4.677939
      3.129974
      3.622014
      1.694133
      2.072237
      2.591977
      2.611281
      0.566060
      2.400569
      2.529499
      2.656762
      2.043675
      2.017588
      4.286583
      4.936102
      4.259589
      4.868303
      4.654878
      3.616000
      1.551824
      2.595512
      1.877078
      1.865189
      2.039188
      2.397272
      1.137996
      1.966971
      1.814629
      2.201927
      2.788722
      2.042914
      4.191675
      3.411004
      2.732387
      2.149894
      0.516449
      0.863245
      1.016487
      1.526872
      2.816053
      2.975416
      4.309467
      3.674136
      2.457518
      3.883399
      4.629163
      2.904377
      3.438676
      2.207592
      2.588498
      3.238453
      4.735898
      3.251587
      3.983061
      3.010607
      2.298201
      3.305175
      2.392833
      3.228586
      4.543474
      3.614814
      4.347515
      4.681038
      3.149545
      2.080627
      0.739745
      1.804419
      1.761828
      1.216344
      2.189742
      2.659992
      2.714448
      1.832582
      2.312940
      2.554565
      3.871980
      2.082060
      2.339724
      4.931666
      3.373184
      3.795176
      3.178761
      3.667471
      1.218390
      1.657401
      1.613617
      3.000163
      3.232051
      2.298512
      3.239635
      4.855768
      3.334989
      3.734631
      2.145600
      4.268376
      2.221692
      1.636627
      2.284412
      4.099605
      2.666698
      0.735973
      1.252421
      1.207029
      2.579676
      3.164250
      3.537656
      4.774057
      3.460745
      3.166710
      2.888378
      4.918690
      3.762574
      1.667323
      3.232016
      3.222546
      3.021469
      4.970387
      4.548015
      4.385563
      3.306030
      2.092561
      1.533825
      1.469569
      1.665084
      0.220360
      3.448485
      4.192021
      2.306219
      1.781499
      2.448762
      3.831893
      2.033206
      1.225310
      2.169667
      3.408481
      3.584410
      4.966338
      3.809338
      3.773656
      3.064001
      2.076636
      1.426742
      1.091365
      2.970934
      2.475744
      0.471671
      1.129553
      1.458442
      0.799681
      1.665308
      1.982835
      3.330435
      4.116540
      4.143157
      2.353091
      2.925030
      4.871106
      4.393275
      4.511913
      3.596468
      4.109935
      4.710976
      4.686099
      3.066594
      2.317788
      3.136417
      1.241114
      1.284241
      2.008404
      2.735976
      1.142867
      2.798557
      4.039057
      4.220464
      4.327794
      4.434113
      1.837175
      1.975353
      3.044400
      2.632667
      2.726414
      1.248013
      1.704339
      3.010321
      4.828661
      3.886315
      4.267318
      4.312146
      4.946125
      4.040827
      4.337867
      4.714651
      3.744390
      4.701880
      3.514300
      4.661296
      4.250366
      3.110932
      2.754270
      4.113453
      2.301619
      2.108451
      2.952194
      3.906928
      4.140276
      3.821127
      4.396609
      4.979022
      1.926375
      1.897658
      0.931269
      1.497418
      2.332788
      0.544934
      1.709989
      0.508155
      3.411608
      3.157881
      3.693992
      2.921540
      2.181075
      3.154342
      3.084823
      2.826442
      2.236490
      1.419699
      2.402868
      2.391417
      2.119140
      2.498116
      3.525747
      4.392716
      3.814062
      3.576742
      3.320274
      0.711841
      2.871961
      4.507416
      3.604474
      3.346355
      4.209846
      4.426046
      4.527676
      3.612441
      2.558363
      3.741341
      3.634123
      2.602444
      2.757884
      1.617515
      3.743685
      2.503289
      3.505577
      2.470463
      0.517998
      1.366082
      2.021864
      4.264340
      4.630633
      3.299696
      2.614752
      1.919421
      2.553995
      3.692963
      1.778634
      2.394058
      2.815942
      4.473537
      4.422327
      4.925974
      4.322636
      1.236166
      2.432371
      1.968502
      1.359030
      1.104080
      1.676451
      2.357546
      4.401465
      3.470711
      4.928355
      3.692200
      3.978452
      4.840735
      4.668981
      3.900573
      2.845924
      3.015395
      1.794873
      2.456048
      2.788655
      2.499937
      3.139392
      2.845657
      2.113660
      2.326331
      3.887942
      2.982369
      4.537164
      3.631695
      4.349318
      4.421250
      2.765814
      0.812781
      3.818353
      2.967090
      3.765536
      4.108718
      2.865874
      3.437306
      3.539382
      2.648126
      3.006127
      2.172092
      0.958672
      1.912246
      2.107446
      2.535160
      3.617239
      3.645584
      3.300956
      2.584928
      1.530895
      2.834902
      2.159606
      4.260616
      3.198626
      3.032435
      3.028965
      2.118150
      2.479357
      3.249055
      3.510494
      2.920029
      1.295020
      4.655372
      4.850757
      4.715011
      3.635352
      2.979647
      2.606875
      4.533657
      1.631932
      1.748453
      2.757115
      4.392621
      2.783385
      1.656168
      2.579107
      1.795484
      2.978801
      4.306050
      2.312921
      3.226184
      3.713530
      3.360067
      3.479353
      4.414591
      4.475127
      4.908185
      3.244510
      3.263567
      1.228216
      1.140713
      3.734190
      4.056403
      4.628352
      3.979381
      3.936104
      3.980637
      2.135788
      1.627331
      0.411596
      3.187153
      4.211061
      1.860906
      2.615668
      3.957392
      2.233217
      2.025201
      2.440668
      2.365885
      2.212255
      2.984667
      3.151017
      2.923235
      1.540549
      3.523978
      2.514543
      2.229266
      1.717292
      2.530757
      0.577504
      0.702052
      0.597849
      2.302675
      3.890340
      2.046878
      1.217316
      2.013817
      2.990109
      4.208135
      4.605077
      3.055579
      2.954413
      2.583991
      2.793099
      2.974738
      1.754635
      1.620475
      0.284701
      1.135787
      1.461740
      1.392552
      1.208637
      1.568570
      0.452449
      2.131740
      3.298731
      4.015301
      3.338317
      1.868918
      3.487621
      4.328175
      4.140685
      2.900490
      3.367177
      3.229382
      2.545256
      2.713695
      1.450617
      0.938499
      1.772183
      2.601340
      3.391681
      2.615715
      2.628989
      4.884622
      4.880690
      3.258298
      3.401107
      4.691841
      4.564432
      4.482603
      4.293670
      3.735360
      3.374382
      3.852920
      1.873573
      1.750222
      0.387147
      0.925147
      0.128197
      0.450277
      1.972556
      3.055412
      3.828592
      2.103761
      4.824353
      4.776512
      3.740790
      4.321247
      3.694105
      3.285544
      2.749017
      1.908125
      2.469646
      1.754738
      2.833105
      3.738550
      3.123574
      2.260655
      2.471601
      2.428702
      0.301500
      0.528076
      2.324654
      3.394525
      2.611109
      2.642101
      3.917115
      4.531015
      4.170022
      4.814643
      2.737691
      3.269720
      1.834712
      2.030177
      2.105316
      3.023781
      3.143998
      4.043760
      0.657626
      1.481739
      2.566127
      2.188072
      1.605636
      2.401291
      2.642693
      2.106510
      1.041645
      2.249828
      1.352549
      2.431753
      2.351981
      3.734620
      3.279983
      3.212697
      3.792284
      4.083804
      4.952531
      4.164004
      4.829900
      3.320322
      2.654150
      1.154860
      1.130329
      3.310577
      4.443795
      4.707533
      4.739379
      4.995468
      4.591814
      2.640116
      2.553119
      1.204951
      2.433225
      2.326028
      2.234440
      1.535180
      1.790265
      2.722685
      4.498056
      2.321555
      3.237364
      1.708976
      1.844527
      2.500464
      3.982421
      3.659638
      1.829772
      2.414303
      2.380946
      2.344701
      1.802855
      2.756902
      1.607594
      3.315917
      2.886509
      2.809783
      1.446460
      1.371057
      2.110620
      1.698358
      1.714612
      2.477589
      2.102442
      4.933344
      3.669640
      3.851898
      4.236598
      3.938371
      4.967026
      4.614960
      3.214191
      2.175668
      4.469336
      4.310217
      3.522627
      1.408425
      0.352346
      3.340943
      2.029769
      4.283094
      2.436491
      1.448287
      1.643009
      0.995080
      1.424455
      2.508907
      3.728722
      4.569510
      4.172833
      3.201250
      2.493192
      4.484244
      4.488852
      4.287431
      4.800397
      3.503977
      3.001852
      3.577248
      4.341561
      3.400484
      4.956780
      3.965034
      3.485230
      3.196648
      1.386362
      2.097781
      4.686907
      3.947644
      1.674100
      2.052799
      4.121770
      4.725717
      3.299333
      4.294788
      3.541409
      4.507155
      4.161588
      4.138177
      3.503731
      3.147395
      1.143471
      2.548959
      1.930078
      3.805199
      3.907034
      4.054245
      4.364810
      3.400417
      1.482529
      0.581034
      1.093037
      1.702066
      3.198551
      3.547249
      3.013035
      3.535225
      2.997531
      3.521834
      3.820615
      4.023409
      2.920065
      3.195707
      3.406913
      4.952817
      3.599023
      4.954569
      4.468704
      3.054279
      3.358273
      3.200350
      3.157797
      2.230852
      3.180887
      3.352337
      4.564999
      2.658156
      4.398555
      2.315470
      1.132538
      0.988633
      2.060736
      3.459168
      4.620916
      3.956753
      4.930718
      4.794175
      4.059488
      3.658533
      4.745055
      4.410647
      4.202806
      3.526936
      4.279440
      2.528120
      2.897003
      2.908670
      1.561595
      2.936756
      1.382065
      1.814123
      2.507881
      0.675499
      2.053076
      2.121249
      1.742742
      0.330576
      2.048054
      1.772099
      2.614410
      4.135156
      3.711152
      4.317819
      3.435475
      1.852052
      2.395306
      4.845068
      3.707561
      4.901639
      4.106918
      3.101625
      3.472871
      2.696111
      4.022332
      4.432749
      4.195620
      2.874589
      2.547746
      0.754029
      1.820196
      3.135937
      4.174142
      3.150091
      3.797963
      2.902487
      4.352663
      4.220836
      4.180426
      4.517798
      1.482307
      0.732868
      2.563081
      2.585721
      2.515741
      2.606050
      1.627299
      1.826049
      1.907330
      2.893447
      1.988371
      2.445207
      2.105550
      2.703485
      0.820235
      1.709537
      2.563955
      3.123981
      3.984707
      3.837872
      4.737262
      3.656722
      2.641410
      1.159680
      3.040996
      4.675418
      4.020103
      4.441774
      3.477419
      3.307720
      3.418094
      3.424924
      3.651141
      4.142895
      3.874533
      4.513667
      3.994785
      2.835552
      3.951853
      4.050355
      4.167825
      3.207817
      3.453144
      2.756491
      3.634796
      2.798374
      3.966183
      3.230335
      2.384213
      0.731742
      1.151818
      1.149384
      2.687901
      4.853545
      4.561412
      3.155348
      3.937634
      3.765740
      1.909681
      2.569030
      3.762450
      3.237688
      2.364295
      2.459086
      2.606463
      1.486797
      0.739811
      1.766032
      2.622847
      2.635414
      2.482130
      2.742718
      2.711858
      3.857032
      3.861242
      3.579033
      4.010597
      4.302641
      2.749669
      3.634629
      4.313409
      3.670206
      3.767262
      2.737240
      1.157142
      3.554922
      4.101960
      3.659840
      3.362978
      3.473349
      2.512231
      2.072118
      0.636009
      0.156146
      1.479651
      1.614382
      4.831553
      4.557596
      3.552857
      2.680349
      0.705718
      0.931300
      1.536873
      2.394116
      2.804598
      0.581564
      1.552963
      3.989131
      2.128057
      1.707333
      3.036026
      3.905760
      1.818612
      2.453331
      3.211084
      3.843030
      4.782011
      4.324478
      4.443677
      4.923658
      3.587748
      3.128290
      2.737763
      1.638727
      2.856526
      3.831060
      2.483885
      3.920238
      3.197933
      2.013634
      1.550311
      3.747061
      2.686475
      3.873897
      3.103530
      3.157575
      3.169105
      4.085833
      4.371174
      4.456084
      4.563543
      3.851229
      4.076423
      4.238056
      4.503735
      3.457567
      1.452939
      2.757050
      1.979229
      2.211675
      1.016071
      2.454563
      2.952681
      1.265279
      3.172619
      4.848412
      4.160885
      4.877358
      3.567580
      3.893448
      4.788495
      4.677274
      3.031936
      1.641156
      2.989052
      3.564375
      3.759414
      2.038717
      1.419096
      0.670681
      0.341745
      2.713275
      4.894490
      4.306430
      4.186607
      4.890917
      2.146470
      2.210791
      1.865316
      4.751239
      4.849617
      4.857079
      2.589892
      2.034490
      0.750024
      3.310710
      4.177147
      4.547823
      2.825612
      1.767282
      2.777075
      3.166614
      4.708797
      4.690962
      4.470194
      2.415837
      3.212811
      2.506614
      4.027094
      4.080808
      4.880589
      4.086017
      4.691828
      4.520688
      4.445874
      2.722719
      2.694918
      4.078076
      1.260526
      1.778294
      0.904026
      0.802445
      1.181940
      1.735238
      1.372718
      3.011152
      3.369228
      2.703031
      3.115394
      2.645067
      3.452043
      3.894103
      3.612835
      4.781538
      3.595421
      1.443234
      1.733267
      0.676424
      1.550806
      1.020481
      2.963626
      4.438180
      2.894185
      0.704443
      2.751657
      2.455841
      3.807727
      2.586123
      3.710208
      3.364783
      4.267067
      4.383976
      3.298529
      3.252594
      3.635611
      3.477080
      4.872969
      4.732301
      4.603466
      3.917501
      2.784720
      2.752399
      0.830816
      1.873772
      2.189288
      3.479288
      4.928434
      3.840102
      3.573372
      3.634742
      2.812934
      1.696458
      2.694243
      2.636796
      1.816026
      3.395998
      2.836790
      1.906371
      3.800579
      3.466321
      2.647536
      3.086847
      3.487553
      3.022712
      2.367263
      3.551423
      2.823805
      0.735326
      1.570154
      1.954058
      3.673336
      3.967264
      3.475780
      3.968281
      3.282878
      3.082100
      4.967226
      4.160415
      4.790201
      3.812211
      4.440888
      2.699206
      3.834811
      2.774895
      3.217800
      2.391849
      3.397687
      2.353450
      0.731287
      0.954664
      2.035028
      2.557787
      1.880689
      1.689098
      1.850510
      3.436345
      4.498188
      4.089432
      4.450265
      3.537151
      1.828078
      3.614216
      4.543171
      4.223859
      3.297690
      4.053495
      3.550991
      1.746696
      0.553412
      3.175940
      3.722063
      3.380695
      3.122049
      2.152609
      2.780060
      0.716295
      1.370445
      2.746555
      1.231445
      1.220352
      1.207857
      1.383896
      3.477415
      2.462887
      0.610537
      2.500697
      1.521895
      1.048473
      1.023388
      3.761318
      4.540696
      3.989738
      3.300959
      3.925669
      2.917403
      2.847246
      2.931805
      1.499608
      1.113714
      1.070464
      2.070049
      0.797085
      3.138645
      4.839398
      3.074651
      3.650807
      4.224893
      3.421215
      4.025374
      1.965198
      1.779432
      0.629828
      2.601615
      3.813273
      3.407971
      2.419479
      2.793976
      2.642327
      2.354642
      3.063617
      3.834185
      3.150850
      4.832084
      4.394973
      4.433277
      1.629279
      2.455208
      4.700507
      4.307680
      2.855856
      2.232175
      1.791221
      1.511869
      1.194217
      4.334433
      4.500635
      4.976009
      4.838582
      2.777766
      1.918185
      4.374997
      4.608075
      3.490721
      3.646475
      3.764964
      4.362048
      4.418092
      3.276094
      2.477712
      2.598847
      3.123067
      1.541153
      2.329873
      2.709758
      0.985427
      1.981769
      2.516991
      1.488065
      1.571116
      1.859513
      0.657147
      0.753289
      2.668081
      1.191002
      1.337249
      1.400993
      3.916861
      2.136422
      4.527759
      4.374269
      4.643222
      3.795825
      2.260713
      0.874701
      1.264964
      1.660342
      1.602755
      1.478362
      0.760829
      3.993414
      2.940178
      3.202671
      1.936766
      4.194048
      3.539917
      3.924714
      4.257300
      3.510138
      2.030187
      2.548085
      0.505009
      2.468311
      3.692406
      4.684562
      4.455798
      3.902265
      2.782119
      3.635790
      0.112104
      1.547785
      3.405231
      2.495224
      4.730474
      3.468016
      3.381387
      1.224335
      1.219498
      3.295222
      3.341179
      2.672204
      1.175127
      0.396541
      2.352530
      2.871090
      3.632516
      2.093878
      3.261619
      2.871757
      3.713008
      4.531590
      4.250586
      3.494506
      4.226843
      4.046848
      3.993830
      3.831685
      3.105451
      3.945632
      3.582683
      4.016768
      3.349554
      3.442348
      4.369941
      3.397528
      2.486117
      2.066595
      1.153644
      0.687736
      2.332955
      3.706085
      2.815635
      3.903199
      3.626045
      4.627321
      3.228590
      2.803298
      3.339222
      2.096031
      1.102018
      3.236376
      3.282414
      4.254678
      3.481910
      4.458513
      3.659951
      1.849518
      2.967290
      0.998342
      1.092814
      0.710428
      0.344600
      1.910720
      1.094756
      0.795273
      0.878228
      2.061169
      2.622639
      4.159974
      4.020516
      4.192674
      3.932305
      4.554297
      1.212189
      3.159246
      4.418108
      3.063364
      2.337638
      3.147103
      2.682203
      3.708018
      4.495154
      4.879524
      3.803794
      2.431281
      1.606535
      3.250313
      4.355006
      1.845179
      1.399290
      2.373986
      3.789704
      4.454461
      3.881030
      4.490175
      2.794676
      4.422514
      4.946014
      4.249544
      3.784133
      3.792539
      4.321827
      3.919914
      4.124951
      4.614768
      3.985547
      4.548978
      3.426054
      0.635470
      1.226087
      3.850812
      4.349924
      4.978849
      3.514947
      2.606170
      1.398314
      4.161634
      4.979212
      3.015687
      2.156978
      3.137728
      2.581007
      1.694543
      3.125879
      4.314142
      3.765533
      3.622213
      3.230480
      1.816124
      3.381277
      3.644484
      3.907909
      2.764109
      3.140602
      4.297680
      3.184577
      2.499099
      1.807943
      2.509807
      2.238620
      3.574787
      3.188389
      2.237920
      1.615477
      1.742600
      4.356471
      2.329368
      3.667501
      3.266466
      2.504933
      1.140021
      3.338831
      2.466454
      4.906636
      3.211774
      1.121703
      1.055825
      1.183768
      1.774543
      4.187517
      4.501951
      3.849131
      2.286314
      3.091300
      1.886805
      3.116026
      2.013067
      1.227570
      1.638971
      2.073925
      0.714260
      1.505597
      1.378014
      3.529080
      2.948309
      3.152073
      4.224256
      3.446968
      2.602419
      3.677735
      2.910767
      2.139533
      3.201582
      4.155553
      4.987357
      1.475687
      1.098002
      1.159829
      3.552670
      2.276483
      2.961421
      4.241138
      3.849209
      4.740407
      3.688488
      3.956112
      3.884214
      3.643380
      4.572173
      2.823903
      1.537903
      3.066064
      4.234661
      4.240534
      1.382138
      2.748815
      3.101074
      2.213200
      2.955421
      2.051779
      2.610774
      4.200563
      3.950335
      1.617822
      1.760666
      2.224926
      1.971334
      3.406106
      3.914538
      2.480745
      1.531452
      1.098788
      3.505043
      2.528843
      2.013134
      3.361466
      2.653209
      1.952273
      3.438306
      4.784626
      3.154550
      2.998982
      2.146691
      1.658175
      2.701524
      1.681435
      0.816116
      1.994240
      3.251236
      4.379958
      3.135067
      3.380890
      4.322898
      4.100101
      3.216473
      3.688993
      3.319000
      1.822388
      0.471927
      1.309050
      1.722532
      1.480839
      0.639694
      2.990928
      2.157049
      2.043170
      2.518717
      3.962513
      3.885375
      4.393598
      4.130972
      1.241953
      3.444128
      2.041842
      1.807321
      4.733830
      3.348247
      4.895743
      3.916393
      4.932692
      3.660993
      2.315061
      1.920618
      1.469516
      0.516978
      2.407343
      1.818226
      2.829060
      1.130526
      1.358465
      0.665544
      1.635519
      0.696678
      3.154751
      3.719197
      1.237754
      1.955113
      2.935596
      2.427195
      3.579560
      2.610883
      2.635772
      1.094536
      3.852702
      4.587372
      4.418534
      4.329200
      4.719012
      4.086429
      4.281974
      4.086918
      3.531540
      3.018154
      1.909537
      2.058797
      1.635086
      1.783583
      1.263731
      0.187495
      1.018400
      0.519420
      0.741801
      1.344021
      3.239132
      2.993918
      3.674611
      3.406761
      3.686779
      2.832584
      2.035964
      3.613734
      4.687582
      4.620133
      4.803737
      2.425543
      3.593167
      3.524267
      1.683059
      2.267463
      3.324615
      2.688575
      4.062543
      4.774444
      3.713440
      3.312484
      4.114010
      3.371651
      3.457745
      1.387426
      2.869030
      3.602123
      1.819446
      3.349967
      4.491068
      4.972197
      4.527480
      3.559641
      2.919930
      4.352074
      2.754382
      0.941388
      1.763893
      0.171863
      1.340515
      2.571913
      2.920285
      2.852289
      4.545648
      4.268881
      3.376333
      4.129617
      3.160780
      4.617313
      3.740276
      3.472074
      3.456976
      4.794087
      3.379059
      4.163496
      3.612568
      1.757466
      0.858939
      2.448151
      3.880296
      3.584933
      3.423219
      2.532783
      4.087104
      4.108866
      2.981895
      2.355723
      2.821727
      1.702670
      4.976433
      4.710116
      4.977027
      4.603025
      2.316674
      2.290414
      2.660483
      1.424177
      0.998546
      0.753270
      2.115936
      2.548596
      3.769565
      4.523011
      2.604185
      2.785722
      4.151597
      3.665813
      4.736492
      4.121875
      3.224280
      2.071060
      1.019107
      1.508863
      2.806621
      1.774029
      3.171840
      2.613224
      1.778552
      4.077660
      4.602701
      4.209586
      4.839362
      4.238190
      4.012841
      4.140441
      3.268145
      3.500220
      1.505550
      1.222917
      1.046477
      2.065823
      2.883351
      3.330648
      1.698755
      0.499311
      0.604937
      2.110652
      3.466202
      4.984558
      4.883236
      4.328393
      3.173376
      4.331681
      4.534119
      1.545024
      2.076340
      1.019456
      2.408148
      2.904033
      4.188401
      4.510497
      4.253737
      4.428375
      4.854307
      4.113019
      4.920973
      4.020467
      4.127537
      3.237332
      1.294122
      2.515206
      4.009941
      4.123703
      4.553751
      4.528786
      3.290106
      4.717093
      4.362066
      4.637708
      3.493535
      4.576196
      4.395594
      3.467630
      4.262499
      3.718786
      3.336402
      4.127053
      4.606338
      4.507836
      4.192143
      3.655749
      1.669664
      0.653787
      1.667598
      2.520713
      4.446458
      4.633374
      4.090776
      4.186300
      4.318057
      3.299870
      3.373960
      4.234255
      1.826564
      1.936890
      4.835565
      4.355205
      2.833493
      3.806743
      2.462167
      3.401362
      3.384318
      1.428432
      2.713118
      2.982885
      3.722108
      3.531276
      3.046405
      3.358588
      3.094221
      3.910119
      4.723041
      3.854419
      3.949571
      3.608555
      2.998471
      3.763509
      3.109123
      1.758730
      2.396089
      0.454329
      0.153938
      1.989866
      1.710159
      1.745344
      0.213264
      2.883154
      3.869520
      2.350024
      0.900847
      1.549708
      1.870030
      3.131370
      3.175830
      3.223295
      4.034974
      4.163320
      4.301902
      2.536100
      2.977802
      2.843621
      2.821166
      4.987194
      3.332270
      3.448320
      2.405812
      0.871826
      0.767579
      1.453003
      1.256130
      1.462017
      1.165918
      2.808125
      3.999084
      3.343087
      4.006702
      3.318317
      4.432437
      3.577301
      3.289423
      3.767636
      3.251489
      3.310858
      4.939371
      4.473516
      3.742516
      4.116914
      3.129817
      2.557673
      3.212470
      3.035791
      2.029708
      3.159388
      4.593600
      4.246898
      4.862890
      4.106175
      3.756300
      2.250749
      3.809781
      3.353220
      2.228883
      2.378336
      3.122399
      3.267771
      4.112509
      1.807440
      0.540611
      0.327223
      1.256485
      2.845934
      2.971929
      3.928954
      2.752170
      3.449094
      1.781450
      0.728741
      0.990902
      1.898648
      1.464991
      2.785695
      2.610645
      2.870319
      1.326794
      1.917669
      1.761837
      3.513786
      3.789433
      4.286815
      2.097553
      1.901091
      2.566652
      2.591574
      3.282621
      4.021755
      4.508747
      2.814797
      3.914646
      3.467129
      2.540317
      2.320548
      3.305268
      4.409782
      4.677425
      3.875318
      2.870741
      2.713052
      2.092886
      2.474299
      2.513003
      4.771391
      4.931918
      4.772012
      2.942164
      4.220909
      3.725584
      4.701983
      2.367567
      2.633587
      1.832711
      1.470506
      3.239992
      0.878144
      1.070766
      1.574322
      1.204893
      0.971900
      3.709379
      3.306915
      3.731904
      2.857326
      3.587751
      4.100174
      3.443396
      4.418662
      4.669897
      2.423783
      2.278163
      2.208684
      3.028020
      1.665911
      2.807514
      4.254986
      2.589618
      2.409200
      3.529313
      4.333244
      3.997320
      3.861417
      4.624374
      3.484812
      2.000279
      1.270503
      1.316530
      0.889102
      0.532175
      1.641114
      2.174906
      2.071566
      4.751419
      4.071284
      3.937900
      4.932758
      4.888296
      4.472406
      2.977982
      3.833758
      2.985629
      3.199309
      3.867500
      4.376951
      3.984429
      3.599149
      4.057793
      3.107227
      2.292247
      3.760674
      3.919628
      2.707192
      4.362325
      4.940943
      4.562693
      2.961952
      3.908482
      3.768927
      4.592479
      4.655966
      3.627713
      3.434400
      2.339326
      1.481552
      1.849967
      2.173409
      0.347899
      2.532798
      2.972639
      1.902166
      0.539066
      1.955522
      2.069785
      0.925554
      0.851104
      1.892044
      1.034455
      2.100449
      0.350005
      0.802768
      1.294416
      1.418648
      1.864093
      2.730041
      2.133323
      1.834290
      0.454163
      1.204846
      4.267439
      4.206719
      4.071946
      4.689726
      4.485150
      2.770529
      2.847834
      3.487641
      2.929024
      1.929435
      2.665560
      3.580653
      4.063766
      3.485520
      4.194414
      3.285362
      4.745565
      4.361734
      2.802869
      3.147628
      4.177156
      4.026087
      3.735210
      4.047222
      3.743971
      3.927586
      3.442823
      3.758546
      4.061494
      3.655395
      4.247958
      3.983765
      4.739662
      4.022643
      3.400346
      2.719213
      2.328008
      3.400159
      2.936276
      2.674213
      1.992815
      0.787992
      2.083520
      4.005500
      3.308111
      2.835068
      1.610646
      3.591896
      4.973213
      3.842807
      4.066577
      4.065925
      2.587293
      4.728531
      3.975462
      1.979236
      3.720455
      4.583591
      4.910128
      3.558489
      2.495761
      2.450366
      2.156548
      1.796581
      2.354032
      2.295173
      2.040323
      1.156463
      3.626831
      3.049106
      3.719416
      3.861186
      3.321790
      3.759159
      3.153851
      2.336637
      3.250020
      3.692789
      2.111788
      3.248120
      3.699627
      4.295076
      4.067218
      3.409223
      3.147195
      3.403572
      2.957891
      3.152291
      1.782560
      2.814241
      4.500148
      3.672055
      4.668861
      4.155971
      3.300263
      3.762520
      2.763678
      1.963975
      4.870418
      3.216247
      2.487309
      3.241532
      1.179298
      3.504095
      4.542670
      4.007676
      4.451485
      4.269110
      3.625025
      4.847946
      4.786707
      3.825993
      3.995865
      1.714122
      3.461462
      4.738543
      3.840181
      3.714135
      3.676564
      2.529408
      2.930307
      4.671501
      4.120064
      4.346539
      4.064647
      4.558880
      4.036268
      4.555560
      3.936269
      2.742829
      4.032367
      4.191594
      4.176440
      3.526345
      3.836313
      3.947184
      2.434600
      2.822053
      2.336292
      1.145496
      1.620061
      2.802356
      2.596102
      2.806964
      2.931882
      2.977724
      2.175325
      2.201694
      2.374906
      3.139507
      1.087395
      1.025064
      1.266947
      0.758001
      0.517965
      2.276665
      3.256876
      3.753085
      3.292587
      2.766570
      3.200511
      2.067673
      2.002635
      1.162826
      2.722636
      2.292307
      4.173422
      4.374792
      4.181679
      4.087387
      3.726228
      4.344241
      4.066855
      3.289854
      4.593483
      3.633825
      4.832414
      4.379531
      2.903327
      4.053868
      2.222526
      4.043043
      2.735678
      3.854882
      4.651988
      3.787453
      4.136502
      4.423079
      1.429590
      4.060517
      4.903318
      3.644617
      4.417962
      4.887238
      3.805369
      3.269551
      4.832559
      3.116653
      1.707661
      2.338061
      2.318051
      2.796674
      1.505205
      4.071457
      2.701377
      3.186082
      2.944617
      2.358875
      2.348189
      3.178626
      2.207172
      2.537076
      3.632990
      2.201963
      1.294912
      3.942128
      1.451064
      2.207487
      1.760738
      2.885984
      4.775178
      3.527011
      4.388241
      3.289428
      2.046269
      3.125051
      4.464767
      3.431285
      4.605776
      4.365445
      4.376992
      4.590290
      3.222809
      2.408817
      3.570270
      2.534497
      1.528337
      0.269399
      0.362153
      2.137577
      1.791455
      0.936986
      0.855858
      4.144954
      3.413596
      3.027364
      3.131517
      2.290733
      2.085663
      4.371473
      4.278519
      3.394989
      3.878685
      2.721555
      1.585641
      1.916540
      3.125700
      2.395620
      1.773152
      2.232020
      1.295723
      4.687949
      4.506765
      2.400057
      1.438834
      4.205569
      4.857346
      4.468113
      3.882227
      3.582125
      3.241878
      4.193883
      3.467619
      1.249614
      2.495318
      3.107832
      1.256073
      1.359849
      0.981839
      1.511707
      1.253230
      2.400669
      2.248670
      3.624410
      3.206610
      4.532660
      4.346157
      4.054809
      2.888884
      4.012131
      2.073351
      2.000098
      1.649965
      3.075436
      3.503182
      4.126263
      4.566650
      3.756376
      3.312922
      3.511046
      2.435684
      1.963708
      1.807693
      1.201999
      2.463252
      2.944063
      2.616524
      0.297344
      1.825578
      0.766874
      0.887787
      1.318845
      0.882971
      1.354468
      0.453957
      1.347480
      1.907116
      2.243794
      1.577075
      3.498262
      2.903111
      4.649360
      3.491371
      4.616461
      4.682013
      2.414444
      2.323770
      3.253125
      2.329976
      1.832054
      3.493203
      3.213164
      2.920937
      2.071883
      4.630823
      3.151670
      3.802980
      3.041891
      3.270602
      3.042039
      1.604806
      2.373322
      2.208216
      4.272253
      2.228391
      4.220839
      4.467380
      4.925701
      4.447102
      3.858081
      2.748992
      3.719109
      4.208088
      4.564490
      2.893303
      2.743341
      3.439153
      1.895134
      2.343590
      2.065261
      2.482286
      1.326591
      0.446396
      2.362510
      3.385955
      1.721498
      3.558143
      3.903103
      2.047126
      3.062959
      1.912696
      0.320638
      0.431653
      0.891620
      1.559266
      2.212725
      3.383412
      3.675914
      4.898944
      4.348224
      3.919158
      2.586540
      2.706095
      2.882508
      4.426139
      4.120462
      4.345539
      3.119238
      1.963947
      2.686070
      1.602427
      3.951833
      1.565486
      1.700189
      2.430044
      1.401911
      1.108149
      0.519785
      1.675185
      1.731563
      2.914196
      3.255691
      2.791083
      1.233242
      2.015060
      3.555859
      4.779788
      4.359798
      2.793654
      3.692602
      3.224379
      0.563534
      2.240240
      2.432774
      3.139852
      2.759166
      3.417711
      2.994277
      3.809178
      4.989627
      3.521543
      2.795791
      2.196223
      1.536496
      2.392527
      1.196643
      2.307352
      2.400918
      1.909646
      1.329722
      0.246190
      1.558121
      1.814413
      1.254528
      2.305716
      2.143140
      2.317868
      2.753460
      3.974334
      3.890280
      4.448038
      4.611601
      4.508082
      4.004255
      3.279621
      3.713554
      4.586657
      4.732102
      4.431812
      4.452970
      3.208213
      3.689375
      4.178145
      3.677286
      3.239298
      3.785980
      1.441646
      1.781658
      4.315846
      3.612277
      2.515559
      3.371549
      3.505467
      2.758138
      3.503488
      3.251206
      2.245992
      2.576513
      3.050556
      3.684282
      3.337461
      4.474951
      3.354276
      2.893942
      1.348220
