      1.343806
      1.367598
      1.505494
      1.331055
      1.506969
      1.467649
      1.475453
      1.332563
      1.353525
      1.335157
      1.601344
      1.345816
      1.506299
      1.595187
      1.380070
      1.415932
      1.397550
      1.547346
      1.351256
      1.544801
      1.414654
      1.342786
      1.343787
      1.339320
      1.364143
      1.347870
      1.338818
      1.461489
      1.416572
      1.346945
      1.335949
      1.420520
      1.341681
      1.395132
      1.366823
      1.342918
      1.807069
      1.673733
      1.353629
      1.423475
      1.373890
      1.361470
      1.438324
      1.370582
      1.486408
      1.324323
      1.390339
      1.361486
      1.357738
      1.608705
      1.393397
      1.333604
      1.478298
      1.454722
      1.379342
      1.455487
      1.462058
      1.341802
      1.334186
      1.347237
      1.343807
      1.399174
      1.381317
      1.333330
      1.396007
      1.360400
      1.331711
      1.327516
      1.463527
      1.427422
      1.380388
      1.350248
      1.528880
      1.592495
      1.364132
      1.756702
      1.395555
      1.363727
      1.347349
      1.467496
      1.352894
      1.389504
      1.337452
      1.342004
      1.332367
      1.438423
      1.417736
      1.346821
      1.332139
      1.349695
      1.332394
      1.344428
      1.420757
      1.423188
      1.414008
      1.430727
      1.455004
      1.436200
      1.412710
      1.387881
      1.352029
      1.384498
      1.325675
      1.467636
      1.404171
      1.647592
      1.466122
      1.420680
      1.390086
      1.338432
      1.787965
      1.338932
      1.373274
      1.416980
      1.348915
      1.370661
      1.685745
      1.334886
      1.337325
      1.363907
      1.432772
      1.460233
      1.324942
      1.416579
      1.453630
      1.441356
      1.369820
      1.453369
      1.334149
      1.366680
      1.833344
      1.508825
      1.347794
      1.387763
      1.654237
      1.460985
      1.438186
      1.323694
      1.446478
      1.349770
      1.426985
      1.361019
      1.351021
      1.380071
      1.342056
      1.377883
      1.332794
      1.479904
      1.342934
      1.380785
      1.350570
      1.343829
      1.429187
      1.649252
      1.427460
      1.413818
      1.378271
      1.374800
      1.453426
      1.435682
      1.385323
      1.339060
      1.425043
      1.341468
      1.577055
      1.389679
      1.333051
      1.347195
      1.449788
      1.326989
      1.424665
      1.344837
      1.386090
      1.367297
      1.337427
      1.328333
      1.348213
      1.366445
      1.377758
      1.419379
      1.390226
      1.336146
      1.342408
      1.499889
      1.484122
      1.330724
      1.362565
      1.342269
      1.434644
      1.510680
      1.364544
      1.414880
      1.362551
      1.370907
      1.338904
      1.366065
      1.801686
      1.601739
      1.671349
      1.330814
      1.449360
      1.437035
      1.518601
      1.515606
      1.408316
      1.368910
      1.376683
      1.429229
      1.338422
      1.447714
      1.331197
      1.348848
      1.425108
      1.338104
      1.482654
      1.556240
      1.637502
      1.345152
      1.345593
      1.367692
      1.343598
      1.340982
      1.372171
      1.336892
      1.397810
      1.328323
      1.364338
      1.377856
      1.332935
      1.481359
      1.388311
      1.488240
      1.473974
      1.549627
      1.330730
      1.390786
      1.414916
      1.342337
      1.407923
      1.334743
      1.948532
      1.358765
      1.476879
      1.363378
      1.419689
      1.342199
      1.344966
      1.485813
      1.331654
      1.370875
      1.333784
      1.481899
      1.358698
      1.385222
      1.331277
      1.336691
      1.354431
      1.339501
      1.346313
      1.337635
      1.483396
      1.563351
      1.355282
      1.537429
      1.501836
      1.342584
      1.325945
      1.340724
      1.384559
      1.390106
      1.343926
      1.530132
      1.372247
      1.586991
      1.343444
      1.358033
      1.579331
      1.337398
      1.353786
      1.496958
      1.366503
      1.391247
      1.497755
      1.372066
      1.374986
      1.333355
      1.339320
      1.355061
      1.393350
      1.343572
      1.362946
      1.383002
      1.341626
      1.336882
      1.346686
      1.329755
      1.493934
      1.345037
      1.468793
      1.332549
      1.364770
      1.418375
      1.450746
      1.334081
      1.469116
      1.337480
      1.494181
      1.383199
      1.526556
      1.371615
      1.523220
      1.449267
      1.460963
      1.334570
      1.882812
      1.633252
      1.337575
      1.378525
      1.596831
      1.360099
      1.343017
      1.453305
      1.449525
      1.426388
      1.359928
      1.342429
      1.623258
      1.544151
      1.336059
      1.334208
      1.368207
      1.408064
      1.327414
      1.353524
      1.326497
      1.337020
      1.410589
      1.388476
      1.333600
      1.367116
      1.415910
      1.324777
      1.352103
      1.421349
      1.551201
      1.344028
      1.520194
      1.357751
      1.583866
      1.522957
      1.427404
      1.332150
      1.341854
      1.380747
      1.474986
      1.329399
      1.370630
      1.327424
      1.448581
      1.339074
      1.405746
      1.406374
      1.349112
      1.506249
      1.371263
      1.352721
      1.393841
      1.398225
      1.388912
      1.386337
      1.336179
      1.335528
      1.404148
      1.336469
      1.336972
      1.561622
      1.434200
      1.374286
      1.370368
      1.367589
      1.346364
      1.349377
      1.337502
      1.358815
      1.347088
      1.498029
      1.354246
      1.461574
      1.364145
      1.495970
      1.519571
      1.376441
      1.596112
      1.329015
      1.355351
      1.436947
      1.351557
      1.375448
      1.432155
      1.493494
      1.381664
      1.341770
      1.389087
      1.404647
      1.395145
      1.349813
      1.333913
      1.333976
      1.345175
      1.487346
      1.502143
      1.332604
      1.332928
      1.329073
      1.341565
      1.362379
      1.334703
      1.368591
      1.396253
      1.417572
      1.341369
      1.341213
      1.354940
      1.409194
      1.363914
      1.369628
      1.340436
      1.360497
      1.327446
      1.354889
      1.327701
      1.401033
      1.340461
      1.464950
      1.390762
      1.340332
      1.345727
      1.367579
      1.525938
      1.347128
      1.477673
      1.614393
      1.367458
      1.532887
      1.449177
      1.361181
      1.330170
      1.630524
      1.869909
      1.370156
      1.410059
      1.332695
      1.444397
      1.656316
      1.436628
      1.404043
      1.365610
      1.356564
      1.358965
      1.382317
      1.351403
      1.563966
      1.542396
      2.803100
      1.395653
      1.481123
      1.365536
      1.369699
      1.329071
      1.331484
      1.339187
      1.601231
      1.364449
      1.444640
      1.333208
      1.386562
      1.358045
      1.346234
      1.490077
      1.340346
      1.331463
      1.402984
      1.426958
      1.351311
      1.343379
      1.372636
      1.351222
      1.419506
      1.333297
      1.437994
      1.345666
      1.327297
      1.384934
      1.382484
      1.432593
      1.417408
      1.392442
      1.369105
      1.371645
      1.349132
      1.401976
      1.349536
      1.330589
      1.382326
      1.392502
      1.353131
      1.433201
      1.337752
      1.655982
      1.470330
      1.339295
      2.641104
      1.742957
      1.404866
      1.416556
      1.325074
      1.374007
      1.681464
      1.493166
      1.337166
      1.612356
      1.335130
      1.363326
      1.338290
      1.349169
      1.356264
      1.790004
      1.423864
      1.373876
      1.334607
      1.328935
      1.578782
      1.381430
      1.349827
      1.382966
      1.436655
      1.340043
      1.477600
      1.608881
      1.344748
      1.338756
      1.353324
      1.353124
      1.398502
      1.457587
      1.454156
      1.375555
      1.509619
      1.793159
      1.341820
      1.336212
      1.346200
      1.760510
      1.355503
      1.712948
      1.368743
      1.401283
      1.365578
      1.537724
      1.555037
      1.511162
      1.363374
      1.416049
      1.335312
      1.353668
      1.361056
      1.367216
      1.506128
      1.563535
      1.325182
      1.383663
      1.326446
      1.416900
      1.339074
      1.420267
      1.370009
      1.337323
      1.332048
      1.335493
      1.413086
      1.570985
      1.491800
      1.496973
      1.379066
      1.362766
      1.334406
      1.325967
      1.386381
      1.391173
      1.349651
      1.493288
      1.330281
      1.333006
      1.324426
      1.369978
      1.451999
      1.344644
      1.343227
      1.339440
      1.358454
      1.413875
      1.367445
      1.413748
      1.515750
      1.330897
      1.373865
      1.331366
      1.343901
      1.447532
      1.392472
      1.411503
      1.373971
      1.569161
      1.475756
      1.348354
      1.345535
      1.356652
      1.358590
      1.346766
      1.337364
      1.446523
      1.392893
      1.330159
      1.338392
      1.403806
      1.545724
      1.440221
      1.378067
      1.330361
      1.380520
      1.463988
      1.422052
      1.332900
      1.397168
      1.365436
      1.429085
      1.557544
      1.336137
      1.349885
      1.466892
      1.448863
      1.345001
      1.340411
      1.339790
      1.832183
      1.597162
      1.365654
      1.406734
      1.336864
      1.444019
      1.384531
      1.357866
      1.682438
      1.332626
      1.368168
      1.453403
      1.358451
      1.647123
      1.371196
      1.382755
      1.361203
      1.515878
      1.436993
      1.347491
      1.450196
      1.325405
      1.376286
      1.349512
      1.343265
      1.442877
      1.342570
      1.327759
      1.364099
      1.363101
      1.846810
      1.388935
      1.425249
      1.406799
      1.337405
      1.338277
      1.338953
      1.371544
      1.347669
      1.338772
      1.400591
      1.439779
      1.517276
      1.330389
      1.340148
      1.496005
      1.864211
      1.442133
      1.414488
      1.347873
      1.345000
      1.409559
      1.403209
      1.427293
      1.401106
      1.350552
      1.339582
      1.343731
      1.520036
      1.327087
      1.378920
      1.410664
      1.584241
      1.349686
      1.339695
      1.444165
      1.430977
      1.346002
      1.343930
      1.351070
      1.326384
      1.441341
      1.418830
      1.365765
      1.383758
      1.339894
      1.387363
      1.368463
      1.350824
      1.510842
      1.353734
      1.419425
      1.342333
      1.489351
      1.472279
      1.349954
      1.579372
      1.333486
      1.350709
      1.332363
      1.756101
      1.373080
      1.367054
      1.335372
      1.346162
      1.352319
      1.353934
      1.346168
      1.338867
      1.691847
      1.779860
      1.374098
      1.399599
      1.374753
      1.326310
      1.329819
      1.439894
      1.371748
      1.322422
      1.365372
      1.640429
      1.479142
      1.454609
      1.340575
      1.365547
      1.435134
      1.399707
      1.352804
      1.514999
      1.377790
      1.380807
      1.327473
      1.424225
      1.522145
      1.523468
      1.337844
      1.379931
      1.392358
      1.333482
      1.362846
      1.597555
      1.444475
      1.327796
      1.337758
      1.353549
      1.350245
      1.333894
      1.529181
      1.334081
      1.343627
      1.343192
      1.341739
      1.361007
      1.543700
      1.506304
      1.483778
      1.422969
      1.349544
      1.349124
      1.336809
      1.352127
      1.480840
      1.481068
      1.372306
      1.390615
      1.334798
      1.352703
      1.348787
      1.341962
      1.376584
      1.365355
      1.524853
      1.530665
      1.334749
      1.446115
      1.351320
      1.472285
      1.439209
      1.320360
      1.470850
      1.353704
      1.556317
      1.524981
      1.332658
      1.389521
      1.347974
      1.333670
      1.394640
      1.342550
      1.716013
      1.478391
      1.358771
      1.525153
      1.440838
      1.335852
      1.499734
      1.523352
      1.387909
      1.463592
      1.396723
      1.425832
      1.602394
      1.391953
      1.388223
      1.393505
      1.445138
      1.389453
      1.331634
      1.363126
      1.446011
      1.343658
      1.360982
      1.490245
      1.437852
      1.440454
      1.349020
      1.382614
      1.353791
      1.373014
      1.412979
      1.455340
      1.466763
      1.335317
      1.389173
      1.473446
      1.531763
      1.345665
      1.442455
      1.425002
      1.318981
      1.322382
      1.363565
      1.416770
      1.353925
      1.339524
      1.336249
      1.352699
      1.329050
      1.400203
      1.349805
      1.449239
      1.432898
      1.482716
      1.336672
      1.484677
      1.345370
      1.359327
      1.384217
      1.348858
      1.398727
      1.347113
      1.402016
      1.344377
      1.622358
      1.348490
      1.344491
      1.415683
      1.360394
      1.388708
      1.531641
      1.309450
      1.341649
      1.348850
      1.393530
      1.571031
      1.348031
      1.339229
      1.331842
      1.350261
      1.348207
      1.471428
      1.371989
      1.568187
      1.386018
      1.355594
      1.450508
      1.355634
      1.506781
      1.322422
      1.393811
      1.346267
      1.350442
      1.326975
      1.389539
      1.350816
      1.435807
      1.446570
      1.423880
      1.368378
      1.414647
      1.384370
      1.358714
      1.339123
      1.416056
      1.355953
      1.385156
      1.332657
      1.333041
      1.354157
      1.455110
      1.354706
      1.451309
      1.355492
      1.461877
      1.326746
      1.440947
      1.660260
      1.390741
      1.368696
      1.359860
      1.344677
      1.352972
      1.389236
      1.752547
      1.344237
      1.374456
      1.452865
      1.354740
      1.631305
      1.336753
      1.342887
      1.351628
      2.336181
      1.500863
      1.336838
      1.364309
      1.370154
      1.391504
      1.391268
      1.466683
      1.393219
      1.355722
      1.332322
      1.479774
      1.327427
      1.435337
      1.387916
      1.509185
      1.335990
      1.498419
      1.355481
      1.344083
      1.451804
      1.389573
      1.656674
      1.342406
      1.370280
      1.433817
      1.462327
      1.324509
      1.374738
      1.360309
      1.337433
      1.507740
      1.703066
      1.606016
      1.332982
      1.361097
      1.431345
      1.640372
      1.350187
      1.367769
      1.694839
      1.335737
      1.336918
      1.481007
      1.366070
      1.502437
      1.357167
      1.425308
      1.353967
      1.361722
      1.429877
      1.538934
      1.392320
      1.340286
      1.331493
      1.430480
      1.354486
      1.448258
      1.333839
      1.344669
      1.402992
      1.399450
      1.333990
      1.493035
      1.412591
      1.446517
      1.377386
      1.447728
      1.345701
      1.422353
      1.350937
      1.332068
      1.454861
      1.354022
      1.340069
      1.337080
      1.441619
      1.382150
      1.332962
      1.337881
      1.370205
      1.363428
      1.343867
      1.403653
      1.510030
      1.336307
      1.740617
      1.508612
      1.405791
      1.569003
      1.388581
      1.368404
      1.422873
      1.353767
      1.360924
      1.403864
      1.338250
      1.381949
      1.335075
      1.385004
      1.388219
      1.678129
      1.376568
      1.385714
      1.402864
      1.329254
      1.467196
      1.380342
      1.424411
      1.379592
      1.344452
      1.326620
      1.485745
      1.352055
      1.338498
      1.365171
      1.380707
      1.343991
      1.352956
      1.331037
      1.471239
      1.509852
      1.333608
      1.437564
      1.376069
      1.355406
      1.353458
      1.419478
      1.374369
      1.342790
      1.347958
      1.329781
      1.329485
      1.419308
      1.450418
      1.398648
      1.352415
      1.354179
      1.357032
      1.396587
      1.416959
      1.396663
      1.417435
      1.385801
      1.571372
      1.493869
      1.338956
      1.340737
      1.337902
      1.447319
      1.480965
      1.346058
      1.365696
      1.349739
      1.340015
      1.458501
      1.337025
      1.536622
      1.341069
      1.335563
      2.177317
      1.341642
      1.336368
      1.357727
      1.482313
      1.428994
      1.372019
      1.470970
      1.420584
      1.318675
      1.468173
      1.395502
      1.358683
      1.325971
      1.407621
      1.347773
      1.424453
      1.341355
      1.369396
      1.545888
      1.344051
      1.421052
      1.424027
      1.361754
      1.445721
      1.348366
      1.325646
      1.339010
      1.336834
      1.649499
      1.367534
      1.415739
      1.387986
      1.334513
      1.331804
      1.333797
      1.369072
      1.405376
      1.379472
      1.382832
      1.348295
      1.324858
      1.329492
      1.430570
      1.381027
      1.412688
      1.369652
      1.342755
      1.321846
      1.381503
      1.375377
      1.348592
      1.350520
      1.559235
      1.393480
      1.340180
      1.372504
      1.382177
      1.344643
      1.344258
      1.394856
      1.786175
      1.354897
      1.347275
      1.374727
      1.388020
      1.390033
      1.444796
      1.341771
      1.485728
      1.471398
      1.477422
      1.336396
      1.623510
      1.361609
      1.365263
      1.333768
      1.466013
      1.377047
      1.339361
      1.341945
      1.336184
      1.455867
      1.525167
      1.461483
      1.418605
      1.370344
      1.336022
      1.356713
      1.344462
      1.340329
      1.336848
      1.358097
      1.478163
      1.329034
      1.341777
      1.341473
      1.664520
      1.355456
      1.378059
      1.348662
      1.346675
      1.464926
      1.407555
      1.339559
      1.336905
      1.371360
      1.360127
      1.377625
      1.341608
      1.323579
      1.369411
      1.471239
      1.364150
      1.409024
      1.422799
      1.387978
      1.506156
      1.384800
      1.360131
      1.393382
      1.324324
      1.367612
      1.327002
      1.331243
      1.403066
      1.339933
      1.367229
      1.359054
      1.335871
      1.350169
      1.461653
      1.339824
      1.342119
      1.421705
      1.410451
      1.389849
      1.423574
      1.496677
      1.457737
      1.335778
      1.347668
      1.455222
      1.480000
      1.388572
      1.353156
      1.355539
      1.360821
      1.553023
      1.486532
      1.346519
      1.323361
      1.367984
      1.362108
      1.326065
      1.464805
      1.379128
      1.338848
      1.473514
      1.371261
      1.329650
      1.345522
      1.346726
      1.439994
      1.342146
      1.373053
      1.610870
      1.379968
      1.442945
      1.534266
      1.624510
      1.382333
      1.328034
      1.347569
      1.540450
      1.496228
      1.425886
      1.502918
      1.393916
      1.382530
      1.380522
      1.335867
      1.485008
      1.519847
      1.429934
      1.345939
      1.358787
      1.488342
      1.328061
      1.382855
      1.320014
      1.330764
      1.474053
      1.346274
      1.344975
      1.448249
      1.342665
      1.433663
      1.468631
      1.526018
      1.409198
      1.344973
      1.365088
      1.496359
      1.324895
      1.438802
      1.553814
      1.345713
      1.416337
      1.388898
      1.460027
      1.343853
      1.444576
      1.330378
      1.373483
      1.453801
      2.141277
      1.387143
      1.412468
      1.377644
      1.393059
      1.389143
      1.386159
      1.806906
      1.762411
      1.337841
      1.358360
      1.449682
      1.663197
      1.425515
      1.353766
      1.584772
      1.360676
      1.334812
      1.363563
      1.584908
      1.346372
      1.509920
      1.480852
      1.916542
      1.351423
      1.391980
      1.486080
      1.403620
      1.418291
      1.345546
      1.373419
      1.422728
      1.552314
      1.346730
      1.339530
      1.417613
      1.418439
      1.544504
      1.332008
      1.410698
      1.384877
      1.440879
      1.424617
      1.517700
      1.474209
      1.560230
      1.394378
      1.333878
      1.405541
      1.399197
      1.334807
      1.368202
      1.389915
      1.340534
      1.417479
      1.361873
      1.390776
      1.448653
      1.507323
      1.345374
      1.399834
      1.343428
      1.418282
      1.468812
      1.382306
      1.337715
      1.369959
      1.795952
      1.333681
      1.498816
      1.404071
      1.340485
      1.452101
      1.417668
      1.426789
      1.319193
      1.501906
      1.344953
      1.443309
      1.370614
      1.324753
      1.369504
      1.407976
      1.369578
      1.451605
      1.354403
      1.367249
      1.339186
      2.516325
      1.326610
      1.369287
      1.564761
      1.336610
      1.355246
      1.376433
      1.321870
      1.452968
      1.369557
      1.340281
      1.354613
      1.355381
      1.350458
      1.362061
      1.408398
      1.738690
      1.381733
      1.447957
      1.569319
      1.575031
      1.435305
      1.455048
      1.340140
      1.336587
      1.504686
      1.476682
      1.380047
      1.392155
      1.352770
      1.355773
      1.365386
      1.337382
      1.335030
      1.337172
      1.345227
      1.350291
      1.385456
      1.337629
      1.479262
      1.487240
      1.336291
      1.438355
      1.443041
      1.554331
      1.582404
      1.429404
      1.348807
      1.438069
      1.409296
      1.513489
      1.345122
      1.351873
      1.387435
      1.461514
      1.432541
      1.358359
      1.336723
      1.349390
      1.424115
      1.344019
      1.438448
      1.389255
      1.346999
      1.353375
      1.402193
      1.334709
      1.392910
      1.433297
      1.357461
      1.336362
      1.323171
      1.426723
      1.340220
      1.334574
      1.434375
      1.353372
      1.425615
      1.723757
      1.459367
      1.403261
      1.464338
      1.567574
      1.335220
      1.336721
      1.355209
      1.475067
      1.434730
      1.340149
      1.344707
      1.469703
      1.519788
      1.557926
      1.488809
      1.576304
      1.487989
      1.332850
      1.355408
      1.554371
      1.348753
      1.336778
      1.567859
      1.347676
      1.347081
      1.531251
      1.380823
      1.345894
      1.392170
      1.440995
      1.447530
      1.364960
      1.327106
      1.332986
      1.548820
      1.369248
      1.343025
      1.334393
      1.397001
      1.351249
      1.347983
      1.541445
      1.382513
      1.349935
      1.361765
      1.521871
      1.594308
      1.348753
      1.432302
      1.380332
      1.363356
      1.425855
      1.365451
      1.412656
      1.408709
      1.326258
      1.428947
      1.412047
      1.363385
      1.419383
      1.529518
      1.445276
      1.322890
      1.334216
      1.348775
      1.328410
      1.345655
      1.336941
      1.445360
      1.634214
      1.342756
      1.329000
      1.444413
      1.385128
      1.346085
      1.368865
      1.334153
      1.377706
      1.378787
      1.342612
      1.346943
      1.324039
      1.335479
      1.331457
      1.348830
      1.656084
      1.332656
      1.451686
      1.391939
      1.394308
      1.401459
      1.406789
      1.343831
      1.395284
      1.429667
      1.738772
      1.487324
      1.344963
      1.412414
      1.475714
      1.344507
      1.405855
      1.366282
      1.376629
      1.387467
      1.391849
      1.467193
      1.435159
      1.342390
      1.347721
      1.365673
      1.396990
      1.352095
      1.450350
      1.360843
      1.437393
      1.334436
      1.357486
      1.355220
      1.449178
      1.422434
      1.661957
      1.339488
      2.667915
      1.429931
      1.390124
      1.452390
      1.346820
      1.320025
      1.349514
      1.340056
      1.422957
      1.354112
      1.468368
      1.377051
      1.333275
      1.450199
      1.416216
      1.434031
      1.331394
      1.489946
      1.378498
      1.347354
      1.388301
      1.383067
      1.387037
      1.368934
      1.402804
      1.361148
      1.341579
      1.347865
      1.679297
      1.384697
      1.326050
      1.480685
      1.439201
      1.434381
      1.361936
      1.378699
      1.407810
      1.350963
      1.367882
      1.337153
      1.409933
      1.352518
      1.340331
      1.326442
      1.453485
      1.370058
      1.568243
      1.378146
      1.345344
      1.758075
      1.337762
      1.345823
      1.337688
      1.493425
      1.438502
      1.391190
      1.223113
      1.452540
      1.463443
      1.349037
      1.338190
      1.534832
      1.376727
      1.561637
      1.462961
      1.352756
      1.652286
      1.369284
      1.454620
      1.365469
      1.371370
      1.335800
      1.335838
      1.364242
      1.409485
      1.346544
      1.356680
      1.363289
      1.328563
      1.385723
      1.333710
      1.365149
      1.381390
      1.338893
      1.457274
      1.351819
      1.337997
      1.484094
      1.394602
      1.382017
      1.336849
      1.350477
      1.364237
      1.419339
      1.363871
      1.333494
      1.578103
      1.410547
      1.482462
      1.419910
      1.355647
      1.331189
      1.333475
      1.515897
      1.381667
      1.344138
      1.352852
      1.463860
      1.571286
      1.521921
      1.343333
      1.477158
      1.322030
      1.442320
      1.415048
      1.332316
      1.376069
      1.511304
      1.374250
      1.391270
      1.518293
      1.360273
      1.474967
      1.335824
      1.469285
      1.348728
      1.452789
      1.375222
      1.349214
      1.353958
      1.368803
      1.530655
      1.481663
      1.486988
      1.388882
      1.350879
      1.340528
      1.340298
      1.415488
      1.350764
      1.430132
      1.501249
      1.512095
      1.417797
      1.428235
      1.355512
      1.425090
      1.387134
      1.508695
      1.516486
      1.478526
      1.387644
      1.179587
      1.428611
      1.380395
      1.402030
      1.363610
      1.338910
      1.430172
      1.426157
      1.332400
      1.363469
      1.337566
      1.525833
      1.372756
      1.505877
      1.489061
      1.596978
      1.349928
      1.357322
      1.415808
      1.528139
      1.358164
      1.389573
      1.344751
      1.332579
      1.435071
      1.350711
      1.333865
      1.368703
      1.381801
      1.335360
      1.400368
      1.341414
      1.326463
      1.334876
      1.465940
      1.356254
      1.401451
      1.347143
      1.501282
      1.402063
      1.401378
      1.387065
      1.344402
      1.330247
      1.344404
      1.409197
      1.323719
      1.344315
      1.351101
      1.438755
      1.365629
      1.321639
      1.364410
      1.379662
      1.348315
      1.344336
      1.365628
      1.471456
      1.354566
      1.346721
      1.333640
      1.465635
      1.346188
      1.335464
      1.344359
      1.496623
      1.369338
      1.321996
      1.449980
      1.346051
      1.368262
      1.379273
      1.330827
      1.370349
      1.352350
      1.400787
      1.377594
      1.340831
      1.590330
      1.341284
      1.355791
      1.406901
      1.344870
      1.375281
      1.337100
      1.435671
      1.329257
      1.323709
      1.367681
      1.507539
      1.412365
      1.351910
      1.342829
      1.443218
      1.345633
      1.445650
      1.363268
      1.621772
      1.343224
      1.375915
      1.347020
      1.326107
      1.394140
      1.342409
      1.405570
      1.483726
      1.382326
      1.326805
      1.446870
      1.385940
      1.335545
      1.322047
      1.360214
      1.445900
      1.327173
      1.422756
      1.340612
      1.336531
      1.363380
      1.335872
      1.332680
      1.336046
      1.391823
      1.535497
      1.525604
      1.450248
      1.450412
      1.399849
      1.350180
      1.361160
      1.449940
      1.487087
      1.451338
      1.359469
      1.435745
      1.416242
      1.334146
      1.335561
      1.334897
      1.356978
      1.334924
      1.551972
      1.334211
      1.451439
      1.360127
      1.436317
      1.340076
      1.385545
      1.455527
      1.361742
      1.380054
      1.349534
      1.460496
      1.335696
      1.329247
      1.416176
      1.353801
      1.470667
      1.333022
      1.348765
      1.359848
      1.694366
      1.423472
      1.349837
      1.478993
      1.337436
      1.384896
      1.371828
      1.524138
      1.532210
      1.340203
      1.377172
      1.348633
      1.421153
      1.350177
      1.426733
      1.467805
      1.444426
      1.460456
      1.335202
      1.380037
      1.348005
      1.349554
      1.392355
      1.424085
      1.496938
      1.425461
      1.331524
      1.467156
      1.516326
      1.417727
      1.333458
      1.333835
      1.325490
      1.430730
      1.340029
      1.372340
      1.365871
      1.346429
      1.391538
      1.361631
      1.558037
      1.472290
      1.371390
      1.450749
      1.374484
      1.343559
      1.402378
      1.411147
      1.351822
      1.389900
      1.827358
      1.458009
      1.398806
      1.398960
      1.350667
      1.467173
      1.333048
      1.369434
      1.371158
      1.473584
      1.422926
      1.387019
      1.498257
      1.652151
      1.340164
      1.493071
      1.378060
      1.419004
      1.536780
      1.623527
      1.347713
      1.352061
      1.375560
      1.435954
      2.523668
      1.385466
      1.347972
      1.465044
      1.456638
      1.486988
      1.334733
      1.334851
      1.340886
      1.386963
      1.705246
      1.337008
      1.454557
      1.371506
      1.334067
      1.371135
      1.337320
      1.378938
      1.356286
      1.338295
      1.333974
      1.331945
      1.358930
      1.359178
      1.416033
      1.386143
      1.506433
      1.378348
      1.350273
      1.332572
      1.371402
      1.361291
      1.344950
      1.342133
      1.351563
      1.352592
      1.334363
      1.345814
      1.481170
      1.386531
      1.343819
      1.379738
      1.367559
      1.408411
      1.321373
      1.343689
      1.404145
      1.556882
      1.354230
      1.425385
      1.390449
      1.502111
      1.439444
      1.380317
      1.356794
      1.559920
      1.350541
      1.375087
      1.393233
      1.325438
      1.451513
      1.615585
      1.339680
      1.347427
      1.411238
      1.361234
      1.369648
      1.341002
      1.331649
      1.448805
      1.362318
      1.347584
      1.388763
      1.338952
      1.336011
      1.344471
      2.289968
      1.444632
      1.432998
      1.377380
      1.454732
      1.394403
      1.360205
      1.416421
      1.427655
      1.333627
      1.661142
      1.373436
      1.344671
      1.404228
      1.370369
      1.328987
      1.458084
      1.503610
      1.676045
      1.363386
      1.372598
      1.342965
      1.379827
      1.345577
      1.344126
      1.327912
      1.348566
      1.359969
      1.334805
      1.476795
      1.418595
      1.494217
      1.440675
      1.353737
      1.468065
      1.338036
      1.389357
      1.377755
      1.447420
      1.407371
      1.325755
      1.335461
      1.395578
      1.341875
      1.375578
      1.367760
      1.378511
      1.644727
      1.319952
      1.337116
      1.335763
      1.390842
      1.334009
      1.343166
      1.350635
      1.373992
      1.340210
      1.345753
      1.479332
      1.356321
      1.343494
      1.470117
      1.362893
      1.423758
      1.399040
      1.347169
      1.448226
      1.329198
      1.417768
      1.356498
      1.451452
      1.341605
      1.336753
      1.413988
      1.336333
      1.401552
      1.381335
      1.331335
      1.368700
      1.422508
      1.352201
      1.418138
      1.336158
      1.357218
      1.352217
      1.359194
      1.358688
      1.333965
      1.376495
      1.328630
      1.435542
      1.334494
      1.374405
      1.351803
      1.346254
      1.356793
      1.372398
      1.473962
      1.331866
      1.331369
      1.340580
      1.539308
      1.341531
      1.350984
      1.654612
      1.454843
      1.340563
      1.685735
      1.367305
      1.341460
      1.338698
      1.361955
      1.413030
      1.480836
      1.343979
      1.349348
      1.494334
      1.443555
      1.359487
      1.366621
      1.393271
      1.331845
      1.368896
      1.356899
      1.346550
      1.503027
      1.338992
      1.382117
      1.327503
      1.341179
      1.777032
      1.365158
      1.333396
      1.965459
      1.444613
      1.343171
      1.483332
      1.340678
      1.381475
      1.326927
      1.359316
      1.416169
      1.328413
      1.392480
      1.346507
      1.350126
      1.330991
      1.373455
      1.328837
      1.431925
      1.456454
      1.401416
      1.514782
      1.371530
      1.371875
      1.421556
      1.450541
      1.341572
      1.388751
      1.343089
      1.444369
      1.391722
      1.360481
      1.434925
      1.334817
      1.435455
      1.641179
      1.334426
      1.439665
      1.354474
      1.454073
      1.501483
      1.390614
      1.584816
      1.401906
      1.422212
      1.427871
      1.415266
      1.332053
      1.406493
      1.430206
      1.427723
      1.494463
      1.375495
      1.394961
      1.409492
      1.374682
      1.338818
      1.341260
      1.366185
      1.329883
      1.571094
      1.413021
      1.360370
      1.380843
      1.503778
      1.350175
      1.348870
      1.356841
      1.343696
      1.332750
      1.361011
      1.342495
      1.983164
      1.406744
      1.381489
      1.372972
      1.390081
      1.376115
      1.377983
      1.373981
      1.574745
      1.385984
      1.335107
      1.349203
      1.377189
      1.339305
      1.344702
      1.476567
      1.356782
      1.362157
      1.400313
      1.429564
      1.336144
      1.327769
      1.420707
      1.387362
      1.376249
      1.382869
      1.337193
      1.385029
      1.341900
      1.336287
      1.335028
      1.438294
      1.351669
      1.334007
      1.366275
      1.322532
      1.443378
      1.329722
      1.375618
      1.456718
      1.336887
      1.463978
      1.365255
      1.397659
      1.350340
      1.328077
      1.523286
      1.335762
      1.353971
      1.533223
      1.351185
      1.448257
      1.507720
      1.408080
      1.452469
      1.595175
      1.390229
      1.687167
      1.709314
      1.391176
      1.481312
      1.380710
      1.420489
      1.341427
      1.492912
      1.650302
      1.365502
      1.487141
      1.345182
      1.578752
      1.358188
      1.319531
      1.355740
      1.345419
      1.384861
      1.352257
      1.339022
      1.566373
      1.346684
      1.360064
      1.492957
      1.329742
      1.333939
      1.338236
      1.372506
      1.325888
      1.458726
      1.382385
      1.447094
      1.350703
      1.366786
      1.417548
      1.466263
      1.398889
      1.334458
      1.350078
      1.368991
      1.372319
      1.339973
      1.328121
      1.357559
      1.322491
      1.326901
      1.341256
      1.411853
      1.434494
      1.359000
      1.361648
      1.404959
      1.335497
      1.370285
      1.433067
      1.354761
      1.350554
      1.398076
      1.357127
      1.346621
      1.358635
      1.520879
      1.400891
      1.962716
      1.346396
      1.348228
      1.609534
      1.349259
      1.354765
      1.365997
      1.388139
      1.332977
      1.379680
      1.395363
      1.460011
      1.344117
      1.646357
      1.357398
      1.367071
      1.430614
      1.364663
      1.334706
      1.326462
      1.336405
      1.397548
      1.420348
      1.425459
      1.459281
      1.339194
      1.376856
      1.813507
      1.335651
      1.345258
      1.314393
      2.057165
      1.339164
      1.334248
      1.380542
      1.387848
      1.348581
      1.350180
      1.344578
      1.424389
      1.342778
      1.348980
      1.335756
      1.343953
      1.445646
      1.339182
      1.457346
      1.328362
      1.426360
      1.346839
      1.359189
      1.335831
      1.389228
      1.334118
      1.351613
      1.332107
      1.418976
      1.327400
      1.342733
      1.439307
      1.378270
      1.457575
      1.343079
      1.405731
      1.333628
      1.326871
      1.324135
      1.439886
      1.488186
      1.428846
      1.323353
      1.399261
      1.344631
      1.380797
      1.255212
      1.410661
      1.575525
      1.429352
      1.347148
      1.345893
      1.341415
      1.360341
      1.471662
      1.451233
      1.325355
      1.339261
      1.329356
      1.458357
      1.321424
      1.375173
      1.331241
      1.348625
      1.354707
      1.810474
      1.563801
      1.375177
      1.335676
      1.374280
      1.337609
      1.397514
      1.332992
      1.589623
      1.441659
      1.384090
      1.381471
      1.368042
      1.325214
      1.320187
      1.371408
      1.394019
      1.371823
      1.354889
      1.334706
      1.502109
      1.354201
      1.427088
      1.458336
      1.408645
      1.359577
      1.346237
      1.374536
      1.349235
      1.353540
      1.344997
      1.328156
      1.416418
      1.667806
      1.548698
      1.553386
      1.340091
      1.525468
      1.404775
      1.574056
      1.334758
      1.472764
      1.369763
      1.330521
      1.363745
      1.346546
      1.459259
      1.374194
      1.347141
      1.371522
      1.564332
      1.352950
      1.335210
      1.651202
      1.549533
      1.347685
      1.701951
      1.366398
      1.336181
      1.696882
      1.380685
      1.432293
      1.355402
      1.426235
      1.374289
      1.338697
      1.364186
      1.337069
      1.448959
      1.486813
      1.429380
      1.508249
      1.423246
      1.332681
      1.383125
      1.390318
      1.408244
      1.394847
      1.338540
      1.474946
      1.360817
      1.343314
      1.404243
      1.466516
      1.428007
      1.472889
      1.334959
      1.366476
      1.375446
      1.363842
      1.323058
      1.388300
      1.402785
      1.401215
      1.342270
      1.397497
      1.325632
      1.509129
      1.423217
      1.482596
      1.400992
      1.323475
      1.336791
      1.351463
      1.569542
      1.342676
      1.389448
      1.372406
      1.354932
      1.368261
      1.411264
      1.362074
      1.322993
      1.336130
      1.373487
      1.325108
      1.768987
      1.339656
      1.325862
      1.426922
      1.396374
      1.465201
      1.486976
      1.400403
      1.504590
      1.359075
      1.530252
      1.331663
      1.335661
      1.335221
      1.331056
      1.336606
      1.355096
      1.406537
      1.343010
      1.345404
      1.480703
      1.387915
      1.364379
      1.344915
      1.335705
      1.367363
      1.346134
      1.407477
      1.204688
      1.347450
      1.358552
      1.394744
      1.303838
      1.357021
      1.336099
      1.690668
      1.335799
      1.416251
      1.371331
      1.381850
      1.346804
      1.384644
      1.363032
      1.422613
      1.330930
      1.525700
      1.369598
      1.374891
      1.435650
      1.350693
      1.338140
      1.334142
      1.347883
      1.340734
      1.357042
      1.448281
      1.368998
      1.395477
      1.346874
      1.461183
      1.325161
      1.492592
      1.332902
      1.470454
      1.450355
      1.409404
      1.393205
      1.436448
      1.349617
      1.485634
      1.399001
      1.446458
      1.391563
      1.336104
      1.344550
      1.346231
      1.334972
      1.370061
      1.413930
      1.361066
      1.326175
      1.384772
      1.345712
      1.480999
      1.352092
      1.400401
      1.354302
      1.334771
      1.362784
      1.503139
      1.355914
      1.548968
      1.471555
      1.446001
      1.338632
      1.339153
      1.398116
      1.344575
      1.454285
      1.382772
      1.363615
      1.336176
      1.439860
      1.432441
      1.334939
      1.508377
      1.405411
      1.366018
      1.542613
      1.356017
      1.338149
      1.545080
      1.510142
      1.501041
      1.343796
      1.326527
      1.391699
      1.411542
      1.391559
      1.363331
      1.337181
      1.370645
      1.321174
      1.352808
      1.361726
      1.377060
      1.345985
      1.463307
      1.366223
      1.468038
      1.358274
      1.366292
      1.487283
      1.552186
      1.537607
      1.356881
      1.338550
      1.451883
      1.331127
      1.358715
      1.405208
      1.327731
      1.354283
      1.399285
      1.368852
      1.645034
      1.616169
      1.377410
      1.437600
      1.335041
      1.384348
      1.338494
      1.618275
      1.337184
      1.404375
      1.332898
      1.334615
      1.575386
      1.350923
      1.325180
      1.344540
      1.467007
      1.343865
      1.371032
      1.517942
      1.614918
      1.345279
      1.659101
      1.448918
      1.405485
      1.402554
      1.333243
      1.402169
      1.337707
      1.343063
      1.498971
      1.347955
      1.333991
      1.351359
      1.341554
      1.369214
      1.337518
      1.361731
      1.349518
      1.338598
      1.561349
      1.320473
      1.374356
      1.368216
      1.332602
      1.428601
      1.324951
      1.450796
      1.366702
      1.416088
      1.414451
      1.337700
      1.410345
      1.333203
      1.399744
      1.350535
      1.394751
      1.493316
      1.379958
      1.342772
      1.468033
      1.381920
      1.319729
      1.424905
      1.467616
      1.494316
      1.431602
      1.401256
      1.324960
      1.489215
      1.392926
      1.428357
      1.335718
      1.498261
      1.352284
      1.340812
      1.379380
      1.435675
      1.396182
      1.334892
      1.342726
      1.355540
      1.418908
      1.383026
      1.481413
      1.377170
      1.452759
      1.340932
      1.376343
      1.719866
      1.541486
      1.427534
      1.407632
      1.417706
      1.432779
      1.344262
      1.379249
      1.359188
      1.391767
      1.334184
      1.323020
      1.436565
      1.347159
      1.332915
      1.335691
      1.490099
      1.448330
      1.480958
      1.385870
      1.364522
      1.424110
      1.416198
      1.350208
      1.341493
      1.336915
      1.336742
      1.340822
      1.332807
      1.479224
      1.338549
      1.353210
      1.407776
      1.397987
      1.336944
      1.342494
      1.354432
      1.397040
      1.371963
      1.375416
      1.326329
      1.406275
      1.341049
      1.371838
      1.343895
      1.339400
      1.351811
      1.424662
      1.402235
      1.367924
      1.455150
      1.325325
      1.342186
      1.576740
      1.347110
      1.421282
      1.345060
      1.448624
      1.458863
      1.354337
      1.334758
      1.377677
      1.404774
      1.363753
      1.469618
      1.431454
      1.394110
      1.360252
      1.530659
      1.411043
      1.353908
      1.355817
      1.447494
      1.608091
      1.401182
      2.515190
      1.432687
      1.441818
      1.504303
      1.433724
      1.355341
      1.362398
      1.367212
      1.366079
      1.395658
      1.389065
      1.339542
      1.332055
      1.346269
      1.335176
      1.425520
      1.449308
      1.458532
      1.497829
      1.335294
      1.337932
      1.349722
      1.346177
      1.338926
      1.423423
      1.328530
      1.361224
      1.330580
      1.343425
      1.486437
      1.339532
      1.359242
      1.477511
      1.391675
      1.337748
      1.419030
      1.342772
      1.445427
      1.441123
      1.334429
      1.370285
      1.450242
      1.352110
      1.333201
      1.340743
      1.351914
      1.339424
      1.528060
      1.400402
      1.326957
      1.333375
      1.373991
      1.401857
      1.340542
      1.328661
      1.385200
      1.360387
      1.371749
      1.337867
      1.461133
      1.429222
      1.413081
      1.348778
      1.348630
      1.477391
      1.396665
      1.511980
      1.388176
      1.349791
      1.573138
      1.346381
      1.470470
      1.341824
      1.424118
      1.339662
      1.554121
      1.421698
      1.340916
      1.390111
      1.778428
      1.501797
      1.474568
      1.353372
      1.485916
      1.866420
      1.368223
      1.341224
      1.336940
      1.349239
      1.484854
      1.440980
      1.374062
      1.429227
      1.332981
      1.431363
      1.381759
      1.364753
      1.333060
      1.341830
      1.342623
      1.342375
      1.479648
      1.358655
      1.328850
      1.360024
      1.485789
      1.406567
      1.373205
      1.462674
      1.321213
      1.391397
      1.351341
      1.419024
      1.343184
      1.346290
      1.343514
      1.439152
      1.452526
      1.363503
      1.458612
      1.368508
      1.368288
      1.440892
      1.332927
      1.353460
      1.326116
      1.321995
      1.327720
      1.386881
      1.321717
      1.333975
      1.413905
      1.396706
      1.447599
      1.336407
      1.752621
      1.345419
      1.344427
      1.349433
      1.463885
      1.415504
      1.461553
      1.344726
      1.399412
      1.367620
      1.376024
      1.360296
      1.355150
      1.326706
      1.629766
      1.371733
      1.515599
      1.469607
      1.423443
      1.358714
      1.331317
      1.379932
      1.646778
      1.439583
      1.356627
      1.482113
      1.416074
      1.331624
      1.339867
      1.372572
      1.528880
      1.347131
      1.469121
      1.337580
      1.340039
      1.346045
      1.346729
      1.339531
      1.349525
      1.341989
      1.361047
      1.418352
      1.434744
      1.343267
      1.363349
      1.354228
      1.354565
      1.411058
      1.473251
      1.329468
      1.369682
      1.435758
      1.350041
      1.332568
      1.439584
      1.634719
      1.349000
      1.336718
      1.333438
      1.371832
      1.339939
      1.374649
      1.482258
      1.377137
      1.323116
      1.360070
      1.355359
      1.437940
      1.552263
      1.383264
      1.528805
      1.839837
      1.507360
      1.334847
      1.417059
      1.338792
      1.358542
      1.425482
      1.522958
      1.554053
      1.369387
      1.380232
      1.455321
      1.452693
      1.333861
      1.419236
      1.343403
      1.381975
      1.333563
      1.461757
      1.623152
      1.391275
      1.423384
      1.337362
      1.370826
      1.334069
      1.417603
      1.338080
      1.353119
      1.406837
      1.480064
      1.333324
      1.423291
      1.569146
      1.340655
      1.343820
      1.633979
      1.361223
      1.362617
      1.332390
      1.394043
      1.358655
      1.336379
      1.349915
      1.532948
      1.368966
      1.899356
      1.474927
      1.452078
      1.320559
      1.437967
      1.324359
      1.360319
      1.544488
      1.380470
      1.377412
      1.722728
      1.343612
      1.411392
      1.362706
      1.342103
      1.409763
      1.372489
      1.418166
      1.502957
      1.339456
      1.513546
      1.367240
      1.728417
      1.508438
      1.571360
      1.324161
      1.369394
      1.471444
      1.360983
      1.321277
      1.362850
      1.360335
      1.500017
      1.505538
      1.369372
      1.339139
      1.345663
      1.402452
      1.338512
      1.729173
      1.369902
      1.523764
      1.410655
      1.347066
      1.338081
      1.367493
      1.463580
      1.522311
      1.340383
      1.365506
      1.635849
      1.408058
      1.381711
      1.338387
      1.354757
      1.413079
      1.409777
      1.401642
      1.338314
      1.350847
      1.319845
      1.383655
      1.375278
      1.436223
      1.629547
      1.574857
      1.363109
      1.396233
      1.340525
      1.542581
      1.347679
      1.334778
      1.381774
      1.347179
      1.341964
      2.082403
      1.374033
      1.334829
      1.418739
      1.336625
      1.615866
      1.693036
      1.398461
      1.389793
      1.341626
      1.388062
      1.344839
      1.456979
      1.338969
      1.462131
      1.402925
      1.462379
      1.520848
      1.382460
      1.336960
      1.628381
      1.349240
      1.623976
      1.337929
      1.343153
      1.339175
      1.333561
      1.385642
      1.378937
      1.348033
      1.526660
      1.562041
      1.407704
      1.552626
      1.366928
      1.677016
      1.383884
      1.334771
      1.763910
      1.341203
      1.403088
      1.458829
      1.340872
      1.361597
      1.383673
      1.436293
      1.328922
      1.364935
      1.323645
      1.336123
      1.359923
      1.333630
      1.336515
      1.358221
      1.338560
      1.375933
      1.401250
      1.376825
      1.409280
      1.348839
      1.359335
      1.349166
      1.398694
      1.365143
      1.332184
      1.354347
      1.426157
      1.350659
      1.396570
      1.460012
      1.358077
      1.337629
      1.342092
      1.456721
      1.508209
      1.460391
      1.452211
      1.340226
      1.324164
      1.460324
      1.373798
      1.338787
