      3.842701
      3.155916
      1.262976
      4.595272
      0.668356
      2.420237
      0.605126
      4.490321
      4.035820
      4.698140
      0.795997
      4.100128
      2.214007
      1.071578
      3.015877
      1.825755
      2.534283
      1.340811
      4.105783
      2.037547
      2.855797
      4.226296
      4.204365
      4.618175
      3.732386
      3.930864
      4.542681
      0.944449
      1.499315
      3.673278
      4.076102
      1.237442
      4.077651
      2.762201
      3.414264
      4.415382
      0.901583
      1.752851
      3.939808
      2.427267
      2.422541
      3.594334
      2.413444
      3.446155
      1.374428
      4.610081
      2.395260
      2.504132
      3.256382
      0.699363
      2.128124
      4.096827
      0.737944
      0.654819
      2.759482
      1.280405
      1.157367
      3.683781
      4.807580
      3.672210
      3.100191
      2.422885
      2.026597
      4.598604
      2.460600
      3.446468
      4.315939
      4.986692
      1.666614
      1.354874
      2.668825
      3.281659
      1.364156
      1.520216
      3.648981
      1.531883
      2.543066
      3.549434
      4.255768
      1.602511
      3.260270
      2.490006
      4.641661
      4.347480
      4.044589
      1.821564
      1.821667
      3.116428
      3.921097
      4.175363
      4.725175
      4.049866
      1.769235
      1.750514
      1.861136
      1.700983
      0.869502
      2.356940
      2.885647
      3.247468
      4.014456
      3.263673
      4.851173
      1.281478
      1.962154
      0.969089
      2.113327
      1.700706
      3.175607
      4.597371
      1.447444
      3.967875
      3.106341
      1.669680
      3.334339
      3.563137
      1.467241
      4.868582
      4.732015
      3.020897
      2.382638
      0.987102
      4.513197
      1.464513
      1.067730
      1.062191
      2.237582
      0.665419
      4.884188
      3.578580
      1.142165
      2.197352
      4.186045
      2.703104
      0.689897
      0.832208
      1.068625
      4.583713
      1.198626
      3.821054
      1.713124
      3.666096
      3.979183
      3.331228
      3.932243
      2.061977
      4.461525
      1.999179
      4.309467
      3.347187
      4.092361
      4.287259
      2.502034
      1.151387
      2.705984
      2.712546
      3.193430
      2.798231
      1.269066
      2.068153
      2.386663
      4.365184
      2.529494
      4.431769
      1.343323
      1.870889
      4.035674
      4.044833
      1.249348
      4.682773
      1.856853
      3.895598
      2.347633
      2.652698
      4.559617
      4.842236
      2.883448
      2.720723
      2.239125
      1.605411
      2.098735
      4.176419
      4.426333
      2.248152
      1.595760
      4.526506
      2.849380
      4.462798
      2.626060
      0.849843
      3.539054
      2.886921
      3.399013
      2.792951
      4.603578
      3.672963
      1.091767
      1.726411
      0.906661
      4.176932
      0.592432
      0.476981
      1.940371
      2.187901
      2.123052
      3.152337
      2.516867
      1.487267
      3.574728
      1.160793
      3.838450
      2.888540
      1.284004
      3.987320
      1.951598
      1.027638
      0.795821
      4.267000
      4.163638
      2.971061
      4.105214
      4.373139
      2.925852
      4.197039
      2.486912
      4.738326
      3.169611
      2.390748
      3.726822
      1.326032
      1.824413
      1.499729
      1.700131
      1.234227
      4.940911
      3.144146
      2.884412
      4.199462
      2.832974
      4.720938
      0.719950
      3.817996
      1.905959
      3.403162
      1.532896
      3.944900
      3.955718
      0.971498
      4.830738
      2.325540
      4.830788
      1.699979
      2.643986
      2.160627
      4.352350
      3.966061
      4.013735
      4.435394
      4.037914
      4.573446
      1.750811
      1.643669
      3.941262
      1.797225
      1.898587
      4.455959
      4.693798
      3.824733
      2.292873
      2.648683
      3.115879
      1.752298
      3.512139
      0.558648
      4.293880
      4.520584
      1.758333
      4.573318
      3.938040
      1.889102
      2.929807
      2.835227
      1.344066
      3.311949
      2.689644
      4.850380
      4.315228
      3.990015
      3.161785
      4.358533
      3.593252
      3.328717
      3.310742
      3.450188
      3.420088
      4.043604
      0.794733
      4.274294
      1.282430
      4.919391
      3.610077
      1.868998
      1.624522
      4.906561
      1.476171
      4.681765
      1.798454
      2.236333
      1.087634
      3.424589
      0.491675
      2.564838
      2.478872
      4.727879
      1.281629
      1.600860
      3.472243
      2.398183
      1.179499
      2.713785
      4.289578
      1.531040
      1.680917
      1.543396
      3.835861
      4.348445
      0.792149
      1.346016
      4.778141
      4.772006
      3.632026
      2.530951
      4.916832
      3.646825
      4.879263
      3.572086
      1.771088
      1.929541
      3.913223
      3.596848
      1.869507
      4.563014
      2.832605
      1.492104
      1.111914
      4.329514
      1.344340
      3.714027
      1.035703
      1.483767
      1.384675
      3.835498
      3.997338
      2.894932
      1.031751
      3.889622
      2.998529
      4.444517
      2.127769
      4.575679
      1.915957
      2.221352
      3.102540
      1.149067
      3.468930
      4.012386
      3.133448
      2.996502
      3.218116
      3.118623
      4.787294
      4.602229
      2.679739
      4.781217
      3.932971
      0.884163
      2.399629
      3.420553
      3.463567
      3.061322
      3.630026
      3.424933
      4.392686
      3.634684
      4.277668
      1.727107
      3.872972
      0.995523
      2.419372
      0.699868
      0.817850
      3.411901
      0.663207
      4.691122
      3.062519
      2.650332
      3.677613
      2.352342
      1.651381
      1.804728
      2.090186
      3.671557
      2.137435
      1.790481
      2.581778
      3.863985
      3.690607
      4.842561
      4.288632
      2.242040
      2.261125
      4.960827
      4.852363
      4.564951
      3.585948
      3.352646
      4.881469
      3.368469
      3.013109
      2.749914
      4.503933
      4.159544
      3.108677
      1.576715
      2.664020
      3.587740
      4.573129
      3.313636
      4.076120
      2.969662
      4.900429
      2.665245
      4.454886
      1.266414
      1.825838
      3.458406
      4.282045
      3.285668
      0.873280
      4.218797
      1.998254
      0.705571
      3.473617
      1.269501
      1.168627
      3.565361
      4.699534
      0.618000
      0.669039
      2.463798
      2.352122
      4.964376
      2.101378
      1.532098
      1.974528
      2.966153
      3.476734
      3.875423
      3.868657
      3.213194
      3.796637
      1.777097
      1.470968
      0.627441
      3.119466
      2.362014
      3.603497
      3.089485
      4.862287
      4.953152
      4.292976
      1.921411
      3.701628
      2.370437
      4.961527
      3.044905
      3.681640
      4.221719
      1.395404
      4.331981
      3.988641
      1.671023
      1.424898
      4.097075
      4.400229
      3.482365
      4.122719
      1.370331
      4.733123
      2.068144
      4.034519
      4.864579
      2.228807
      3.196160
      2.359264
      1.724224
      2.001467
      2.989975
      2.666693
      3.666465
      1.553984
      2.990747
      4.022879
      2.293138
      2.921023
      4.043273
      2.394752
      4.337077
      0.759356
      1.948459
      4.619425
      1.034155
      1.535300
      2.927955
      2.847431
      4.941080
      2.722187
      0.856603
      2.201991
      4.650102
      1.135892
      3.761161
      2.608347
      4.294850
      3.743912
      3.948505
      1.384748
      2.573999
      3.482475
      4.489370
      4.428547
      0.948609
      3.310833
      4.163605
      3.311136
      2.527103
      4.576690
      2.073859
      0.738249
      4.175368
      4.476429
      3.774117
      3.916694
      2.247892
      0.559623
      0.866932
      2.935691
      1.927392
      0.413383
      4.506651
      4.786425
      3.784944
      1.549272
      3.349949
      0.870842
      2.378131
      2.302781
      2.368429
      1.273051
      1.240237
      1.120183
      2.743978
      1.850286
      4.746695
      3.654754
      3.399896
      2.730528
      0.938200
      0.632829
      4.852137
      0.385457
      4.624547
      0.445744
      4.168249
      2.582128
      3.326906
      4.608971
      4.896271
      3.745509
      1.492883
      0.889783
      1.684171
      1.775317
      2.855577
      2.649952
      3.752968
      4.358167
      3.024934
      3.087731
      3.257478
      2.190951
      4.440236
      4.240707
      4.990716
      3.007063
      2.029226
      4.289382
      3.729246
      3.731246
      3.430986
      1.997184
      2.953993
      1.387276
      0.975641
      4.185689
      3.044208
      4.940650
      4.019339
      1.663018
      2.696911
      2.298502
      2.500245
      0.460789
      1.369063
      3.604164
      3.364385
      2.916207
      2.737050
      3.203585
      3.677574
      1.248129
      2.007642
      4.787423
      4.676375
      3.013089
      1.121921
      1.886316
      2.313477
      4.509405
      2.094323
      1.211674
      1.640704
      4.293256
      1.779078
      2.978386
      1.760224
      1.601123
      4.764639
      4.124433
      1.774746
      1.832959
      4.154596
      4.392151
      4.455014
      0.777598
      1.831392
      3.261502
      2.184430
      4.655311
      2.243390
      3.174178
      3.608441
      1.321506
      4.876003
      3.481907
      2.184798
      3.821457
      1.514137
      3.284646
      2.495502
      3.807125
      1.529037
      0.511451
      3.714955
      1.298253
      4.287521
      2.877434
      3.818068
      4.245810
      1.988975
      3.874968
      4.662888
      3.578772
      3.760062
      1.410062
      2.982966
      2.763482
      2.933840
      4.549802
      4.658952
      4.374645
      3.396650
      4.170709
      4.642291
      2.546537
      2.308479
      1.447340
      4.821635
      4.290190
      0.746792
      1.370998
      2.585097
      2.412837
      4.019360
      4.325179
      2.948457
      2.731911
      1.175561
      1.555729
      3.486537
      4.226737
      4.354987
      1.486695
      4.070701
      3.144249
      2.935606
      1.064719
      3.305925
      3.931368
      1.474259
      1.342388
      3.748462
      4.123328
      3.793854
      4.963945
      1.759958
      2.145171
      2.502683
      2.022985
      4.166245
      1.948990
      3.351967
      4.078712
      1.300171
      3.947108
      2.753486
      4.436536
      0.858852
      2.421632
      3.922030
      1.072270
      4.769902
      4.136907
      4.870642
      1.277078
      2.387446
      2.815137
      4.238130
      3.961258
      3.482500
      3.961176
      4.290135
      4.649089
      1.322401
      0.926061
      2.467702
      1.794067
      2.374563
      4.771749
      4.750471
      1.874424
      2.835394
      4.827879
      2.671472
      0.872873
      1.439155
      2.368129
      3.826222
      3.680621
      2.521443
      2.439300
      3.167822
      0.742972
      2.761468
      2.821788
      4.901714
      2.108064
      1.065770
      1.940459
      4.548039
      3.386523
      3.046759
      4.816603
      3.650570
      1.618694
      2.062240
      4.218745
      3.610316
      3.119918
      4.004379
      4.730050
      1.340015
      4.639862
      4.419798
      4.428816
      4.047087
      2.913754
      1.877620
      0.511158
      0.813414
      1.683087
      4.022458
      4.131636
      4.549664
      4.048277
      2.329024
      1.577783
      3.505090
      3.204326
      4.766333
      3.816437
      3.975213
      4.496967
      2.453504
      2.325628
      0.897378
      1.192693
      4.245409
      2.536092
      3.958918
      1.754065
      1.469386
      4.781702
      2.089362
      3.879946
      1.585970
      0.856512
      4.926304
      3.152768
      3.866200
      4.800953
      2.088308
      4.463531
      1.339410
      1.297708
      3.491523
      1.178383
      0.950097
      4.787430
      0.908620
      1.604614
      3.247352
      1.247044
      2.950920
      1.840546
      0.860371
      2.930087
      1.944611
      2.405691
      1.126831
      2.255613
      4.230909
      3.561393
      1.573621
      4.376629
      3.603187
      0.710341
      1.554104
      2.388136
      3.779968
      2.972471
      3.995917
      3.421549
      2.808336
      1.044782
      0.782280
      4.179405
      3.142416
      2.045721
      1.180965
      3.860838
      0.986098
      1.357374
      4.894067
      4.780073
      2.534124
      1.697940
      3.433806
      4.433938
      4.750712
      4.036297
      4.562674
      1.776121
      4.115743
      2.551880
      2.524039
      2.357633
      4.519086
      1.011441
      3.757589
      2.918140
      2.467583
      3.554707
      2.729426
      4.272819
      2.024251
      4.072767
      1.725251
      3.998333
      4.308426
      2.384972
      3.762816
      3.202651
      1.325340
      3.292925
      4.369702
      3.983625
      3.061224
      2.005524
      3.947447
      4.604981
      4.665535
      3.197460
      3.635211
      1.507593
      3.460774
      0.996165
      2.574163
      3.277552
      1.983930
      3.818663
      0.641884
      4.983387
      2.175806
      3.704419
      2.988142
      4.669594
      3.164615
      3.695066
      2.473026
      2.583336
      2.792000
      3.237532
      2.854746
      3.249795
      3.757832
      4.451287
      2.739720
      3.849514
      3.226372
      4.924274
      4.621535
      3.259064
      0.706073
      3.612095
      0.743118
      2.723332
      1.776807
      4.992421
      1.994659
      0.589179
      3.167168
      3.584657
      3.778293
      4.160817
      3.969132
      3.189416
      0.553581
      4.391269
      2.119957
      1.240829
      3.874919
      1.802989
      4.782175
      4.224127
      3.933421
      0.582277
      2.175879
      4.738450
      3.728208
      3.419146
      2.774646
      1.837705
      0.565796
      2.815552
      3.215141
      4.538352
      1.281665
      4.356178
      1.165417
      2.817929
      0.910771
      4.757299
      2.065447
      3.891533
      4.340914
      2.255122
      3.105886
      0.825454
      4.409846
      3.576448
      2.622984
      1.006177
      4.307183
      2.476151
      2.526783
      3.598873
      0.935620
      1.478323
      1.045516
      4.964736
      3.812935
      2.642300
      1.039816
      3.990290
      3.641272
      1.309903
      4.823785
      4.670731
      2.203824
      2.750057
      1.158141
      3.790686
      2.673827
      3.555311
      3.536615
      2.649083
      2.059585
      2.888379
      4.420240
      4.227400
      1.794346
      3.959468
      1.438065
      3.833523
      4.225815
      2.359711
      2.999018
      4.896504
      1.367526
      1.480537
      1.845544
      2.571732
      1.980505
      4.323082
      2.130266
      4.100138
      4.833168
      0.944070
      3.491700
      3.665783
      3.600502
      1.967934
      3.322039
      4.929762
      4.675740
      3.583921
      3.626237
      4.411352
      2.764676
      1.582496
      4.764001
      0.602346
      1.702297
      2.057865
      1.638573
      3.142845
      2.263980
      2.082121
      3.396853
      3.480650
      2.210575
      4.529402
      3.345357
      4.791838
      2.944873
      2.757024
      0.958502
      3.013635
      1.903802
      2.421949
      4.788324
      2.267060
      2.336380
      2.659371
      3.385897
      4.378780
      4.776588
      1.815220
      3.808179
      4.523665
      3.581393
      3.218463
      4.153625
      3.575754
      3.914077
      1.436328
      1.266916
      4.850558
      1.002932
      2.733142
      3.957869
      3.715551
      2.221182
      3.177368
      3.114009
      3.160552
      4.300572
      4.997099
      2.762119
      2.566562
      3.073740
      4.052447
      4.950005
      3.473452
      2.041518
      2.720493
      3.112546
      2.657093
      2.466377
      1.658911
      2.305130
      4.647673
      4.203748
      4.270625
      0.751049
      1.098510
      3.733033
      3.389701
      4.176327
      4.490200
      2.476760
      4.606910
      1.556834
      4.309470
      4.666282
      0.669577
      4.310271
      4.730860
      3.910923
      1.408377
      1.558936
      2.613968
      2.131718
      2.376175
      4.994999
      0.797301
      1.887986
      3.334385
      4.829291
      1.573532
      3.080088
      2.241370
      4.519583
      3.250941
      2.084318
      4.270980
      2.764389
      2.431625
      3.642315
      2.131187
      3.467461
      4.778982
      3.736871
      3.788186
      1.453700
      3.646564
      2.379581
      3.050815
      4.834757
      4.918315
      4.885140
      3.319930
      1.553821
      2.578158
      2.280550
      3.297511
      4.267089
      4.570985
      1.414774
      2.075705
      2.017435
      2.355873
      4.041778
      4.810924
      2.320073
      3.108817
      4.103320
      3.330753
      1.539567
      3.117578
      4.434349
      2.740188
      2.367861
      3.771400
      3.422958
      1.667289
      0.930394
      3.996966
      4.049128
      3.458107
      3.155145
      2.754141
      2.591519
      4.267198
      1.320383
      1.630814
      1.217729
      4.661781
      1.297459
      3.470618
      3.392533
      4.857751
      2.234618
      3.398226
      4.611435
      4.482760
      4.797144
      2.193863
      0.674637
      0.942270
      1.884109
      2.989759
      4.523301
      3.627192
      4.246921
      3.543510
      4.323241
      3.490360
      0.750002
      4.329081
      3.455893
      4.054109
      0.729403
      3.365387
      2.758604
      4.143883
      4.183895
      2.450930
      2.102440
      4.586598
      4.374160
      3.467048
      3.333963
      3.374883
      4.514529
      4.951370
      2.401918
      1.540426
      3.613372
      2.929273
      2.539156
      2.500658
      2.144920
      3.197524
      3.663914
      1.948657
      4.751262
      2.287816
      4.578089
      4.955142
      2.869235
      4.591508
      3.581977
      3.700262
      4.760348
      4.135017
      0.932636
      4.221588
      3.172318
      1.909029
      1.918322
      1.828489
      1.344002
      0.732222
      1.971159
      4.667380
      4.239652
      2.222882
      1.787904
      3.090320
      3.770811
      3.806253
      3.813780
      1.558818
      0.969007
      4.111826
      4.755223
      3.024393
      2.775061
      4.586363
      1.948003
      3.130377
      4.077921
      1.733724
      2.856156
      4.511286
      4.199944
      3.891649
      1.749115
      4.424787
      3.217601
      1.363708
      3.187943
      2.564002
      1.816625
      0.997216
      2.668100
      4.943955
      3.923381
      1.452924
      2.270622
      2.353595
      1.988352
      2.054330
      2.896639
      3.026629
      4.656851
      2.138980
      1.670051
      2.057885
      3.888710
      3.666405
      2.334814
      4.230350
      1.966029
      4.973905
      4.726130
      1.720273
      4.243465
      3.299842
      2.574146
      4.438099
      2.297192
      0.780348
      1.411898
      2.952493
      4.307740
      3.705851
      1.514492
      4.786354
      2.461185
      0.798093
      3.784563
      2.187196
      2.604710
      0.950190
      3.390258
      0.882411
      4.953485
      3.078132
      2.532074
      1.024579
      2.494391
      1.841295
      2.198498
      2.230485
      2.334837
      2.372136
      0.580444
      1.259415
      4.971891
      3.561262
      1.226351
      1.384871
      2.474088
      3.299498
      1.447916
      3.823826
      4.865485
      3.697303
      1.462796
      4.117505
      1.277544
      1.692024
      0.985995
      3.643952
      3.022514
      2.074031
      3.020123
      2.609405
      4.049950
      3.175909
      2.468888
      1.579812
      3.631781
      4.616279
      2.815462
      2.793601
      1.119960
      4.262335
      1.575947
      2.919803
      2.095386
      2.501261
      1.467973
      1.721938
      1.874512
      3.145680
      3.559169
      2.915204
      3.065589
      4.757264
      3.513539
      3.207785
      4.359950
      2.772854
      3.390315
      2.255551
      1.766125
      2.102190
      3.927581
      1.906506
      3.630185
      2.422421
      1.522260
      2.885285
      4.679856
      3.421021
      1.316080
      4.793717
      2.191070
      2.784301
      4.226052
      2.167017
      2.571661
      1.189055
      4.921173
      1.272358
      3.993136
      1.037634
      2.407475
      4.660972
      2.593076
      2.100214
      3.122880
      1.415016
      4.011527
      3.650761
      4.818193
      0.898699
      3.569341
      2.943085
      1.731336
      4.600929
      3.321675
      3.433058
      4.665357
      0.781552
      2.917203
      3.672149
      3.424040
      3.617575
      4.029420
      3.787738
      2.774451
      1.220588
      3.093534
      1.528664
      0.733526
      1.479896
      2.426544
      2.239003
      4.108687
      4.774150
      1.879635
      1.422725
      3.221039
      2.968702
      3.362175
      2.873393
      2.783024
      3.489865
      4.799246
      4.475867
      4.340959
      4.156537
      3.256221
      4.551831
      1.561603
      0.769592
      4.701144
      2.664182
      2.291606
      1.647313
      1.848909
      2.527814
      4.127321
      2.550685
      2.841743
      1.863079
      4.245161
      4.058124
      3.160254
      1.369948
      2.004248
      3.548846
      4.220662
      3.395950
      1.197490
      3.586335
      1.036880
      2.687155
      4.199917
      3.887335
      2.950967
      4.612851
      1.973715
      1.180103
      2.691290
      3.420109
      4.729203
      2.446320
      4.543045
      4.735358
      2.455478
      4.023019
      2.640538
      1.432467
      2.456463
      2.741909
      0.702022
      1.476876
      4.612932
      4.720405
      3.984092
      2.012222
      1.555704
      4.098888
      4.361907
      2.109428
      1.736329
      1.516296
      2.243504
      1.087690
      2.302870
      4.737737
      3.795310
      1.190678
      4.131191
      4.641723
      1.625261
      4.225335
      4.250661
      1.591737
      3.344166
      3.001838
      2.428117
      1.548834
      1.239822
      2.933855
      4.058628
      3.899703
      0.878421
      3.584598
      3.433651
      4.026749
      2.419800
      4.033947
      3.086447
      0.800194
      3.322567
      3.247821
      3.732572
      2.155903
      1.784726
      4.003546
      2.713763
      3.251152
      3.106290
      1.360631
      2.779416
      2.337145
      2.760169
      4.519399
      1.357432
      1.720382
      2.473686
      2.055485
      1.225913
      1.659641
      4.963884
      4.602190
      2.870916
      4.711954
      3.915604
      4.522757
      2.606397
      1.315654
      3.301782
      4.674135
      2.600156
      3.271011
      3.516499
      2.363443
      4.655267
      2.383196
      2.794147
      3.428492
      3.452462
      4.998797
      4.465167
      4.911782
      4.041442
      0.804784
      4.992469
      1.442841
      2.294607
      2.163040
      1.857584
      2.316728
      4.332632
      2.724008
      2.676292
      1.264014
      1.448015
      3.914648
      2.447540
      1.340772
      4.198619
      2.261512
      2.964123
      2.566681
      2.933240
      2.703810
      1.513996
      1.024255
      4.013672
      2.913777
      2.597931
      2.682736
      3.705275
      1.832291
      3.493380
      2.510761
      4.688915
      3.508409
      2.872004
      2.174046
      1.500453
      1.013180
      4.448466
      0.732756
      2.650866
      2.591028
      0.582667
      3.586869
      4.774791
      2.942216
      3.857716
      1.910518
      2.801759
      0.737513
      2.451908
      4.601235
      1.179108
      2.638730
      2.213356
      4.999513
      2.300605
      3.118580
      4.165717
      3.239845
      3.194837
      2.916802
      3.607331
      2.971689
      3.803347
      4.654726
      4.247962
      1.395532
      3.122864
      4.803757
      1.170176
      1.305742
      1.885339
      3.789757
      3.321249
      1.505477
      3.558735
      2.293698
      3.993093
      2.436902
      3.628242
      4.505159
      4.847211
      1.039686
      2.635581
      0.478514
      3.285178
      4.111809
      1.107224
      4.499478
      3.495001
      4.497937
      0.581650
      2.154934
      2.057051
      0.276988
      0.504140
      0.697713
      4.130061
      4.532046
      1.506839
      3.303664
      1.367721
      2.062753
      4.034647
      1.451425
      3.607358
      1.975305
      3.697192
      3.474034
      4.818520
      4.757388
      3.451564
      2.947084
      4.241989
      3.649084
      2.957242
      4.782068
      1.963582
      4.498337
      3.576359
      3.246802
      4.472340
      0.696699
      3.336529
      3.715530
      1.292504
      2.588431
      2.788509
      4.419934
      3.611247
      2.833562
      1.837826
      2.624189
      4.303143
      0.482889
      1.931958
      0.881671
      1.663122
      3.646197
      4.792438
      4.895396
      0.768764
      3.110266
      3.706588
      3.739568
      2.178727
      1.942684
      2.178065
      4.267349
      1.878504
      4.622435
      1.126495
      2.326682
      4.423957
      2.731308
      2.060135
      3.366681
      2.392175
      1.141331
      3.792849
      2.037326
      4.778905
      2.437747
      3.949154
      2.514506
      3.325056
      4.112792
      3.972395
      3.440332
      1.429398
      1.055623
      0.985131
      2.547751
      3.380045
      3.671531
      4.492592
      2.037630
      3.195204
      1.801488
      0.622576
      1.550563
      2.797799
      1.896812
      3.146477
      1.878780
      2.707414
      1.048649
      1.672027
      2.209534
      2.877455
      2.170501
      2.749008
      3.369240
      1.609471
      2.606254
      4.229089
      2.381976
      2.522471
      4.888339
      3.712923
      4.709381
      1.398042
      3.092186
      2.213737
      0.819882
      1.464220
      4.144356
      3.666509
      1.874163
      2.004925
      3.838473
      2.740780
      3.752954
      3.803130
      1.358953
      3.115054
      3.617108
      3.029045
      2.949616
      4.778597
      3.063580
      4.402118
      4.972614
      4.856383
      1.201172
      3.629226
      3.014965
      4.216253
      0.891733
      2.778252
      2.134438
      2.849300
      4.136761
      4.995120
      3.618049
      1.721861
      4.785008
      3.310423
      3.468156
      1.447806
      2.735348
      4.968817
      3.227129
      3.358138
      4.113992
      4.390336
      3.670302
      2.385175
      3.957372
      4.114319
      4.802128
      1.680947
      3.043166
      4.061143
      3.103642
      1.101056
      2.833881
      4.683463
      0.936613
      4.113132
      3.616475
      3.076095
      4.761088
      2.884514
      4.083445
      3.039249
      3.072035
      4.368353
      1.036100
      3.234312
      3.010600
      1.860490
      3.072542
      3.451017
      4.746486
      2.644200
      4.061542
      4.456238
      2.323021
      1.686825
      2.863159
      3.818405
      4.143001
      1.331106
      3.260996
      2.116077
      3.749868
      0.727434
      4.190343
      2.195834
      3.108422
      4.544070
      3.020228
      4.210617
      2.801472
      0.883273
      2.398807
      4.153149
      1.336128
      1.982538
      3.804690
      4.971364
      3.695141
      2.189057
      4.741887
      2.777201
      4.536540
      4.607622
      3.466345
      4.654682
      4.959349
      4.682291
      2.801960
      0.848845
      1.472403
      1.886522
      2.168247
      2.408059
      3.480028
      3.242667
      0.609309
      1.181107
      2.563127
      3.848257
      2.434503
      2.872956
      4.752099
      4.699346
      3.903736
      3.737581
      4.787362
      1.251665
      4.901196
      1.444316
      3.741774
      1.694009
      4.262020
      2.221369
      1.040805
      3.394553
      2.924080
      3.659524
      1.542786
      3.544195
      4.076995
      1.489798
      3.322342
      1.878542
      4.926790
      3.966699
      3.847899
      0.992861
      2.009918
      2.847344
      1.099931
      4.304731
      2.600748
      3.334032
      2.075735
      1.430964
      4.526258
      3.439781
      3.828738
      2.416679
      4.157038
      1.772207
      1.469401
      2.232048
      1.790913
      4.491799
      3.042376
      4.218472
      3.705946
      2.884093
      2.557467
      2.258826
      2.728355
      4.646148
      1.156025
      0.965555
      1.808542
      4.710376
      4.768938
      4.193590
      1.509997
      3.366447
      2.800062
      2.608514
      4.212116
      2.344630
      3.632550
      0.721504
      2.098980
      3.061095
      2.319420
      3.172062
      4.219652
      2.997436
      2.696787
      4.097597
      3.215279
      0.891251
      1.596401
      1.834261
      2.055014
      3.112663
      1.431023
      4.953033
      2.993541
      2.405287
      0.870555
      2.126467
      2.311621
      1.096351
      1.508388
      4.415469
      0.437365
      2.707741
      2.134574
      1.074754
      1.319909
      4.132028
      3.801203
      3.414086
      2.275150
      0.581593
      3.202733
      4.092437
      2.469694
      1.586228
      1.932663
      4.874691
      4.855723
      4.472428
      3.117170
      1.695460
      4.221874
      0.951245
      2.717945
      4.660311
      2.765679
      4.607719
      3.149151
      3.746456
      4.592883
      4.763580
      4.900320
      3.871971
      3.583597
      2.321381
      1.903192
      1.361369
      2.742019
      3.270841
      4.706441
      2.699702
      3.808507
      4.345339
      4.280006
      4.030130
      3.431451
      4.588488
      4.301899
      1.773703
      3.075297
      4.399563
      3.028995
      2.919029
      2.433609
      4.712268
      3.451035
      1.774074
      1.945222
      3.968855
      1.301081
      2.096691
      1.549365
      2.488671
      3.379645
      3.886703
      2.038111
      3.190855
      2.330055
      1.698714
      4.305037
      2.079150
      1.531322
      3.668072
      3.144368
      2.190284
      3.221086
      2.900581
      3.606752
      4.137057
      1.803093
      3.706104
      4.189397
      2.804289
      4.569718
      4.803373
      4.297345
      1.015876
      2.528175
      2.431181
      3.406041
      2.530867
      3.140599
      3.482908
      2.632468
      2.420066
      4.792371
      1.705906
      3.462614
      3.711531
      2.947345
      2.434655
      4.371843
      0.677938
      0.696366
      1.001958
      3.496911
      3.440979
      4.409308
      3.378226
      4.260031
      4.174869
      4.735543
      4.039197
      3.500002
      4.862889
      0.651554
      2.045973
      0.788250
      1.319582
      3.560861
      2.309136
      4.661390
      2.710833
      3.319794
      1.563175
      1.590742
      4.587656
      4.231869
      2.844712
      4.019665
      4.736751
      3.613450
      2.877232
      0.928046
      4.967285
      4.381143
      4.510017
      3.125278
      4.772159
      4.133531
      3.772744
      3.336061
      4.420185
      3.603082
      2.060729
      3.769252
      3.938670
      2.265963
      3.377294
      2.361817
      2.270769
      3.204484
      1.222427
      4.928511
      1.663322
      3.144803
      1.332429
      3.918005
      4.572552
      1.879950
      4.367551
      2.049169
      2.842043
      4.786854
      2.570495
      2.072852
      4.034659
      2.783482
      4.634060
      3.598178
      4.062947
      3.254320
      3.710530
      4.330392
      2.801534
      4.206651
      1.996148
      4.816567
      3.014324
      4.100946
      4.130626
      3.591421
      3.096278
      0.826090
      4.726740
      4.127440
      4.075072
      1.930967
      4.357525
      3.920515
      1.788459
      2.341784
      3.827566
      1.263558
      3.491629
      4.320638
      4.476168
      3.786040
      2.639928
      0.751685
      3.680128
      3.329201
      0.705090
      1.112535
      3.726044
      3.317268
      1.980550
      4.915353
      3.562431
      3.630634
      4.211607
      0.907254
      3.623279
      1.967290
      4.895461
      4.514834
      1.238300
      3.314352
      4.061166
      0.471091
      2.612624
      4.426912
      1.084923
      3.561257
      2.534454
      4.455562
      3.697925
      1.583134
      3.972979
      2.088559
      3.706091
      3.543274
      4.255484
      2.707672
      4.565936
      1.248439
      1.275417
      1.761163
      1.025245
      3.169066
      3.442698
      1.818285
      1.132508
      3.164910
      2.587369
      4.388920
      2.614446
      2.152963
      2.459581
      2.132406
      4.877525
      2.052415
      0.858338
      4.846058
      2.006526
      3.053232
      1.438169
      1.005118
      2.709288
      1.730574
      2.412122
      1.929793
      1.693570
      2.538140
      4.870832
      1.806539
      2.093017
      2.503178
      2.205508
      3.357277
      3.061647
      2.169265
      3.086848
      4.653167
      4.476272
      3.675473
      4.314271
      1.451087
      2.057260
      3.455119
      3.241720
      2.253272
      3.792842
      4.166396
      2.614130
      4.146558
      4.844336
      3.629750
      4.313435
      0.612601
      1.862631
      2.179631
      2.761801
      3.131369
      3.100573
      3.422267
      3.141010
      1.655153
      3.197103
      4.795469
      4.196451
      3.108945
      4.543966
      4.269249
      1.335819
      3.722477
      3.454495
      1.954841
      1.943387
      4.760454
      4.948460
      2.382362
      3.215264
      3.041301
      2.343505
      3.380186
      3.271870
      4.322340
      4.627455
      4.468115
      2.482321
      3.904894
      4.100671
      2.947510
      4.668776
      1.615855
      4.609616
      2.673386
      1.482044
      3.688204
      1.920209
      3.669719
      2.664327
      3.261938
      4.546272
      2.160441
      4.750982
      3.757528
      1.756977
      3.926288
      2.471248
      1.671337
      1.832940
      1.345838
      1.793631
      3.210386
      0.988887
      1.130091
      2.599969
      1.016753
      3.252546
      2.828421
      4.345234
      1.184510
      0.863126
      3.695035
      0.458773
      4.280148
      1.675028
      3.438630
      4.968979
      3.668205
      4.155314
      3.259269
      4.056528
      4.573971
      1.881481
      4.055623
      3.842301
      1.359538
      4.307818
      4.741117
      4.358802
      2.496353
      4.844149
      1.727383
      2.625428
      1.796750
      4.131661
      3.053882
      2.835482
      2.420831
      3.072001
      4.873555
      3.956443
      3.593630
      3.529947
      4.562243
      4.738397
      3.204957
      4.965329
      4.728665
      4.384948
      2.207858
      2.608663
      3.868270
      2.562869
      2.378096
      3.539602
      2.794210
      1.068164
      3.437585
      4.126711
      3.079070
      3.867117
      3.926399
      3.833944
      2.044936
      2.729790
      1.254389
      4.196035
      3.950659
      1.730683
      3.913448
      3.703532
      3.031741
      3.168068
      4.975423
      3.092168
      2.995435
      1.483928
      4.339467
      0.555392
      3.743846
      2.922222
      1.281766
      2.656749
      3.993148
      4.313364
      4.052253
      1.973657
      1.701543
      1.950039
      1.847090
      4.622708
      3.430386
      1.122814
      4.792527
      4.215087
      3.400047
      1.214202
      4.508449
      4.821522
      3.318031
      2.760841
      4.017412
      3.610050
      4.008254
      1.872922
      4.341167
      4.205142
      4.386734
      3.245474
      1.043286
      3.400843
      2.218255
      4.945425
      1.941579
      4.254694
      3.842905
      4.533371
      3.003828
      4.215562
      2.874387
      4.579195
      2.175502
      4.696338
      4.117654
      1.807682
      3.368536
      1.958626
      3.976730
      2.985414
      4.667110
      4.459673
      4.310987
      1.180382
      1.194545
      2.266736
      4.906354
      2.793433
      4.167504
      3.370568
      2.775150
      2.911727
      1.240836
      2.259902
      4.132199
      3.250894
      3.647635
      3.399283
      0.573779
      1.846842
      4.494899
      4.101446
      4.927149
      1.579498
      4.740519
      2.973318
      4.350029
      3.711501
      3.991791
      1.556588
      1.405186
      2.686781
      4.408050
      2.971654
      4.687965
      2.083188
      4.261363
      0.706943
      2.411464
      3.048449
      3.356503
      2.249791
      4.431708
      4.713119
      2.365187
      3.054601
      3.501723
      3.892060
      4.770267
      2.238478
      3.732587
      2.664747
      2.141352
      2.068996
      2.751057
      4.245756
      3.278316
      3.359888
      3.480985
      3.166473
      4.625292
      2.265863
      1.198327
      2.072171
      2.002569
      4.487145
      2.038518
      2.481990
      1.217354
      4.842490
      0.564464
      2.408279
      4.371854
      2.441506
      3.421140
      1.224046
      2.559205
      3.958444
      3.000957
      1.959046
      3.922906
      4.682981
      1.269427
      1.167156
      3.903492
      1.377271
      3.121812
      4.742681
      1.053435
      2.792057
      0.509923
      2.675304
      1.482049
      3.104388
      3.751656
      2.602962
      4.667064
      2.455856
      2.310374
      2.525039
      1.465325
      1.601990
      3.997030
      2.281727
      2.033139
      1.493937
      2.119171
      3.354204
      1.020515
      2.949607
      4.153651
      2.973862
      2.081572
      1.633124
      0.970658
      3.817232
      2.540180
      3.014523
      2.507535
      4.929581
      1.962354
      2.331377
      1.750677
      3.519820
      2.442372
      4.748734
      0.685364
      2.099158
      0.710786
      1.739187
      4.767705
      3.957660
      3.568374
      1.873155
      4.248500
      3.221653
      3.426440
      2.954916
      2.431181
      1.841456
      2.874104
      4.971478
      4.526177
      3.018965
      4.820297
      1.070147
      4.602498
      4.270178
      1.457684
      2.806057
      1.282132
      1.933204
      2.427359
      1.157088
      3.802223
      1.431392
      4.956628
      4.329945
      4.467120
      4.979650
      4.468184
      3.719241
      2.023054
      3.265840
      3.715005
      0.997548
      2.550940
      3.458229
      3.792891
      4.636154
      3.648672
      4.291842
      2.432240
      2.524022
      4.263222
      3.871323
      3.141917
      3.094140
      3.740434
      4.211840
      0.851896
      4.655737
      2.872834
      3.561489
      2.946930
      4.016879
      2.837173
      2.935126
      1.625190
      4.274486
      1.589439
      3.320633
      3.245351
      2.236821
      2.779897
      4.388386
      4.582904
      4.217311
      4.359319
      3.639526
      2.585737
      3.512251
      3.114990
      4.122882
      1.958544
      4.985367
      1.300165
      4.336563
      1.536536
      1.085519
      2.169247
      2.625628
      1.658139
      3.859328
      1.388918
      1.611248
      1.117023
      2.397856
      4.050570
      4.141842
      4.256960
      4.640057
      3.281436
      2.844583
      3.485476
      4.439741
      2.249441
      3.054166
      0.847717
      3.484847
      2.971987
      3.367930
      4.588343
      3.744453
      1.857912
      3.676942
      0.802553
      0.998582
      2.562451
      4.552753
      3.601193
      3.038285
      4.250474
      1.930407
      2.476918
      3.581480
      4.449391
      2.622304
      2.491128
      4.701813
      2.082908
      2.989001
      3.499839
      1.419647
      3.780120
      4.558714
      1.865198
      2.128020
      1.095609
      3.831786
      4.647570
      3.149099
      2.900632
      3.010132
      3.644244
      4.469322
      2.722228
      0.322837
      3.916711
      3.048261
      2.877822
      4.271506
      2.216862
      3.254644
      0.694145
      2.701350
      2.931627
      1.667726
      1.279520
      1.805666
      3.874941
      4.639092
      0.822508
      3.788187
      2.631699
      2.600190
      4.590217
      3.418179
      1.721185
      3.556565
      0.762944
      1.587342
      3.402155
      1.962792
      4.711527
      3.165703
      4.600183
      1.859570
      4.562151
      2.177103
      4.738481
      4.392627
      1.007419
      3.628837
      4.912144
      3.990959
      0.797274
      3.261140
      3.488178
      1.815204
      1.315863
      4.150208
      1.538646
      2.089992
      1.846961
      2.813448
      4.967596
      2.321385
      3.807014
      3.740023
      0.766676
      3.111863
      4.574172
      4.118161
      4.378142
      3.526349
      4.547115
      3.307723
      4.147618
      4.666256
      1.686093
      4.886614
      2.595584
      2.839127
      3.689843
      1.159556
      4.650113
      1.965546
      2.944102
      2.407357
      2.310406
      4.114880
      1.699961
      4.330178
      2.324339
      3.364811
      2.695883
      1.983570
      2.639956
      3.803452
      1.952465
      2.247388
      4.799989
      1.378172
      1.795870
      0.661317
      1.722721
      1.741608
      4.499991
      0.513687
      2.549072
      2.566931
      4.725793
      2.165909
      4.079305
      4.548977
      3.263401
      2.148479
      3.109433
      4.955596
      4.459462
      3.976380
      2.702092
      3.085066
      2.262068
      3.269966
      2.411843
      3.799332
      3.175823
      1.580926
      2.075474
      2.725989
      2.669170
      2.769575
      2.678895
      3.978219
      3.298560
      2.918050
      2.126659
      4.204791
      4.661873
      1.250612
      4.158848
      4.909398
      4.460065
      1.603525
      2.510414
      1.858233
      2.610715
      2.872306
      1.996971
      1.705391
      3.818228
      3.323515
      3.833823
      4.677226
      4.322559
      4.227255
      0.956342
      4.145436
      3.265726
      2.098540
      2.165630
      4.404813
      3.915886
      3.210886
      2.341764
      2.554071
      2.620101
      4.308106
      1.963120
      4.191105
      3.371083
      4.399230
      4.281997
      3.909361
      2.455420
      3.007711
      3.345685
      2.396980
      4.964923
      4.177158
      1.017847
      4.230526
      1.974777
      3.012065
      1.457760
      1.195623
      3.211709
      4.847948
      2.144014
      2.015889
      3.741831
      1.286887
      1.271541
      1.713652
      3.303026
      1.583080
      2.744216
      4.024678
      3.961399
      2.351782
      1.280880
      3.013547
      0.661915
      1.792448
      2.026893
      0.875639
      1.639609
      3.600681
      3.118620
      3.303064
      3.635202
      2.600702
      2.477992
      4.617585
      4.825599
      3.766865
      3.986942
      1.636314
      1.714232
      1.773480
      1.207883
      4.718171
      4.482610
      4.162139
      4.187853
      3.623483
      1.895681
      4.182176
      2.919336
      4.913125
      3.866349
      1.746034
      4.610990
      2.558439
      1.531261
      3.038044
      4.454239
      2.792446
      4.046411
      1.091814
      1.456117
      3.924091
      2.586291
      1.569891
      2.811478
      3.759094
      3.967545
      3.347677
      4.582789
      0.830996
      1.683205
      4.921464
      4.487935
      2.835749
      2.849881
      4.422734
      4.169744
      2.312466
      2.831077
      2.667307
      3.641542
      1.186143
      1.318555
      1.899801
      4.099199
      3.460256
      0.659660
      2.048757
      0.968384
      2.413035
      3.463814
      1.360432
      4.176206
      2.145072
      4.335750
      2.790894
      4.511463
      1.354750
      2.425267
      4.402377
      2.852224
      0.675237
      1.972782
      2.088601
      3.762553
      2.328529
      1.440496
      3.532472
      4.336021
      4.746763
      4.181670
      1.432550
      1.607650
      3.048011
      2.347584
      4.779974
      2.633379
      3.340182
      3.575669
      4.931126
      4.498848
      3.648919
      3.528428
      0.752282
      3.045409
      4.826997
      2.844147
      0.696673
      2.384618
      2.324891
      1.419787
      4.729640
      2.038209
      3.940437
      1.740158
      4.440428
      3.557000
      4.335029
      1.571037
      0.907683
      3.067471
      1.155230
      2.544857
      3.576791
      1.428644
      3.690730
      3.496191
      4.584259
      4.596346
      4.875333
      2.764435
      4.674471
      4.746040
      2.895260
      3.003300
      2.367684
      4.699032
      1.378646
      3.579216
      4.301732
      3.898052
      1.845123
      2.719507
      2.218767
      4.111799
      2.999705
      3.542297
      2.809277
      3.819282
      3.876617
      4.877637
      1.749638
      3.520231
      2.097663
      1.824546
      1.293268
      3.372169
      4.182961
      2.907121
      1.303393
      2.008037
      2.884269
      1.343363
      1.490226
      4.177290
      3.656634
      2.342588
      1.059852
      4.247766
      1.388661
      4.689325
      4.513836
      4.713731
      3.244425
      4.618343
      4.170289
      4.295051
      3.552368
      1.699462
      1.893856
      4.246801
      3.427551
      3.998761
      4.007287
      1.691283
      0.812242
      4.956674
      2.833021
      2.291352
      4.118165
      4.996261
      2.007630
      1.068398
      4.187142
      4.767372
      4.819992
      2.307327
      3.564431
      3.409262
      2.362368
      2.448229
      4.507772
      2.768118
      3.285501
      1.749665
      0.626827
      2.312721
      0.807995
      1.366969
      1.751159
      4.691760
      2.829725
      4.533785
      3.670712
      2.779010
      2.173863
      1.499183
      3.568721
      2.712448
      1.771552
      0.987400
      4.036346
      1.736407
      4.291708
      2.446607
      4.949960
      2.372032
      1.673035
      2.779298
      1.996893
      3.967646
      2.400675
      4.414718
      2.195836
      4.300303
      4.012167
      2.949986
      2.300309
      4.813006
      2.574832
      0.973644
      4.507352
      4.739719
      1.521322
      3.510419
      3.522420
      4.890603
      2.943549
      3.793401
      4.998297
      4.062716
      1.936303
      3.579959
      0.985713
      1.373164
      1.997247
      4.967584
      1.804408
      4.589854
      2.633600
      1.549040
      3.303866
      2.986101
      0.716440
      4.408618
      2.186334
      3.407448
      4.345016
      2.887766
      2.322193
      2.281988
      0.771666
      4.440432
      1.158680
      3.355847
      1.369790
      1.821995
      1.538053
      4.885394
      3.572263
      0.913167
      2.739598
      4.638584
      2.694007
      3.127071
      1.639579
      0.855502
      2.646981
      3.567593
      4.183872
      2.745304
      4.312972
      1.130081
      3.536077
      1.904825
      2.736525
      4.161206
      4.724122
      3.592430
      1.566430
      2.076073
      4.143353
      2.938437
      1.348560
      2.488507
      3.349518
      3.574227
      3.293699
      2.738853
      2.944897
      2.964296
      4.352954
      3.581811
      4.825376
      2.216813
      2.661463
      2.358193
      0.551881
      0.988365
      2.698589
      2.088448
      3.642842
      1.028832
      4.253324
      4.827142
      3.343631
      3.573781
      4.433423
      0.452501
      3.415053
      4.758123
      2.774276
      4.780924
      1.685535
      1.380688
      2.729145
      2.711971
      4.411774
      3.167810
      4.370403
      1.533354
      3.428457
      0.956387
      2.713263
      1.386280
      1.129101
      2.889844
      4.753605
      1.067473
      3.927297
      0.739890
      4.358270
      4.265378
      4.064822
      3.587916
      2.649590
      3.171556
      4.236262
      2.113463
      1.456935
      2.910378
      1.574644
      3.598008
      1.295841
      3.259098
      3.793756
      1.310648
      4.514188
      2.977704
      2.265294
      4.551851
      3.762961
      3.087097
      1.539298
      4.718258
      2.631422
      4.664377
      3.778587
      3.053246
      4.699991
      4.280903
      2.757060
      3.483076
      2.348097
      1.814271
      3.023861
      2.105362
      3.359753
      3.266176
      3.884184
      2.234609
      3.651446
      4.999199
      3.056851
      1.891805
      4.085889
      2.514957
      0.438894
      3.751491
      4.331268
      4.209179
      2.313306
      1.690657
      1.814665
      1.510034
      4.267267
      4.724866
      0.422541
      3.250093
      4.531224
