sampled_theta1
3.3266747652
1.9697505933
0.4293382147
0.6180957836
0.3500956694
1.0136846583
0.0781718229
2.2861711674
3.2742156860
0.0160625583
2.1271048728
0.2111298193
0.6355813127
2.5604657148
0.7187752162
4.8504577335
0.6634972299
0.5608625751
1.1582287073
0.3151418800
1.3627824692
1.4292653368
0.4584150684
2.6648844301
0.5855006774
0.4649603214
3.4709770832
0.2617501521
1.0825570561
0.2089205304
1.2289103004
3.7442141382
3.6845275285
1.8158564187
0.0970947727
0.2198210399
0.6928054382
0.6192676984
0.6792949137
0.3571461444
0.9923540174
0.8098234897
0.0191100696
3.0376021116
2.5878956478
3.6495083724
0.9712868468
2.5453799820
1.8276262690
1.8080876947
3.7796909789
0.0064266134
3.3611488913
0.5524718869
0.8967658169
1.2697918163
0.2058614999
3.0596838071
0.3550613543
1.3304712611
1.2442129315
0.9405716012
2.2130625836
1.3786286049
0.4888984903
0.2392519596
2.6688065497
2.6176396198
3.3168348291
2.3838709412
2.4648448261
0.1975164224
0.2431929403
3.7223415737
0.2128339623
0.3604482032
0.4440280585
3.1210970955
2.0757601668
2.4732512825
1.4532041205
0.1554501734
1.0691324844
0.5100796604
0.0824135987
2.2476733698
0.1824792009
0.1728388647
0.2660165736
1.2221491839
1.6986174868
1.5923138848
1.8749176052
1.2049792905
0.1066074504
2.0726312141
1.2571770394
1.7030201518
1.7152156727
0.7506460457
0.6266993711
1.5069966209
0.5172039965
0.9719087878
0.5964886792
0.0302320298
3.1480644215
2.1850107215
0.9175257568
1.2437186070
4.0793509789
1.7448899418
0.0629436748
1.2610177087
0.3914522621
1.4795463180
1.6461618023
0.0962557794
1.1313609772
0.0474632210
2.4722993829
2.5128020769
2.9369630943
0.3753049517
0.4285530798
0.6391835639
2.9873638338
0.2158006171
0.9308444604
2.0008018960
0.3743198673
2.2155849205
0.8665423289
2.1027059004
1.7037199941
1.0262391499
1.1135633513
2.3450265493
2.1460232524
0.1486509545
2.0206443941
2.7359979704
0.1973159002
3.3552261413
0.5334398121
0.2209668678
4.8542042616
2.4920997052
1.1913559421
1.4606846178
0.8632893337
1.9985087743
0.4738020302
0.4190313710
0.2820589503
2.4530462899
4.5666228448
0.3663845006
1.8676583905
1.2884375251
0.7596331343
2.3921017640
0.5984035263
0.5258540421
1.6877155393
0.6292625320
0.1166372969
0.0873745163
2.1996354571
0.4445880949
0.8028988236
0.6264710611
1.8965961776
0.2512040523
2.3143311871
1.3277280152
2.4274262991
1.3080627409
1.0070898932
0.6377927893
1.3210576098
2.4005689447
2.6405220413
1.0388127794
1.3273465871
3.8709433162
1.8216374149
1.0780512810
0.5870347990
2.2795718736
0.3697128915
0.1251381130
1.1680177191
2.8815504462
1.0748688631
0.1916690929
2.0286194832
1.7541574302
0.2267091900
1.6800988432
2.0764857765
0.9041752982
1.9351973198
4.6943125375
1.7398895755
0.2838061462
3.7054965728
2.2123816641
1.3181065900
2.5160880499
3.0199697711
2.0817514247
0.4810925097
0.3128482078
2.8825379098
0.2422930673
2.5779272115
1.3116790882
0.2758084299
1.3337537018
1.9689935745
1.8941287658
0.7469797674
0.7623314688
0.6155390629
1.0004644968
1.4074638142
1.4327135259
0.1855781409
0.0137163875
0.6266266208
1.7749544512
2.8045445922
0.9379693781
3.3479126868
0.8643758708
2.4965700990
2.6258526737
0.6987512012
1.5895867003
1.7477296297
3.9118607605
1.1743775502
2.2241267065
1.2139941041
0.4201702687
0.5988062680
3.0250747688
0.6227653274
1.1552055735
0.7745367827
1.2195844732
1.3033764526
0.8852625935
3.8611219557
1.4010430230
1.4362460812
1.5216785066
2.1046407592
1.8166043213
0.5587247382
1.3637474881
2.6596857282
2.8989660967
3.7853030696
2.0530866577
3.6380438499
0.0380920119
0.7316421357
1.2581673573
4.5433883416
1.7580297490
0.7097151089
3.7456421363
1.6456274070
0.3728720222
1.1660224812
1.7275573332
1.3794874575
1.1426667104
1.5077531838
1.6443540464
1.5202619865
3.0019026737
2.1146439070
0.6057717620
3.7548241528
1.3548103478
1.3575082714
0.4605896409
1.4564038530
1.3083353568
0.4034303929
0.4538446459
2.5658992087
0.7879497633
0.0508159332
0.7038726611
0.1730973186
0.0274601921
0.0511475330
0.7493953021
4.1687322309
0.7676122193
0.7501903735
1.4940079404
2.4224183279
1.4339632136
2.3951709552
1.6674087463
1.7040232601
2.7355032917
1.3218309447
0.0281189029
0.0657324358
0.6885096477
0.1430812314
2.1935446734
3.7506197841
0.9041689461
0.5465733129
1.4688387230
1.4991122537
1.5216371317
1.2594891789
0.0954916227
2.5900736754
1.6738040495
2.4136642751
2.0553020864
1.4248669071
0.5758376209
0.9958598713
0.8762496140
0.0090832181
4.6408454041
0.7047520263
1.0650396028
1.8703339941
0.5089893936
0.6189820865
0.5719870661
2.3516524313
1.8568364531
1.4702711743
0.1991852623
2.3817033094
1.2036186417
0.5536611998
2.0567993151
2.0246997792
0.6093339736
0.4526984179
1.6512484548
1.7589563825
1.4038143142
1.6228751385
2.2308599186
0.2743459200
1.7148125176
0.1047379932
1.4240160263
1.9983797513
1.6728295144
1.4189913484
0.8975822438
1.6581910575
1.1015570873
3.1748474154
2.9211771385
2.5855864232
0.1727852418
1.8781902881
1.4265431179
3.6293321348
1.5219400546
3.3353035633
0.6849559113
0.4912020498
3.5664524975
1.5054819658
2.5072035864
2.8989031355
1.3663456470
0.7462904237
1.2915574593
0.5358421084
0.7660519079
0.1062439120
0.0557618066
0.3393115455
1.5023561608
0.2758169440
1.5366048927
0.5608143899
0.4424073770
0.2631727669
0.0795456530
1.1284419195
0.1191776555
0.6881050094
2.3514694197
0.7787041940
2.5021029575
0.2307184117
1.9784950924
0.8066364337
1.8924654471
3.1452272722
0.2833433830
0.5165970863
1.4216748026
0.0986477799
2.0889846903
3.3917044202
0.0911523969
2.2181516065
3.2455043933
4.1805361574
0.2701323045
0.2292431764
0.8523121352
4.1148408979
1.5189430445
2.2101235854
3.6194770416
2.3559737637
0.0207093958
1.7254161022
0.2481083706
1.4969137834
0.1950762513
0.1890671742
2.3522988024
3.2493462168
1.6379098556
1.8755205195
3.3330658589
1.5912311063
2.0721857855
1.6130995429
2.2085024495
0.0763508356
0.3034786966
0.4724751379
3.0391425262
0.9823710222
0.9557302674
0.2686268734
2.1492888357
1.1834518323
1.6230060123
4.0270964358
1.3650561881
0.9107255229
0.3553293351
0.1288213882
3.9618631040
3.3836077183
0.0356444878
0.8545922365
1.5970234431
0.3000567022
2.3016688041
1.0551108103
3.7582010742
1.2551741043
0.0620873496
2.3876408021
4.0733782894
0.0224666731
0.8180699459
0.9142535667
0.5381199689
2.5973812926
4.2284639797
3.1047446647
1.5771396656
0.1664000774
1.1351151178
1.4420685629
0.2286521672
0.7307932692
0.0864377015
0.4247454085
0.1117432568
1.0758600206
0.4314534170
1.0849832354
1.2447422951
2.7584650682
2.7544928522
0.0093610992
0.2441401817
0.6641664821
0.4757742288
2.5790979413
0.3357668267
0.0004261600
0.3402946197
2.5219288566
0.3933875302
0.6974123167
0.4770611613
0.8206564572
1.4023920866
0.6649985777
0.4978405407
0.3088219930
2.8228707738
0.5733232904
1.3406689451
1.2104508122
2.4781544025
1.8781563515
4.3807713775
0.7115130141
2.1444083685
1.9138095982
1.2488277976
0.4029691177
0.2578895749
0.8805220464
2.8256425583
0.7893735718
0.1405759805
1.4726268722
1.2379496479
0.1320288438
0.6649796655
0.2539644409
0.2399077732
0.8731113538
0.0232599800
1.8010730071
3.8233760194
2.7744589929
0.1106507945
0.9542258768
0.4195119643
0.5042497295
0.2764721802
0.4373225756
0.6663762319
0.8293676115
0.1818433069
0.0825016416
1.7290221008
2.1204290903
0.2356196948
1.1309788402
3.0803330753
0.4840270499
1.2739224573
2.1669011051
1.9596635429
0.6857743370
1.4987070662
1.5232070834
0.6398523290
0.6361944638
0.8311816366
1.5396065736
0.1688123600
0.5327501226
0.7132096640
0.1414394345
1.2106381983
3.4771046687
3.1640274893
3.7180571126
0.9844030506
0.0082543536
1.5438326187
2.1664895006
1.8198744769
3.1176839338
1.8457825663
0.7361836718
1.1542121619
0.0028803089
0.0798275350
1.1944052341
1.0824353730
2.2485246861
4.1225288006
0.2442591155
0.3134172095
0.3858853508
0.5686212152
1.0410028990
0.8702628776
0.9380126501
1.8391542188
1.7075738042
1.8760671603
3.5229181656
0.6816044646
2.3261246968
2.6074253047
2.5549396928
0.6131700510
0.3954041441
0.0110788519
0.0588790967
0.0226086432
0.8422769442
1.6278210626
2.8591390664
1.5467626547
3.1044903801
2.9382540719
0.7696283031
1.9985989647
0.0582083342
1.3439499987
1.0037331351
2.1778721981
1.0354029196
3.5860420301
3.4294457443
1.4911914026
0.9449940674
0.2199969676
1.4449304480
4.6163865100
4.2641669055
2.7762105502
0.1381646032
0.3456303346
2.5229394120
1.1975546470
0.8066174091
1.8032248843
3.4724761428
1.4498817463
2.7232187513
2.8370185684
0.3117408092
4.5010975719
1.1854617237
3.5710850297
1.5827393405
1.1986495731
1.3393348509
0.7826299390
1.5029822365
1.4184341981
2.3741739282
0.4285642715
0.0233338240
0.8060185206
0.7391358355
0.3583819337
0.1793036854
0.6732355982
3.4208147489
1.3692786850
1.6345884526
1.8107995020
1.1825944232
1.6172304399
0.5330971571
2.1469663817
0.5747204850
1.0476117282
0.0885892396
1.3876611660
0.1690784869
3.6771062510
0.8396936578
3.3748067328
2.3623630167
1.7866795079
3.7275337275
3.8912962124
0.8776497146
0.4293098009
1.2334107187
2.8743217317
0.0301123751
2.3886454194
1.1673079033
0.5500747227
0.2659684298
0.5716623339
0.8300561108
4.3362788763
1.1052763490
1.3413299318
1.2147433890
0.5542738643
1.1066051173
1.2400649191
0.5251546897
2.2925473311
0.4856343928
3.1680861840
2.0192410959
0.3377784129
0.7382756270
0.0415101697
2.9653715431
0.1547899386
2.3819325599
0.2060777760
0.0447378580
1.8129116526
3.5126151645
2.9277326919
0.0472157782
4.6484388790
2.6017299147
1.5455625676
0.2953934968
0.1703545879
0.2463255021
0.1020854245
0.4415793196
0.3688932996
2.5404537984
0.4671713703
1.6365078821
0.6386097136
0.3070857830
3.0528150329
1.1245399006
0.4278432906
0.1777787322
2.3102485357
2.6269402579
2.8256811068
0.0593353745
0.2340503794
3.4109069920
4.2386004913
1.4074502706
0.8793885626
0.7576321509
0.7022411048
1.3157693176
0.2627540864
0.8930820071
0.3430504326
0.8205181864
1.5565427002
0.4276313934
0.5803198083
1.8495778258
4.2643457706
4.2910731750
0.9675948630
2.8881411766
0.2664232095
0.2005874232
0.7462381675
0.9604241949
1.0629348360
0.6928462984
2.3348302267
2.4547316356
0.7116586983
1.3353509109
4.6870174212
0.3746746076
3.4663922232
0.0292603767
2.1062372339
1.1548917560
0.2095791414
0.4072001405
2.1361780443
4.1105124211
0.4748634183
0.0283058501
0.5698722065
0.0389956928
2.7913244652
2.2448623599
1.0902391579
0.4220880969
1.1844656146
3.4434245089
0.0526982594
1.9343558584
1.2902092044
4.2780739996
0.4858981662
1.0207431772
0.4651016810
0.1411596637
2.3213536565
2.5236626527
0.7851003034
0.1083513252
0.3988610924
0.1615809621
2.4602836995
1.2528450510
1.2447345938
2.9734840967
1.6953025553
0.4769535752
0.8194647698
0.5217481101
3.0013641391
0.8329279380
1.2387154143
2.9680605820
3.0963817881
0.3725520664
3.1438612461
1.1181306574
1.8091415064
0.0056875307
0.1867963911
3.8304864076
0.5900542742
4.0143345835
0.7638200639
0.8555939556
0.9259677203
1.6249498776
3.9544549356
0.7443044314
0.6169656981
1.5295022741
0.7047472177
1.9241570057
3.2723587284
4.5191289187
1.3495528241
1.3133242300
0.3797008333
0.8286006263
2.9526928530
1.0186698672
4.6442255418
0.3399138460
1.0385982343
1.1562047172
0.8275148796
0.5395719535
0.7184467589
0.8559011003
1.0556970207
2.0072269676
3.5644920693
1.0495903122
0.5825815960
1.8947646745
1.7975195677
0.7621043361
1.6872597528
1.4602144625
0.5299296595
0.2366865104
2.7130946164
1.3217286019
0.1632326325
2.3426427154
2.4075288239
0.1539978680
0.2170038914
0.1052392138
2.9615176353
0.8070576484
1.4091059018
0.3781861616
0.0794073669
2.1107759821
0.0585626223
1.4371972362
1.7032295650
2.3024051531
1.9457876705
1.0490275989
2.5049741349
0.6592531115
1.9443955238
1.2893222762
0.6695900918
3.2180178516
3.3249771413
0.0841205316
3.7232085352
3.2986514031
0.9312344287
2.4032199271
0.9587561325
2.2690428518
2.2510968057
3.4344910495
1.7501071459
2.0401407944
2.0251121372
0.5523617102
1.8157395266
0.6023189969
2.4435497524
2.2973657884
0.4384769703
3.6433191497
0.0205167814
1.5547186728
3.4276039907
0.1510340073
2.0238412613
4.5802294780
2.3554907000
0.0731730337
1.6022518715
1.0451130465
0.9912934747
0.1699107784
2.4041765752
0.5977562636
1.2523162282
2.3296244785
0.8287647200
0.8815317030
0.6241472824
0.7863792867
0.0290877737
0.2262241796
0.9737634645
2.1701565571
0.5922959123
1.9818139247
1.4600912040
0.6132618992
1.4837273708
1.3963553434
0.5837388826
0.7113821709
2.5377243573
0.5856023841
1.0624125016
2.3632508812
3.8535602655
1.0696204862
0.3192102536
1.7573169647
0.0629901851
3.8675874085
1.6460672893
1.6010650954
1.7194240556
0.6885719702
1.1818866288
1.6183764569
3.6047581280
2.0927163187
0.9677112105
2.1663067317
1.5697072007
0.4557263325
0.2392749414
0.3998943929
0.0594120870
1.9078602047
0.9834935599
0.5337412175
0.1844876672
0.4411451850
2.7054745048
0.6861577652
0.8416171991
0.0368645778
0.0971493732
0.3508290916
3.5487058734
0.3776052419
0.2312775647
1.9773596457
4.1856847657
0.1529909128
1.8059754604
0.7610057447
1.8550884635
0.7846865832
4.5901270894
1.6109615190
0.0735094044
1.7431294305
3.8662606685
1.0965514783
0.1837250243
3.4705399507
1.1949760465
2.6661519477
0.8482692689
2.8287184887
4.6842568276
1.4258134689
1.7905962255
2.2068474483
1.4562555437
0.3456832887
0.5578547615
0.1590773993
4.5505531879
0.1178164436
2.9934830284
3.7776617858
2.0821922579
0.3358847194
0.8210425964
0.4651710421
1.4486264503
0.7298440032
0.2150027225
0.0549035989
0.5029450705
0.9618627795
0.4891476700
0.1909258146
0.4446132353
0.2536404101
4.5475151104
1.5236583381
4.4849439882
0.6867458158
1.4480887185
3.9768433219
0.8026855785
1.5832026265
2.1450098268
1.9429740911
3.2686118202
1.2858161973
1.1775250081
3.1734964323
2.0777395878
0.3309859163
2.5074931321
0.7474479406
1.5076287866
1.9615367762
1.1246458495
3.6347579946
0.1827978137
0.3152274877
1.2947790393
2.8874854003
3.4020298164
0.6573117260
1.6030038809
0.0350466556
0.5567298747
1.4418522655
0.7114328503
0.1183424954
1.5544286221
1.9282300313
0.6994325117
0.1062946253
0.7293661912
1.6994241415
0.2704851565
2.7073960302
4.7441804978
1.0181475516
1.6674063763
1.2457156246
2.8891924066
1.6857269054
4.0912472570
3.0504962355
1.4298618368
0.7872144114
1.6361759692
0.7478111575
0.8556087502
4.2137118553
1.4783002485
0.5774593131
0.7051613977
1.6957567750
0.3506704195
1.0201516699
0.1030194216
1.6671580629
3.4252216283
0.0434774062
1.8765160316
1.8778888931
1.5079977284
1.5981360739
0.7338905025
1.1017832249
2.3188685172
1.4463664547
1.4824136540
0.4522381055
0.0103922184
1.4431514427
1.5179012078
1.1444722425
0.7476988518
2.3830630444
1.9591624024
2.1610444069
0.5862971601
1.5291004525
4.5476722416
1.9430444708
1.6593085662
0.4076613981
0.1456437675
2.5425226619
1.8457286918
4.4131406272
0.1429083570
1.5262590746
1.1199485590
0.3236531121
1.8634737541
0.4502591539
0.4144553379
0.2766178511
1.2853132275
2.2245880181
1.0572738194
0.0962187579
1.5236869332
0.6436182239
1.8616533963
2.3026596613
2.6352964178
0.0970183650
1.0320050199
1.4845415881
0.5606703612
2.6449110612
0.4445067184
1.6916817002
2.3699196211
1.6769107021
3.1991280822
1.0890709574
2.9620510015
1.9900810894
1.2261900762
0.4971923529
4.5297761789
1.0825949049
1.7776582343
0.8160033923
3.4556823311
0.6357224974
4.0251381032
0.8959857991
0.8533543284
3.6469839773
0.6965603465
0.6406433849
4.0540348698
0.5218220495
1.4353466248
2.9954645890
3.5942873000
2.2242040864
1.7024496664
0.9361050472
0.4089048500
0.3730399483
0.6574945171
1.4753549528
0.2736390845
0.0057656779
1.4091939992
0.1833078702
1.6176260366
1.0851128228
1.5353158252
0.9132969537
3.6091420165
1.9411098550
0.8994311159
0.9362463438
0.5441419397
1.7334945729
1.7308777640
1.1077311790
1.4139684541
0.4389122887
0.0322334715
1.1420561130
1.1763592106
3.6557677113
0.7037317481
0.1637436511
3.6814768756
1.0395874881
0.1580929011
1.1122624924
1.7979520267
1.7892559637
3.1341410162
1.3564052065
0.4193004511
0.1364462224
0.1755551218
0.1514657186
1.5422813796
1.2210010120
2.3072568803
4.9923487052
2.3439028758
1.2317261520
0.3085227984
1.0486637234
0.9239309097
0.0820297336
1.7502008721
1.4832871210
0.1940125191
2.3080491524
1.8766071085
2.5832035395
2.9159932855
0.3686872052
0.7036812058
0.3844612791
0.9870389431
1.0387162192
1.3815677856
0.4132591437
0.3196852237
1.2504566408
0.4590451078
0.4349740052
1.1856341847
2.2894615599
3.2957865960
0.8093836035
1.3560953589
0.5215608286
1.0933284249
0.3920208220
0.2478189868
0.0746994551
0.0998729439
0.2478987250
2.1839299375
1.6317783319
0.7028677498
2.2364853222
0.4099050303
0.1830206609
0.6592216970
0.7315091289
1.0806701435
1.2791081595
1.6424787694
1.3868667552
0.2693095500
0.6624891435
2.5217446313
0.6166262118
0.6080897667
2.3954375410
0.1178451848
0.7176238513
1.7189896089
3.0127410869
0.3971343561
2.6450976930
0.2082751320
1.3134485928
0.3553510162
2.1823845115
0.3589589003
0.9884365822
1.7781297143
0.0729641639
0.9297231011
0.3375387110
3.0085054901
0.1661617008
0.4329680147
1.4694275802
2.1865891828
2.5501997060
2.1860800351
1.1402141213
0.2283766155
0.4342933108
1.1667689591
1.4765263920
0.3226752304
1.2298133447
0.0225920248
0.3738742539
0.2371459118
1.5928036359
1.9871665336
1.2736971313
1.7184195433
0.6446593230
1.3510148520
1.0412466890
0.1324529023
0.7249386337
0.7446948249
0.3844862055
1.0508961387
1.0116888335
1.2027472645
0.2331490008
3.0184787121
1.6825320341
0.4442596711
0.9058479359
0.0068337763
0.0784283898
3.1967330575
3.0117657864
2.3565780909
1.0830440623
1.5365336114
0.5914199136
0.2231857409
0.4301675118
0.8632177781
1.0052971174
0.0234384674
0.0923601000
1.6637057953
1.0116274674
3.2279209638
3.0561303733
0.7844908681
0.6668686781
2.2818306222
0.4310729023
1.3464025239
2.3266672396
0.6792501143
0.2471264105
1.9644805513
3.4031486303
0.7017531546
0.7641094246
1.0081453720
1.0892936523
1.2297208218
3.0955541146
3.0854598923
0.9076062883
0.3223277765
0.2465795199
3.4010271384
0.2546817825
4.2679872708
1.1840514232
0.0081242763
0.5136775006
0.0549950842
3.3937181703
0.8758828354
1.8657936517
0.6824885529
0.2984722923
0.3987907029
1.6603149759
1.9098248612
0.4651552918
2.4905270684
1.4568634497
0.8445909739
0.8048302949
0.0556360482
0.7386184073
0.3839921569
1.3924645485
1.1328488091
1.5211231528
1.8961395906
0.4935637562
0.4489165962
2.0917170385
0.1273053587
0.2217353549
2.3723947451
0.9266864653
2.7627587088
0.9332306728
3.6746214745
1.8190146644
2.9718242359
0.1419663826
0.3561986423
3.4749271579
1.7034577234
0.6546697530
0.5917882625
0.4246771402
0.8956890914
3.6759018815
0.2768929118
0.1358942074
2.6567163939
4.0622012305
1.9489996232
1.6550068113
0.0584765282
0.2234229977
0.9099049506
1.1441393530
0.3836602158
0.1929427518
2.9320079508
2.8348127264
1.9333244839
1.4028616858
0.4521293656
0.3009404677
1.1511644941
0.7683946329
0.9285294136
1.0672216122
1.3138778319
0.6247294078
0.8828223239
0.6069051103
1.9142084135
1.7054204050
3.3318068451
0.1915013856
4.3961293028
4.7372418807
2.6430888801
0.5857652522
0.9680632490
1.8662921634
0.1235277122
0.4364097365
1.7673634582
0.6935382799
2.0741808826
2.6669144415
0.1003602575
1.7305992676
1.0278796969
0.3559068145
0.7261982659
0.8859173096
2.2466586657
2.7643635435
0.5828480752
3.3979430318
0.8268446056
4.8284018443
0.3094810824
2.5822102701
2.4229127454
1.2671446969
0.2138353608
0.8785888591
0.6918515958
2.4693228454
0.5423686676
0.3311716619
0.7618990116
0.2569441955
2.9060969911
1.0777583343
0.4066838291
1.6880761892
0.2983597457
1.4489822466
0.2431838804
0.8793286604
0.0900417196
0.0472159508
1.1270098529
0.0160372239
0.9111982031
2.4516520964
0.8816034620
2.0582301783
1.7704431093
0.5088279930
0.4502143610
0.2335461707
0.2644844364
1.0315269764
1.3196254575
0.6861830877
1.7533202632
2.5486488112
2.0732631098
2.2074087207
0.5501862082
0.6058784130
0.7152497805
2.9585678252
1.0305339271
0.0961503482
0.4329964473
0.5183673064
1.9097463447
0.6260640258
0.6471281209
3.2777552751
0.2564583778
0.6315895890
0.0339632494
3.1830408264
1.1761023839
1.8756053298
0.7225827912
2.5101823401
0.2041356577
0.5630381663
0.5507521661
3.4685367490
0.9936886777
1.0307175313
1.3244623704
1.2616910063
0.9896644857
2.2841586695
1.4342063856
0.7955427399
1.9491047308
0.3535515081
1.4627362058
1.5125709754
3.8933804864
0.7874957157
1.4366004145
3.2319736000
1.9934203369
1.0450167800
1.1825075641
0.6946379416
3.8122747978
1.3255609484
0.0963101119
0.1530935654
0.8030196722
3.5128877363
1.1846775713
1.8619161552
0.9790547525
3.7782964834
2.4779924803
0.0716864849
0.2140717214
0.8569289492
0.4810930492
3.3699272849
1.3831644047
1.6392611800
1.8163391718
2.2003867628
0.6106407124
0.0061159567
1.7226019975
0.6007377906
2.5916846808
1.5189652073
0.3865990893
4.0354406058
0.6245229768
0.2653319265
1.2287225795
2.0889789052
1.8234703373
0.8797421967
0.0534562054
2.2538667244
2.0949948314
0.6357103451
1.2322636022
1.2402352407
0.1012868165
2.5117436802
2.1321879930
2.5339411234
0.2295176934
0.6204311885
0.3280812864
1.3075130776
1.4896977522
2.2448691809
0.8302604320
1.9167736506
1.5208478630
2.0965727864
0.4223202648
1.1230350281
0.1383865413
0.4160104325
4.3720697727
2.1583162535
1.8283740001
1.9590696628
2.7785415198
2.0157097453
0.2259326671
0.4109258035
0.3029002517
0.6977810909
0.1060717268
1.4169797147
1.9986188448
1.1067948860
2.9212013058
0.5716307069
0.4546692262
0.8425430455
0.8106503671
2.7442838939
1.8457908203
0.9501029211
3.0987126214
0.7069468159
3.1305997628
0.7087328775
1.3491138601
0.9587767924
2.9471478894
0.7739000006
4.5091221567
0.0316506025
0.1260019036
1.1020430308
1.1714941128
0.2804527543
2.1078342947
0.3578592401
1.7310347161
1.8115465388
0.2412114520
1.4146313308
0.4007272080
0.2862647710
1.7263405480
2.2068105774
1.5337459515
0.1921216134
1.5414652712
1.6702462389
1.4292936715
2.7655579610
1.5116240870
1.8176603519
0.6784601802
0.8779551310
1.1403465995
0.0882800908
0.3416836127
0.0483110120
3.0825320738
2.2781969810
0.9627510475
0.1149547555
0.2108939845
1.9137124975
1.8976279065
0.0833695930
0.6060822344
0.3744870911
2.1107318023
0.7559595286
2.3094027449
0.4793938060
0.9211629206
0.6548890373
1.7189585710
0.5449136233
0.7637980409
0.5380961710
0.1663609403
4.6421116295
1.3270637403
2.5402692116
1.0920611044
0.4138165456
0.2644180813
2.0176636087
2.5373952052
1.1148512468
2.5670869841
0.2623560660
0.9903168737
0.4697427427
0.9090180723
0.6924356915
0.0858643513
2.0447918979
1.8481998382
0.2214206137
1.5442106265
2.0423820827
0.5766888273
1.2405198620
0.1642857253
0.0126381675
3.3879949648
2.2602522264
1.3338704286
4.6258774115
1.3043194250
0.7430388876
0.1437750629
0.5517880223
0.1762010605
2.3266618226
0.9380225582
0.7045265165
1.4502172047
2.0400348035
0.7113746642
2.3541697203
1.1345745191
0.4720479862
2.0255359885
0.8293843072
1.8897444361
1.4545946372
1.6858532519
0.1258073464
0.7139300367
1.6916663646
0.3010451185
0.0090741988
0.2797131961
0.6757157492
0.4302568470
0.8501099606
3.2219947605
0.8821364211
0.8246348330
0.3878461362
3.9486440567
3.7691783604
0.7704070804
0.5759300003
2.0788010097
0.4757010377
1.4536730183
0.6740030114
0.4837263778
0.2704127236
0.1220913347
0.0049064454
0.5304776846
0.0511410801
3.2123525925
0.4615450826
0.5628382320
0.0907198630
0.5453287118
0.0870321685
1.8640002281
1.8886387934
4.9092610861
1.2312494016
4.8054453851
2.9885225981
0.9067159859
2.1146411488
0.9009836923
1.1181093762
2.5007979758
0.3706395286
1.6918349303
1.0648177100
0.4562196728
2.1331454011
1.5386002452
0.7519009234
0.3508851276
2.7410394103
0.1372346298
4.4111159952
3.2733419531
1.9128970779
1.6199151722
0.4565238782
1.1737129384
0.4667771691
3.0409850506
3.0174344668
0.7311654986
4.2904498319
2.7988913670
0.9242724342
0.6195249191
1.4820290414
3.2561589727
2.0739170627
1.0342525637
0.6145032325
1.2381001198
0.0413655578
0.1122943123
0.3587164526
0.5431157035
0.0018505613
2.6982820190
1.7277577466
1.5298176246
1.5531681116
1.3952238477
0.5161294312
0.1135808318
0.1326474264
0.4292254573
1.9404095307
3.5395787685
0.5412696622
0.4245882587
3.2266031506
1.5815821620
1.3303215439
0.8322486703
0.1902088505
1.6995761288
0.2051629964
0.0578517891
0.8249239900
0.3562455201
1.1864063416
2.7028833215
0.5666811938
2.7149643241
0.8026554965
2.8395783815
0.9750783442
2.1684975246
0.1850688987
2.0707244535
0.0031752193
0.6549726238
2.0703450964
0.0052911912
0.6916631563
4.0248694838
1.4756125311
1.2532638324
2.3540404417
2.0579417864
0.9970973317
0.8962442478
2.0729314958
1.2963719691
0.7486500192
0.2827908100
0.5550325550
0.2197855921
0.4463120716
3.4708619869
1.0179399887
1.6372423436
2.1289036179
0.7319420630
2.2029638854
1.5039323381
0.6067981913
0.0857171648
2.3920677261
1.1806563728
0.7035163978
0.6404806019
0.0852312269
1.3504377771
0.3990615750
1.3862610488
0.2827175552
0.0358937347
2.6891087340
2.1409341583
1.1098858210
1.1105042177
2.7411338146
1.2816342740
0.8145536650
0.3030689202
0.1833260512
0.2555276530
0.6282677139
4.2253822543
3.0673763609
2.8114870398
0.0243494324
1.4212723519
2.0313301254
0.0316851481
0.2159172656
0.8441762666
0.4008584917
1.9956076325
0.2825394847
0.2206955790
1.1262443936
2.3893453195
1.7945192855
0.3746400240
2.9670196306
0.6718488395
0.2220257451
0.3116154499
4.0312633583
0.7197596371
3.6806725653
0.7815409849
4.7940465079
0.2924201783
0.1104861987
1.0292328639
1.3042943855
4.3440274960
3.6132943017
0.6119952887
3.2196384083
0.5285480140
2.3749291143
0.6236483347
0.6608307806
2.7325996591
1.4796175727
0.7801201703
0.6374169888
3.2908184017
1.5672756418
3.1094440073
2.9157016985
0.7818783920
1.2963018121
0.8634551239
0.0171043931
3.4279026835
0.1757734095
4.3069261104
0.7425562606
1.0680141378
2.7225350981
1.8541802514
4.8641819563
3.2165989927
2.1005948854
3.8167545905
1.3735765148
0.2201817439
0.7134200362
0.1384689501
0.3527985897
0.7392510051
3.6898842906
0.0742100884
1.9554492206
0.6002218651
0.4116700066
3.3100971313
0.6641391038
2.5684445069
0.2576508209
0.2849048486
0.2418501051
3.3215208672
0.5733090902
2.7618723272
2.5755215858
1.8670605411
3.4774385224
0.1096822808
3.8232372832
1.9858109514
4.6747904652
0.7522335857
3.3026807270
0.8444615587
1.6701050905
2.1202972585
0.0965836036
4.1287640668
0.4190652309
0.0313081763
4.0393569857
0.6253021002
2.1116142697
1.1513916009
2.8485353809
0.0602508115
0.9970683363
2.3210921261
0.9206839472
1.5891507654
1.5024339482
2.1284758884
3.2516411630
0.0016094617
0.3926694872
0.2272002354
0.9300769413
2.6972346940
3.5251392496
3.3865003274
0.4104230619
2.4173647906
1.0820557715
2.0134434401
3.0710743172
0.9347512925
0.8676029390
0.8689705668
3.0456445343
2.1391860623
1.6408328744
0.1224779716
3.1572235657
0.5726364298
2.7122107572
2.5731343638
0.3094425255
1.7249072591
1.4149228215
1.1351509183
0.4723455340
0.9695103344
1.8576999249
0.3393376919
0.5027413518
0.5015034530
1.1253102964
0.5091451020
0.3005119704
0.1059775266
0.3375739833
2.5551209879
2.7713852627
2.5968236009
2.2791307119
0.5543241338
1.0765153835
2.0375612762
0.9171125986
0.0638343292
1.8607980440
0.9235952788
0.3509790187
3.4106559190
0.4410107167
0.4194010319
0.6284946996
0.0900845032
3.0241214127
0.0571153489
2.0517546462
1.1943476346
1.1932906209
0.1331322813
0.2224966093
1.0067562045
4.0801823135
2.7736610172
0.8760667066
3.8903851864
1.9698881554
0.2882270739
0.4627740679
0.4182936664
2.3794185405
1.3194253854
0.0632133093
0.3732914003
0.4789871369
4.0162835297
1.0549475235
3.5508358172
2.0439508421
1.6360689848
0.2508744742
1.0056063304
2.4953842778
0.7650534375
0.9735204508
0.5146475087
4.5517124110
1.7885498215
0.0716767411
0.9614446064
1.5714402325
0.8431789643
0.1664092183
1.4300155809
1.3155124385
1.3794395615
2.7600494312
1.4316671272
1.8178968962
2.2215712150
0.5185457382
0.7201550997
3.6852420293
1.5718054573
2.0881198379
3.5724854587
0.5711098753
4.8333363601
0.8723049436
2.5610784411
0.1087190248
0.3064833146
1.5057297907
1.2692846195
1.6977936715
0.9259851384
2.0258340077
0.9430521103
0.3957390373
0.7290979653
2.8410716053
0.4584209194
0.8559391778
1.3097527228
0.6843059853
0.1030492998
2.4673676502
2.0871369525
0.9511658392
1.6833570048
0.1907293681
3.6192623662
1.7463917064
1.4666798871
0.7988216602
1.7103518434
3.0440755800
3.9175768960
0.3394985285
1.5727452544
0.3222247776
0.9540344041
0.7107691408
3.3929914428
1.4044946713
0.3904328969
4.2842007151
2.4319830167
1.7449122131
1.1024287922
3.0664898001
2.4638816764
0.0799460289
1.7471019129
1.3131800124
0.5091953343
1.6197240611
1.1540243655
2.0927766373
3.0468500111
3.1185430143
0.6221697524
1.9785186056
0.2480567393
0.1166160550
1.5775552619
0.3889152004
1.0386645798
1.7496652132
4.3151284268
2.5072401427
1.2691687422
2.0568854794
1.6572778789
3.4482521082
3.1929973710
0.6550953423
1.4544387566
1.4886784966
1.0391852709
2.0461348245
1.2828914512
4.1850841153
0.6837363316
0.0021663522
1.9040347173
1.1547635139
1.2222392397
0.0042764615
0.9276145400
1.0794720763
0.0787011052
2.9658384677
1.3375679375
2.1293630430
0.4348717303
2.1633867333
1.7301604776
1.5966449898
3.5075427372
2.2022768894
2.3643110041
2.2173430516
2.4965187400
2.6732293644
1.8265001150
4.3101452478
2.0678213760
0.5416204120
0.5665512825
1.8863753713
0.7854330965
1.6046791528
0.6589790753
0.5728321793
3.2829357735
0.1306158723
4.4760091331
2.7592099837
0.0080091054
0.0781566411
2.1742822755
2.9032465423
1.0124986616
1.9753735264
2.9372751487
2.1698813546
2.5441369369
0.7439760529
0.2448143718
0.6337124033
1.4303662169
1.4762956855
0.4551065162
0.3743425756
3.2330528024
0.9929826626
2.2444655429
1.7202685269
1.0291422219
1.4110705814
2.2390974223
1.8260047529
0.5072612964
1.0457230213
1.2648260788
1.1898748281
1.8109129982
1.5058369288
2.3332907196
1.1665480938
2.7719754643
1.6172177222
2.0524144499
0.2986976814
0.2516441773
0.6433029779
0.7635628537
2.7537052102
2.5692569620
2.2384101593
0.0280814265
4.1608431318
2.3317474136
2.1756886744
0.6383417530
0.0858918558
2.5367034053
0.1288692258
1.1345947422
2.8071835477
3.7487165847
1.2642915559
0.0984740649
1.1850117503
0.2869581356
1.2334499696
0.1995671841
0.0498591195
0.7458634062
3.4356376234
1.0113286062
3.7621108925
1.1248516771
0.0325181397
0.6671805450
1.8627535363
0.6474638798
0.3259819847
3.9776476313
0.5238790640
4.1742241034
1.2427903657
0.0613015196
0.2536298622
1.5800821210
2.4243284339
0.2420886107
0.5950665377
0.3603095517
0.1278400022
1.8075921108
0.3397989879
0.2493810023
3.6199253956
3.3400726790
1.8892502317
0.4811605956
0.5796183273
3.1323795056
0.3977843294
2.6386394054
1.3888768040
4.3341544180
1.2126282405
2.9997070647
2.1996438553
3.2747121509
0.0144044645
0.8960776725
0.5040924129
0.6691885731
0.1421428855
0.6688047740
1.3338625490
1.4311202373
1.2997316331
4.6546049235
2.1722338317
1.2050167809
1.3312484884
0.7444064000
1.1201279062
0.7145884197
1.7373029395
0.8133129943
0.5719657567
1.0736342399
0.8494144035
1.4322384075
0.9939458862
0.6169481472
1.2677842839
0.1256359056
1.8691148612
0.7777723618
0.5429520366
0.3312135631
2.1605128017
0.3613453135
1.4529745922
0.6713301532
1.2104693661
4.8548005536
3.7885359867
1.3565951952
3.3883494669
3.9518692435
1.0426342452
0.3544020705
0.1368364901
1.4255708821
0.4373541899
2.0434623433
0.2018774264
0.2971484284
0.3846154512
0.3779056473
2.2180047518
1.5568517466
0.3080964953
0.0874705993
3.1040222054
0.5325229172
1.1839935169
4.0182711038
1.6445350543
1.6351468529
0.3694709517
0.0694656876
1.3303982063
1.9538340199
0.1116668509
1.7607527198
1.5464191586
1.0378642723
2.3045884603
0.4248600138
1.6328865756
3.5129596337
4.0254010924
0.9654439549
1.5413261369
2.5736036499
2.1909894174
1.8708911111
0.2696080335
0.6322052877
4.1052692203
0.4401747224
2.4381750679
1.3534263990
0.0709270226
1.6069212709
2.8394213389
0.9198635404
0.4036278696
2.4915344559
2.0536800541
3.7942910512
1.5131494600
2.5438244244
2.9222882886
2.6873931810
3.7411267278
0.8406279536
2.1538929100
0.6512249274
0.0868458120
1.5680570833
1.6955022454
2.0724839375
2.2222595329
0.8782422176
1.6955458655
0.1017559078
1.1375286949
0.4221604084
0.9977319445
0.1743973804
0.6659910817
0.4126849371
1.2069841809
0.2999633470
1.0312516824
2.0165712259
1.8442326163
3.2249659562
2.2758414550
0.6267398058
0.4776462258
3.2165010135
0.8888556387
1.7195320473
0.7517183277
3.4964029937
1.1203808859
0.5627907536
0.8185637772
0.6741557494
0.8847566527
2.4887155736
1.3335042985
2.6289315895
2.3141777054
3.1707021104
0.9429212237
0.6817846717
0.0117601105
3.0982415280
0.5726552769
2.0602727959
1.5817142653
0.1204425289
1.6803553074
0.6838680555
1.4843149044
2.5075893861
0.6268389400
0.7225259335
3.8759956596
1.7415810046
1.5104051869
3.0743230876
1.1625214438
0.1013775243
3.1727721386
0.7189738158
1.4052404739
0.0284930813
0.8771545920
4.1270988698
0.8463781361
3.5927531912
0.0171823505
0.1278414216
2.5255791465
3.4839977542
2.4472370879
1.6050553849
1.5870498609
2.1677990235
1.7911435240
0.8843316391
0.5794568280
1.7499144168
0.0745415759
0.9886497378
0.3873837154
0.8224174497
4.2754725670
2.1312982285
1.0505462983
0.4609209212
1.6232119844
1.5659203887
0.2783128596
