sampled_beta
2.8892254725
1.7738483330
2.1306975125
2.6258358225
1.9243102494
5.6946624287
1.4315372641
1.6237453354
1.5255942294
1.3065970318
13.6405973640
1.8760294459
3.0050917951
1.6405639515
1.5778344139
2.0380172624
2.2042286710
2.3531673437
1.9192700146
1.7469097934
2.6837647329
8.5466406160
2.3246903605
1.6626214125
2.1325803015
2.3760951807
1.5397619262
1.6780731804
1.6443611122
1.6627024988
1.7971800384
1.5628111322
1.6908083834
1.6132288774
1.3940219331
1.7184236814
1.8858467481
2.1362883410
3.1793516063
1.9443913631
2.7089845026
1.6577892843
1.2801607521
1.5744820583
6.0956948145
2.1060756853
2.4289798526
1.7398059707
7.9337453764
2.0420520853
1.1658709599
1.2408842337
3.3798830296
2.5872686405
2.3492467020
2.2264788413
1.6532167631
1.8036603231
1.8798329118
3.0902046692
1.9155973987
5.4102120472
4.9374623324
3.3982169218
2.2059596467
1.6700462576
1.6609718274
2.5322246287
3.2402167249
1.6926707190
8.3881150862
1.6306858880
1.7545179671
13.3782370203
1.4597040279
1.7652365611
2.3268427888
4.7094407949
14.7815744029
1.6072828971
2.8327335914
1.5655368874
2.0319328396
2.5799163108
1.5362139599
1.8674460022
1.6337316721
1.6402681690
1.5951129746
1.9634663918
4.1634767780
1.8497224985
1.6968017933
3.0581205882
1.3879894385
5.2555876236
2.2896401296
1.6439197204
1.9966531777
1.5351362288
2.8963480130
6.0287874519
2.4253975147
1.8501060325
2.6128888099
1.3442279089
3.1647802213
5.6509969659
1.6653197369
3.1816445068
1.8718530461
1.7100880230
1.3713543542
3.8288670230
1.5679128379
5.2001721331
3.2453706762
1.4295914147
7.3555452004
1.4470653144
5.5340762973
3.8765214397
2.8459666692
1.7168553680
2.1891932497
1.5848656943
2.9283260408
1.5540139705
1.8327481202
2.3476444345
1.4836481186
7.6614878487
3.5920472845
3.7907820841
4.8262064322
5.2350747662
1.8623525897
3.4836097820
1.8116157897
1.5664149957
5.6090112906
14.6760974967
1.6500945846
6.8010524456
2.1547514618
1.5604377248
23.9032894718
1.6666590278
2.6406063381
1.6131667407
3.5202413280
4.6176810773
2.3104410779
1.9860034545
1.8050506895
1.7156171935
2.1169937524
1.4568600400
1.9909071204
2.1420450344
1.5046834207
1.6716223029
1.5553835196
1.7636182281
2.5051387976
3.1265740287
1.8107252065
1.6550432360
6.0180104446
2.3130479646
4.1023360043
2.9445586653
3.0340639487
1.7439982587
10.9791416196
7.4770903283
1.6767579983
3.1310877439
1.8972139574
2.5798956542
3.1277807718
1.6638736369
1.6331945334
4.1603548188
1.8592919756
12.3470520408
2.1067170716
2.3258729648
2.0325698648
5.6735344748
1.8663051167
1.5428760707
3.2247449665
3.2340483880
2.4402706160
1.6491321475
2.7189116519
1.6472228419
1.5906616363
1.6808700076
1.8880190804
4.6503768759
2.2050653382
10.8885593445
6.0120781905
1.8347628426
1.4874657132
3.0016031508
11.1835152247
2.3074563590
2.5932460605
7.3298891983
2.3549585314
1.8790346579
2.2012812198
2.1196708213
7.2792719433
3.3873434383
1.8230450833
2.5996545809
2.2073027989
5.0837959194
1.9669474533
1.5007005927
2.5600288909
2.1990901160
2.6039863655
1.7907156868
1.5984112955
1.2756796262
3.0105621708
8.1790454873
1.6246879851
1.8160576456
5.2829212509
1.7080764034
2.3233980108
1.6910079337
2.7732679419
4.5495883466
2.5164179055
1.1785466119
4.3325233451
1.6601320017
2.4048823170
1.9065646626
1.8844910350
10.6117208530
2.0249355399
1.7969196119
1.9167879074
1.6861437290
2.5033056140
2.9449775386
1.7664015106
1.6639877880
1.8839875385
2.2244236359
1.6430488491
3.7189985380
1.5649317763
2.2140943903
1.8292451276
6.7441270062
35.4790440469
1.9495940298
1.5980576004
1.3504243296
1.9900705945
1.8336438853
1.1453249717
1.7263866154
3.4110261746
1.4047824770
5.0287964988
1.9621241775
2.1479715025
8.9283343513
6.3998571787
4.3756462590
9.9387656351
2.0480516078
2.1952419844
1.6478242405
1.6894729357
1.5996706682
2.0721731952
3.1650968021
1.6777579837
2.1643463957
5.5545371675
2.5340828270
2.1420266830
2.4383164509
16.4909690611
3.9900269084
1.5637256422
3.4021496326
1.9332894999
1.4019107937
1.5774249634
3.7025241869
1.9000194008
3.8355885071
2.2477252166
7.9150400960
9.5624000864
4.1555423591
2.3754451199
3.0416579788
2.9209451425
1.7970010976
2.0609392130
1.3024478520
1.5007767634
2.1289597983
1.4718539180
1.8988963775
1.6467639146
2.2049084557
1.6283146409
2.0035013524
3.5441899526
7.0503364352
2.1160509146
1.4505436701
33.4042377423
18.3323877527
9.9150422467
1.7470834006
1.9434247759
1.6016308844
1.5496577314
3.7608625421
1.2559298285
1.8853575935
2.5560032358
4.7450586982
14.3208693107
2.4854625394
2.9224342274
2.7077100330
1.7307682884
2.8213126840
1.6706656727
1.6196828669
4.1501536111
1.7191785547
2.2629117405
6.3645886408
11.5866065461
2.5761116052
1.8409205452
1.7238517639
2.2799542525
3.0352570073
2.2296821590
7.9767281512
1.8164693733
1.7120269559
1.4534081086
1.7158243404
1.6770224624
1.6410164975
3.6320168714
2.2089048088
3.5666766005
2.2594263380
23.5867368671
14.1779750434
6.8705575945
1.5212740405
3.8304201318
2.4931655575
1.2456084229
2.8445495145
2.1316090972
3.1196218047
2.1791668847
1.5674324851
1.7522070276
5.6986518186
1.5253959749
1.9144833905
3.6823971850
11.7338090825
2.7258697990
3.6901896743
1.7868106243
1.5306551104
2.1714366187
2.5943855109
1.4339002448
4.5408469269
2.6017426161
2.1778124503
2.1581567101
1.7637619533
5.8500331288
1.4191717286
2.9178897021
10.7657115953
1.8923957250
1.7117336876
1.5394341088
5.6212077017
1.8967654709
1.5680392566
7.4306648702
1.5839452634
1.7216111245
1.9408609669
1.4887671013
1.6425207628
1.5828419172
1.5807816631
1.6514952405
1.8957867183
1.8734886706
1.7169000990
1.6309866766
1.7981965145
5.3127320962
2.9101060755
3.6643685514
9.9792538339
7.2759256783
1.2856957765
1.6453799519
1.4759862092
2.7724790933
1.6452496335
1.6710475848
1.7162776313
3.2117371833
1.7618754000
3.1387993411
12.2439529286
2.7863328306
2.0687339941
1.6396845447
1.9120744219
1.4353988263
1.4388035530
1.7809907625
2.5398393111
3.7113250638
4.9117836518
1.7685586013
2.0825697128
4.4706443472
1.6558285698
1.2659117570
3.9510444986
2.2537411760
2.1749767243
1.6118673276
1.8351089055
5.7104504978
1.3724499480
1.5571738897
2.8690992255
1.4823937742
1.9771303894
2.0927075726
1.9624499191
2.3161278860
1.3616110486
2.7821309660
1.0573339892
1.2875359870
4.1784344218
5.1735759685
2.7283731430
10.8701963589
1.3366698500
1.6569191921
2.1952562457
1.4802427241
1.7467290269
5.2321605149
1.9682571537
2.2424764659
1.7388071899
2.2010889740
1.5636271370
1.6707697850
1.4706511333
3.6733778621
1.9044249601
2.4087086061
6.5122069165
1.2586724444
1.5628418079
1.5142876534
2.3828644425
1.5893270925
1.5584004789
1.2847343858
1.8597502358
1.5877322245
1.9368989955
3.4113474943
2.5431219431
4.2428066810
13.6618947921
3.1612836979
2.5490356947
1.8293483495
1.8104343856
1.5035683221
3.4591562863
2.3495082383
3.3394419380
2.5092088469
2.1039386196
1.8764081857
5.0968111918
4.3479785715
4.2916951651
2.0347863457
1.7576981016
1.6679947312
1.6378918662
2.3533978911
1.3961363485
4.0326044480
3.9907481895
1.4312555081
1.7481831205
1.6563727582
1.4983395713
1.7332749136
1.3382036986
4.3416145996
3.2336006224
1.7677763289
1.4451841363
2.7431364076
1.9495534606
2.2355008530
1.7907643273
1.6673687229
3.1865492436
4.3001365826
1.9331993871
1.3797800902
2.3781510728
11.4399532111
1.6865019592
2.3061625325
1.7386416193
1.5332203425
3.6206435464
1.7016290076
2.9905620031
2.0543642130
2.8143603534
2.3292311969
2.4312696585
2.1307796235
2.0475095395
1.9565337913
1.4204155715
2.5922342987
3.4198569491
1.5155661929
9.4174628298
34.9665323583
3.0405502640
2.0956189469
2.1836605664
1.3102138136
2.2796883285
2.5578407032
13.8509201352
3.3235440089
1.7118254779
3.3858415265
4.5743033118
1.2242019745
1.3639263256
1.8777047740
1.7181187467
5.6068073042
3.7040249858
1.7840405345
1.9659521766
2.1903917521
2.3273214094
2.1547147656
2.6577607723
1.6265170371
4.2304581577
1.6529971593
1.6507737621
22.7447966435
3.1799428133
1.6994652352
1.6429208308
9.4496156011
2.9341413421
2.0695973661
1.2833914127
1.3385063412
1.3029894063
4.3786718104
6.4005044476
2.6001399966
2.5509658540
1.6987764857
1.6131255197
2.6398861372
3.4970579123
1.4633004515
2.0739956360
1.6583763428
1.7224967655
1.7708612565
1.9077724501
1.4331140563
1.9427246422
5.5243612173
1.9958664638
1.5880211990
1.4355714138
14.5205400096
5.1391148939
1.6038744914
1.9836267757
1.7628191956
4.2071874301
4.1444515911
1.6688500852
1.9497685765
3.7285887151
22.8221275740
23.4588342636
2.2164408813
2.0645469933
1.6253682253
1.9086921159
4.1551537839
2.2772784531
3.9245359245
2.0997038111
1.6286649172
5.0310421126
2.0174619299
1.8843385904
1.3671568124
3.7777005655
2.6534616447
1.6578212853
1.4827096798
1.7152552428
21.5425488068
3.7472695430
1.7592491253
1.7141511333
1.5889726921
5.3145702176
2.3681621180
2.3919431997
2.6262206001
2.8035444970
1.5514092086
2.0510913806
1.6006471335
1.6819489103
2.5661412598
1.5479463819
14.4999714690
8.9441918439
1.1956855567
1.1107853799
1.9701501958
2.4074290055
3.1962353220
6.3011174313
1.3137836251
1.7336559566
2.9997169141
2.6603366947
1.8459616583
2.4377406861
3.2288477110
2.1374627478
2.8305596380
2.2442267173
1.7477138316
2.0526549481
2.8371624809
1.6066193465
1.6564595016
5.7355152457
2.2895437098
1.8808164401
5.4446077930
1.4504055944
1.6762205898
1.4553873999
1.4976781762
1.5077894315
3.6458290416
1.6307665229
1.4194169304
2.5713140285
1.4880722806
7.0560852637
1.5287008140
0.9909007295
1.5850047979
1.6337046498
1.7924940670
1.9313899928
1.6852319566
1.5367065726
1.5169094290
1.6176084738
2.1607156479
1.7327881032
5.7399209152
2.8912011337
1.8437938748
3.9131181178
2.7649868519
1.7572582601
1.5370885342
1.7183689312
1.6092056865
2.6695920102
1.5500461870
1.6811694987
1.9316356141
2.0540305986
2.1201455392
4.7919961007
1.9275267435
2.1403568188
5.7787930684
1.8009399653
4.4683998562
1.9309101590
1.5392420386
1.8322434565
2.0173184747
2.2843689297
3.4998536994
2.1264491281
2.2252250781
1.7910386483
2.6764052784
1.8398712656
1.7905145241
3.3207548089
2.5163361265
5.3160986262
1.8305944378
1.9416264897
2.3897222348
3.0624167309
3.7802662780
1.3341565359
1.7929742978
1.8059907495
1.3383228426
3.2083192546
1.8574755448
1.6875632313
1.5039273268
2.6612129923
0.9999574529
2.0742030759
1.3312507090
2.0402195690
1.3219998197
2.1783011248
2.1251284611
2.4227956768
2.0854592672
4.1178983075
5.9340666305
1.5404890824
4.1911105879
4.6851166691
1.8999504501
2.2671708131
1.6108131371
2.3802051172
1.8268312498
8.0420214100
3.4047659027
1.8147652413
1.3876314718
2.1396593457
1.4141184207
1.6336659469
6.0821003081
2.5364363466
2.6088399604
3.8036945650
1.5996374923
1.6323330102
1.5394932762
7.9137681994
2.8042421822
2.0977910605
1.8367340416
1.5556137790
1.6297216433
1.4319496745
5.5390089931
2.1682279669
1.2348469536
1.7683504268
1.9736964580
2.3227633089
2.3620363393
3.7987758624
4.5140193437
5.2910677731
3.0368284229
1.2057074673
1.5016994984
1.5163726019
1.6380777638
1.4903767205
5.6876176653
2.4084865412
2.1536037327
1.6706539587
3.3824016476
1.9804270977
1.9051699262
2.0706183623
1.8760178457
1.1875396541
1.6555120901
1.9234453388
1.9926472238
3.0794494884
2.2407100231
2.1579612827
2.8376521236
1.8055589500
2.9841455829
1.9597535696
2.8872649887
2.2924743159
1.8530716768
1.7968217192
2.7063226893
1.6433326977
4.5800724353
2.5203931289
1.6374356790
1.5442279010
1.6203092384
1.6228738155
2.1065087661
1.7945354442
1.5119165592
1.6917804160
1.8534422258
1.4966167464
2.5844343100
10.8008341954
2.0755514319
1.4909276646
3.6520488106
1.5409386207
2.1975345455
5.7658235135
2.3981843596
1.4131839661
2.2282131813
4.3797428594
1.4899686676
2.4021267691
1.9723209527
3.1692713786
1.7454166252
1.4307066677
1.4175010119
1.3383790841
2.6649336034
1.8489507600
3.1728824678
3.1135426845
4.5865682334
1.6817071831
1.9381239662
4.5725318678
2.7590799925
1.5316072198
2.3196880876
1.8083588245
2.3639952557
1.8708757221
5.3256200805
1.5214745385
1.8887580253
1.3121123447
2.8416521546
11.9994724718
1.4569047568
1.6787466395
1.0279639140
7.6518817106
1.6109040258
4.3351604094
4.2306124156
1.5385570771
1.6266525474
1.6941178727
2.6986953714
1.8558647430
9.1915397670
1.9549258001
1.9124504641
1.9668472468
2.2466462184
1.3268846144
1.6471404383
3.0217790587
2.0322899497
2.8665598135
2.1491116871
4.1792413446
1.8004438544
1.7600504180
2.8593032709
2.3916195395
2.4992152842
1.6646069909
2.6516028301
1.7309215210
1.8664098029
9.7943384112
2.6957821866
1.8300502247
1.6957174512
1.4742343014
1.7321492088
2.6466036262
5.7922131753
6.2184993888
2.4755979053
9.0666267958
3.8241282838
1.9801681404
1.7435585512
2.1392018286
2.3362103260
2.3368942626
1.5271701484
1.4279648330
1.9970757881
1.3518236928
1.6833535600
1.8090303897
1.5966584964
1.5869276273
1.8520933965
4.0497344039
3.2823997592
1.5467358546
1.3435797765
1.4955446574
1.8477528133
10.3474375492
2.1001495636
1.7464378716
1.6976667344
1.1207103706
1.4179761756
3.3066000567
3.2453029809
2.2360839607
3.7350611615
0.6721399564
2.5433876342
1.6126645232
2.8993571307
4.5768284440
2.2593371117
1.6040623273
6.1442843611
3.3976103847
2.0274567943
3.4876378926
5.8251165562
6.1960312779
5.6566263562
2.3855079267
1.9628081794
2.3649603120
1.9526336220
1.5101778956
1.5663759156
1.0985758608
1.4574365136
1.8505336353
1.1855841012
4.7298627732
1.9068974864
2.5781181504
2.0222531560
2.9783674887
1.6107214555
1.6083886783
1.3484820616
1.9719080155
2.2610999993
2.0157852829
1.6783887435
1.5538801863
1.7443940442
30.7419725867
17.4865983056
30.2129558500
2.1293423231
1.9446669585
1.2680921207
1.5196147548
2.1396670220
3.2641357453
1.7740131272
1.5031014217
4.2292459878
8.6495351977
16.0542788492
1.8156729315
1.5756466204
2.1982950918
3.4780216869
1.8044312613
8.1878243675
7.9543207804
26.1315345035
2.0942185865
2.2052829648
3.9522815685
1.6685535372
7.5536580407
3.0933246984
1.6921344628
1.4437815905
2.6146503357
2.0900397777
2.0065713820
1.5485249302
2.0044399639
2.1102704283
3.3712152244
1.4241530592
3.5706371394
20.7055931842
1.9457701620
18.4883491638
0.6164637173
3.6851004112
2.6279529351
4.7419296437
1.8312016364
1.6520357314
1.1533237236
2.7098588386
8.0616934246
1.4612857925
1.9403995212
2.4921306700
2.3177696961
1.7800912671
3.3155086344
1.8077724501
1.5987611780
4.7019343541
1.8297939338
2.7451964657
1.5784082375
2.4405721567
2.8537047857
1.3775853823
1.7092942141
2.8425483028
4.3149550419
4.5465902806
3.2760578467
3.3131182634
1.6181362085
2.1482459539
4.4855227163
1.9452332405
1.2560844014
2.2334906007
2.5156042626
2.4727939483
2.3599002194
1.8649324015
2.7495843228
1.7837564339
1.5707364264
1.8248021262
22.7656094036
1.4036614365
1.7059733919
2.0877461992
1.6152052509
3.8488395512
7.0710094937
23.9882122279
1.7542661582
3.0186999003
1.9639616551
1.6884445494
5.3696886112
2.2102823988
2.1733511418
1.7942297937
11.1242085573
3.2349219441
1.5491614448
1.3955956431
2.0499239392
1.7693254895
2.9600929332
2.6441948577
3.9108249247
1.4650258085
5.4152469839
2.4087156920
2.6625538602
16.5559485590
1.7104995076
1.6061777176
3.0425967749
2.4388932708
2.0934661388
4.1117286227
2.3769104165
4.2016860617
2.7862738760
1.7352834827
2.7661829454
1.8200964685
3.4824591712
3.9570533985
11.5295390074
1.9393407581
2.4562718619
4.9332563678
1.6967021179
2.4534775666
1.6488190249
2.6207730744
1.3912642824
2.5044236967
2.8323592310
3.5413510253
6.9032393302
1.6936434701
1.6239571008
3.6223319702
1.5082781450
1.9726099875
1.9308021845
1.7090885899
1.9180966813
1.2471955891
1.7227341156
1.5132602742
3.3040217432
3.7922812846
2.4248448747
2.0073306616
1.9520280737
1.6647161413
2.4707091354
2.4957293517
2.3642233363
3.3881537614
9.8375594398
2.6282958220
2.7010320661
2.2602424310
1.3078392745
4.2900035029
1.7944415588
1.2171127879
1.8055029675
1.5545374825
1.9758998910
2.3217233349
1.4652791053
3.4008683338
1.6492135612
1.6517471995
3.0231821584
2.9815352733
1.4582299767
1.6045599746
1.5597721709
1.5055461411
3.2799224188
1.8643027319
2.3189589225
2.0798509638
1.7713683925
3.1665236313
2.1506664328
6.8099295005
5.2331442031
1.4821074783
1.6464760970
1.9077874498
1.5104297373
3.0872054398
2.5188724677
1.7202096804
1.4937568821
2.0047754157
3.3970516176
1.7382179129
2.3011756147
1.8697728612
2.3466924158
2.1343147850
2.0421296977
3.4741834880
2.2674513934
1.6940129906
1.8742354363
5.1003501461
1.8991226077
4.1505017176
1.5565426971
1.9959200673
2.4444802883
1.9514949503
1.7658405730
1.5244436142
1.4121761748
1.5769486911
2.2920495421
2.8851337097
2.4286184261
2.1607470884
1.4796141800
1.4238143347
2.4114221011
2.7784722740
2.0153384921
6.8006141301
4.7253506424
2.1698772858
1.6378519455
1.8162469731
1.7932208885
1.5501158581
2.5445173607
2.0975298928
1.6104911885
2.2772260278
2.2209922604
3.2574893952
2.1209233630
6.1784331240
1.8277761891
1.8601768305
1.4883750368
3.4454456135
1.4502118044
1.6488072948
3.8123565629
1.4159400622
4.6850282056
1.7088047883
1.4787270781
1.5192412695
2.0014687232
4.1401902284
1.6545157489
4.1978752281
8.4557547159
1.5791843338
1.6396003129
2.2083226448
1.9043088407
1.6273478014
1.9268283465
1.8303040644
1.2953742194
2.0039178944
1.6153327063
1.8371550761
3.7601147927
2.4513267987
1.6358460595
2.9603571410
2.6917737130
2.7275054500
1.8000510496
1.7911789590
2.1011930775
1.6106731023
1.8589248919
1.6452688894
1.9849389185
1.5927375831
3.1635823102
1.6478239827
2.1489745654
1.6767466760
1.2547232734
1.4828748294
2.2941475233
1.4643099510
4.8022348802
3.7893614451
1.6830907624
2.8585745542
2.0239369699
2.3400786425
4.5591739764
3.9266755407
1.3706663307
1.7625163900
2.3036992191
3.1710028103
1.4220317225
1.7334293799
3.8427488635
2.2002662498
2.3466732238
2.1934401150
9.3624620622
4.4025927115
2.4042338357
1.6851667626
3.6642829756
1.3314750951
1.9271546118
2.4934337336
1.6498767020
2.5511983049
5.0699565016
1.4694193257
1.7953456339
3.7068617477
1.8260644734
1.7996177169
1.4398565611
1.8389634696
0.9365209367
2.5080852665
1.2773434422
2.2589209377
1.3673613588
1.9212176689
2.4697905475
1.6553360384
1.5308080741
1.4375189955
1.5948969361
2.5151152265
1.8522393539
2.0793251112
14.6460144943
3.8212048722
3.1288171520
1.5873426487
1.5616462526
3.6374974241
2.1605493313
6.0821953666
3.9425410971
1.6244120709
2.2253055063
2.4095699570
2.3521016796
1.6586298940
1.5570790705
1.9677193043
6.9977259564
2.9037406271
1.7408944469
1.6129692022
1.8382201609
3.4375767026
1.7371132251
1.4036291270
1.6375643921
6.2821124053
1.6263944323
3.0902325667
2.6578785889
2.3520558398
4.9017340548
20.5814151054
1.6924866519
1.4142187418
2.5196070959
1.5971838257
1.8830991566
2.7754070057
1.3789605075
1.6882597389
3.0482856703
2.8540043978
1.7435427402
1.4207826679
1.4871962208
1.8205073249
3.5909446925
1.6386525550
2.2564810083
2.0862601569
8.6499494085
3.3588107518
1.6048132998
1.8732953409
3.5080107595
2.0644398755
1.6228087608
1.9067025981
6.4464331189
3.5418760946
1.8415831002
1.5824110144
0.8248442653
0.7041991803
1.7206971771
2.7491702464
2.7773298497
6.4341840592
1.4035915921
1.6982916958
3.3366534186
3.3337552983
1.6862065230
6.4936195519
1.5719299053
17.0526158713
2.1645270149
1.4494720973
3.1339839662
1.9359433200
1.6388812155
2.1187008269
1.8156016108
8.3790418776
1.9038712846
8.9476201970
1.6720597952
4.7231115204
6.2090439400
2.8315469899
1.6624914376
1.9140049128
3.2953312820
1.6890052462
1.6268739836
1.7281826709
2.1839157978
1.5203785287
1.7128470323
2.0014456786
1.9773569617
2.6389192274
1.4382335792
3.7968357138
1.8393170100
3.0770514364
1.4404723012
1.4979090897
7.9811142526
1.3150244917
3.9192891558
1.7268933701
1.5502155147
1.9909905647
1.6613538262
2.1299070539
2.0304399581
1.7824825651
1.7550391466
2.0926468701
1.8680385481
3.1920909179
2.1195710140
2.3714362010
1.5714837085
2.0260625698
1.5385834874
1.6648543426
2.1737377553
1.8184422826
1.9368331539
1.3841701788
1.9009240700
2.3300581510
1.8420087194
2.9189896921
2.2777876964
1.6619868803
1.7446319987
2.7435714860
1.3609385329
17.0364341917
5.8325637985
1.5836354316
3.0262003310
4.3565331284
1.4147677770
2.0836953341
1.6027747069
1.2934061350
1.6004286467
1.8030625435
3.4343952267
1.9902764712
1.6103236887
8.5291334414
2.0322467369
1.7835198712
3.9882036605
1.9469107187
4.7226041757
1.5709917522
1.2635267293
3.9732338525
4.0065392244
11.2725780556
3.9804694767
2.6571652585
1.9221408868
2.0273032461
1.1606162916
1.9682772400
1.4821718561
1.7295841733
2.3106336847
3.1600238660
4.3703901086
3.8995142959
2.7807482995
1.9554481087
16.8343678963
1.5948837111
1.6841778723
2.5133775669
2.2915331333
12.0872916085
1.6128335119
2.5180149337
1.7092850155
2.4846768367
2.3246583107
1.2592448156
2.2301354088
2.0879864842
12.0452853264
4.6566013176
1.5949335145
27.0711387451
2.9170620326
1.7559083847
2.9997444575
1.6731847679
1.8763490553
4.3341120629
1.4988932873
1.4560661204
2.4409263344
2.7069775664
1.8359185798
2.9838154073
1.4198115603
1.6297672820
6.9971840359
16.7222701438
1.8981364785
2.1084707428
1.8990852239
1.4752024079
6.1901720462
2.0002116369
2.0748624505
1.6661585048
3.5736889652
3.8025141724
2.1909899163
1.7529980878
1.6434339069
2.1892873438
45.9602698490
5.8184479320
4.8446449222
3.3960972117
1.5880465254
1.8744123064
1.4798492470
1.9598213909
1.8795082640
1.6531075501
1.4505985762
2.6641263130
3.4489512901
1.7693114779
2.8846727911
1.9795300348
2.2646067913
4.4542291598
4.1650557873
4.3375036702
2.3324877694
3.4813274991
1.5293946843
1.6067493694
2.0318591666
1.8591211828
1.7579399171
4.0806815295
2.8083624382
1.6826579854
2.1419176184
1.3791729252
1.5511644955
1.9899929499
1.5740677597
1.8175912749
1.6909335558
1.9413451289
3.6839217875
1.9759618438
1.7420104008
2.4847790844
1.6306583579
1.8490048712
1.8445292930
1.6446138900
1.7121151514
1.4762557689
2.8782506167
6.8896136851
3.7554883216
1.6566849517
3.1913225790
2.8967637083
2.6620458278
2.1383382736
4.2843917181
1.3846470195
1.9497606453
1.4295393193
26.5079033553
33.8229401840
5.6138008748
1.8319265430
1.6666653819
13.8034631517
24.2642654674
1.7030833927
2.7821448809
2.1393022366
6.8029573040
1.7192668474
2.2276568378
2.2662814632
4.6012823557
1.8984142763
4.7605953402
1.5868570995
1.5029068826
1.5593576785
1.6954688800
16.7364050171
1.7343319779
1.6172567377
2.9814037002
2.1362956011
1.4740721750
1.6576303590
1.6185954491
2.0563148284
1.8481439589
1.6939398753
1.6746092672
2.4410737679
5.1077877825
2.8098235765
1.6876417959
4.1198190527
1.6593751894
1.6183073825
5.2772954094
3.6827812519
2.6893096210
2.6486893399
1.5940729113
1.2918475056
1.6603088228
2.5290295590
2.7269488905
1.3427914470
1.8985255082
2.4480264933
1.4485087439
2.7244363833
1.6276237309
1.8451353457
1.9984162276
2.9539801912
3.5195360201
2.5492839369
3.4214709980
10.4328956350
1.8597040677
1.9230481649
2.2239669740
2.0745340238
2.0461369193
2.1328358194
1.5392673230
1.3864903136
2.7232825176
3.8125834141
1.5772574193
1.2499418232
1.5627034291
2.8863270562
2.1051137281
2.9101604708
1.5790052058
3.8621608211
1.6747458246
1.9502185909
1.3927508681
1.8736369847
2.3125227156
2.6558752600
4.3887335098
2.3288350491
3.5814867289
1.7226882948
2.4464837319
1.4460392333
1.3864135666
1.3863365111
1.5474177901
1.5306598464
1.8181015809
2.2379128464
2.6902666895
1.3998161282
2.3688576773
1.6649210926
12.6413221803
1.6983008231
1.9732151364
1.9279548608
2.2355481135
1.7697644818
4.7911263678
5.5741420554
3.1276221673
3.2712219225
1.7456304809
1.9517104703
2.3829074050
2.1262662488
2.1588612314
1.7466941421
1.7045801959
2.6796078313
1.6309531721
1.5423764458
1.6543630341
0.9550607946
1.8200646707
1.6508060385
4.0930134452
2.2064592524
1.5620411543
1.7806539082
1.8358286145
1.5718804064
2.0369731221
24.3422817032
6.6288869247
2.8365168278
1.9425592778
1.6089115005
2.5783425622
6.6136024712
4.4809271629
2.8922314104
3.5628726103
1.4036964612
1.5118090588
1.8781030085
2.6880426841
1.2238708093
5.4463350622
1.6331161034
1.7839474109
1.7040864219
3.1543892471
2.4369547855
1.5306592286
1.4376459686
1.9143863835
2.3554503034
2.8839892637
2.2294549852
2.0724937388
7.0779764472
3.3344335064
7.4553140165
4.3221565484
1.5990483846
1.7065428259
1.6074766654
1.4496792179
1.8056072573
1.4935669969
2.5905713692
1.7834846426
1.6988421760
1.5969702560
1.8065062461
7.5215676432
5.1192567623
1.6374409689
1.6015585793
1.6577752976
1.2239680414
2.0649635566
2.1574401675
1.2817553218
2.2549969574
2.0682280623
4.8241583016
2.6619896065
5.9814543928
4.7772738373
1.6311861079
3.0098238524
4.5233348151
2.0291198759
1.8525357029
1.7802802103
2.2844434881
1.6169263319
2.2355148857
1.9228980756
6.4598120542
2.3981695966
1.6512198779
2.5400997339
2.5336365919
7.9660489271
1.9804016194
1.5310945922
2.6382536687
1.8371035311
1.9078535891
2.1455619978
1.4044929566
1.9645605482
2.1551257638
2.4357231425
1.7992628792
1.3264220456
12.5100948079
5.2095858842
1.7468338565
2.6370075218
7.7811884643
1.6202351108
1.6915704193
1.8102323923
1.6811871470
1.4788156946
2.0760659061
16.9110264989
2.4757409614
2.3400225418
1.3011956335
2.4221506505
4.0777070412
1.3813466270
1.6178783328
1.8917995045
2.2255028168
7.2141370828
1.6692020526
1.6678588993
3.5011890434
2.0892881093
2.3009681085
1.9080285398
1.6519129519
2.5732754713
1.6744018592
1.7961619800
1.5362842846
2.4360468273
1.5495695060
1.6936820211
1.8042812026
1.4746195846
1.4822105425
1.6474444416
3.2599568568
1.9937308545
15.6757544230
2.8806430816
1.8799802585
2.4823691001
18.8349603209
2.9577681461
3.0278233817
16.2292180732
1.6134468024
1.7652040995
1.7009992144
2.9817499965
2.9847692895
1.5497026164
2.3021452983
3.1854475489
3.1060680422
2.2836378606
1.2891654298
1.3509448097
1.7498810340
2.1141410737
2.2830784965
4.1096809870
1.5469803210
1.6495892766
0.5406312689
2.4016327768
4.5224393422
1.6383017833
1.9489678468
1.5749623051
2.9907990884
1.5464400980
1.8968525290
3.5395083923
3.3913666541
1.4487930096
8.6798562868
2.3553805097
1.6402106578
7.4212629600
1.8177125148
4.6703214135
1.5579869035
1.4436447323
1.7464962013
2.7626125978
1.5699893002
1.6871070867
1.6520374191
2.5554131874
5.4099493981
1.4998155718
21.9140557896
5.8034785318
2.2000654543
2.3348889531
1.7653391337
2.2056801929
2.0570798130
1.6493895134
1.6307626880
26.9639261735
2.3980911467
1.3806167556
1.9381868290
2.7784776335
2.3427175857
2.1057409537
1.6566009864
1.6104484073
2.3663625506
9.7202851294
3.1844720855
1.9248946333
9.4034338397
3.7239792367
1.8776790895
1.2277182767
1.7606709690
1.5418575902
4.5419176243
1.7209623588
1.3282556922
1.3336653827
1.8224736516
6.2794871606
2.3490736183
27.2778706308
8.8216749525
2.3295196281
1.5328044397
3.1118856696
4.7457822042
2.1802269135
2.5595334928
1.4727276832
4.9213254166
2.6954891885
1.7807842522
3.6302462786
1.8498036709
1.8483031943
4.0317535934
8.0018016422
2.3723040041
3.8160961153
2.4336413988
2.0351570852
2.4585177834
2.3699716396
2.3577808128
2.5074478754
2.0888143824
1.4580893936
1.8533452293
1.7128794929
1.8062771347
1.7163371180
5.1174362947
1.6364415790
1.7543734364
4.7688995374
2.1116181563
1.3610630484
12.7003356233
5.2599013189
1.6453787121
6.0206049430
2.0425540357
2.0956809507
1.9257740148
1.5598718629
3.1663380619
1.3367570124
3.4158473249
1.7908259641
3.5429171031
1.4899380331
1.6316102224
1.9081647027
9.3917630192
7.0181439402
4.0625896337
1.9995488343
3.1231859124
1.6171931218
2.0594549264
2.1608544207
1.6157233055
3.7223454767
1.4059788360
1.7360790513
1.9804132095
1.3053406367
1.5643403187
2.4710133762
5.5961272235
1.6152951270
1.8458870886
1.7899119772
2.6701107976
3.6005329608
2.2793490434
2.0343374101
8.3260095775
4.1498448269
1.4945971811
2.8890933736
4.7342603363
1.9249779562
1.6596932551
1.8087044836
2.3057517478
2.7557234856
5.5531544791
2.7440636076
2.6678861522
1.5841583006
2.0666921847
2.5304329942
4.0573460768
3.6155437679
8.9036322459
1.2732753651
2.4916469111
1.7789092306
4.1430246876
2.2893068226
1.4478604592
1.7015264501
10.2853119130
4.6417381504
2.2865067206
3.2973570942
2.8997763389
2.2657360849
2.0801093418
3.5556713561
1.8690331244
2.3047345878
2.0484198391
1.6419834954
1.8333497607
1.3744191318
4.0066510753
2.7866565754
1.8586636628
1.6415157687
1.6641274692
1.7612622733
1.6647024378
11.4869583271
4.0579436923
5.5180483563
1.8203383553
3.8345270782
1.9085849301
1.6400614769
1.9619907870
1.6736274161
1.8307738299
2.6968965789
1.7553112144
2.2545648766
2.0076562078
1.6278445860
2.4231432178
2.5674459989
1.8209549940
4.2299403397
1.4778225571
1.8992567946
1.5854960046
2.0844646782
1.9349579699
7.9339758486
16.4906990101
37.1552778480
1.7215668946
1.7663669391
1.7567991524
1.6441149181
1.5403356402
1.6653565628
1.5330173844
6.5338220179
1.6454573929
0.8796503225
2.9527515965
2.2975041289
1.6929500552
3.5926826739
1.9450940670
1.9396428609
2.2832704523
2.7873011005
2.7617475913
2.5757497211
2.1354153065
2.6611138072
1.8871313851
1.6155541405
1.2268354085
2.5715592217
6.6957176040
2.8635571603
1.2889750429
2.8038897001
1.9003792102
1.3616240921
7.2925691777
4.0749539611
3.5376704974
2.1847885656
2.2077377445
2.5324395809
2.7306907798
11.8994493764
1.6606766634
1.7925358772
3.0408875599
8.2785228707
6.3383909107
3.2231709198
1.7480334562
3.8646470473
2.5248830366
2.6414429602
2.2201047873
1.7628588164
2.5580768148
2.2942144446
1.9928133737
5.6010480164
1.4196871028
15.6951121924
3.9589420946
1.2480977606
1.5982446391
9.4906242262
19.8655718308
4.3917193417
1.6505255523
2.6661281640
1.6979582399
7.1136188711
2.4157270187
1.5055789779
1.7038276742
2.3997213743
9.5161106619
1.5714610177
1.9358473723
17.2954802236
2.0762067601
3.0591855938
2.2238693061
1.6277856127
1.7551980842
2.3109433711
3.3215761521
2.3090050990
3.1171680856
1.9563533330
1.6541181607
2.7763365480
1.8262382422
5.6967177135
2.3565274535
2.8512299126
4.0985405191
1.6477104444
1.4445668746
1.6661627653
2.4630075541
2.3102673306
1.7056310129
2.1626266095
4.7658685823
1.3277016473
1.0521324627
1.6163924168
2.0037180411
2.6971675422
1.3750266518
1.7162737142
1.5181305005
2.8009818939
2.5396242840
1.4662698783
2.7550173094
1.7713775011
8.3947253345
1.7996074801
1.7177120246
1.7148479702
1.3357073599
1.6713661601
1.8066162762
2.5711867559
1.6045896406
4.8137813876
1.3073082959
1.5538499638
2.7682289248
3.1110346625
2.2321283049
23.9085005213
2.4886324194
2.0599286896
2.5636674839
1.3699430724
1.4570878621
1.9478876796
2.1871191162
1.8663051810
1.4857611937
2.1568701641
1.5747083852
9.7346089281
1.9953610399
2.0294320622
5.1333386882
1.4185769162
2.2703478403
2.3219582866
1.5936502844
1.6378773545
1.5093561817
2.8990280452
1.5739325454
2.1152693567
2.7997022255
5.6497550222
1.6332951368
1.5085805885
1.2771653824
2.3535643167
1.4950380523
1.5900345623
1.5027444779
1.9251429639
3.9374953800
6.5256228998
5.6502628162
2.1232756051
2.8953159541
3.4551344156
11.5159352054
2.6405638874
1.5830007648
1.5042553283
2.5955863989
2.7249331794
1.5070715473
1.6151013097
1.5880501335
2.9388355174
2.4850375944
1.5113261164
2.1928396124
1.3912370646
1.7282407004
2.1941115196
2.6271757724
1.5647218905
2.8360417513
1.8828206660
1.6243142677
1.7390387720
2.9191663685
0.8072407543
21.0114458896
2.0194728948
2.5514656318
1.0894208584
1.7804835640
1.7037062218
1.4009773312
3.2068365557
2.1539041934
4.0979856561
1.6181261308
1.4729691758
1.8339391241
1.8070763917
5.4160547670
4.9304659573
1.7821167849
1.6534593068
1.5045128574
1.8625508182
3.4767690815
1.6848228774
1.9937976529
1.9788667337
1.8787484709
1.3754964678
2.2285910356
3.5794999884
1.4981424474
2.0572549901
1.6580978003
1.6179082741
6.0998293956
1.5061103741
1.7336694919
1.3830740165
1.0248435240
2.3932266635
4.0908051198
2.1945883938
2.7836074293
2.9093823461
1.6200396572
2.5300999587
6.4040012797
1.5469012821
3.9482089491
1.7968630595
1.4954688203
6.0357436551
23.2465937112
5.2280693507
2.0327528986
2.4669161759
1.5898704855
1.4310250845
4.6925377781
2.4619889763
2.1401936858
3.5402153004
1.3050153656
2.0090574734
2.5757993682
3.2301295851
1.7318048868
7.3546633288
2.3076312962
1.6487313358
1.9876102216
2.0417588884
2.2008910350
1.3801024841
2.1723657825
2.0136875825
3.2167109340
1.8634141734
3.1878333358
2.0708018516
2.7114504397
1.5497972490
2.2507222041
8.3280223856
6.3903144702
3.3376415871
2.9511401287
2.0123087825
1.9462035115
1.3928371971
3.4965695591
1.6510420747
1.8170307357
16.9300647793
2.8762738888
2.5142762795
2.4952922479
1.7974414527
1.8063787499
8.3125316312
3.9323402433
4.3527526454
2.3032817824
1.8877613354
5.5070636586
3.3321186898
1.2822927702
1.6628034979
2.6424770565
1.4060205791
2.4943348097
1.5881834289
2.9243848283
2.7007448376
1.7167034866
1.9115468230
2.9192369979
3.4466100256
1.9871711591
19.0689637671
3.5366912523
26.7089820401
8.3255832636
1.6354507342
1.7192718873
2.6126911336
4.9723467812
1.3015922642
2.8511358041
4.3089218650
1.9219685662
1.8441248878
1.2766566123
1.5544862581
5.2069839492
1.8774269403
1.7781714520
3.4995090075
1.8208821705
5.8858575772
2.3162481171
2.1398902461
1.7645439712
1.8897473396
1.3538289986
2.8172728859
2.0827248162
1.8476981060
9.1413963869
1.6868685001
2.4479919772
1.5498878768
5.2685571045
5.6754121699
1.7104523674
