likelihood_theta1,theta1
5.3311226449e-30,3.3266747652
7.9164285812e-22,1.9697505933
4.2659476995e-26,0.4293382147
3.4938717500e-25,0.6180957836
1.4295909641e-26,0.3500956694
1.5183725463e-23,1.0136846583
4.9873738942e-29,0.0781718229
1.7087958750e-22,2.2861711674
2.0455711251e-29,3.2742156860
3.5914391525e-30,0.0160625583
4.5242559700e-22,2.1271048728
1.2950811298e-27,0.2111298193
4.1566454665e-25,0.6355813127
1.1681138496e-23,2.5604657148
9.3325235005e-25,0.7187752162
2.2018555299e-57,4.8504577335
5.4666041051e-25,0.6634972299
1.9456226064e-25,0.5608625751
5.2756174709e-23,1.1582287073
8.3447939886e-27,0.3151418800
2.2588045667e-22,1.3627824692
3.2883344134e-22,1.4292653368
6.1333628397e-26,0.4584150684
2.9829374334e-24,2.6648844301
2.5126109682e-25,0.5855006774
6.6392663196e-26,0.4649603214
1.0078829659e-31,3.4709770832
3.3856873154e-27,0.2617501521
2.7977795092e-23,1.0825570561
1.2385833835e-27,0.2089205304
9.1380490407e-23,1.2289103004
1.8303901152e-35,3.7442141382
1.3606146614e-34,3.6845275285
9.4292242095e-22,1.8158564187
8.8070462735e-29,0.0970947727
1.5399914393e-27,0.2198210399
7.2654190985e-25,0.6928054382
3.5349980177e-25,0.6192676984
6.3744989207e-25,0.6792949137
1.5864461903e-26,0.3571461444
1.2499297984e-23,0.9923540174
2.2340101994e-24,0.8098234897
4.2610140510e-30,0.0191100696
4.6451546821e-27,3.0376021116
8.3143853775e-24,2.5878956478
4.2729775693e-34,3.6495083724
1.0293576157e-23,0.9712868468
1.4003920208e-23,2.5453799820
9.4219186963e-22,1.8276262690
9.4234713691e-22,1.8080876947
5.3734098667e-36,3.7796909789
1.9893778734e-30,0.0064266134
2.1415893203e-30,3.3611488913
1.7805810598e-25,0.5524718869
5.1168972161e-24,0.8967658169
1.2288362884e-22,1.2697918163
1.1639443471e-27,0.2058614999
2.9254846292e-27,3.0596838071
1.5385833048e-26,0.3550613543
1.8477644592e-22,1.3304712611
1.0229325308e-22,1.2442129315
7.7323558610e-24,0.9405716012
2.8157262375e-22,2.2130625836
2.4819040410e-22,1.3786286049
8.8085722306e-26,0.4888984903
2.2397627598e-27,0.2392519596
2.8232237007e-24,2.6688065497
5.6653245025e-24,2.6176396198
6.8877898683e-30,3.3168348291
7.6191931970e-23,2.3838709412
3.4480338903e-23,2.4648448261
9.8010207614e-28,0.1975164224
2.4116099226e-27,0.2431929403
3.8488877790e-35,3.7223415737
1.3401994916e-27,0.2128339623
1.6648963068e-26,0.3604482032
5.1366082820e-26,0.4440280585
7.7120230270e-28,3.1210970955
5.6711257971e-22,2.0757601668
3.1550879007e-23,2.4732512825
3.7162425972e-22,1.4532041205
3.8936004684e-28,0.1554501734
2.4892239128e-23,1.0691324844
1.1214589060e-25,0.5100796604
5.6974469439e-29,0.0824135987
2.2476486174e-22,2.2476733698
7.1257098697e-28,0.1824792009
5.7717070351e-28,0.1728388647
3.6530513747e-27,0.2660165736
8.6874840923e-23,1.2221491839
8.5104475793e-22,1.6986174868
6.5580640448e-22,1.5923138848
9.1991778303e-22,1.8749176052
7.6257880196e-23,1.2049792905
1.1480934617e-28,0.1066074504
5.7418736175e-22,2.0726312141
1.1234940724e-22,1.2571770394
8.5737543220e-22,1.7030201518
8.7390721295e-22,1.7152156727
1.2674379438e-24,0.7506460457
3.8065082790e-25,0.6266993711
4.7671980614e-22,1.5069966209
1.2143126741e-25,0.5172039965
1.0353015946e-23,0.9719087878
2.8107261233e-25,0.5964886792
7.5948270000e-30,0.0302320298
4.2006822531e-28,3.1480644215
3.3311166292e-22,2.1850107215
6.2264181370e-24,0.9175257568
1.0192479978e-22,1.2437186070
6.2698725663e-41,4.0793509789
9.0741827886e-22,1.7448899418
2.9870418276e-29,0.0629436748
1.1547695119e-22,1.2610177087
2.5812590387e-26,0.3914522621
4.2172937793e-22,1.4795463180
7.6302885429e-22,1.6461618023
8.5984706550e-29,0.0962557794
4.2331191829e-23,1.1313609772
1.6496635682e-29,0.0474632210
3.1871643616e-23,2.4722993829
2.0438549595e-23,2.5128020769
3.4113797882e-26,2.9369630943
2.0608977048e-26,0.3753049517
4.2232323107e-26,0.4285530798
4.3071216030e-25,0.6391835639
1.2862906270e-26,2.9873638338
1.4220535418e-27,0.2158006171
7.0580305994e-24,0.9308444604
7.3124322688e-22,2.0008018960
2.0323276064e-26,0.3743198673
2.7717242733e-22,2.2155849205
3.8397197682e-24,0.8665423289
5.0637991826e-22,2.1027059004
8.5836444607e-22,1.7037199941
1.7007788335e-23,1.0262391499
3.6471949825e-23,1.1135633513
1.0710019988e-22,2.3450265493
4.1183467309e-22,2.1460232524
3.3212469908e-28,0.1486509545
6.8960283162e-22,2.0206443941
1.0540563987e-24,2.7359979704
9.7601974566e-28,0.1973159002
2.5088821143e-30,3.3552261413
1.4514393081e-25,0.5334398121
1.5751417255e-27,0.2209668678
1.7740499837e-57,4.8542042616
2.5740778511e-23,2.4920997052
6.8631957073e-23,1.1913559421
3.8555101959e-22,1.4606846178
3.7225712800e-24,0.8632893337
7.3592108443e-22,1.9985087743
7.3795072354e-26,0.4738020302
3.7337686597e-26,0.4190313710
4.8307731165e-27,0.2820589503
3.8975854762e-23,2.4530462899
1.1256499994e-50,4.5666228448
1.8144056819e-26,0.3663845006
9.2531585598e-22,1.8676583905
1.3987147012e-22,1.2884375251
1.3814979235e-24,0.7596331343
7.0654412995e-23,2.3921017640
2.8658729846e-25,0.5984035263
1.3360274446e-25,0.5258540421
8.3458812780e-22,1.6877155393
3.9045947415e-25,0.6292625320
1.5008720326e-28,0.1166372969
6.6277505866e-29,0.0873745163
3.0565757592e-22,2.1996354571
5.1726198346e-26,0.4445880949
2.0907881040e-24,0.8028988236
3.7978844044e-25,0.6264710611
8.9970933465e-22,1.8965961776
2.7969078802e-27,0.2512040523
1.3765079143e-22,2.3143311871
1.8155507624e-22,1.3277280152
5.0440259378e-23,2.4274262991
1.5966506787e-22,1.3080627409
1.4300701530e-23,1.0070898932
4.2484252694e-25,0.6377927893
1.7389462689e-22,1.3210576098
6.5298532516e-23,2.4005689447
4.1729179793e-24,2.6405220413
1.9038061584e-23,1.0388127794
1.8111045340e-22,1.3273465871
2.0473496302e-37,3.8709433162
9.4280514809e-22,1.8216374149
2.6905313961e-23,1.0780512810
2.5524217531e-25,0.5870347990
1.7941589864e-22,2.2795718736
1.9032126608e-26,0.3697128915
1.8686389757e-28,0.1251381130
5.7077389622e-23,1.1680177191
9.4499717893e-26,2.8815504462
2.6170549021e-23,1.0748688631
8.6705226136e-28,0.1916690929
6.7236589017e-22,2.0286194832
9.1577347181e-22,1.7541574302
1.7621406633e-27,0.2267091900
8.2246542705e-22,1.6800988432
5.6547175311e-22,2.0764857765
5.4887492092e-24,0.9041752982
8.4963530891e-22,1.9351973198
1.3493677662e-53,4.6943125375
9.0247873390e-22,1.7398895755
4.9771226569e-27,0.2838061462
6.7785884135e-35,3.7054965728
2.8276730841e-22,2.2123816641
1.7058315061e-22,1.3181065900
1.9690309687e-23,2.5160880499
6.6764059344e-27,3.0199697711
5.5356592724e-22,2.0817514247
8.0423920814e-26,0.4810925097
8.0442280057e-27,0.3128482078
9.2844705055e-26,2.8825379098
2.3713847833e-27,0.2422930673
9.4222307674e-24,2.5779272115
1.6353374676e-22,1.3116790882
4.3375076686e-27,0.2758084299
1.8868565263e-22,1.3337537018
7.9302713898e-22,1.9689935745
9.0231091002e-22,1.8941287658
1.2236407083e-24,0.7469797674
1.4176954840e-24,0.7623314688
3.4056899716e-25,0.6155390629
1.3462403904e-23,1.0004644968
2.9240174974e-22,1.4074638142
3.3482269463e-22,1.4327135259
7.6169592804e-28,0.1855781409
3.1358081202e-30,0.0137163875
3.8037583163e-25,0.6266266208
9.3059093409e-22,1.7749544512
3.5499890650e-25,2.8045445922
7.5460956112e-24,0.9379693781
3.0476649524e-30,3.3479126868
3.7613025390e-24,0.8643758708
2.4505576687e-23,2.4965700990
5.0819139756e-24,2.6258526737
7.6949182842e-25,0.6987512012
6.5011821276e-22,1.5895867003
9.1008986850e-22,1.7477296297
4.4812563737e-38,3.9118607605
6.0046385633e-23,1.1743775502
2.6257022454e-22,2.2241267065
8.1687614916e-23,1.2139941041
3.7896124834e-26,0.4201702687
2.8775974818e-25,0.5988062680
6.0143076449e-27,3.0250747688
3.6604427991e-25,0.6227653274
5.1480561297e-23,1.1552055735
1.5935821945e-24,0.7745367827
8.5214716047e-23,1.2195844732
1.5475533134e-22,1.3033764526
4.5879374017e-24,0.8852625935
2.9335268036e-37,3.8611219557
2.8215851885e-22,1.4010430230
3.4102080342e-22,1.4362460812
5.0702210386e-22,1.5216785066
5.0205220275e-22,2.1046407592
9.4293349017e-22,1.8166043213
1.9023256141e-25,0.5587247382
2.2719851043e-22,1.3637474881
3.2072955433e-24,2.6596857282
6.9019140480e-26,2.8989660967
4.4162561801e-36,3.7853030696
6.1822767240e-22,2.0530866577
6.1826082555e-34,3.6380438499
1.1001042905e-29,0.0380920119
1.0561230690e-24,0.7316421357
1.1314925412e-22,1.2581673573
3.6830000818e-50,4.5433883416
9.1895022503e-22,1.7580297490
8.5530371221e-25,0.7097151089
1.7431183598e-35,3.7456421363
7.6203103504e-22,1.6456274070
1.9909580935e-26,0.3728720222
5.6172516944e-23,1.1660224812
8.8904851534e-22,1.7275573332
2.4944011062e-22,1.3794874575
4.6473296983e-23,1.1426667104
4.7826827634e-22,1.5077531838
7.5964665550e-22,1.6443540464
5.0407712836e-22,1.5202619865
9.6248990883e-27,3.0019026737
4.7979827005e-22,2.1146439070
3.0874870131e-25,0.6057717620
1.2719938511e-35,3.7548241528
2.1519330896e-22,1.3548103478
2.1876984184e-22,1.3575082714
6.2976244391e-26,0.4605896409
3.7755050761e-22,1.4564038530
1.5995427189e-22,1.3083353568
3.0371439321e-26,0.4034303929
5.8001085895e-26,0.4538446459
1.0931812127e-23,2.5658992087
1.8120226007e-24,0.7879497633
1.8900450896e-29,0.0508159332
8.0847063263e-25,0.7038726611
5.8048003177e-28,0.1730973186
6.6170111112e-30,0.0274601921
1.9151861924e-29,0.0511475330
1.2523243884e-24,0.7493953021
1.4861737179e-42,4.1687322309
1.4912885613e-24,0.7676122193
1.2619108926e-24,0.7501903735
4.5039298149e-22,1.4940079404
5.2977687258e-23,2.4224183279
3.3700819002e-22,1.4339632136
6.8673790458e-23,2.3951709552
8.0121451128e-22,1.6674087463
8.5879152925e-22,1.7040232601
1.0620422737e-24,2.7355032917
1.7477026372e-22,1.3218309447
6.8397366853e-30,0.0281189029
3.2962089346e-29,0.0657324358
6.9697587833e-25,0.6885096477
2.9089709418e-28,0.1430812314
3.1694084847e-22,2.1935446734
1.4697165979e-35,3.7506197841
5.4884193859e-24,0.9041689461
1.6721416575e-25,0.5465733129
4.0101139001e-22,1.4688387230
4.6067845977e-22,1.4991122537
5.0693602648e-22,1.5216371317
1.1422397008e-22,1.2594891789
8.4120564074e-29,0.0954916227
8.0883489129e-24,2.5900736754
8.1208239163e-22,1.6738040495
5.7663867776e-23,2.4136642751
6.1325823567e-22,2.0553020864
3.2128210820e-22,1.4248669071
2.2745433788e-25,0.5758376209
1.2907333982e-23,0.9958598713
4.2113356322e-24,0.8762496140
2.3705450532e-30,0.0090832181
2.3572306583e-52,4.6408454041
8.1535523688e-25,0.7047520263
2.4015390021e-23,1.0650396028
9.2340786360e-22,1.8703339941
1.1078099214e-25,0.5089893936
3.5249335935e-25,0.6189820865
2.1855096321e-25,0.5719870661
1.0124046791e-22,2.3516524313
9.3204931229e-22,1.8568364531
4.0375631588e-22,1.4702711743
1.0146661540e-27,0.1991852623
7.7706156031e-23,2.3817033094
7.5465364446e-23,1.2036186417
1.8031876067e-25,0.5536611998
6.0989543313e-22,2.0567993151
6.8086870052e-22,2.0246997792
3.2002016529e-25,0.6093339736
5.7190191799e-26,0.4526984179
7.7244020729e-22,1.6512484548
9.1968250703e-22,1.7589563825
2.8655196325e-22,1.4038143142
7.1812484555e-22,1.6228751385
2.5138961097e-22,2.2308599186
4.2286584363e-27,0.2743459200
8.7338506945e-22,1.7148125176
1.0907940317e-28,0.1047379932
3.1983285048e-22,1.4240160263
7.3618336823e-22,1.9983797513
8.1044664443e-22,1.6728295144
3.1135179982e-22,1.4189913484
5.1566309964e-24,0.8975822438
7.8502069834e-22,1.6581910575
3.2940267642e-23,1.1015570873
2.2670541962e-28,3.1748474154
4.5862844812e-26,2.9211771385
8.5601604943e-24,2.5855864232
5.7648619353e-28,0.1727852418
9.1725605988e-22,1.8781902881
3.2414809579e-22,1.4265431179
8.1722762081e-34,3.6293321348
5.0756631492e-22,1.5219400546
4.2520404733e-30,3.3353035633
6.7340561239e-25,0.6849559113
9.0464008106e-26,0.4912020498
5.8600488879e-33,3.5664524975
4.7362440966e-22,1.5054819658
2.1770008889e-23,2.5072035864
6.9098272368e-26,2.8989031355
2.3077334723e-22,1.3663456470
1.2155752857e-24,0.7462904237
1.4288459457e-22,1.2915574593
1.4897721203e-25,0.5358421084
1.4691567857e-24,0.7660519079
1.1367572581e-28,0.1062439120
2.2919915592e-29,0.0557618066
1.2156965182e-26,0.3393115455
4.6725669819e-22,1.5023561608
4.3381484371e-27,0.2758169440
5.3827284287e-22,1.5366048927
1.9446371007e-25,0.5608143899
5.0336076593e-26,0.4424073770
3.4728702367e-27,0.2631727669
5.2091981682e-29,0.0795456530
4.1316284854e-23,1.1284419195
1.6036022048e-28,0.1191776555
6.9425212657e-25,0.6881050094
1.0139894486e-22,2.3514694197
1.6584832203e-24,0.7787041940
2.3047485259e-23,2.5021029575
1.9040051559e-27,0.2307184117
7.7532539087e-22,1.9784950924
2.1669182236e-24,0.8066364337
9.0402175164e-22,1.8924654471
4.4807911486e-28,3.1452272722
4.9379886489e-27,0.2833433830
1.2061494046e-25,0.5165970863
3.1586466548e-22,1.4216748026
9.2041509906e-29,0.0986477799
5.3722908533e-22,2.0889846903
9.3645616298e-31,3.3917044202
7.4152324392e-29,0.0911523969
2.7273596075e-22,2.2181516065
4.1774328364e-29,3.2455043933
8.9551867806e-43,4.1805361574
3.9282800798e-27,0.2701323045
1.8506799760e-27,0.2292431764
3.3527081804e-24,0.8523121352
1.4472061728e-41,4.1148408979
5.0133878304e-22,1.5189430445
2.8674980429e-22,2.2101235854
1.1185165745e-33,3.6194770416
9.7553452165e-23,2.3559737637
4.6502053458e-30,0.0207093958
8.8654074769e-22,1.7254161022
2.6420664811e-27,0.2481083706
4.5623836936e-22,1.4969137834
9.3143368281e-28,0.1950762513
8.2056736419e-28,0.1890671742
1.0068227099e-22,2.3522988024
3.8001944927e-29,3.2493462168
7.4743845459e-22,1.6379098556
9.1943801262e-22,1.8755205195
4.5094945388e-30,3.3330658589
6.5354986413e-22,1.5912311063
5.7519432857e-22,2.0721857855
6.9853054421e-22,1.6130995429
2.8962843213e-22,2.2085024495
4.7048924977e-29,0.0763508356
6.9121090607e-27,0.3034786966
7.2640775161e-26,0.4724751379
4.4990291348e-27,3.0391425262
1.1403301922e-23,0.9823710222
8.9086666444e-24,0.9557302674
3.8255768914e-27,0.2686268734
4.0496735202e-22,2.1492888357
6.4512588944e-23,1.1834518323
7.1838454088e-22,1.6230060123
5.1799932051e-40,4.0270964358
2.2899439209e-22,1.3650561881
5.8393582605e-24,0.9107255229
1.5446646597e-26,0.3553293351
2.0506523746e-28,0.1288213882
6.6869931663e-39,3.9618631040
1.1679737329e-30,3.3836077183
9.8329142736e-30,0.0356444878
3.4264174173e-24,0.8545922365
6.6559060964e-22,1.5970234431
6.5347234516e-27,0.3000567022
1.5195820189e-22,2.3016688041
2.2004796384e-23,1.0551108103
1.1323372761e-35,3.7582010742
1.1074561257e-22,1.2551741043
2.8967053566e-29,0.0620873496
7.3614321635e-23,2.3876408021
8.0040473069e-41,4.0733782894
5.1099384348e-30,0.0224666731
2.4173598736e-24,0.8180699459
6.0371503345e-24,0.9142535667
1.5269406920e-25,0.5381199689
7.3694142482e-24,2.5973812926
1.1114149379e-43,4.2284639797
1.1074049212e-27,3.1047446647
6.2399005291e-22,1.5771396656
4.9993122749e-28,0.1664000774
4.3668877939e-23,1.1351151178
3.5137209415e-22,1.4420685629
1.8296876545e-27,0.2286521672
1.0475462072e-24,0.7307932692
6.4433440533e-29,0.0864377015
4.0212553232e-26,0.4247454085
1.3187234470e-28,0.1117432568
2.6397402606e-23,1.0758600206
4.3828805417e-26,0.4314534170
2.8571257567e-23,1.0849832354
1.0268902644e-22,1.2447422951
7.4470227932e-25,2.7584650682
7.9239975738e-25,2.7544928522
2.4121298803e-30,0.0093610992
2.4545973485e-27,0.2441401817
5.5023987688e-25,0.6641664821
7.5539966273e-26,0.4757742288
9.2856662996e-24,2.5790979413
1.1517465125e-26,0.3357668267
7.7533639464e-31,0.0004261600
1.2339691629e-26,0.3402946197
1.8418734926e-23,2.5219288566
2.6506418107e-26,0.3933875302
7.5960888747e-25,0.6974123167
7.6697669955e-26,0.4770611613
2.4778949940e-24,0.8206564572
2.8429198292e-22,1.4023920866
5.5472172513e-25,0.6649985777
9.7631674768e-26,0.4978405407
7.5393735317e-27,0.3088219930
2.6160855924e-25,2.8228707738
2.2160433908e-25,0.5733232904
1.9711724380e-22,1.3406689451
7.9515965534e-23,1.2104508122
2.9941646803e-23,2.4781544025
9.1728438258e-22,1.8781563515
1.0640037056e-46,4.3807713775
8.7024456104e-25,0.7115130141
4.1524691475e-22,2.1444083685
8.7949694513e-22,1.9138095982
1.0578562617e-22,1.2488277976
3.0183829972e-26,0.4029691177
3.1586693288e-27,0.2578895749
4.3859079768e-24,0.8805220464
2.4967289971e-25,2.8256425583
1.8368941669e-24,0.7893735718
2.7386808067e-28,0.1405759805
4.0828867986e-22,1.4726268722
9.7704357857e-23,1.2379496479
2.2214854647e-28,0.1320288438
5.5461947121e-25,0.6649796655
2.9416212489e-27,0.2539644409
2.2675919530e-27,0.2399077732
4.0874785243e-24,0.8731113538
5.3289941824e-30,0.0232599800
9.4110875479e-22,1.8010730071
1.1478950600e-36,3.8233760194
5.7833535531e-25,2.7744589929
1.2807392325e-28,0.1106507945
8.7846413343e-24,0.9542258768
3.7572466769e-26,0.4195119643
1.0501406295e-25,0.5042497295
4.3877100859e-27,0.2764721802
4.7218954688e-26,0.4373225756
5.6221934634e-25,0.6663762319
2.6930727854e-24,0.8293676115
7.0284446989e-28,0.1818433069
5.7129907696e-29,0.0825016416
8.9073453909e-22,1.7290221008
4.6703608300e-22,2.1204290903
2.0909854463e-27,0.2356196948
4.2197084209e-23,1.1309788402
1.8831624044e-27,3.0803330753
8.3233761657e-26,0.4840270499
1.2649878709e-22,1.2739224573
3.6874797701e-22,2.1669011051
8.0969601614e-22,1.9596635429
6.7876414001e-25,0.6857743370
4.5985901240e-22,1.4987070662
5.1020458670e-22,1.5232070834
4.3356184426e-25,0.6398523290
4.1819028999e-25,0.6361944638
2.7401651152e-24,0.8311816366
5.4459655044e-22,1.5396065736
5.2772504563e-28,0.1688123600
1.4405958429e-25,0.5327501226
8.8457917261e-25,0.7132096640
2.7963579717e-28,0.1414394345
7.9629586875e-23,1.2106381983
8.4412128915e-32,3.4771046687
2.9132035469e-28,3.1640274893
4.4471797248e-35,3.7180571126
1.1618718561e-23,0.9844030506
2.2489578816e-30,0.0082543536
5.5351587121e-22,1.5438326187
3.6957767925e-22,2.1664895006
9.4289030832e-22,1.8198744769
8.3204104947e-28,3.1176839338
9.3727710719e-22,1.8457825663
1.1032046582e-24,0.7361836718
5.1067310388e-23,1.1542121619
1.4492867856e-30,0.0028803089
5.2556605935e-29,0.0798275350
7.0280044548e-23,1.1944052341
2.7948327778e-23,1.0824353730
2.2346645643e-22,2.2485246861
1.0498224766e-41,4.1225288006
2.4600419341e-27,0.2442591155
8.1178976138e-27,0.3134172095
2.3903434142e-26,0.3858853508
2.1102698805e-25,0.5686212152
1.9413947599e-23,1.0410028990
3.9781677363e-24,0.8702628776
7.5491571764e-24,0.9380126501
9.3960279116e-22,1.8391542188
8.6372399425e-22,1.7075738042
9.1899888114e-22,1.8760671603
2.1914517333e-32,3.5229181656
6.5188808589e-25,0.6816044646
1.2523426404e-22,2.3261246968
6.4744307597e-24,2.6074253047
1.2489298748e-23,2.5549396928
3.3258341104e-25,0.6131700510
2.7246473978e-26,0.3954041441
2.6802876697e-30,0.0110788519
2.5765948258e-29,0.0588790967
5.1486036955e-30,0.0226086432
3.0465166707e-24,0.8422769442
7.2788669983e-22,1.6278210626
1.4044957446e-25,2.8591390664
5.5970905248e-22,1.5467626547
1.1136096799e-27,3.1044903801
3.3291360457e-26,2.9382540719
1.5203772586e-24,0.7696283031
7.3573768254e-22,1.9985989647
2.5132124720e-29,0.0582083342
2.0121114238e-22,1.3439499987
1.3870015145e-23,1.0037331351
3.4695100378e-22,2.1778721981
1.8466262386e-23,1.0354029196
3.1984516621e-33,3.5860420301
3.2892402112e-31,3.4294457443
4.4475345311e-22,1.4911914026
8.0591247558e-24,0.9449940674
1.5453430809e-27,0.2199969676
3.5652068708e-22,1.4449304480
8.5410871749e-52,4.6163865100
2.2764771139e-44,4.2641669055
5.6238495694e-25,2.7762105502
2.5830858105e-28,0.1381646032
1.3373644029e-26,0.3456303346
1.8206118601e-23,2.5229394120
7.2017444294e-23,1.1975546470
2.1665238131e-24,0.8066174091
9.4156094339e-22,1.8032248843
9.6516235006e-32,3.4724761428
3.6552067193e-22,1.4498817463
1.2791905626e-24,2.7232187513
2.0582820603e-25,2.8370185684
7.9025184453e-27,0.3117408092
3.0910202091e-49,4.5010975719
6.5539488020e-23,1.1854617237
5.0816876717e-33,3.5710850297
6.3577443440e-22,1.5827393405
7.2629943883e-23,1.1986495731
1.9546986140e-22,1.3393348509
1.7220267851e-24,0.7826299390
4.6852986994e-22,1.5029822365
3.1041958125e-22,1.4184341981
8.3151727525e-23,2.3741739282
4.2238386005e-26,0.4285642715
5.3497593997e-30,0.0233338240
2.1541443652e-24,0.8060185206
1.1349181509e-24,0.7391358355
1.6154224072e-26,0.3583819337
6.6515934378e-28,0.1793036854
6.0102678934e-25,0.6732355982
4.1884235681e-31,3.4208147489
2.3485484019e-22,1.3692786850
7.4105824547e-22,1.6345884526
9.4264325026e-22,1.8107995020
6.4078732094e-23,1.1825944232
7.0685626634e-22,1.6172304399
1.4460430568e-25,0.5330971571
4.0984677393e-22,2.1469663817
2.2483814338e-25,0.5747204850
2.0590318095e-23,1.0476117282
6.8731779159e-29,0.0885892396
2.6154122274e-22,1.3876611660
5.3087343477e-28,0.1690784869
1.7375216807e-34,3.6771062510
2.9722873353e-24,0.8396936578
1.4828942373e-30,3.3748067328
9.2292943608e-23,2.3623630167
9.3645238121e-22,1.7866795079
3.2290988141e-35,3.7275337275
9.6566815439e-38,3.8912962124
4.2677775894e-24,0.8776497146
4.2643953864e-26,0.4293098009
9.4485410718e-23,1.2334107187
1.0749033807e-25,2.8743217317
7.5503759901e-30,0.0301123751
7.2939272416e-23,2.3886454194
5.6754039793e-23,1.1673079033
1.7357803926e-25,0.5500747227
3.6499343184e-27,0.2659684298
2.1781467721e-25,0.5716623339
2.7108509246e-24,0.8300561108
8.5286601197e-46,4.3362788763
3.3999943368e-23,1.1052763490
1.9793713652e-22,1.3413299318
8.2153151119e-23,1.2147433890
1.8149326173e-25,0.5542738643
3.4385899426e-23,1.1066051173
9.9234914539e-23,1.2400649191
1.3258047757e-25,0.5251546897
1.6290471220e-22,2.2925473311
8.4808461572e-26,0.4856343928
2.6523369938e-28,3.1680861840
6.9260927873e-22,2.0192410959
1.1876687305e-26,0.3377784129
1.1255852717e-24,0.7382756270
1.2809746148e-29,0.0415101697
1.9799412289e-26,2.9653715431
3.8344498451e-28,0.1547899386
7.7544891970e-23,2.3819325599
1.1690879682e-27,0.2060777760
1.4720166436e-29,0.0447378580
9.4280311951e-22,1.8129116526
2.9783362679e-32,3.5126151645
4.0581153922e-26,2.9277326919
1.6328930640e-29,0.0472157782
1.5763488480e-52,4.6484388790
6.9691843315e-24,2.6017299147
5.5717165115e-22,1.5455625676
6.0494253955e-27,0.2953934968
5.4620219995e-28,0.1703545879
2.5563416887e-27,0.2463255021
1.0136165554e-28,0.1020854245
4.9816708670e-26,0.4415793196
1.8810027478e-26,0.3688932996
1.4845514890e-23,2.5404537984
6.8180956017e-26,0.4671713703
7.4475239917e-22,1.6365078821
4.2828104979e-25,0.6386097136
7.3303303853e-27,0.3070857830
3.3812548056e-27,3.0528150329
3.9993374750e-23,1.1245399006
4.1849334097e-26,0.4278432906
6.4339972727e-28,0.1777787322
1.4215219693e-22,2.3102485357
5.0088562064e-24,2.6269402579
2.4951055937e-25,2.8256811068
2.6203975216e-29,0.0593353745
2.0294372922e-27,0.2340503794
5.5178495389e-31,3.4109069920
7.1047683758e-44,4.2386004913
2.9237990658e-22,1.4074502706
4.3389120566e-24,0.8793885626
1.3552501901e-24,0.7576321509
7.9584770462e-25,0.7022411048
1.6799392975e-22,1.3157693176
3.4470104506e-27,0.2627540864
4.9413089870e-24,0.8930820071
1.2864692425e-26,0.3430504326
2.4746210778e-24,0.8205181864
5.8041539532e-22,1.5565427002
4.1735579255e-26,0.4276313934
2.3823019554e-25,0.5803198083
9.3567169353e-22,1.8495778258
2.2583134394e-44,4.2643457706
6.7706296180e-45,4.2910731750
9.9473803189e-24,0.9675948630
8.3959499061e-26,2.8881411766
3.6794718535e-27,0.2664232095
1.0445340416e-27,0.2005874232
1.2149660369e-24,0.7462381675
9.3065371027e-24,0.9604241949
2.3575584067e-23,1.0629348360
7.2682892111e-25,0.6928462984
1.1661709116e-22,2.3348302267
3.8305124051e-23,2.4547316356
8.7146639466e-25,0.7116586983
1.9060945008e-22,1.3353509109
2.0010332217e-53,4.6870174212
2.0425763105e-26,0.3746746076
1.1503322100e-31,3.4663922232
7.2398060765e-30,0.0292603767
4.9848654615e-22,2.1062372339
5.1349701343e-23,1.1548917560
1.2551941649e-27,0.2095791414
3.1942713389e-26,0.4072001405
4.3279618384e-22,2.1361780443
1.7329706257e-41,4.1105124211
7.4729757639e-26,0.4748634183
6.9040236473e-30,0.0283058501
2.1379576563e-25,0.5698722065
1.1458629965e-29,0.0389956928
4.4079141843e-25,2.7913244652
2.2908631539e-22,2.2448623599
2.9896286713e-23,1.0902391579
3.8852752167e-26,0.4220880969
6.5028817507e-23,1.1844656146
2.2171684945e-31,3.4434245089
2.0361372743e-29,0.0526982594
8.5090367560e-22,1.9343558584
1.4157638776e-22,1.2902092044
1.2186734132e-44,4.2780739996
8.5069322763e-26,0.4858981662
1.6185392324e-23,1.0207431772
6.6505772505e-26,0.4651016810
2.7775543067e-28,0.1411596637
1.3015325511e-22,2.3213536565
1.8055263084e-23,2.5236626527
1.7632504337e-24,0.7851003034
1.2038049253e-28,0.1083513252
2.8556611776e-26,0.3988610924
4.4825207556e-28,0.1615809621
3.6163546891e-23,2.4602836995
1.0890395642e-22,1.2528450510
1.0268325970e-22,1.2447345938
1.6904539242e-26,2.9734840967
8.4615643019e-22,1.6953025553
7.6600304274e-26,0.4769535752
2.4498195265e-24,0.8194647698
1.2769834959e-25,0.5217481101
9.7295167393e-27,3.0013641391
2.7862715188e-24,0.8329279380
9.8256197554e-23,1.2387154143
1.8791238081e-26,2.9680605820
1.3299575584e-27,3.0963817881
1.9819148715e-26,0.3725520664
4.6219975113e-28,3.1438612461
3.7902092807e-23,1.1181306574
9.4247433142e-22,1.8091415064
1.8849272300e-30,0.0056875307
7.8181289452e-28,0.1867963911
8.8967650681e-37,3.8304864076
2.6324613051e-25,0.5900542742
8.6023604758e-40,4.0143345835
1.4380669302e-24,0.7638200639
3.4593046990e-24,0.8555939556
6.7417347284e-24,0.9259677203
7.2223304468e-22,1.6249498776
8.8923720595e-39,3.9544549356
1.1926326930e-24,0.7443044314
3.4546360074e-25,0.6169656981
5.2335698796e-22,1.5295022741
8.1531743420e-25,0.7047472177
8.6567890695e-22,1.9241570057
2.1432564859e-29,3.2723587284
1.2538592336e-49,4.5191289187
2.0834161036e-22,1.3495528241
1.6531686280e-22,1.3133242300
2.1926645675e-26,0.3797008333
2.6734043403e-24,0.8286006263
2.5286796837e-26,2.9526928530
1.5884928826e-23,1.0186698672
1.9709834063e-52,4.6442255418
1.2268635281e-26,0.3399138460
1.9001605207e-23,1.0385982343
5.1899139608e-23,1.1562047172
2.6458053547e-24,0.8275148796
1.5510579982e-25,0.5395719535
9.3030799312e-25,0.7184467589
3.4694508906e-24,0.8559011003
2.2119060613e-23,1.0556970207
7.1797841951e-22,2.0072269676
6.2235656789e-33,3.5644920693
2.0955129201e-23,1.0495903122
2.4384160576e-25,0.5825815960
9.0164768102e-22,1.8947646745
9.4022249267e-22,1.7975195677
1.4146125198e-24,0.7621043361
8.3387676384e-22,1.6872597528
3.8466834998e-22,1.4602144625
1.3969897929e-25,0.5299296595
2.1337551140e-27,0.2366865104
1.4881281678e-24,2.7130946164
1.7465419507e-22,1.3217286019
4.6540547760e-28,0.1632326325
1.0927043057e-22,2.3426427154
6.1145259592e-23,2.4075288239
3.7645348457e-28,0.1539978680
1.4564878177e-27,0.2170038914
1.1059156852e-28,0.1052392138
2.1334437913e-26,2.9615176353
2.1756690151e-24,0.8070576484
2.9505749278e-22,1.4091059018
2.1464631698e-26,0.3781861616
5.1865236664e-29,0.0794073669
4.8837739439e-22,2.1107759821
2.5465410583e-29,0.0585626223
3.4270033747e-22,1.4371972362
8.5767187650e-22,1.7032295650
1.5109806319e-22,2.3024051531
8.3305573112e-22,1.9457876705
2.0850772932e-23,1.0490275989
2.2320677833e-23,2.5049741349
5.2447589835e-25,0.6592531115
8.3529903357e-22,1.9443955238
1.4072087829e-22,1.2893222762
5.8009131520e-25,0.6695900918
8.1560756775e-29,3.2180178516
5.5727638907e-30,3.3249771413
6.0048874898e-29,0.0841205316
3.7378233955e-35,3.7232085352
1.1005035937e-29,3.2986514031
7.0839347987e-24,0.9312344287
6.3690542742e-23,2.4032199271
9.1632343255e-24,0.9587561325
1.9363411799e-22,2.2690428518
2.1957280179e-22,2.2510968057
2.8540210147e-31,3.4344910495
9.1225127830e-22,1.7501071459
6.4707154474e-22,2.0401407944
6.7997692748e-22,2.0251121372
1.7784996356e-25,0.5523617102
9.4291998671e-22,1.8157395266
2.9817446330e-25,0.6023189969
4.2941470087e-23,2.4435497524
1.5705475650e-22,2.2973657884
4.7911651259e-26,0.4384769703
5.2177670982e-34,3.6433191497
4.6018892010e-30,0.0205167814
5.7655107037e-22,1.5547186728
3.4637267977e-31,3.4276039907
3.5127838948e-28,0.1510340073
6.8272321706e-22,2.0238412613
5.5916985202e-51,4.5802294780
9.7960394117e-23,2.3554907000
4.2420910468e-29,0.0731730337
6.7638793051e-22,1.6022518715
2.0138003940e-23,1.0451130465
1.2378289619e-23,0.9912934747
5.4082726212e-28,0.1699107784
6.3118182875e-23,2.4041765752
2.8471219401e-25,0.5977562636
1.0848926570e-22,1.2523162282
1.2171476299e-22,2.3296244785
2.6776002994e-24,0.8287647200
4.4281909016e-24,0.8815317030
3.7111443106e-25,0.6241472824
1.7849779629e-24,0.7863792867
7.1781451971e-30,0.0290877737
1.7456251068e-27,0.2262241796
1.0532220487e-23,0.9737634645
3.6221559059e-22,2.1701565571
2.6933563987e-25,0.5922959123
7.6898088970e-22,1.9818139247
3.8443710562e-22,1.4600912040
3.3288974794e-25,0.6132618992
4.2993968145e-22,1.4837273708
2.7482318307e-22,1.3963553434
2.4675894571e-25,0.5837388826
8.6914863374e-25,0.7113821709
1.5330600184e-23,2.5377243573
2.5152326803e-25,0.5856023841
2.3467589909e-23,1.0624125016
9.1579702610e-23,2.3632508812
3.8643737717e-37,3.8535602655
2.4998721297e-23,1.0696204862
8.9020190642e-27,0.3192102536
9.1837958239e-22,1.7573169647
2.9920090572e-29,0.0629901851
2.3155728071e-37,3.8675874085
7.6285250336e-22,1.6460672893
6.7394356157e-22,1.6010650954
8.7925514523e-22,1.7194240556
6.9739631440e-25,0.6885719702
6.3722468983e-23,1.1818866288
7.0915449984e-22,1.6183764569
1.7810644165e-33,3.6047581280
5.2881652908e-22,2.0927163187
9.9581183622e-24,0.9677112105
3.6994636955e-22,2.1663067317
6.0829409270e-22,1.5697072007
5.9353740135e-26,0.4557263325
2.2407328929e-27,0.2392749414
2.8958614681e-26,0.3998943929
2.6278170410e-29,0.0594120870
8.8688387089e-22,1.9078602047
1.1521829268e-23,0.9834935599
1.4562005915e-25,0.5337412175
7.4407852721e-28,0.1844876672
4.9546261163e-26,0.4411451850
1.6655999481e-24,2.7054745048
6.8128882287e-25,0.6861577652
3.0273863194e-24,0.8416171991
1.0402433496e-29,0.0368645778
8.8207633835e-29,0.0971493732
1.4452546412e-26,0.3508290916
1.0077100824e-32,3.5487058734
2.1289682377e-26,0.3776052419
1.9245666118e-27,0.2312775647
7.7747732323e-22,1.9773596457
7.1733789604e-43,4.1856847657
3.6772765830e-28,0.1529909128
9.4204584193e-22,1.8059754604
1.3997947947e-24,0.7610057447
9.3298765326e-22,1.8550884635
1.7562786626e-24,0.7846865832
3.3527784591e-51,4.5901270894
6.9419700399e-22,1.6109615190
4.2893221374e-29,0.0735094044
9.0571319733e-22,1.7431294305
2.4309111131e-37,3.8662606685
3.1561072726e-23,1.0965514783
7.3197252816e-28,0.1837250243
1.0206846446e-31,3.4705399507
7.0592269111e-23,1.1949760465
2.9304457122e-24,2.6661519477
3.2258506280e-24,0.8482692689
2.3702547298e-25,2.8287184887
2.3220741246e-53,4.6842568276
3.2289875225e-22,1.4258134689
9.3799902942e-22,1.7905962255
2.9258389689e-22,2.2068474483
3.7727479512e-22,1.4562555437
1.3384270961e-26,0.3456832887
1.8849541594e-25,0.5578547615
4.2331564537e-28,0.1590773993
2.5585817433e-50,4.5505531879
1.5478319900e-28,0.1178164436
1.1390337235e-26,2.9934830284
5.7675031441e-36,3.7776617858
5.5256948805e-22,2.0821922579
1.1538254501e-26,0.3358847194
2.4870606616e-24,0.8210425964
6.6561332727e-26,0.4651710421
3.6322794434e-22,1.4486264503
1.0380365071e-24,0.7298440032
1.3996171145e-27,0.2150027225
2.2179971868e-29,0.0549035989
1.0347321384e-25,0.5029450705
9.4318480027e-24,0.9618627795
8.8340346771e-26,0.4891476700
8.5354150914e-28,0.1909258146
5.1742414942e-26,0.4446132353
2.9243012890e-27,0.2536404101
2.9863493451e-50,4.5475151104
5.1114497052e-22,1.5236583381
6.8951883146e-49,4.4849439882
6.8517859759e-25,0.6867458158
3.6224807573e-22,1.4480887185
3.7449301805e-39,3.9768433219
2.0865258074e-24,0.8026855785
6.3674741925e-22,1.5832026265
4.1397480028e-22,2.1450098268
8.3756991643e-22,1.9429740911
2.3543305804e-29,3.2686118202
1.3737822923e-22,1.2858161973
6.1564382711e-23,1.1775250081
2.3394410579e-28,3.1734964323
5.6263649671e-22,2.0777395878
1.0701343915e-26,0.3309859163
2.1699358124e-23,2.5074931321
1.2291486740e-24,0.7474479406
4.7801356499e-22,1.5076287866
8.0640885915e-22,1.9615367762
4.0028791474e-23,1.1246458495
6.8698979317e-34,3.6347579946
7.1748904288e-28,0.1827978137
8.3561988476e-27,0.3152274877
1.4604832990e-22,1.2947790393
8.4956292500e-26,2.8874854003
7.0525391685e-31,3.4020298164
5.1461818793e-25,0.6573117260
6.7793475860e-22,1.6030038809
9.5629247349e-30,0.0350466556
1.8627027418e-25,0.5567298747
3.5098458288e-22,1.4418522655
8.6957295739e-25,0.7114328503
1.5691844759e-28,0.1183424954
5.7593663750e-22,1.5544286221
8.5991244758e-22,1.9282300313
7.7456908110e-25,0.6994325117
1.1383329802e-28,0.1062946253
1.0332821653e-24,0.7293661912
8.5221858817e-22,1.6994241415
3.9526978901e-27,0.2704851565
1.6191033291e-24,2.7073960302
8.8413797264e-55,4.7441804978
1.5810062904e-23,1.0181475516
8.0121042639e-22,1.6674063763
1.0341998131e-22,1.2457156246
8.2384609336e-26,2.8891924066
8.3147106495e-22,1.6857269054
3.8466304430e-41,4.0912472570
3.5499318307e-27,3.0504962355
3.2986518573e-22,1.4298618368
1.7993089061e-24,0.7872144114
7.4411496561e-22,1.6361759692
1.2334387998e-24,0.7478111575
3.4597927464e-24,0.8556087502
2.1233444919e-43,4.2137118553
4.1929519841e-22,1.4783002485
2.3130111191e-25,0.5774593131
8.1857981143e-25,0.7051613977
8.4683232405e-22,1.6957567750
1.4418533263e-26,0.3506704195
1.6099133323e-23,1.0201516699
1.0402530482e-28,0.1030194216
8.0078220742e-22,1.6671580629
3.7028752365e-31,3.4252216283
1.3949828218e-29,0.0434774062
9.1863534967e-22,1.8765160316
9.1750706912e-22,1.8778888931
4.7876911807e-22,1.5079977284
6.6789434128e-22,1.5981360739
1.0791775730e-24,0.7338905025
3.3003838654e-23,1.1017832249
1.3277128159e-22,2.3188685172
3.5911893450e-22,1.4463664547
4.2735295236e-22,1.4824136540
5.6867302727e-26,0.4522381055
2.5706559031e-30,0.0103922184
3.5331556254e-22,1.4431514427
4.9917839575e-22,1.5179012078
4.7166863712e-23,1.1444722425
1.2321107189e-24,0.7476988518
7.6753537118e-23,2.3830630444
8.1057021185e-22,1.9591624024
3.8063174095e-22,2.1610444069
2.5332087491e-25,0.5862971601
5.2251541364e-22,1.5291004525
2.9625805482e-50,4.5476722416
8.3745794671e-22,1.9430444708
7.8701575927e-22,1.6593085662
3.2139696492e-26,0.4076613981
3.0926981534e-28,0.1456437675
1.4486825469e-23,2.5425226619
9.3729846407e-22,1.8457286918
2.2792186098e-47,4.4131406272
2.8969288422e-28,0.1429083570
5.1657220538e-22,1.5262590746
3.8485119013e-23,1.1199485590
9.5472575218e-27,0.3236531121
9.2810738470e-22,1.8634737541
5.5496960188e-26,0.4502591539
3.5164718842e-26,0.4144553379
4.3987954862e-27,0.2766178511
1.3690381889e-22,1.2853132275
2.6179487015e-22,2.2245880181
2.2429128456e-23,1.0572738194
8.5893616465e-29,0.0962187579
5.1120457397e-22,1.5236869332
4.4994498233e-25,0.6436182239
9.2924800530e-22,1.8616533963
1.5080158233e-22,2.3026596613
4.4783483517e-24,2.6352964178
8.7878801789e-29,0.0970183650
1.7912387136e-23,1.0320050199
4.3154605264e-22,1.4845415881
1.9416940216e-25,0.5606703612
3.9310732298e-24,2.6449110612
5.1673736956e-26,0.4445067184
8.4070047801e-22,1.6916817002
8.6358750432e-23,2.3699196211
8.1724670723e-22,1.6769107021
1.2811831026e-28,3.1991280822
2.9597055939e-23,1.0890709574
2.1115443005e-26,2.9620510015
7.5283850321e-22,1.9900810894
8.9544987685e-23,1.2261900762
9.6910791364e-26,0.4971923529
7.3353924076e-50,4.5297761789
2.7986966485e-23,1.0825949049
9.3210497894e-22,1.7776582343
2.3700528544e-24,0.8160033923
1.5640623697e-31,3.4556823311
4.1624484763e-25,0.6357224974
5.6004975550e-40,4.0251381032
5.0792153059e-24,0.8959857991
3.3862026888e-24,0.8533543284
4.6361152334e-34,3.6469839773
7.5338482320e-25,0.6965603465
4.3695565447e-25,0.6406433849
1.7562641905e-40,4.0540348698
1.2780262001e-25,0.5218220495
3.3943670708e-22,1.4353466248
1.0948983767e-26,2.9954645890
2.4733829623e-33,3.5942873000
2.6244007201e-22,2.2242040864
8.5656568499e-22,1.7024496664
7.4153239907e-24,0.9361050472
3.2675943851e-26,0.4089048500
1.9957186221e-26,0.3730399483
5.1553872114e-25,0.6574945171
4.1356542141e-22,1.4753549528
4.1769120199e-27,0.2736390845
1.8960314351e-30,0.0057656779
2.9520038562e-22,1.4091939992
7.2542469409e-28,0.1833078702
7.0765018179e-22,1.6176260366
2.8603275138e-23,1.0851128228
5.3556050125e-22,1.5353158252
5.9828843839e-24,0.9132969537
1.5513019750e-33,3.6091420165
8.4051788057e-22,1.9411098550
5.2477306503e-24,0.8994311159
7.4251579138e-24,0.9362463438
1.6291770892e-25,0.5441419397
8.9573248971e-22,1.7334945729
8.9283581504e-22,1.7308777640
3.4716053180e-23,1.1077311790
3.0300711830e-22,1.4139684541
4.8175125360e-26,0.4389122887
8.3696481553e-30,0.0322334715
4.6240784837e-23,1.1420561130
6.0998317366e-23,1.1763592106
3.4886940655e-34,3.6557677113
8.0737272749e-25,0.7037317481
4.7082885787e-28,0.1637436511
1.5046843273e-34,3.6814768756
1.9170244439e-23,1.0395874881
4.1385047738e-28,0.1580929011
3.6073547827e-23,1.1122624924
9.4033962411e-22,1.7979520267
9.3749316798e-22,1.7892559637
5.7580964347e-28,3.1341410162
2.1730258341e-22,1.3564052065
3.7468981879e-26,0.4193004511
2.4769794535e-28,0.1364462224
6.1279922747e-28,0.1755551218
3.5485041324e-28,0.1514657186
5.5023990151e-22,1.5422813796
8.6128337881e-23,1.2210010120
1.4551791528e-22,2.3072568803
4.9134699425e-61,4.9923487052
1.0811906228e-22,2.3439028758
9.3313167855e-23,1.2317261520
7.5029839715e-27,0.3085227984
2.0783547441e-23,1.0486637234
6.6137388029e-24,0.9239309097
5.6300692938e-29,0.0820297336
9.1233506883e-22,1.7502008721
4.2907211742e-22,1.4832871210
9.1089468032e-28,0.1940125191
1.4462102424e-22,2.3080491524
9.1856126500e-22,1.8766071085
8.8205272722e-24,2.5832035395
5.0493856065e-26,2.9159932855
1.8754532705e-26,0.3686872052
8.0697929019e-25,0.7036812058
2.3435114564e-26,0.3844612791
1.1903912533e-23,0.9870389431
1.9021645652e-23,1.0387162192
2.5248439352e-22,1.3815677856
3.4614991088e-26,0.4132591437
8.9691367729e-27,0.3196852237
1.0704115159e-22,1.2504566408
6.1805702682e-26,0.4590451078
4.5836245477e-26,0.4349740052
6.5628250419e-23,1.1856341847
1.6673082521e-22,2.2894615599
1.1841526445e-29,3.2957865960
2.2246283937e-24,0.8093836035
2.1689167154e-22,1.3560953589
1.2743457551e-25,0.5215608286
3.0700843327e-23,1.0933284249
2.6014783644e-26,0.3920208220
2.6279833245e-27,0.2478189868
4.4597217912e-29,0.0746994551
9.5277818195e-29,0.0998729439
2.6318572869e-27,0.2478987250
3.3518897441e-22,2.1839299375
7.3561601108e-22,1.6317783319
8.0067288146e-25,0.7028677498
2.4227455956e-22,2.2364853222
3.3112855664e-26,0.4099050303
7.2094668984e-28,0.1830206609
5.2431495611e-25,0.6592216970
1.0547746065e-24,0.7315091289
2.7524016123e-23,1.0806701435
1.3115571531e-22,1.2791081595
7.5611807581e-22,1.6424787694
2.6034865139e-22,1.3868667552
3.8718557520e-27,0.2693095500
5.4131089351e-25,0.6624891435
1.8457726418e-23,2.5217446313
3.4429296734e-25,0.6166262118
3.1604074156e-25,0.6080897667
6.8503878429e-23,2.3954375410
1.5489921343e-28,0.1178451848
9.2297142760e-25,0.7176238513
8.7871178518e-22,1.7189896089
7.7341522803e-27,3.0127410869
2.7895567354e-26,0.3971343561
3.9210763564e-24,2.6450976930
1.2224940653e-27,0.2082751320
1.6545224702e-22,1.3134485928
1.5451575859e-26,0.3553510162
3.3817059184e-22,2.1823845115
1.6291071455e-26,0.3589589003
1.2057814034e-23,0.9884365822
9.3235908649e-22,1.7781297143
4.2129672531e-29,0.0729641639
6.9840527486e-24,0.9297231011
1.1833377787e-26,0.3375387110
8.4264227135e-27,3.0085054901
4.9725628950e-28,0.1661617008
4.4682956070e-26,0.4329680147
4.0213875822e-22,1.4694275802
3.3008951281e-22,2.1865891828
1.3221274979e-23,2.5501997060
3.3106281041e-22,2.1860800351
4.5545559257e-23,1.1402141213
1.8199719036e-27,0.2283766155
4.5442061642e-26,0.4342933108
5.6509590135e-23,1.1667689591
4.1584029383e-22,1.4765263920
9.4018520993e-27,0.3226752304
9.1996665431e-23,1.2298133447
5.1440657185e-30,0.0225920248
2.0195165597e-26,0.3738742539
2.1524080922e-27,0.2371459118
6.5682623077e-22,1.5928036359
7.5858285097e-22,1.9871665336
1.2629943586e-22,1.2736971313
8.7799574222e-22,1.7184195433
4.5457669467e-25,0.6446593230
2.1023131287e-22,1.3510148520
1.9456211983e-23,1.0412466890
2.2449720811e-28,0.1324529023
9.9023828511e-25,0.7249386337
1.1971084061e-24,0.7446948249
2.3443243191e-26,0.3844862055
2.1199159012e-23,1.0508961387
1.4911225462e-23,1.0116888335
7.4961487704e-23,1.2027472645
1.9948092201e-27,0.2331490008
6.8825806530e-27,3.0184787121
8.2639177330e-22,1.6825320341
5.1514752271e-26,0.4442596711
5.5762753829e-24,0.9058479359
2.0466980808e-30,0.0068337763
5.0282232807e-29,0.0784283898
1.3560368210e-28,3.1967330575
7.8885685058e-27,3.0117657864
9.7046192994e-23,2.3565780909
2.8096013744e-23,1.0830440623
5.3812280395e-22,1.5365336114
2.6694079492e-25,0.5914199136
1.6452208093e-27,0.2231857409
4.3114689588e-26,0.4301675118
3.7200344323e-24,0.8632177781
1.4069138134e-23,1.0052971174
5.3792959498e-30,0.0234384674
7.6824116469e-29,0.0923601000
7.9478187758e-22,1.6637057953
1.4902920066e-23,1.0116274674
6.4194807846e-29,3.2279209638
3.1533693135e-27,3.0561303733
1.7529901624e-24,0.7844908681
5.6492297108e-25,0.6668686781
1.7646171961e-22,2.2818306222
4.3616437628e-26,0.4310729023
2.0431066037e-22,1.3464025239
1.2468376409e-22,2.3266672396
6.3717291715e-25,0.6792501143
2.5945450807e-27,0.2471264105
8.0118192723e-22,1.9644805513
6.8383201147e-31,3.4031486303
7.9211022061e-25,0.7017531546
1.4420605183e-24,0.7641094246
1.4438704781e-23,1.0081453720
2.9653888223e-23,1.0892936523
9.1933376789e-23,1.2297208218
1.3541863099e-27,3.0955541146
1.6860061720e-27,3.0854598923
5.6697552437e-24,0.9076062883
9.3506535654e-27,0.3223277765
2.5684046336e-27,0.2465795199
7.2500705789e-31,3.4010271384
2.9802840338e-27,0.2546817825
1.9181855735e-44,4.2679872708
6.4817481031e-23,1.1840514232
2.2301696389e-30,0.0081242763
1.1675453769e-25,0.5136775006
2.2257977057e-29,0.0549950842
8.8621774009e-31,3.3937181703
4.1966715646e-24,0.8758828354
9.2658890667e-22,1.8657936517
6.5749852691e-25,0.6824885529
6.3661620314e-27,0.2984722923
2.8529402872e-26,0.3987907029
7.8880514490e-22,1.6603149759
8.8449051646e-22,1.9098248612
6.6548712762e-26,0.4651552918
2.6187793908e-23,2.4905270684
3.7840554436e-22,1.4568634497
3.1145675343e-24,0.8445909739
2.1297910154e-24,0.8048302949
2.2810335690e-29,0.0556360482
1.1292951334e-24,0.7386184073
2.3282584933e-26,0.3839921569
2.6882722732e-22,1.3924645485
4.2856937391e-23,1.1328488091
5.0586702116e-22,1.5211231528
9.0019645986e-22,1.8961395906
9.2959850989e-26,0.4935637562
5.4583558588e-26,0.4489165962
5.3106795566e-22,2.0917170385
1.9739584355e-28,0.1273053587
1.5991099028e-27,0.2217353549
8.4481350948e-23,2.3723947451
6.7874725595e-24,0.9266864653
6.9614743634e-25,2.7627587088
7.2179860037e-24,0.9332306728
1.8853040896e-34,3.6746214745
9.4291611179e-22,1.8190146644
1.7461909379e-26,2.9718242359
2.8320778855e-28,0.1419663826
1.5645357196e-26,0.3561986423
8.9909471741e-32,3.4749271579
8.5799436809e-22,1.7034577234
5.0148757098e-25,0.6546697530
2.6794542250e-25,0.5917882625
4.0177113102e-26,0.4246771402
5.0649530578e-24,0.8956890914
1.8076733732e-34,3.6759018815
4.4197940210e-27,0.2768929118
2.4437119349e-28,0.1358942074
3.3422154119e-24,2.6567163939
1.2615812001e-40,4.0622012305
8.2780844342e-22,1.9489996232
7.7928980019e-22,1.6550068113
2.5384113775e-29,0.0584765282
1.6528739128e-27,0.2234229977
5.7942676394e-24,0.9099049506
4.7038309180e-23,1.1441393530
2.3175176942e-26,0.3836602158
8.9064362193e-28,0.1929427518
3.7453097378e-26,2.9320079508
2.1372048748e-25,2.8348127264
8.5244822456e-22,1.9333244839
2.8503697019e-22,1.4028616858
5.6791255975e-26,0.4521293656
6.6304246077e-27,0.3009404677
4.9817546092e-23,1.1511644941
1.5025110956e-24,0.7683946329
6.9061286270e-24,0.9285294136
2.4479271163e-23,1.0672216122
1.6592016619e-22,1.3138778319
3.7326975262e-25,0.6247294078
4.4828238222e-24,0.8828223239
3.1229436583e-25,0.6069051103
8.7898697722e-22,1.9142084135
8.6074739822e-22,1.7054204050
4.6609467743e-30,3.3318068451
8.6398740922e-28,0.1915013856
5.1365068597e-47,4.3961293028
1.2961560745e-54,4.7372418807
4.0298964366e-24,2.6430888801
2.5194361484e-25,0.5857652522
9.9906765255e-24,0.9680632490
9.2625314824e-22,1.8662921634
1.7935594548e-28,0.1235277122
4.6677321423e-26,0.4364097365
9.2582724456e-22,1.7673634582
7.3170639779e-25,0.6935382799
5.7068366904e-22,2.0741808826
2.8992747519e-24,2.6669144415
9.6591038813e-29,0.1003602575
8.9252294166e-22,1.7305992676
1.7260736374e-23,1.0278796969
1.5578404123e-26,0.3559068145
1.0023005473e-24,0.7261982659
4.6165483059e-24,0.8859173096
2.2631875058e-22,2.2466586657
6.7876563107e-25,2.7643635435
2.4451056829e-25,0.5828480752
7.8920614180e-31,3.3979430318
2.6289089198e-24,0.8268446056
7.8037673744e-57,4.8284018443
7.6200780427e-27,0.3094810824
8.9311189531e-24,2.5822102701
5.2722611261e-23,2.4229127454
1.2061030094e-22,1.2671446969
1.3673529569e-27,0.2138353608
4.3060533806e-24,0.8785888591
7.1987322697e-25,0.6918515958
3.2892520679e-23,2.4693228454
1.5984612376e-25,0.5423686676
1.0732086433e-26,0.3311716619
1.4118313097e-24,0.7618990116
3.1051509770e-27,0.2569441955
6.0590533474e-26,2.9060969911
2.6836899801e-23,1.0777583343
3.1723454071e-26,0.4066838291
8.3514971380e-22,1.6880761892
6.3543339932e-27,0.2983597457
3.6387703453e-22,1.4489822466
2.4112019744e-27,0.2431838804
4.3364422425e-24,0.8793286604
7.1762430268e-29,0.0900417196
1.6329047104e-29,0.0472159508
4.0826320411e-23,1.1270098529
3.5862499417e-30,0.0160372239
5.8654871659e-24,0.9111982031
3.9538115153e-23,2.4516520964
4.4312112604e-24,0.8816034620
6.0667866800e-22,2.0582301783
9.2785052909e-22,1.7704431093
1.1058017024e-25,0.5088279930
5.5466274822e-26,0.4502143610
2.0100027720e-27,0.2335461707
3.5549869794e-27,0.2644844364
1.7835716265e-23,1.0315269764
1.7228162677e-22,1.3196254575
6.8145587981e-25,0.6861830877
9.1506208919e-22,1.7533202632
1.3468818161e-23,2.5486488112
5.7275875803e-22,2.0732631098
2.9157970337e-22,2.2074087207
1.7378415113e-25,0.5501862082
3.0908076542e-25,0.6058784130
9.0212352814e-25,0.7152497805
2.2585144959e-26,2.9585678252
1.7677422398e-23,1.0305339271
8.5725506305e-29,0.0961503482
4.4699126521e-26,0.4329964473
1.2300948507e-25,0.5183673064
8.8458704117e-22,1.9097463447
3.7825550158e-25,0.6260640258
4.6574169115e-25,0.6471281209
1.8711961239e-29,3.2777552751
3.0779585370e-27,0.2564583778
3.9956972491e-25,0.6315895890
9.0885007673e-30,0.0339632494
1.8722326864e-28,3.1830408264
6.0874216636e-23,1.1761023839
9.1937014012e-22,1.8756053298
9.6806219990e-25,0.7225827912
2.1052565084e-23,2.5101823401
1.1236089683e-27,0.2041356577
1.9905872222e-25,0.5630381663
1.7483384042e-25,0.5507521661
1.0814105503e-31,3.4685367490
1.2653175060e-23,0.9936886777
1.7706590261e-23,1.0307175313
1.7777426820e-22,1.3244623704
1.1603235701e-22,1.2616910063
1.2194580093e-23,0.9896644857
1.7345226533e-22,2.2841586695
3.3743437170e-22,1.4342063856
1.9486484035e-24,0.7955427399
8.2763506267e-22,1.9491047308
1.5047063612e-26,0.3535515081
3.8941399600e-22,1.4627362058
4.8816399972e-22,1.5125709754
8.9372147011e-38,3.8933804864
1.8041619212e-24,0.7874957157
3.4164595313e-22,1.4366004145
5.8172497758e-29,3.2319736000
7.4618867307e-22,1.9934203369
2.0120763065e-23,1.0450167800
6.4034920434e-23,1.1825075641
7.3952323453e-25,0.6946379416
1.7053477556e-36,3.8122747978
1.7903961186e-22,1.3255609484
8.6118533461e-29,0.0963101119
3.6860896123e-28,0.1530935654
2.0932074484e-24,0.8030196722
2.9543380484e-32,3.5128877363
6.5137194106e-23,1.1846775713
9.2908613234e-22,1.8619161552
1.1059874206e-23,0.9790547525
5.6412761503e-36,3.7782964834
2.9993655953e-23,2.4779924803
4.0381805015e-29,0.0716864849
1.3738322213e-27,0.2140717214
3.5036191745e-24,0.8569289492
8.0424429739e-26,0.4810930492
1.6916689727e-30,3.3699272849
2.5483735143e-22,1.3831644047
7.5001751947e-22,1.6392611800
9.4293045762e-22,1.8163391718
3.0428099950e-22,2.2003867628
3.2424949574e-25,0.6106407124
1.9455974251e-30,0.0061159567
8.8316788408e-22,1.7226019975
2.9344425085e-25,0.6007377906
7.9246958187e-24,2.5916846808
5.0138476608e-22,1.5189652073
2.4141179201e-26,0.3865990893
3.7112153176e-40,4.0354406058
3.7250410385e-25,0.6245229768
3.6089421468e-27,0.2653319265
9.1252831831e-23,1.2287225795
5.3724213710e-22,2.0889789052
9.4267061771e-22,1.8234703373
4.3535208710e-24,0.8797421967
2.0973154562e-29,0.0534562054
2.1542897825e-22,2.2538667244
5.2368709745e-22,2.0949948314
4.1619486867e-25,0.6357103451
9.3685855156e-23,1.2322636022
9.9359003920e-23,1.2402352407
9.9129453641e-29,0.1012868165
2.0684728834e-23,2.5117436802
4.4139402464e-22,2.1321879930
1.6025840056e-23,2.5339411234
1.8605024049e-27,0.2295176934
3.5762748431e-25,0.6204311885
1.0230461653e-26,0.3280812864
1.5908316211e-22,1.3075130776
4.4177350745e-22,1.4896977522
2.2907576594e-22,2.2448691809
2.7161492147e-24,0.8302604320
8.7566295621e-22,1.9167736506
5.0529467798e-22,1.5208478630
5.2013849214e-22,2.0965727864
3.8969957566e-26,0.4223202648
3.9493326076e-23,1.1230350281
2.5970756340e-28,0.1383865413
3.5890613390e-26,0.4160104325
1.6038739186e-46,4.3720697727
3.8622342863e-22,2.1583162535
9.4208014176e-22,1.8283740001
8.1073174532e-22,1.9590696628
5.4179208281e-25,2.7785415198
7.0013680294e-22,2.0157097453
1.7357641105e-27,0.2259326671
3.3563943466e-26,0.4109258035
6.8470141026e-27,0.3029002517
7.6231852927e-25,0.6977810909
1.1314209387e-28,0.1060717268
3.0799370413e-22,1.4169797147
7.3569724996e-22,1.9986188448
3.4441339987e-23,1.1067948860
4.5842228770e-26,2.9212013058
2.1774308684e-25,0.5716307069
5.8590534282e-26,0.4546692262
3.0542665647e-24,0.8425430455
2.2517523950e-24,0.8106503671
9.2827186621e-25,2.7442838939
9.3727383160e-22,1.8457908203
8.4531798374e-24,0.9501029211
1.2639443996e-27,3.0987126214
8.3279024714e-25,0.7069468159
6.2353864279e-28,3.1305997628
8.4724800617e-25,0.7087328775
2.0777658908e-22,1.3491138601
9.1649962037e-24,0.9587767924
2.8116240043e-26,2.9471478894
1.5838906098e-24,0.7739000006
2.0705807480e-49,4.5091221567
8.1378225159e-30,0.0316506025
1.9100177421e-28,0.1260019036
3.3077010760e-23,1.1020430308
5.8684163548e-23,1.1714941128
4.6995623949e-27,0.2804527543
4.9492454628e-22,2.1078342947
1.6031110475e-26,0.3578592401
8.9301175309e-22,1.7310347161
9.4270688179e-22,1.8115465388
2.3238148540e-27,0.2412114520
3.0410067300e-22,1.4146313308
2.9286161811e-26,0.4007272080
5.1896116633e-27,0.2862647710
8.8762969247e-22,1.7263405480
2.9264993149e-22,2.2068105774
5.3226027916e-22,1.5337459515
8.7537006146e-28,0.1921216134
5.4851730260e-22,1.5414652712
8.0607497111e-22,1.6702462389
3.2888240964e-22,1.4292936715
6.6609135470e-25,2.7655579610
4.8621443724e-22,1.5116240870
9.4293584572e-22,1.8176603519
6.3230820967e-25,0.6784601802
4.2801882892e-24,0.8779551310
4.5595251505e-23,1.1403465995
6.8100310261e-29,0.0882800908
1.2601930376e-26,0.3416836127
1.7081176690e-29,0.0483110120
1.7960281655e-27,3.0825320738
1.8123066760e-22,2.2781969810
9.5100277307e-24,0.9627510475
1.4359753240e-28,0.1149547555
1.2889438480e-27,0.2108939845
8.7962082967e-22,1.9137124975
8.9859908551e-22,1.8976279065
5.8680435392e-29,0.0833695930
3.0971629339e-25,0.6060822344
2.0371532680e-26,0.3744870911
4.8847558442e-22,2.1107318023
1.3336906613e-24,0.7559595286
1.4309795874e-22,2.3094027449
7.8835152833e-26,0.4793938060
6.4435688498e-24,0.9211629206
5.0256510820e-25,0.6548890373
8.7867288885e-22,1.7189585710
1.6427062287e-25,0.5449136233
1.4377634317e-24,0.7637980409
1.5265481837e-25,0.5380961710
4.9949118120e-28,0.1663609403
2.2044526556e-52,4.6421116295
1.8078126169e-22,1.3270637403
1.4877891886e-23,2.5402692116
3.0368446050e-23,1.0920611044
3.4870224844e-26,0.4138165456
3.5507924390e-27,0.2644180813
6.9597875088e-22,2.0176636087
1.5390023700e-23,2.5373952052
3.6870256227e-23,1.1148512468
1.0773777248e-23,2.5670869841
3.4225830247e-27,0.2623560660
1.2267840984e-23,0.9903168737
7.0312750633e-26,0.4697427427
5.7459151045e-24,0.9090180723
7.2394974452e-25,0.6924356915
6.3325365493e-29,0.0858643513
6.3675216046e-22,2.0447918979
9.3627757709e-22,1.8481998382
1.5892550093e-27,0.2214206137
5.5431448136e-22,1.5442106265
6.4210562360e-22,2.0423820827
2.2946618853e-25,0.5766888273
9.9566650737e-23,1.2405198620
4.7664280805e-28,0.1642857253
2.9426848616e-30,0.0126381675
1.0363623168e-30,3.3879949648
2.0607116791e-22,2.2602522264
1.8882576727e-22,1.3338704286
5.1908694566e-52,4.6258774115
1.5573391926e-22,1.3043194250
1.1782375556e-24,0.7430388876
2.9577450277e-28,0.1437750629
1.7676966449e-25,0.5517880223
6.2155283653e-28,0.1762010605
1.2468925160e-22,2.3266618226
7.5498583665e-24,0.9380225582
8.1358424518e-25,0.7045265165
3.6613461845e-22,1.4502172047
6.4730605497e-22,2.0400348035
8.6908579927e-25,0.7113746642
9.9079894180e-23,2.3541697203
4.3473974254e-23,1.1345745191
7.2272514396e-26,0.4720479862
6.7905961472e-22,2.0255359885
2.6935025224e-24,0.8293843072
9.0674542666e-22,1.8897444361
3.7419391481e-22,1.4545946372
8.3167013024e-22,1.6858532519
1.9006292511e-28,0.1258073464
8.9073545576e-25,0.7139300367
8.4067711544e-22,1.6916663646
6.6418375042e-27,0.3010451185
2.3692027436e-30,0.0090741988
4.6402011987e-27,0.2797131961
6.1568497872e-25,0.6757157492
4.3163975364e-26,0.4302568470
3.2830079362e-24,0.8501099606
7.4100318813e-29,3.2219947605
4.4537071270e-24,0.8821364211
2.5739601772e-24,0.8246348330
2.4561471320e-26,0.3878461362
1.1111609059e-38,3.9486440567
7.7465692337e-36,3.7691783604
1.5317643484e-24,0.7704070804
2.2767190548e-25,0.5759300003
5.6023637560e-22,2.0788010097
7.5474580468e-26,0.4757010377
3.7248978652e-22,1.4536730183
6.0552593066e-25,0.6740030114
8.2942019444e-26,0.4837263778
3.9476746505e-27,0.2704127236
1.7288035017e-28,0.1220913347
1.7723885052e-30,0.0049064454
1.4053705637e-25,0.5304776846
1.9146945407e-29,0.0511410801
9.3455994082e-29,3.2123525925
6.3709852776e-26,0.4615450826
1.9864165486e-25,0.5628382320
7.3214048460e-29,0.0907198630
1.6500246340e-25,0.5453287118
6.5598749022e-29,0.0870321685
9.2776914971e-22,1.8640002281
9.0782537092e-22,1.8886387934
7.1461464431e-59,4.9092610861
9.2983595968e-23,1.2312494016
2.8783656916e-56,4.8054453851
1.2570802438e-26,2.9885225981
5.6222343157e-24,0.9067159859
4.7980437498e-22,2.1146411488
5.3254448995e-24,0.9009836923
3.7895314564e-23,1.1181093762
2.3384496162e-23,2.5007979758
1.9285963564e-26,0.3706395286
8.4093379356e-22,1.6918349303
2.3968671478e-23,1.0648177100
5.9712839068e-26,0.4562196728
4.3932589796e-22,2.1331454011
5.4247533399e-22,1.5386002452
1.2827835316e-24,0.7519009234
1.4464574974e-26,0.3508851276
9.7577280896e-25,2.7410394103
2.5251791717e-28,0.1372346298
2.5114580455e-47,4.4111159952
2.0909834418e-29,3.2733419531
8.8065685267e-22,1.9128970779
7.1223204379e-22,1.6199151722
5.9935198942e-26,0.4565238782
5.9730006951e-23,1.1737129384
6.7859120359e-26,0.4667771691
4.3300216311e-27,3.0409850506
7.0305809482e-27,3.0174344668
1.0512986589e-24,0.7311654986
6.9647357069e-45,4.2904498319
3.8957698907e-25,2.7988913670
6.6350349059e-24,0.9242724342
3.5440849150e-25,0.6195249191
4.2659684710e-22,1.4820290414
3.2108515970e-29,3.2561589727
5.7128018487e-22,2.0739170627
1.8276988811e-23,1.0342525637
3.3705569680e-25,0.6145032325
9.7812592479e-23,1.2381001198
1.2728861957e-29,0.0413655578
1.3382430174e-28,0.1122943123
1.6233444821e-26,0.3587164526
1.6113380221e-25,0.5431157035
1.2425440917e-30,0.0018505613
1.8507291553e-24,2.6982820190
8.8928062126e-22,1.7277577466
5.2401764111e-22,1.5298176246
5.7326667211e-22,1.5531681116
2.7307081039e-22,1.3952238477
1.1998919276e-25,0.5161294312
1.3847720294e-28,0.1135808318
2.2558179865e-28,0.1326474264
4.2597903522e-26,0.4292254573
8.4161634877e-22,1.9404095307
1.3285841592e-32,3.5395787685
1.5796829403e-25,0.5412696622
4.0131012242e-26,0.4245882587
6.6280042350e-29,3.2266031506
6.3334273074e-22,1.5815821620
1.8459956269e-22,1.3303215439
2.7682464549e-24,0.8322486703
8.4068568412e-28,0.1902088505
8.5243906327e-22,1.6995761288
1.1474680957e-27,0.2051629964
2.4800064206e-29,0.0578517891
2.5810850046e-24,0.8249239900
1.5656135443e-26,0.3562455201
6.6026927023e-23,1.1864063416
1.7302418898e-24,2.7028833215
2.0679692637e-25,0.5666811938
1.4473242416e-24,2.7149643241
2.0859252306e-24,0.8026554965
1.9701236936e-25,2.8395783815
1.0661055904e-23,0.9750783442
3.6553794274e-22,2.1684975246
7.5342337606e-28,0.1850688987
5.7849743827e-22,2.0707244535
1.5010810706e-30,0.0031752193
5.0297642456e-25,0.6549726238
5.7935477622e-22,2.0703450964
1.8282352971e-30,0.0052911912
7.1856285397e-25,0.6916631563
5.6607448985e-40,4.0248694838
4.1406516290e-22,1.4756125311
1.0923326331e-22,1.2532638324
9.9189981741e-23,2.3540404417
6.0732723699e-22,2.0579417864
1.3054342139e-23,0.9970973317
5.0916705310e-24,0.8962442478
5.7350849154e-22,2.0729314958
1.4763247216e-22,1.2963719691
1.2434038979e-24,0.7486500192
4.8916118143e-27,0.2827908100
1.8295714333e-25,0.5550325550
1.5389151062e-27,0.2197855921
5.2848422705e-26,0.4463120716
1.0112383325e-31,3.4708619869
1.5780403817e-23,1.0179399887
7.4616086105e-22,1.6372423436
4.4851223069e-22,2.1289036179
1.0591700858e-24,0.7319420630
2.9958481158e-22,2.2029638854
4.7046412708e-22,1.5039323381
3.1195827118e-25,0.6067981913
6.3043394007e-29,0.0857171648
7.0676631825e-23,2.3920677261
6.3107272041e-23,1.1806563728
8.0569767727e-25,0.7035163978
4.3625523026e-25,0.6404806019
6.2119613275e-29,0.0852312269
2.0948399307e-22,1.3504377771
2.8634230489e-26,0.3990615750
2.5944173908e-22,1.3862610488
4.8854922556e-27,0.2827175552
9.9472263109e-30,0.0358937347
2.1141709870e-24,2.6891087340
4.2262318888e-22,2.1409341583
3.5355721656e-23,1.1098858210
3.5541253013e-23,1.1105042177
9.7435952582e-25,2.7411338146
1.3347252375e-22,1.2816342740
2.3374168445e-24,0.8145536650
6.8659397020e-27,0.3030689202
7.2570898751e-28,0.1833260512
3.0264450046e-27,0.2555276530
3.8662469639e-25,0.6282677139
1.2728307149e-43,4.2253822543
2.4850083325e-27,3.0673763609
3.1645595835e-25,2.8114870398
5.6419572233e-30,0.0243494324
3.1518543434e-22,1.4212723519
6.6645330746e-22,2.0313301254
8.1514190503e-30,0.0316851481
1.4253600243e-27,0.2159172656
3.1022620280e-24,0.8441762666
2.9338086205e-26,0.4008584917
7.4179452856e-22,1.9956076325
4.8706444536e-27,0.2825394847
1.5667563315e-27,0.2206955790
4.0566549911e-23,1.1262443936
7.2471899911e-23,2.3893453195
9.3933930710e-22,1.7945192855
2.0415752022e-26,0.3746400240
1.9175574501e-26,2.9670196306
5.9297835501e-25,0.6718488395
1.6082499571e-27,0.2220257451
7.8866144990e-27,0.3116154499
4.3862102229e-40,4.0312633583
9.4213202973e-25,0.7197596371
1.5450995814e-34,3.6806725653
1.7041613790e-24,0.7815409849
5.4786821847e-56,4.7940465079
5.7566719132e-27,0.2924201783
1.2750975261e-28,0.1104861987
1.7472011285e-23,1.0292328639
1.5570787333e-22,1.3042943855
5.9534621339e-46,4.3440274960
1.3606053450e-33,3.6132943017
3.2868828446e-25,0.6119952887
7.8436859438e-29,3.2196384083
1.3760553419e-25,0.5285480140
8.2592357609e-23,2.3749291143
3.6927635004e-25,0.6236483347
5.3261977745e-25,0.6608307806
1.1100542959e-24,2.7325996591
4.2186875180e-22,1.4796175727
1.6811288097e-24,0.7801201703
4.2326951702e-25,0.6374169888
1.3440782168e-29,3.2908184017
6.0314954683e-22,1.5672756418
9.9854732375e-28,3.1094440073
5.0767079069e-26,2.9157016985
1.7096770549e-24,0.7818783920
1.4756242513e-22,1.2963018121
3.7284555751e-24,0.8634551239
3.8101102599e-30,0.0171043931
3.4348276753e-31,3.4279026835
6.1574513359e-28,0.1757734095
3.2903190809e-45,4.3069261104
1.1727933538e-24,0.7425562606
2.4649780052e-23,1.0680141378
1.2924005504e-24,2.7225350981
9.3345869187e-22,1.8541802514
9.9636302174e-58,4.8641819563
8.4394425595e-29,3.2165989927
5.1110900976e-22,2.1005948854
1.4540129962e-36,3.8167545905
2.4092339898e-22,1.3735765148
1.5509815001e-27,0.2201817439
8.8637266633e-25,0.7134200362
2.6022871050e-28,0.1384689501
1.4880558954e-26,0.3527985897
1.1361734967e-24,0.7392510051
1.1397002110e-34,3.6898842906
4.3890234756e-29,0.0742100884
8.1697794822e-22,1.9554492206
2.9191585369e-25,0.6002218651
3.3896140189e-26,0.4116700066
8.1998401093e-30,3.3100971313
5.5009300431e-25,0.6641391038
1.0595631997e-23,2.5684445069
3.1450777540e-27,0.2576508209
5.0711215125e-27,0.2849048486
2.3518008872e-27,0.2418501051
6.0980854180e-30,3.3215208672
2.2157168920e-25,0.5733090902
7.0592386591e-25,2.7618723272
9.7084473599e-24,2.5755215858
9.2572908954e-22,1.8670605411
8.3598854636e-32,3.4774385224
1.2478436121e-28,0.1096822808
1.1536051913e-36,3.8232372832
7.6123506198e-22,1.9858109514
3.8628793008e-53,4.6747904652
1.2868824380e-24,0.7522335857
9.9249529910e-30,3.3026807270
3.1107222469e-24,0.8444615587
8.0583462970e-22,1.6701050905
4.6732591050e-22,2.1202972585
8.6794782758e-29,0.0965836036
8.0845277622e-42,4.1287640668
3.7354186413e-26,0.4190652309
8.0040185375e-30,0.0313081763
3.1720091021e-40,4.0393569857
3.7540157951e-25,0.6253021002
4.8651511772e-22,2.1116142697
4.9909744488e-23,1.1513916009
1.6887534941e-25,2.8485353809
2.7099817858e-29,0.0602508115
1.3050879505e-23,0.9970683363
1.3042696263e-22,2.3210921261
6.4145573564e-24,0.9206839472
6.4920756510e-22,1.5891507654
4.6741482288e-22,1.5024339482
4.4944186279e-22,2.1284758884
3.5908295781e-29,3.2516411630
1.1850879020e-30,0.0016094617
2.6247132288e-26,0.3926694872
1.7790014257e-27,0.2272002354
7.0073146772e-24,0.9300769413
1.8792066731e-24,2.6972346940
2.0506503289e-32,3.5251392496
1.0794883618e-30,3.3865003274
3.3341120833e-26,0.4104230619
5.5643296922e-23,2.4173647906
2.7856583129e-23,1.0820557715
7.0493777199e-22,2.0134434401
2.2966272805e-27,3.0710743172
7.3217416604e-24,0.9347512925
3.8786954288e-24,0.8676029390
3.9295297419e-24,0.8689705668
3.9293182218e-27,3.0456445343
4.2635238539e-22,2.1391860623
7.5300464709e-22,1.6408328744
1.7460327588e-28,0.1224779716
3.4069938422e-28,3.1572235657
2.2003003890e-25,0.5726364298
1.5077829879e-24,2.7122107572
1.0000064004e-23,2.5731343638
7.6153361747e-27,0.3094425255
8.8593732302e-22,1.7249072591
3.0458229218e-22,1.4149228215
4.3681812441e-23,1.1351509183
7.2528868995e-26,0.4723455340
1.0125581150e-23,0.9695103344
9.3157039285e-22,1.8576999249
1.2161794483e-26,0.3393376919
1.0323439704e-25,0.5027413518
1.0179349327e-25,0.5015034530
4.0251540199e-23,1.1253102964
1.1097503251e-25,0.5091451020
6.5838720578e-27,0.3005119704
1.1285104303e-28,0.1059775266
1.1839742203e-26,0.3375739833
1.2462024086e-23,2.5551209879
6.0734644369e-25,2.7713852627
7.4221990161e-24,2.5968236009
1.7999683612e-22,2.2791307119
1.8158993207e-25,0.5543241338
2.6548384451e-23,1.0765153835
6.5277002653e-22,2.0375612762
6.2022058806e-24,0.9171125986
3.0832619701e-29,0.0638343292
9.2976846476e-22,1.8607980440
6.5928748385e-24,0.9235952788
1.4484748879e-26,0.3509790187
5.5563948286e-31,3.4106559190
4.9462749759e-26,0.4410107167
3.7518161360e-26,0.4194010319
3.8749654375e-25,0.6284946996
7.1853315111e-29,0.0900845032
6.1329843223e-27,3.0241214127
2.4124729387e-29,0.0571153489
6.2121150657e-22,2.0517546462
7.0248603946e-23,1.1943476346
6.9673754079e-23,1.1932906209
2.2830504624e-28,0.1331322813
1.6231680966e-27,0.2224966093
1.4257330791e-23,1.0067562045
6.0599959851e-41,4.0801823135
5.8574058514e-25,2.7736610172
4.2040165733e-24,0.8760667066
9.9888075092e-38,3.8903851864
7.9139081529e-22,1.9698881554
5.3648434239e-27,0.2882270739
6.4664307729e-26,0.4627740679
3.6979759614e-26,0.4182936664
7.9327905653e-23,2.3794185405
1.7205717892e-22,1.3194253854
3.0159259687e-29,0.0632133093
2.0028654269e-26,0.3732914003
7.8458849152e-26,0.4789871369
7.9628630567e-40,4.0162835297
2.1973065486e-23,1.0549475235
9.4453634132e-33,3.5508358172
6.3862218739e-22,2.0439508421
7.4390938069e-22,1.6360689848
2.7800535099e-27,0.2508744742
1.4108823959e-23,1.0056063304
2.4828171276e-23,2.4953842778
1.4551661338e-24,0.7650534375
1.0508572450e-23,0.9735204508
1.1802498275e-25,0.5146475087
2.4118898046e-50,4.5517124110
9.3721684865e-22,1.7885498215
4.0368695559e-29,0.0716767411
9.3952564989e-24,0.9614446064
6.1195829553e-22,1.5714402325
3.0728661975e-24,0.8431789643
5.0003405549e-28,0.1664092183
3.3013140611e-22,1.4300155809
1.6771116280e-22,1.3155124385
2.4937030824e-22,1.3794395615
7.2643116655e-25,2.7600494312
3.3299878885e-22,1.4316671272
9.4293424233e-22,1.8178968962
2.6689011948e-22,2.2215712150
1.2325313534e-25,0.5185457382
9.4572259141e-25,0.7201550997
1.3288813228e-34,3.6852420293
6.1273020624e-22,1.5718054573
5.3918060016e-22,2.0881198379
4.8670058784e-33,3.5724854587
2.1656718641e-25,0.5711098753
5.8854671094e-57,4.8333363601
4.0562356592e-24,0.8723049436
1.1594431917e-23,2.5610784411
1.2158380493e-28,0.1087190248
7.2589815214e-27,0.3064833146
4.7413044112e-22,1.5057297907
1.2244543583e-22,1.2692846195
8.4983958013e-22,1.6977936715
6.7428395986e-24,0.9259851384
6.7841422006e-22,2.0258340077
7.9140294130e-24,0.9430521103
2.7371082895e-26,0.3957390373
1.0306226985e-24,0.7290979653
1.9203472808e-25,2.8410716053
6.1337998135e-26,0.4584209194
3.4707107848e-24,0.8559391778
1.6146426891e-22,1.3097527228
6.6917962836e-25,0.6843059853
1.0411146892e-28,0.1030492998
3.3578030597e-23,2.4673676502
5.4139916163e-22,2.0871369525
8.5374632270e-24,0.9511658392
8.2771168403e-22,1.6833570048
8.5000188079e-28,0.1907293681
1.1261657308e-33,3.6192623662
9.0884329786e-22,1.7463917064
3.9689065150e-22,1.4666798871
2.0107765132e-24,0.7988216602
8.6749513496e-22,1.7103518434
4.0601039804e-27,3.0440755800
3.6146269966e-38,3.9175768960
1.2191538080e-26,0.3394985285
6.1471597529e-22,1.5727452544
9.3355229986e-27,0.3222247776
8.7689753604e-24,0.9540344041
8.6403200775e-25,0.7107691408
9.0403733987e-31,3.3929914428
2.8763699570e-22,1.4044946713
2.5453474680e-26,0.3904328969
9.2421446362e-45,4.2842007151
4.8219148200e-23,2.4319830167
9.0743961061e-22,1.7449122131
3.3185926679e-23,1.1024287922
2.5323266970e-27,3.0664898001
3.4830166010e-23,2.4638816764
5.2752894884e-29,0.0799460289
9.0950771570e-22,1.7471019129
1.6515996831e-22,1.3131800124
1.1103769407e-25,0.5091953343
7.1185032688e-22,1.6197240611
5.0989515271e-23,1.1540243655
5.2868066260e-22,2.0927766373
3.8315825606e-27,3.0468500111
8.1630703562e-28,3.1185430143
3.6387925407e-25,0.6221697524
7.7528072622e-22,1.9785186056
2.6395489565e-27,0.2480567393
1.5000373699e-28,0.1166160550
6.2486605925e-22,1.5775552619
2.4926792935e-26,0.3889152004
1.9012871977e-23,1.0386645798
9.1185474289e-22,1.7496652132
2.2603942185e-45,4.3151284268
2.1761078030e-23,2.5072401427
1.2234549788e-22,1.2691687422
6.0970180607e-22,2.0568854794
7.8338412727e-22,1.6572778789
1.9331420400e-31,3.4482521082
1.4812997101e-28,3.1929973710
5.0358088606e-25,0.6550953423
3.7390540952e-22,1.4544387566
4.3974439155e-22,1.4886784966
1.9101511113e-23,1.0391852709
6.3376284053e-22,2.0461348245
1.3463742015e-22,1.2828914512
7.3616754121e-43,4.1850841153
6.6549679767e-25,0.6837363316
1.3115094825e-30,0.0021663522
8.9141213259e-22,1.9040347173
5.1296308851e-23,1.1547635139
8.6933619078e-23,1.2222392397
1.6783540274e-30,0.0042764615
6.8469764264e-24,0.9276145400
2.7239384069e-23,1.0794720763
5.0719325646e-29,0.0787011052
1.9620737565e-26,2.9658384677
1.9330331200e-22,1.3375679375
4.4751437254e-22,2.1293630430
4.5776831910e-26,0.4348717303
3.7585898777e-22,2.1633867333
8.9202820526e-22,1.7301604776
6.6480630651e-22,1.5966449898
3.4613506448e-32,3.5075427372
3.0083278844e-22,2.2022768894
9.0733704045e-23,2.3643110041
2.7412904226e-22,2.2173430516
2.4519473723e-23,2.4965187400
2.6524869800e-24,2.6732293644
9.4234541389e-22,1.8265001150
2.8400006733e-45,4.3101452478
5.8505648303e-22,2.0678213760
1.5856547640e-25,0.5416204120
2.0651640563e-25,0.5665512825
9.0998761579e-22,1.8863753713
1.7688784725e-24,0.7854330965
6.8137474306e-22,1.6046791528
5.2307355269e-25,0.6589790753
2.2047767036e-25,0.5728321793
1.6417261258e-29,3.2829357735
2.1447633121e-28,0.1306158723
1.0720704295e-48,4.4760091331
7.3605938131e-25,2.7592099837
2.2135917670e-30,0.0080091054
4.9849649548e-29,0.0781566411
3.5401457342e-22,2.1742822755
6.3835710775e-26,2.9032465423
1.5021237041e-23,1.0124986616
7.8121810630e-22,1.9753735264
3.3913249996e-26,2.9372751487
3.6276574212e-22,2.1698813546
1.4212241703e-23,2.5441369369
1.1888808183e-24,0.7439760529
2.4856008888e-27,0.2448143718
4.0805444240e-25,0.6337124033
3.3073901197e-22,1.4303662169
4.1539184924e-22,1.4762956855
5.8905216547e-26,0.4551065162
2.0329823300e-26,0.3743425756
5.6663373797e-29,3.2330528024
1.2571554446e-23,0.9929826626
2.2970057563e-22,2.2444655429
8.8030552122e-22,1.7202685269
1.7457784001e-23,1.0291422219
2.9825414476e-22,1.4110705814
2.3811259384e-22,2.2390974223
9.4240734707e-22,1.8260047529
1.0864722400e-25,0.5072612964
2.0247565882e-23,1.0457230213
1.1864671059e-22,1.2648260788
6.7843394555e-23,1.1898748281
9.4265341728e-22,1.8109129982
4.7434925805e-22,1.5058369288
1.1810763480e-22,2.3332907196
5.6409675896e-23,1.1665480938
6.0167310000e-25,2.7719754643
7.0683073348e-22,1.6172177222
6.1973387464e-22,2.0524144499
6.3899069034e-27,0.2986976814
2.8195550175e-27,0.2516441773
4.4855134912e-25,0.6433029779
1.4345263037e-24,0.7635628537
8.0218754529e-25,2.7537052102
1.0490264915e-23,2.5692569620
2.3920328747e-22,2.2384101593
6.8269069551e-30,0.0280814265
2.0816204597e-42,4.1608431318
1.1961615980e-22,2.3317474136
3.5123920379e-22,2.1756886744
4.2715028594e-25,0.6383417530
6.3378169257e-29,0.0858918558
1.5515573985e-23,2.5367034053
2.0531138848e-28,0.1288692258
4.3481251475e-23,1.1345947422
3.3985860911e-25,2.8071835477
1.5688745352e-35,3.7487165847
1.1819767214e-22,1.2642915559
9.1590099973e-29,0.0984740649
6.5308378830e-23,1.1850117503
5.2509491078e-27,0.2869581356
9.4512868293e-23,1.2334499696
1.0227259451e-27,0.1995671841
1.8189021610e-29,0.0498591195
1.2106056118e-24,0.7458634062
2.7632489748e-31,3.4356376234
1.4862533734e-23,1.0113286062
9.8940375398e-36,3.7621108925
4.0097675481e-23,1.1248516771
8.4847520166e-30,0.0325181397
5.6664164812e-25,0.6671805450
9.2856402615e-22,1.8627535363
4.6728012190e-25,0.6474638798
9.9014486006e-27,0.3259819847
3.6296856535e-39,3.9776476313
1.3073350205e-25,0.5238790640
1.1745501504e-42,4.1742241034
1.0123584360e-22,1.2427903657
2.8156499870e-29,0.0613015196
2.9237389924e-27,0.2536298622
6.3018765271e-22,1.5800821210
5.1997804391e-23,2.4243284339
2.3623278171e-27,0.2420886107
2.7704007550e-25,0.5950665377
1.6615358914e-26,0.3603095517
2.0007164714e-28,0.1278400022
9.4228199603e-22,1.8075921108
1.2247271442e-26,0.3397989879
2.7047880146e-27,0.2493810023
1.1027051091e-33,3.6199253956
3.7501452778e-30,3.3400726790
9.0723006332e-22,1.8892502317
8.0488172480e-26,0.4811605956
2.3651379370e-25,0.5796183273
5.9909371764e-28,3.1323795056
2.8142829776e-26,0.3977843294
4.2807158288e-24,2.6386394054
2.6337297973e-22,1.3888768040
9.4099118685e-46,4.3341544180
8.0844676376e-23,1.2126282405
1.0058276800e-26,2.9997070647
3.0564216974e-22,2.1996438553
2.0201952100e-29,3.2747121509
3.2643017121e-30,0.0144044645
5.0836394729e-24,0.8960776725
1.0482721539e-25,0.5040924129
5.7782894835e-25,0.6691885731
2.8441314982e-28,0.1421428855
5.7567437477e-25,0.6688047740
1.8881630657e-22,1.3338625490
3.3204775220e-22,1.4311202373
1.5101686689e-22,1.2997316331
1.1359102727e-52,4.6546049235
3.5807544270e-22,2.1722338317
7.6279815656e-23,1.2050167809
1.8569669143e-22,1.3312484884
1.1938001192e-24,0.7444064000
3.8543069453e-23,1.1201279062
8.9639884397e-25,0.7145884197
8.9980742221e-22,1.7373029395
2.3098424078e-24,0.8133129943
2.1850257832e-25,0.5719657567
2.5890461554e-23,1.0736342399
3.2612925533e-24,0.8494144035
3.3399386107e-22,1.4322384075
1.2683034691e-23,0.9939458862
3.4540299034e-25,0.6169481472
1.2115648390e-22,1.2677842839
1.8923893705e-28,0.1256359056
9.2428910297e-22,1.8691148612
1.6437465544e-24,0.7777723618
1.6085090420e-25,0.5429520366
1.0739032036e-26,0.3312135631
3.8171858775e-22,2.1605128017
1.6867816657e-26,0.3613453135
3.7120094754e-22,1.4529745922
5.8999483822e-25,0.6713301532
7.9527209578e-23,1.2104693661
1.7140372847e-57,4.8548005536
3.9432376461e-36,3.7885359867
2.1755480975e-22,1.3565951952
1.0263825632e-30,3.3883494669
9.8199590046e-39,3.9518692435
1.9698393209e-23,1.0426342452
1.5237102770e-26,0.3544020705
2.5007372344e-28,0.1368364901
3.2248399269e-22,1.4255708821
4.7237809493e-26,0.4373541899
6.3970755003e-22,2.0434623433
1.0726952789e-27,0.2018774264
6.2282387094e-27,0.2971484284
2.3485429907e-26,0.3846154512
2.1379997686e-26,0.3779056473
2.7298867308e-22,2.2180047518
5.8107017867e-22,1.5568517466
7.4513991173e-27,0.3080964953
6.6469019376e-29,0.0874705993
1.1251210829e-27,3.1040222054
1.4370393095e-25,0.5325229172
6.4787981924e-23,1.1839935169
7.3590423414e-40,4.0182711038
7.5998617221e-22,1.6445350543
7.4213491413e-22,1.6351468529
1.8966329135e-26,0.3694709517
3.7477997029e-29,0.0694656876
1.8469011995e-22,1.3303982063
8.1972641327e-22,1.9538340199
1.3160361566e-28,0.1116668509
9.2107117639e-22,1.7607527198
5.5898267722e-22,1.5464191586
1.8877377070e-23,1.0378642723
1.4856825263e-22,2.3045884603
4.0272108823e-26,0.4248600138
7.3776701921e-22,1.6328865756
2.9480395215e-32,3.5129596337
5.5421263368e-40,4.0254010924
9.7508493381e-24,0.9654439549
5.4822368965e-22,1.5413261369
9.9421322390e-24,2.5736036499
3.2173908519e-22,2.1909894174
9.2299855747e-22,1.8708911111
3.8922432725e-27,0.2696080335
4.0201336625e-25,0.6322052877
2.1545965531e-41,4.1052692203
4.8946268112e-26,0.4401747224
4.5330863158e-23,2.4381750679
2.1337460819e-22,1.3534263990
3.9369860733e-29,0.0709270226
6.8596541060e-22,1.6069212709
1.9754284692e-25,2.8394213389
6.3651597310e-24,0.9198635404
3.0452063566e-26,0.4036278696
2.5900691014e-23,2.4915344559
6.1689741541e-22,2.0536800541
3.2213982890e-36,3.7942910512
4.8935613505e-22,1.5131494600
1.4265040622e-23,2.5438244244
4.4923997252e-26,2.9222882886
2.1670899815e-24,2.6873931810
2.0340223218e-35,3.7411267278
2.9989245113e-24,0.8406279536
3.9536251529e-22,2.1538929100
4.8484689556e-25,0.6512249274
6.5231630841e-29,0.0868458120
6.0480326436e-22,1.5680570833
8.4645381195e-22,1.6955022454
5.7452031193e-22,2.0724839375
2.6572244735e-22,2.2222595329
4.2918865079e-24,0.8782422176
8.4651872228e-22,1.6955458655
1.0043559755e-28,0.1017559078
4.4548505354e-23,1.1375286949
3.8889224619e-26,0.4221604084
1.3130345409e-23,0.9977319445
5.9738232864e-28,0.1743973804
5.6011347984e-25,0.6659910817
3.4353746673e-26,0.4126849371
7.7438418068e-23,1.2069841809
6.5246848693e-27,0.2999633470
1.7791702124e-23,1.0312516824
6.9830559660e-22,2.0165712259
9.3787549416e-22,1.8442326163
6.8962116706e-29,3.2249659562
1.8436899704e-22,2.2758414550
3.8080375149e-25,0.6267398058
7.7229027253e-26,0.4776462258
8.4593582158e-29,3.2165010135
4.7471233038e-24,0.8888556387
8.7938989565e-22,1.7195320473
1.2805391916e-24,0.7517183277
4.8065813301e-32,3.4964029937
3.8624944229e-23,1.1203808859
1.9854272906e-25,0.5627907536
2.4288028651e-24,0.8185637772
6.0642526849e-25,0.6741557494
4.5659472223e-24,0.8847566527
2.6710911687e-23,2.4887155736
1.8838653127e-22,1.3335042985
4.8775367843e-24,2.6289315895
1.3781810942e-22,2.3141777054
2.4963115676e-28,3.1707021104
7.9043412032e-24,0.9429212237
6.5302790011e-25,0.6817846717
2.7925569433e-30,0.0117601105
1.2770273182e-27,3.0982415280
2.2007310191e-25,0.5726552769
6.0208192033e-22,2.0602727959
6.3362043381e-22,1.5817142653
1.6569616942e-28,0.1204425289
8.2288160433e-22,1.6803553074
6.6634664297e-25,0.6838680555
4.3109858626e-22,1.4843149044
2.1675915432e-23,2.5075893861
3.8117892009e-25,0.6268389400
9.6753308971e-25,0.7225259335
1.7002510590e-37,3.8759956596
9.0418290011e-22,1.7415810046
4.8370812728e-22,1.5104051869
2.1425031825e-27,3.0743230876
5.4614791791e-23,1.1625214438
9.9380912489e-29,0.1013775243
2.3791631198e-28,3.1727721386
9.3503709000e-25,0.7189738158
2.8882930723e-22,1.4052404739
6.9688897104e-30,0.0284930813
4.2477332834e-24,0.8771545920
8.6694164199e-42,4.1270988698
3.1681531331e-24,0.8463781361
2.5948247331e-33,3.5927531912
3.8268917455e-30,0.0171823505
2.0007879290e-28,0.1278414216
1.7660753671e-23,2.5255791465
6.9088431412e-32,3.4839977542
4.1363546320e-23,2.4472370879
6.8214614412e-22,1.6050553849
6.4481376748e-22,1.5870498609
3.6694090040e-22,2.1677990235
9.3819858564e-22,1.7911435240
4.5475544609e-24,0.8843316391
2.3612022343e-25,0.5794568280
9.1207864146e-22,1.7499144168
4.4368166891e-29,0.0745415759
1.2081450908e-23,0.9886497378
2.4404890517e-26,0.3873837154
2.5199696544e-24,0.8224174497
1.3702024314e-44,4.2754725670
4.4331884186e-22,2.1312982285
2.1133525549e-23,1.0505462983
6.3229780131e-26,0.4609209212
7.1879310592e-22,1.6232119844
6.0028074341e-22,1.5659203887
4.5295932721e-27,0.2783128596
