sampled_theta2
0.6314865773
0.2504536778
1.2477303750
1.0601140951
1.1254585471
2.0858313644
0.7783136655
0.1750693698
0.3391299299
2.2441842074
2.7302161237
3.1969241839
2.3445684647
0.2568751922
0.1258515514
0.0308567568
0.6357558387
0.8955001525
0.3206876222
0.6060672863
0.6456613183
2.2009811647
2.5748175075
0.2867121932
0.6407197825
2.9676864431
0.0067721572
0.6268522043
0.1365062816
1.1629897679
0.2403731015
0.1530024009
0.4468851981
0.0244042118
0.2574526517
1.7021245735
0.4037217865
0.6170578710
1.7316883000
1.1638300343
0.7605037233
0.1839055984
0.3519434349
0.3139234299
1.2128794391
0.5228297239
0.6362097189
0.0346361787
1.8931249566
0.3608668455
0.2454043770
1.3755610338
0.7081665962
1.7006279991
0.6196149697
0.4667164565
1.1010710245
0.3925409780
0.8217421343
0.8099926575
0.3103476250
2.6426008691
1.0842769394
0.9056167139
0.9332335412
0.7529896753
0.2865885481
0.5348921523
0.6863238082
0.0976588763
1.7108654227
0.9834518372
1.6848462556
1.8470632869
0.1830174578
0.5218189871
3.1459046449
0.9042708988
2.9051217002
0.1530048404
0.6826904118
0.9581566645
0.3999958576
3.5585887690
1.6201313920
0.3196573216
1.3130525843
1.5367460832
0.3838540220
0.3390995614
1.0452660713
0.2676478791
0.1922093873
0.8356165855
0.1793103606
1.2044267860
0.4983954842
0.0952519291
0.3399863360
0.0694125416
1.6243930107
1.6000047305
1.4394731813
0.3039248312
1.1433027624
0.0704228812
0.6709437926
1.2561531743
0.1721351831
0.8701020422
0.0243106699
0.1914033229
0.4653723718
1.0882596764
0.2288534545
1.4060651008
0.7810268203
0.4963205855
2.5031696029
1.6991378886
1.1378432299
0.8112666600
0.6101374134
0.4280632902
1.9047096718
0.1533005526
0.6266744493
0.3974404873
0.2996102916
0.4708460663
0.1202534580
1.6828795859
1.2448564627
0.8425768939
1.2285698335
1.7655235881
0.2910414935
0.7448512043
0.2861019525
1.0770386463
1.3090897581
2.6324972706
1.2397938676
1.1556116593
0.7245304404
0.4011997416
2.3139604741
0.0196094689
0.6701730044
0.0601911020
1.2108484079
1.0720245942
1.7177012362
0.7762592530
1.3529814012
0.0310568183
0.0447587123
0.0725814540
0.3422782810
0.4237651461
0.0278106546
0.1096473918
0.1323506627
0.3711292580
0.5319238308
4.3321872617
3.4400268737
2.6142895946
1.3338009743
2.9635393984
3.3542266324
2.0601577266
0.6755501740
1.3019970407
2.2545147286
2.0429764301
0.1081615793
0.8317140207
0.3290828791
0.9513386755
0.8266334324
0.1142513663
0.1321886963
1.3057314237
0.2736550253
1.6653231788
0.3863117870
0.5548695959
0.5607962335
1.2270954552
0.6995528601
1.1606259787
0.9105113645
0.6799818976
0.6113861703
1.3401695317
0.5785645075
0.1084128740
0.4733094726
0.1625260796
0.3129064296
1.8731682329
0.4236341746
1.3600492605
1.5134338249
1.7817306830
0.1642362850
0.6436399737
3.3545066182
0.4759656255
0.5654401958
1.6722308564
1.9981960679
1.5279779956
0.4742065674
4.7767435478
1.4418422115
0.9227620054
1.8418310566
0.6181344731
0.4250241314
1.2268978465
0.4429488855
0.0237543131
0.9875345501
0.5091519185
0.6048607941
0.2318776699
0.8313078030
1.1650983805
3.2922705518
1.9590265929
0.1356421353
0.2862446767
0.9660645916
0.2166941946
0.4790702241
0.2934456955
0.9962892107
1.1927204967
0.5315216162
0.3487411668
1.2818945167
0.1116243948
0.5601325981
0.6256483996
0.4396630221
1.8160205776
0.5340236756
0.2449280383
0.3993603871
0.1630662545
0.5843608569
0.9120925143
0.1278738439
0.1399778133
0.2846812606
0.4386834474
0.1333443700
0.8829060405
0.1558454821
0.4483280712
0.3506985306
1.2384582043
4.4118795573
0.3359748065
0.4193976512
0.8278585753
0.4639057951
0.2615498083
0.4637855131
0.2040199074
2.1027579684
0.0016561392
1.3032650381
1.0424384381
0.4453145549
2.1160606867
1.7414995810
1.3116545608
2.4275463842
0.3613298906
0.4267120835
0.3358737910
0.0756425739
0.1791490602
0.5271571089
0.8303344732
0.1527709925
1.0114645547
1.5040135292
0.5963515398
2.2388685355
3.9684988725
2.9624052092
4.5107461770
3.9182471588
2.8576970865
3.8000572255
3.8237674413
4.3570970406
2.9867534804
0.5418850205
2.7117896919
0.6185250533
2.0202132272
1.9553036363
1.1313553526
0.4881219883
0.7114401895
0.6667807710
0.0479621916
0.3805455571
0.4819401422
1.6384634601
0.5728036964
0.3751416185
0.3270428544
0.1414480469
0.5394276663
0.2302338920
0.3440519436
0.9178346252
1.8238190644
0.4147024994
0.6904990253
4.7100475699
3.8380150270
2.0239542145
0.2443759090
0.3158583305
0.1910955132
0.0456664149
1.3221618333
1.4050666416
0.0215636650
0.8345315917
1.4960562963
2.9241406379
2.5234057354
2.3356157023
2.2708309061
0.0472924300
0.6183279277
0.1461480953
0.8384271963
0.8797785220
0.1886579906
0.8048457866
1.4711898306
2.4597041647
1.0273937453
0.4949393088
0.1955081689
0.4499929867
0.7692679531
0.4354457305
1.7403517565
1.7805449550
0.1907689305
0.5866802993
0.1825449489
0.0715483172
0.0841014582
0.9716879188
0.5436531245
0.8789653093
0.5157342699
3.5436733279
2.4531039338
1.3603507495
0.4428068720
0.8988226106
0.5575775430
0.2965888086
0.6726291180
0.4980558596
1.4648287574
0.8683027337
0.4009809240
0.2088794109
1.1604232060
0.1755772839
0.3027367661
3.5549388268
4.6139818812
4.0515597387
1.7803568648
3.4439323747
2.4648180343
4.2325389567
0.5848698502
0.0382513478
1.2085575326
1.5472549357
1.3327281749
4.9302549419
4.6012651643
1.8129410515
0.2611927899
1.1529941891
2.2022987402
0.3807396640
0.0946939420
0.3278714978
1.3284775602
0.3756778387
0.0128228288
1.2793928621
0.3364435482
0.3361763299
0.3146464504
0.9997518060
0.1376546829
0.3776867569
1.8629350029
0.1192055028
0.0720098027
0.1231924797
0.7464935827
0.6181142249
0.2910582134
0.9353922493
0.6964887934
0.7976281564
1.4792616288
1.5387710979
0.5518801135
0.0992508877
0.1821422620
0.6515588468
1.2205379530
1.6474075196
0.0806766806
0.6804810497
0.2197593306
0.7076319935
1.8988679952
0.6397757421
0.3811534597
0.0983189973
0.3334057107
0.8424740176
0.0580690082
0.4174176989
0.5561048149
1.1766835471
1.8114229521
1.2000605942
0.3900080455
1.3203764654
0.1313080735
0.4008975201
1.0917661871
0.5642956453
3.9858356950
1.7198694631
0.0222477143
1.0170078818
1.2498948948
0.0769564826
0.6671395702
0.1569845170
0.3646488807
0.4374118190
0.0419651335
0.5110162719
0.3843641195
0.5881084338
0.3427364404
0.3255641528
2.1779053959
3.3963730458
4.0029970348
2.0992991472
0.1822422047
0.1298036876
0.4237522569
0.3162578094
0.2122667831
1.4276121346
3.7721066668
0.6241742759
3.6360052148
2.2371894109
1.4887244110
0.1593288925
0.0680148786
1.1040715478
0.3039551143
0.5133745074
1.2392821384
1.5173296383
0.3553242882
0.0601632843
2.6245101232
0.1602079213
0.2491816803
1.2970762177
0.8540615566
0.1728866431
0.7741780966
3.9804852178
4.2318950500
3.5733116064
3.9091514220
2.3357462169
3.6632744371
1.0384383937
0.3646034905
0.0715448849
0.9384924006
0.5353352763
0.7072119104
0.5228087581
0.0485101037
0.3903046615
1.1420484300
1.0283243870
1.2375700816
1.0647219908
1.3260650275
0.1800607776
0.3027616555
0.6620584898
0.0578057777
1.0811231716
1.1484143678
0.2584467726
0.3029814184
0.5844648348
0.2316316780
0.2356130052
1.7448406300
1.0621609053
0.7006632221
0.3443688955
0.4553129237
0.7895321566
0.6998447856
0.9180220991
1.3017201867
0.3211344489
2.8860800459
4.0665261466
3.7482054288
0.0496073006
0.4855645555
2.4040820570
0.9268408498
0.5321890190
0.1106513838
0.1440292022
1.0151097981
0.0682310036
0.6571710698
0.5247322911
0.6664175541
0.4807292725
0.8189412840
0.6020517691
0.4686988285
0.3204189209
0.1429155356
2.8221682344
1.9954997686
0.6593198912
3.3444242030
4.5399111859
0.6507903325
0.5275916550
0.5049629330
0.1071009955
0.4594778003
0.5321131013
2.8816409261
0.6963609666
0.2008923080
1.5065861727
1.3681551894
2.9658944149
0.1951977896
0.2923764303
0.1956272944
1.2232309243
0.7665988590
2.0614309884
2.7895967675
3.4451364051
0.8445016949
0.4749089867
0.7840843374
0.1354928980
1.0194417437
0.1283454108
0.1322922076
3.2207657936
1.6830449017
0.2521641372
0.1278191076
1.8669366885
3.0694094880
1.5049560167
0.1859562566
0.1559440028
0.8500752612
2.2116063216
1.6422507265
0.5593055864
0.5625081589
0.1204229162
0.1394815288
0.8308820242
0.7862592688
1.4639456110
0.3849896603
0.1557239460
0.2449073269
0.2388168586
0.0365432004
0.3353755772
0.3141350416
3.0414734423
4.0100989810
0.0341258441
0.0028640371
1.7474295911
1.0044299313
1.5709866095
2.0460519266
0.0620052670
1.2323378171
2.8488386664
0.1585097943
0.0590717136
0.9932122908
3.6551397933
3.6829590064
4.9363367750
0.1099208533
0.1109021322
0.0940225726
1.0812551974
0.5035419988
1.0920822803
0.5168752608
0.0863456179
1.3834802870
0.3838483065
0.5776856317
3.3082491239
1.5607108130
0.8632992359
0.3666487648
0.2897041736
0.2712172611
3.1440960456
1.0254276140
0.2179770492
0.1995375945
0.0677920786
1.3872028990
1.0366613197
0.4857226042
1.3890350044
0.7830658043
1.6550137594
0.3706448605
1.1407289409
0.4439794122
0.7524835703
0.3644235123
2.7705657917
2.0978487853
0.2994241337
0.3065201195
0.4059508400
4.3491639233
0.8787462931
1.1739374092
0.6083343235
0.0706886147
0.8247175924
2.8720278164
2.3883661948
0.9755693262
1.0970992785
0.0610146839
0.7758265420
0.4646497970
0.2083108100
0.6023081566
0.7781568282
0.0840718269
0.2680133964
1.2360979342
1.2394027893
0.0512466605
1.2699209683
0.0743362374
0.2169807924
2.3419738953
0.2549623851
0.4819556889
0.7761302454
0.8435260346
1.4523428794
0.5453278482
0.1654902920
1.2801850465
3.4987038222
0.4507969264
0.2242914636
0.0918330716
0.9478775501
3.8039665809
0.7803024676
1.3705027094
0.1393348083
0.3056378658
0.4385762421
0.3726263094
1.4856362437
1.4095192474
1.2120806728
0.7897732657
0.7423597472
0.4258867564
0.4869975568
0.2602263294
0.1438714167
0.5721213350
2.5241332778
0.9009516375
0.0537759987
0.0994098703
0.4015862523
3.5516866143
0.4121998611
0.5738179416
1.6203479221
1.8713366765
1.7649194533
1.3402471313
0.0604203463
0.2574260075
0.8100788333
0.7781523195
0.8135590321
0.0636986036
0.5997429185
0.2629168510
0.5758398328
2.3080439493
2.6147112982
1.3595435938
0.6821847166
1.7212683223
0.3615541753
0.3551853452
0.4941785657
1.2225420271
1.0473181787
0.1817520085
0.5399764604
0.0242739503
1.0742594172
0.7007224461
0.2836308585
1.4968496466
0.1358131939
0.5600638319
0.3250444200
0.7479817756
1.0087941439
0.5790302224
0.4092437777
0.4616493990
0.4092467400
0.5988750338
1.0872956735
1.2097092779
1.0390078606
2.9490636422
0.9809485804
1.3367634169
0.0249265577
1.1352635116
0.1112942982
3.0110620138
3.2477282793
1.7115689956
0.7185103399
0.3210155011
0.1704529181
2.3890460263
0.1355821556
0.2329155423
1.7418473771
0.6116406787
0.5662126686
0.9405047819
0.2266673274
0.1589027320
0.1381616288
1.3922691768
0.8755227053
0.4082558280
0.0466958604
0.1550633480
0.3184183619
0.2055629984
1.7167727501
0.4091621537
0.8333460861
2.5314667984
0.0417302830
0.7986936926
0.5950078246
2.4100178626
4.4924733069
3.6376416745
0.7179915897
0.3685632955
0.0265402403
0.0776710085
0.1038228276
0.0196318908
1.3658265185
0.5457939134
0.0538030815
0.1467579624
0.9205105237
1.0611860213
0.3754153653
0.4493139860
0.3131905347
0.1955340866
0.3825061865
0.3403026861
0.3632463919
1.0199848348
0.8102254030
0.5777496992
0.8781702497
0.2605964780
0.6514652318
0.0524225274
0.8177019783
0.7822239835
0.2839531908
0.2491115336
0.8743743583
0.0978295335
1.2458354773
1.9405021774
0.6014268329
0.2000488246
0.0939146188
1.4791891512
0.4094661650
0.3076269507
0.5107353940
1.3930559290
4.2117639194
0.2527290981
0.7779636200
2.7786849543
2.2399737969
1.2808796719
0.8079763140
2.4330688382
0.4336771571
1.4681316380
0.4910333722
0.0020915324
0.5123034891
0.9082531162
0.0241631620
0.4879578766
0.3379199228
2.0331307638
0.3973884478
0.1854874363
0.5570578538
0.3627230282
0.5929007574
0.3110173927
0.6751303792
0.9478297138
0.9919878738
0.2299736172
0.0551035378
1.1431180774
0.5890851475
0.0084994946
0.8765404820
0.2564593877
0.8168745401
0.3407483286
1.1453027594
0.1467431566
0.1019015733
1.3285135855
0.6653239370
1.8131192786
0.2861449202
0.0463119104
0.4463275421
1.6163927903
2.6127880218
1.1272969374
1.3265108959
0.0352919913
1.4302616526
0.0268976193
1.3322506137
0.2751935011
1.9310569543
0.4094518286
0.3664484596
0.4907883749
0.6029479442
0.8828157285
0.7322162307
0.9025331729
0.3740790037
3.3484528258
0.4054868030
1.1296619133
0.3657667549
0.2134531287
0.7057831633
0.8812696394
0.7922505148
0.1172194036
1.3298759552
0.2069359695
0.3307522842
1.4015185371
0.7294470690
0.9053183295
0.1809918222
1.4447079479
0.1324345923
0.5842802138
1.5106420081
1.5687096224
0.7969807452
3.5264459796
0.9698996250
0.0654330592
0.2465466816
0.4845840128
0.4699416501
0.4799049975
0.1472465762
0.0326172112
0.9242030473
0.3301698334
0.1841972640
0.2732410170
0.2006382977
0.7414573606
0.5199629755
0.8282627151
2.3272211416
0.0662843577
0.7823345966
1.0798421472
0.7369555859
1.5451804961
2.6261660271
1.8400729989
0.2039526105
0.3926032512
0.0125914630
0.7667594381
1.2343574317
0.4336014681
1.6561874592
0.3093601201
0.5522573285
2.6199041207
0.6544620283
0.8620995479
0.5168658104
0.9203847158
1.0616179447
0.9644327406
0.4117978934
1.2154814679
1.1072165529
1.0013663410
1.5407905815
0.4857286898
0.3520910684
0.5019087254
1.5463965992
0.0874904888
0.9082956686
0.4557332869
0.4706770287
0.0544613785
0.2338096189
1.0741277928
1.2473309306
0.7674794092
0.6960092574
0.7370406312
0.1567652120
0.6020902627
0.3747084353
0.5785201047
0.5530601152
0.6427531270
1.7015879088
0.1859372165
1.2437646826
3.2535761407
4.4993270761
3.2573950215
0.5738881105
0.3158777961
0.1963484047
0.0382417377
0.4007812489
0.7109744404
0.2481125552
0.0054988441
1.2047623609
3.0752074793
2.5721450810
0.2813435547
0.2769788695
0.4466132875
1.5652952396
0.2408130897
1.8943313022
3.1757245332
3.5419546697
4.9420287511
4.8156739596
1.1160321363
0.3252603735
1.2408470931
1.9358530821
0.1687922678
3.2038047885
1.8153610407
0.3855225274
0.4823744728
1.2922965687
0.3426845600
0.3901254144
2.6350460200
0.3601696062
3.4342040095
4.2671811504
3.2841772374
3.1601499882
0.3694995050
1.1428858661
0.5755857835
1.3719088070
0.0617295752
0.1260214085
0.2133596689
0.5888884823
2.0923863695
0.0063748160
0.3133871165
0.7617107603
0.6169564128
0.1345422952
0.8475405238
0.3864913064
0.1505901860
1.1977151151
0.6855060262
0.7670378625
1.6964170533
0.5109592897
0.6301009183
0.9769997861
0.2019092672
0.6227057599
1.1535479710
1.1889139644
1.3677403378
0.9665531089
0.1694427563
0.4113670257
1.2114637011
0.6176404593
0.4454088830
0.4486351065
0.5530798857
0.6080111577
0.6853854161
0.3322471103
0.5903603550
0.2747095299
0.1535276197
0.2527685312
2.4011521097
0.0014749517
0.1827789245
1.3631879978
1.5982618995
0.8035901509
1.7107469382
2.6309940992
2.6900296078
0.7329172081
0.3519265272
0.4580891860
1.3108108778
1.4169636565
2.2546861911
1.3482253527
3.7545771406
0.6979916598
0.0382121386
0.2716380807
0.3638852123
0.3284254738
0.6583364079
0.5547624909
0.8083849637
0.8034854712
1.8400560418
0.5160541656
2.2933583709
2.9383049795
0.3632911481
0.0274998254
0.6476211512
0.5096993750
0.4775354795
1.2544926771
0.5186275356
0.9686716347
0.7216216445
0.3586894321
0.6825688985
0.2672053772
0.8238720937
1.7160019772
1.7348310133
0.4652513078
0.6089728482
3.9618292203
0.2092730572
0.5803157758
0.2023165145
0.9848429761
0.4356219672
2.1424081250
0.6865265062
0.7318403674
1.1358418970
0.0852863065
0.0370002936
1.1773071200
0.1412311192
1.1081212900
0.4499591743
0.1782785777
3.0026333387
4.4959178538
0.1874107637
0.3708271235
0.8066024349
1.1459810665
0.5166377948
0.4203388484
0.0844370917
0.0440399792
0.6807374882
0.6802923588
0.9718496403
0.8056813143
2.2772919888
0.6882804953
0.6413847354
2.4972506922
0.1916033755
1.2844698665
0.2417567623
0.2827941185
0.3380939412
0.7207569766
0.0496076863
0.5628864308
0.2924866494
0.9949705275
0.0972308028
0.0602021323
0.6470871625
0.7621594402
0.0213933986
1.5928773310
0.6314986763
0.4928076530
0.8179381507
0.2822631895
0.4694785796
0.6452334396
0.2900927282
0.8682489544
4.4860466274
3.0087903243
4.0245043664
1.1670615518
0.0587771980
0.2966522856
0.3320520266
0.6596999002
0.5258704499
0.0954968673
0.2289226762
1.5215410168
2.6141894908
0.4458907007
0.5669106398
0.3058727313
0.5040021498
1.7306324826
3.4436221965
0.9728422094
1.7527372177
0.3515563090
0.2910571511
1.0987036142
0.4448173836
2.4244544855
0.0218883454
0.5824058562
0.6083393967
0.8234302523
1.7364732938
1.6559417443
0.3395108374
0.3793544738
0.4574449658
0.6665710587
0.7545415180
0.4199197973
0.0973168987
0.1331115023
0.7814139055
0.9502606682
0.3882558646
1.9144888732
1.2229496726
0.4259615794
0.4724676522
0.3605779744
0.3209951686
0.1209802143
0.9919116071
0.4103218980
1.8035768357
0.6518024433
0.4293012328
0.6846025773
2.1751679924
1.2114756691
2.8534255771
0.2746954733
0.1366940868
0.7503981244
0.0435264573
0.1492209886
0.9196217431
0.7187650237
1.7607778578
0.4688560026
0.2524905843
0.4690036823
0.7539106802
1.1148116327
0.1156556370
0.8685516451
1.8555227045
0.0609578625
0.6682817286
1.9438373791
0.3108849671
0.0877044858
1.9700407163
0.2610775561
0.1997054176
1.3637979568
0.5146276427
0.2609883296
0.8560192507
0.5680959618
0.0462557469
1.5406879226
0.6515009710
0.7523321369
3.1252927893
0.3198956573
0.5315012710
0.2865519522
0.2969519026
0.1437245768
0.3530568908
0.4575520471
0.6686683888
0.1165448968
1.1209137352
0.1835051531
0.3244644521
1.2269312311
0.5184460342
0.2342486724
1.0183940367
1.1459635634
0.1586474570
3.2982614628
4.1934266466
3.7209482023
2.2384045299
1.2438645628
3.5603141828
3.6517536236
0.4617554609
0.9474374556
0.2805772602
0.1110713920
1.8706531645
0.6310763655
0.4762786204
1.8636225924
2.5210497975
0.9408760471
0.7576669686
0.7717891933
0.8355564572
0.2721210641
0.4307141168
0.7525421603
0.1480539998
0.6589996327
1.4740569007
0.1876196871
0.0292810336
1.2462577643
0.8522119928
2.2038915152
0.3320227549
2.5008944188
0.2537391739
0.6139390402
0.1954682461
0.9197065604
0.5760064142
0.0497039072
0.6888955624
0.0901871118
0.0798635908
0.0479228371
0.2587142169
0.5375967395
0.2846027403
0.7857625819
2.7418088120
1.0205300107
1.0293356008
0.1183617057
3.0718105242
3.7568810756
3.1754049319
1.6586522656
1.1750782359
0.0709720789
0.4300782189
2.1918234411
3.2626293155
0.1844618088
1.2679265435
3.8026915049
1.4736232711
0.8724967025
0.3333477584
0.1236057076
0.1120627388
0.8020590767
0.0224883788
0.1372456123
0.3415380479
1.0775385380
0.0387948146
2.0640954577
1.2798055288
3.9839968791
4.3288234325
2.8266410377
0.6024509223
0.0189249593
0.5335394806
0.1517406774
0.3013221916
0.6265248241
0.6245226266
1.1892851291
0.9450481982
0.7734424118
0.4539178789
0.0276647468
0.2250920147
0.0620653679
0.8221050780
0.1123909476
1.8846509152
4.0795688291
3.9204346278
1.3095011193
0.1164544183
0.3039464946
0.9638084682
0.5615535042
0.1396907625
0.4533321395
1.5476797310
0.8588983639
0.0314331995
0.6358708231
0.3381388555
0.2584932998
0.0260512059
1.9798215291
0.7995903544
1.5635141241
0.1840511868
0.3552914009
0.7830671719
2.5593410209
0.0726602654
1.2620886103
1.6740860200
3.4702813104
0.4834158467
0.0270018829
1.2433813362
0.3811993148
0.1915394443
0.4446465159
0.3907624931
1.3442096317
0.3749929366
1.2052651033
0.4544041412
0.9611918625
1.2896526769
0.7285431551
1.0556619848
0.3682531700
2.0224329536
0.2681911807
0.2302971002
0.5164941647
0.5756699359
0.2545626830
0.0202786818
0.3806950576
0.8144214562
0.5771279203
0.0115997278
1.0153535580
2.6548657355
0.9769362516
0.6780106609
2.6400541593
3.1621952185
3.0440861824
1.3465807456
0.0831074101
0.0635985396
0.3521646407
0.1458819412
0.7426510981
0.7491800795
2.2208903764
1.1263256615
0.4425736540
0.2789478328
1.6411273508
0.3905224378
0.4937604012
0.0117787960
0.3743904311
0.1274262897
0.2460997956
0.5890539557
0.0810956184
0.3501266610
0.2109867565
0.5924794164
1.0438159486
0.2797724222
1.7930319887
0.6976136982
0.0133018203
1.1775853240
1.1679734467
1.1648671590
2.7066301566
1.7417896625
0.0154391543
1.1529783180
0.9031508487
0.0724965188
0.6207650162
0.2011553200
0.2562844942
0.1040368086
0.2620862416
0.9350940062
0.3498214168
0.1142599836
1.8255778545
0.3590486239
0.2936681990
0.9237606766
1.2601033193
1.2846341904
0.0211992098
0.3739253036
3.9205755841
1.0851168706
1.8090536324
0.9112592212
0.7200844839
0.3197195295
0.5028650537
0.3091740394
0.3332206924
0.9717846255
2.4429773559
0.6326294082
0.6797091301
1.2888338493
0.9218960328
0.7970313570
0.0947828973
3.0399643191
2.4791096684
1.3507582637
0.7183520377
1.3318424452
1.8557917007
0.0741695476
0.5404881199
0.1964402154
0.5124312920
0.7704379377
0.2765714572
0.4326312601
0.5939943837
2.3002441900
1.2470108915
0.2656808481
3.3235187279
1.8421879884
1.1184340528
0.8058200178
0.1986621903
0.2904456663
1.7144479723
2.1146253223
0.0041393055
0.4993107450
1.0978195060
0.2643728007
0.7961944444
0.3744473309
0.1345116852
1.5794352224
3.0049778924
3.2538288867
0.5960055554
1.3508491609
0.0061951862
1.6441279119
0.3681677615
0.4859623264
0.0741390310
0.9208648428
0.8464392469
2.1893873683
0.2175789513
1.8920606992
2.4252261734
4.9316669921
1.3046634349
1.1886965664
0.7659459932
0.2693116053
0.3023747634
0.2104189180
0.7511859648
1.8858550479
0.2061048029
0.5461444598
0.6265060323
0.7738533576
0.2302995328
0.6169417068
0.5289919649
1.8912608527
3.1583882872
3.3922836879
0.8746801779
0.4665981461
1.1060509022
0.3064378443
0.1582321461
0.4573487008
0.3782416259
0.2114833221
1.3543506192
0.6033935116
0.2140111138
0.6085863250
1.7037122115
1.2283267966
0.3698743572
0.0504656864
1.6037953504
0.2155101489
1.1266056472
0.8947941414
0.3339106184
1.5455477006
0.5561217775
0.3007901613
1.9352775197
0.2699338176
0.1265432194
0.1819986725
0.2476887944
0.6806738011
1.7345397845
1.0085155051
0.3007592168
0.7960190774
0.6445899410
0.9440774907
0.5093766214
1.2835534140
0.2649343465
1.6405311454
1.4242507293
3.9050987489
4.9296048180
4.7439820142
3.6750074628
1.1739572905
2.8292917841
4.3183592688
3.3156573916
1.5147053282
3.2074753950
1.5463489797
0.2507264220
0.4436352714
1.2159229964
1.7354659995
0.4270033141
1.2054187426
0.1855807569
0.0256546225
0.1563735986
2.0974092394
1.8137341951
0.1958482721
0.1415282338
0.8418379785
1.7370010468
0.1660785481
0.1705363164
0.1407689426
0.4053731955
0.3463210131
0.6918295100
0.1706375347
3.5127939870
2.8008737420
1.0387891010
3.0162955159
0.9345219213
0.0604528399
0.6083332446
1.4032715390
0.8262555460
1.7331587519
0.6606655067
1.1435909422
2.9808025635
0.1336971137
0.5249766471
0.6695362793
0.5107105821
0.2968388982
0.7391308529
0.2805527476
3.5135710965
1.3456679979
0.3188034536
0.4085124548
1.1376523459
0.9246559854
0.5307208817
2.1044284692
2.1438292453
0.2870603627
0.5629185442
0.4318259725
0.4860332582
0.3649395999
0.4039891365
0.0108740414
0.0803920618
0.9360112152
0.9442288232
0.3053850607
0.5366512709
0.3041217651
1.1625069657
1.0832201892
0.9168785366
0.0087354217
1.3687235468
0.1959925680
0.8460435659
0.0010772466
0.1097225287
0.6473198125
1.5096880583
0.9922341392
1.8768948979
0.9441006719
0.2776336920
3.0875170172
0.1089506049
0.0690076694
0.0313751347
0.1447918963
2.9150490285
0.4155277285
1.3713741879
2.5983399519
0.3397356382
0.9745206786
2.7261682977
2.6781754190
0.1947772424
0.0255681355
0.3184015289
0.0600167087
0.0270519728
2.0148694252
1.2646840520
0.9858319748
0.9449964802
0.0401546040
1.0099665911
0.4890444591
0.4539173906
1.0311522151
0.2528791703
0.1764380151
0.8675614809
0.3372654565
0.1860907330
1.9854605263
0.2336799807
0.0292151907
0.1121136503
1.0504638306
1.2531617765
0.0381325931
0.4209321512
0.0807110549
0.0086980862
0.4952937878
2.7741238297
1.2465959833
0.8435768779
0.4748602281
0.0497634890
0.5754604314
1.5200932436
1.4303473961
2.1621531218
1.0075513076
1.4028249302
1.0311611880
0.7906528358
3.4699848060
1.8984509275
1.0693130749
0.0419072519
0.2292232949
0.1765335734
0.8148026907
1.5593977097
1.1883012218
0.2803678959
0.6183481233
0.4732516939
0.6400644588
0.7929787088
1.0000945974
1.2133179832
0.8256196929
2.0347722180
4.8210009189
0.7732769995
0.1856244069
0.6738099471
1.3321510618
0.3033938341
0.1441894067
0.6498193787
0.0740020687
0.2933992857
0.0108899575
0.3098499232
1.3842326087
1.8710474672
0.1669921935
0.8711230024
0.1076934184
1.5027128884
0.5459969716
0.4113444840
0.1681031325
0.6521893142
0.0600042821
1.3079459667
0.6629879604
1.2670642857
1.0931454224
0.1328211705
0.9355170979
1.0265981948
0.3668742975
0.3605250805
1.0387996211
0.8264147199
0.6124462497
1.8347809388
0.0832506723
3.9247635385
0.4978679437
0.1182445601
0.8009965258
0.5256913885
2.0255799445
0.5094798114
1.5266678854
0.5540503747
0.2686934227
0.4161669229
0.6097827737
0.0009929590
0.3298021620
2.6042278353
0.5406599001
1.2539688544
0.5797496467
2.3241872915
1.1696410649
0.2142685536
0.6913177228
1.4673739857
0.0974926487
0.2127197928
0.9741503170
1.8235080293
0.1813031596
0.5678928458
1.9965637981
0.5452243618
0.5009915428
0.1730244249
0.5297418901
0.9271458882
1.7518330083
0.6455148453
0.3618017302
3.3984276614
1.6833615812
0.5131964957
0.9868674949
1.0258461777
0.4074016734
0.4566828667
0.7920215199
0.1289386141
0.8853565906
1.0378865121
0.7993663084
0.1584664947
0.7470047111
0.4140570652
0.2219756079
0.0166299110
0.1485686965
0.7714431722
0.1438787631
0.8798479043
0.0329649700
2.2117566133
2.1690067284
0.0456650671
1.5681854003
3.3191004228
2.6196190985
1.5156540267
2.8543032600
0.0569733535
0.2829729558
0.2698770014
0.6450555594
0.7122728466
0.1565531486
0.4994444400
1.1426590904
0.8259434799
0.5957590265
0.1950753484
0.2967019702
2.4581493238
0.0546523969
0.6429232274
1.2666976701
0.2187940099
0.1218882767
0.2841522761
0.5406337128
1.0188019222
0.4535310262
0.3205781494
0.4463347527
1.1465032384
1.0137531150
0.9155366103
1.8128788805
0.7170014356
0.9964675985
1.9903013761
0.8123955318
0.3054138168
1.2418652454
0.3611751529
0.9535946939
0.3235281659
0.0937728638
1.5979071715
0.6105182105
0.1568337419
0.1145731621
0.2661125121
0.5375831269
0.9730218572
0.9527631894
2.8785297737
1.3694004527
0.0943211732
0.6686075011
0.0217447164
0.5587203920
0.3651286569
0.1206775605
2.2023238625
3.2268147678
4.5159515017
1.7794052554
0.0313504493
1.2699884591
0.4706843850
0.4257944677
0.1258482192
3.6084284338
0.5972810081
2.0325084613
0.9987175665
0.3053839818
2.3223608213
0.8225291048
0.0426978329
1.3323274698
0.4655895866
0.3398999959
1.6588049676
0.0248366610
0.2065514504
0.2654274012
0.5233577656
1.3061777321
0.5653187275
4.5236542256
1.5079812923
0.5971503618
0.0441017606
1.0007542132
0.9147474128
0.4214989621
0.5548540719
0.5326674200
0.9316027721
2.0231639298
0.0405697599
0.7600336611
1.2263602168
0.2717724703
1.1001104108
3.0257551381
2.6291189031
1.2295659449
0.4995515848
2.9627184898
2.4471838658
1.4228661882
0.5586714006
2.8035654430
4.1044055349
0.6110413623
0.8480696883
0.0971217280
0.0654574546
0.0978350635
1.1053648965
0.2358678430
0.2225996351
1.0975270037
0.4824240931
0.3513909537
2.6884604238
2.7882875309
0.3567966546
1.0526543404
0.8066844216
1.1861704964
0.4582692476
1.7042214816
0.6692137233
0.1526084779
0.7581186179
0.2382235251
1.0160918997
0.5495550220
0.6705927014
0.3362506986
1.3216565235
1.3206670601
1.5117283946
0.5285588535
0.6919918775
0.3891268799
0.7594673502
1.9102703820
0.1532151309
1.0337356616
0.7963612544
0.4568241231
0.6176752126
0.1891617503
0.0545467764
0.5762300687
1.2969517077
0.0369155616
2.6228148302
0.2563088534
0.5630997813
1.6143844680
0.5593721371
0.6272078536
1.1789111119
1.0126791435
1.4447078710
0.8511113350
1.2502626774
0.3851050874
1.7956763897
0.2426082695
0.4959926043
0.6701220681
1.0756832844
0.6541331882
0.5751813353
0.0121110352
0.6549658045
0.8044761968
0.8020341719
0.9189991135
1.9818540643
0.2259337859
1.0650796180
0.0153436691
1.5853308837
0.4737819614
0.4941852869
0.5220534578
2.5010226824
1.3328232541
0.4540692278
1.0443813595
0.6276800168
0.5610152613
1.6255996408
2.4012711446
0.3845592751
2.2987616836
0.4618495673
0.1205589047
0.3665976563
0.0872936498
0.8407752820
0.5946051692
0.3137776650
0.0784970422
1.5434148019
0.4534768392
0.1488389723
2.8255525402
3.9460664767
1.4049696853
0.0359018390
0.7771119206
1.1868255407
0.1042975800
2.5164752960
0.1741727675
0.3557952775
0.6033219826
0.2095411232
3.9501012336
0.5695270966
0.1372550956
0.5003365032
0.6626134708
0.0881138803
0.8847772342
1.1607971599
0.2974412101
0.0454075668
0.6882191789
0.3105778733
2.7304036535
3.1245925853
4.8905205895
0.3770388623
0.3335872701
0.2419326874
0.5679254646
1.2392987437
0.1422715232
0.1843534565
2.7057357033
0.0558473434
0.2686109066
0.6258036042
0.4999263938
0.2101976461
0.8872508500
0.0670590341
0.4426587599
0.6951451056
0.6655790668
0.6492238982
0.6850806652
0.4030139495
0.6552086070
0.1216871333
0.1729995322
0.8960947055
0.5409569626
2.0793868652
0.7540433243
0.1465714380
0.8274623186
0.3193585637
0.1868909794
1.3064875844
1.1395174407
0.7780936299
1.6104722403
0.4311445509
0.5380295293
0.6197050220
1.7603580034
0.1103891030
0.3016723042
0.6528167175
1.6739087595
1.2321989595
0.7390123435
0.5343042328
0.8667149840
1.5233863977
1.6789756552
0.4281996483
0.2796567384
0.5581558985
0.6996773625
0.5388294365
1.0122885252
0.2210348614
1.7814266111
0.8091605716
1.1998579681
2.2897480985
2.0548132125
3.2425927597
1.4198256449
0.1494516188
0.5757929838
0.0432334644
1.4237287133
0.7198096678
0.2401163568
0.2737496113
0.5193280597
2.3689848408
0.2029924130
0.8947400054
2.7093717864
0.4420874627
0.6558967108
0.4303488760
0.1264524930
0.2094884561
0.4647532860
0.7674292495
1.0707876265
0.9124022781
0.3313008870
0.1378418533
0.6090007185
0.2532040714
1.2136832386
0.5482949286
0.6070413601
1.0529937265
0.1241441817
0.0864571426
0.6365260540
0.8395392639
0.6490816685
0.3188991824
0.4411183263
1.0388675673
0.0941428799
0.2315921754
0.1675213823
0.3644464129
1.0757352641
0.2237113753
0.0281044997
0.8597308222
0.7544232300
0.5444020060
0.4040270373
0.6984766485
3.5138730769
2.7909154352
1.1581871368
0.1863816416
1.9687007395
0.3229035557
0.2106063643
0.1090533879
0.6916335185
0.0091969106
1.4643935029
0.3648982058
0.1118455352
0.6021480283
3.3270922159
4.8842963359
2.9960644321
1.8144825146
0.0472391091
0.6238742041
0.0524098848
0.1424884460
0.3163033459
0.4383318892
2.9033500634
0.0289731332
3.7252378950
1.4202372849
2.2307096076
2.4402756618
4.0961197963
0.9324158671
0.1887390909
0.4453999555
1.5831514032
0.1811235630
0.3532786536
0.1476745470
0.6147440790
0.0291574350
0.0914690602
0.7309392237
1.0517910741
0.1480496066
0.1645917713
0.2533922638
0.6221003574
0.0832904463
0.1506273543
0.5525637442
0.4414079976
1.0980139410
1.7459178543
1.5953536945
0.0433926299
0.6192715880
0.9813992364
3.4219523561
0.8509148518
0.0686322260
0.0331621906
0.5583460009
0.8474273907
0.0778793551
0.1101275241
0.1114941279
0.7266510154
0.6564629964
0.0697642273
0.4510252367
0.1277399574
0.2143142842
0.5756120154
2.7888798918
0.2613031119
0.6048011693
0.7902663873
0.0849576696
0.2929349949
0.7796931831
0.4506759612
2.7915762673
0.3572650033
0.5787781861
0.3176708445
0.2447739790
0.4352787908
0.1390101767
0.8248518392
1.2589388595
0.9294075632
0.7878788787
0.1429192481
0.5872695924
0.5566243660
1.1910007869
1.3084034047
0.7629885164
2.5956490722
0.1713706609
0.4554861767
0.9962424549
0.4888069041
0.3377629547
0.3310065616
0.7333155311
0.3997519733
0.4590016721
0.8152661465
0.9090279507
0.3659851172
0.1334367863
0.1163627953
1.3108404818
0.1313560130
0.2013348721
0.3339081166
0.2990695830
0.6202236024
1.0758853736
0.4499617188
0.5907062127
0.6427212509
0.4299319574
0.9159870751
1.0419602704
0.1790672005
0.8322857008
0.2360752274
1.4674884124
1.5661485678
3.6591057611
2.8540204712
1.0457184210
0.5148705734
0.0141505999
0.4025655350
1.2589626648
0.5156332177
0.4631614117
0.7382201703
0.1981256321
0.4415054979
0.5369960417
4.3962766505
3.5201146636
1.8697097649
0.4618596455
0.1216958361
0.3621035139
0.4512937432
0.4221828514
0.1612075957
0.4633175941
0.8283678896
0.9718106775
3.2888620751
2.9799457039
1.1361559135
0.6959811754
0.2634539494
0.5286109084
1.9005698283
1.5619855154
0.6997603447
0.6293264966
0.5227953766
0.5812814569
0.2313136615
1.1666933365
0.1243783007
0.3323711835
2.4693505950
0.7899645402
1.1675444956
0.7256124096
0.3413305103
0.2899440741
1.6843696677
1.0965111609
0.8884191098
0.4653779500
0.0617191036
3.2704388416
3.9999513980
2.4825230260
0.1283618475
1.5081516419
0.0016574756
0.5376844488
1.6040203805
0.6715231462
0.9655768829
0.1840851488
0.3613721484
1.7651662971
1.8385682208
0.5250175032
3.8025616494
0.9119645105
3.9292931463
2.9663505888
2.1726879751
0.1177688711
0.8570907841
1.3725829559
0.2134293894
0.8728489925
0.8323385706
0.3821697731
0.4674554637
0.3332926025
1.2374678235
1.0615007797
0.4616713955
0.3057691096
0.8725045831
0.2519851940
1.3163955122
0.4620513852
0.5083696397
0.3484223778
0.2930965645
0.1098405271
0.8094836871
1.9797469174
0.3357775748
1.2729041050
0.2158141571
0.6218926751
0.1740907471
1.3733768284
1.4947564361
0.6605710091
