likelihood_beta,beta
3.1960407520e-22,2.8892254725
2.1742688163e-22,1.7738483330
2.5509043640e-22,2.1306975125
3.0078132139e-22,2.6258358225
2.3355333702e-22,1.9243102494
1.9101698752e-22,5.6946624287
1.8060898205e-22,1.4315372641
2.0122026758e-22,1.6237453354
1.9065424203e-22,1.5255942294
1.6745994489e-22,1.3065970318
4.4015915052e-28,13.6405973640
2.2840430883e-22,1.8760294459
3.2631326336e-22,3.0050917951
2.0303572994e-22,1.6405639515
1.9627043206e-22,1.5778344139
2.4553243150e-22,2.0380172624
2.6250452544e-22,2.2042286710
2.7694822561e-22,2.3531673437
2.3301727636e-22,1.9192700146
2.1452111684e-22,1.7469097934
3.0531342646e-22,2.6837647329
1.2843211215e-23,8.5466406160
2.7425331925e-22,2.3246903605
2.0541778239e-22,1.6626214125
2.5528228361e-22,2.1325803015
2.7909285101e-22,2.3760951807
1.9217527347e-22,1.5397619262
2.0708690266e-22,1.6780731804
2.0344572231e-22,1.6443611122
2.0542654077e-22,1.6627024988
2.1994058080e-22,1.7971800384
1.9465326535e-22,1.5628111322
2.0846267301e-22,1.6908083834
2.0008558257e-22,1.6132288774
1.7663396117e-22,1.3940219331
2.1144562090e-22,1.7184236814
2.2945370933e-22,1.8858467481
2.5565982223e-22,2.1362883410
3.3438180686e-22,3.1793516063
2.3568532494e-22,1.9443913631
3.0722087940e-22,2.7089845026
2.0489586725e-22,1.6577892843
1.6471392496e-22,1.2801607521
1.9590944423e-22,1.5744820583
1.4920784092e-22,6.0956948145
2.5257258755e-22,2.1060756853
2.8394952925e-22,2.4289798526
2.1375437210e-22,1.7398059707
2.7606568118e-23,7.9337453764
2.4595284794e-22,2.0420520853
1.5301878615e-22,1.1658709599
1.6066113519e-22,1.2408842337
3.4044520839e-22,3.3798830296
2.9765190943e-22,2.5872686405
2.7657922296e-22,2.3492467020
2.6471407362e-22,2.2264788413
2.0440202766e-22,1.6532167631
2.2063814341e-22,1.8036603231
2.2881100777e-22,1.8798329118
3.3056766016e-22,3.0902046692
2.3262644159e-22,1.9155973987
2.2168867547e-22,5.4102120472
2.7055589083e-22,4.9374623324
3.4082050697e-22,3.3982169218
2.6267701443e-22,2.2059596467
2.0621979586e-22,1.6700462576
2.0523960778e-22,1.6609718274
2.9303811470e-22,2.5322246287
3.3659638188e-22,3.2402167249
2.0866385857e-22,1.6926707190
1.5807110656e-23,8.3881150862
2.0196934809e-22,1.6306858880
2.1534209754e-22,1.7545179671
8.8681766969e-28,13.3782370203
1.8360631812e-22,1.4597040279
2.1649831427e-22,1.7652365611
2.7445819154e-22,2.3268427888
2.9149076694e-22,4.7094407949
1.6856812762e-29,14.7815744029
1.9944423500e-22,1.6072828971
3.1596789989e-22,2.8327335914
1.9494656535e-22,1.5655368874
2.4489777765e-22,2.0319328396
2.9704550629e-22,2.5799163108
1.9179420651e-22,1.5362139599
2.2748588611e-22,1.8674460022
2.0229812354e-22,1.6337316721
2.0300379485e-22,1.6402681690
1.9813206884e-22,1.5951129746
2.3770457055e-22,1.9634663918
3.2913301894e-22,4.1634767780
2.2558696463e-22,1.8497224985
2.0911012782e-22,1.6968017933
3.2903295050e-22,3.0581205882
1.7599675415e-22,1.3879894385
2.3818879771e-22,5.2555876236
2.7089096151e-22,2.2896401296
2.0339806187e-22,1.6439197204
2.4120254542e-22,1.9966531777
1.9167847431e-22,1.5351362288
3.2004592769e-22,2.8963480130
1.5595510833e-22,6.0287874519
2.8362464866e-22,2.4253975147
2.2562809114e-22,1.8501060325
2.9974053579e-22,2.6128888099
1.7139218846e-22,1.3442279089
3.3380429817e-22,3.1647802213
1.9571111435e-22,5.6509969659
2.0570924117e-22,1.6653197369
3.3447102800e-22,3.1816445068
2.2795754054e-22,1.8718530461
2.1054531420e-22,1.7100880230
1.7424262708e-22,1.3713543542
3.4075227281e-22,3.8288670230
1.9520226659e-22,1.5679128379
2.4401316680e-22,5.2001721331
3.3676912417e-22,3.2453706762
1.8040230693e-22,1.4295914147
5.1784011028e-23,7.3555452004
1.8226010387e-22,1.4470653144
2.0832787978e-22,5.5340762973
3.3969874797e-22,3.8765214397
3.1684039989e-22,2.8459666692
2.1127624152e-22,1.7168553680
2.6100215143e-22,2.1891932497
1.9702779508e-22,1.5848656943
3.2198294322e-22,2.9283260408
1.9370702094e-22,1.5540139705
2.2376539054e-22,1.8327481202
2.7642823248e-22,2.3476444345
1.8616205333e-22,1.4836481186
3.7542717441e-23,7.6614878487
3.4290631903e-22,3.5920472845
3.4144616879e-22,3.7907820841
2.8106762584e-22,4.8262064322
2.4035159753e-22,5.2350747662
2.2694050889e-22,1.8623525897
3.4216494101e-22,3.4836097820
2.2149409509e-22,1.8116157897
1.9504106346e-22,1.5664149957
2.0023626261e-22,5.6090112906
2.3128731375e-29,14.6760974967
2.0406485014e-22,1.6500945846
8.6973436269e-23,6.8010524456
2.5753377575e-22,2.1547514618
1.9439792119e-22,1.5604377248
2.6059877169e-46,23.9032894718
2.0585390771e-22,1.6666590278
3.0195643416e-22,2.6406063381
2.0007887958e-22,1.6131667407
3.4253671436e-22,3.5202413280
2.9917912818e-22,4.6176810773
2.7289229422e-22,2.3104410779
2.4008223583e-22,1.9860034545
2.2078776989e-22,1.8050506895
2.1114251435e-22,1.7156171935
2.5369111652e-22,2.1169937524
1.8330321469e-22,1.4568600400
2.4059834903e-22,1.9909071204
2.5624517050e-22,2.1420450344
1.8841260322e-22,1.5046834207
2.0639004395e-22,1.6716223029
1.9385429612e-22,1.5553835196
2.1632377702e-22,1.7636182281
2.9070686121e-22,2.5051387976
3.3220443639e-22,3.1265740287
2.2139829773e-22,1.8107252065
2.0459928513e-22,1.6550432360
1.5705235645e-22,6.0180104446
2.7314190424e-22,2.3130479646
3.3197396510e-22,4.1023360043
3.2293659901e-22,2.9445586653
3.2782717723e-22,3.0340639487
2.1420688356e-22,1.7439982587
2.2684070049e-25,10.9791416196
4.5710964165e-23,7.4770903283
2.0694482741e-22,1.6767579983
3.3239986369e-22,3.1310877439
2.3066731643e-22,1.8972139574
2.9704379822e-22,2.5798956542
3.3225685152e-22,3.1277807718
2.0555303990e-22,1.6638736369
2.0224014031e-22,1.6331945334
3.2928553683e-22,4.1603548188
2.2661265987e-22,1.8592919756
1.1625900922e-26,12.3470520408
2.5263838403e-22,2.1067170716
2.7436590532e-22,2.3258729648
2.4496426216e-22,2.0325698648
1.9328647144e-22,5.6735344748
2.2736375028e-22,1.8663051167
1.9250983125e-22,1.5428760707
3.3606388966e-22,3.2247449665
3.3638658864e-22,3.2340483880
2.8496946549e-22,2.4402706160
2.0396091646e-22,1.6491321475
3.0796047300e-22,2.7189116519
2.0375473629e-22,1.6472228419
1.9765231050e-22,1.5906616363
2.0738903830e-22,1.6808700076
2.2968576016e-22,1.8880190804
2.9649385025e-22,4.6503768759
2.6258791036e-22,2.2050653382
2.7128425022e-25,10.8885593445
1.5765752474e-22,6.0120781905
2.2398173568e-22,1.8347628426
1.8657014264e-22,1.4874657132
3.2612645817e-22,3.0016031508
1.5027036418e-25,11.1835152247
2.7260617310e-22,2.3074563590
2.9814262126e-22,2.5932460605
5.3138574280e-23,7.3298891983
2.7711658986e-22,2.3549585314
2.2872566568e-22,1.8790346579
2.6221058948e-22,2.2012812198
2.5396488424e-22,2.1196708213
5.5886703248e-23,7.2792719433
3.4060160134e-22,3.3873434383
2.2272296547e-22,1.8230450833
2.9866642499e-22,2.5996545809
2.6281078915e-22,2.2073027989
2.5602117472e-22,5.0837959194
2.3807240990e-22,1.9669474533
1.8798612768e-22,1.5007005927
2.9538983645e-22,2.5600288909
2.6199189605e-22,2.1990901160
2.9901913035e-22,2.6039863655
2.1924445602e-22,1.7907156868
1.9848762340e-22,1.5984112955
1.6424987058e-22,1.2756796262
3.2660424008e-22,3.0105621708
2.0572257964e-23,8.1790454873
2.0132199621e-22,1.6246879851
2.2197180231e-22,1.8160576456
2.3529554587e-22,5.2829212509
2.1032803016e-22,1.7080764034
2.7413021978e-22,2.3233980108
2.0848423020e-22,1.6910079337
3.1189477825e-22,2.7732679419
3.0456778203e-22,4.5495883466
2.9168239616e-22,2.5164179055
1.5430061519e-22,1.1785466119
3.1972157256e-22,4.3325233451
2.0514889825e-22,1.6601320017
2.8175249340e-22,2.4048823170
2.3166439064e-22,1.9065646626
2.2930886152e-22,1.8844910350
4.6232223311e-25,10.6117208530
2.4416691666e-22,2.0249355399
2.1991254157e-22,1.7969196119
2.3275315481e-22,1.9167879074
2.0795875379e-22,1.6861437290
2.9054767487e-22,2.5033056140
3.2296094105e-22,2.9449775386
2.1662394652e-22,1.7664015106
2.0556536988e-22,1.6639877880
2.2925506102e-22,1.8839875385
2.6451068548e-22,2.2244236359
2.0330402868e-22,1.6430488491
3.4239346341e-22,3.7189985380
1.9488144905e-22,1.5649317763
2.6348629569e-22,2.2140943903
2.2338914685e-22,1.8292451276
9.1299078431e-23,6.7441270062
1.1164064310e-81,35.4790440469
2.3623666152e-22,1.9495940298
1.9844949290e-22,1.5980576004
1.7204217892e-22,1.3504243296
2.4051033622e-22,1.9900705945
2.2386158414e-22,1.8336438853
1.5094974894e-22,1.1453249717
2.1230554950e-22,1.7263866154
3.4106460837e-22,3.4110261746
1.7777198817e-22,1.4047824770
2.6156729046e-22,5.0287964988
2.3756268489e-22,1.9621241775
2.5684678302e-22,2.1479715025
7.5764281100e-24,8.9283343513
1.2018779800e-22,6.3998571787
3.1697274099e-22,4.3756462590
1.5498735385e-24,9.9387656351
2.4657730932e-22,2.0480516078
2.6160743650e-22,2.1952419844
2.0381967865e-22,1.6478242405
2.0831840587e-22,1.6894729357
1.9862339657e-22,1.5996706682
2.4907964082e-22,2.0721731952
3.3381703782e-22,3.1650968021
2.0705285280e-22,1.6777579837
2.5850366446e-22,2.1643463957
2.0611755445e-22,5.5545371675
2.9319660477e-22,2.5340828270
2.5624330601e-22,2.1420266830
2.8479337762e-22,2.4383164509
6.5868601248e-32,16.4909690611
3.3637155282e-22,3.9900269084
1.9475166384e-22,1.5637256422
3.4089703779e-22,3.4021496326
2.3450741223e-22,1.9332894999
1.7746810807e-22,1.4019107937
1.9622633793e-22,1.5774249634
3.4254405332e-22,3.7025241869
2.3096658401e-22,1.9000194008
3.4061611923e-22,3.8355885071
2.6680803687e-22,2.2477252166
2.8213904324e-23,7.9150400960
2.8905258767e-24,9.5624000864
3.2951908252e-22,4.1555423591
2.7903236248e-22,2.3754451199
3.2821286364e-22,3.0416579788
3.2154269326e-22,2.9209451425
2.1992131490e-22,1.7970010976
2.4791594450e-22,2.0609392130
1.6702803034e-22,1.3024478520
1.8799428242e-22,1.5007767634
2.5491328325e-22,2.1289597983
1.8490232690e-22,1.4718539180
2.3084679900e-22,1.8988963775
2.0370517934e-22,1.6467639146
2.6257227671e-22,2.2049084557
2.0171340564e-22,1.6283146409
2.4192179684e-22,2.0035013524
3.4271291596e-22,3.5441899526
6.9599177424e-23,7.0503364352
2.5359465173e-22,2.1160509146
1.8263039876e-22,1.4505436701
3.4821134218e-74,33.4042377423
6.9434887929e-35,18.3323877527
1.6137939662e-24,9.9150422467
2.1453985281e-22,1.7470834006
2.3558284619e-22,1.9434247759
1.9883474333e-22,1.6016308844
1.9323866390e-22,1.5496577314
3.4189844181e-22,3.7608625421
1.6220968849e-22,1.2559298285
2.2940144939e-22,1.8853575935
2.9505198577e-22,2.5560032358
2.8838339839e-22,4.7450586982
6.5648562543e-29,14.3208693107
2.8898911432e-22,2.4854625394
3.2163184513e-22,2.9224342274
3.0712546607e-22,2.7077100330
2.1277867098e-22,1.7307682884
3.1520484279e-22,2.8213126840
2.0628670625e-22,1.6706656727
2.0078189229e-22,1.6196828669
3.2977834650e-22,4.1501536111
2.1152714632e-22,1.7191785547
2.6829488417e-22,2.2629117405
1.2339782835e-22,6.3645886408
6.4533295193e-26,11.5866065461
2.9673048923e-22,2.5761116052
2.2464273539e-22,1.8409205452
2.1203182200e-22,1.7238517639
2.6995331178e-22,2.2799542525
3.2788807814e-22,3.0352570073
2.6503079149e-22,2.2296821590
2.6250659841e-23,7.9767281512
2.2201607458e-22,1.8164693733
2.1075474173e-22,1.7120269559
1.8293545444e-22,1.4534081086
2.1116488712e-22,1.7158243404
2.0697339662e-22,1.6770224624
2.0308459093e-22,1.6410164975
3.4290552924e-22,3.6320168714
2.6297026721e-22,2.2089048088
3.4283015614e-22,3.5666766005
2.6795438643e-22,2.2594263380
1.4542390417e-45,23.5867368671
9.8925721266e-29,14.1779750434
8.1871694031e-23,6.8705575945
1.9019078101e-22,1.5212740405
3.4072117637e-22,3.8304201318
2.8966398266e-22,2.4931655575
1.6114682876e-22,1.2456084229
3.1674756259e-22,2.8445495145
2.5518333499e-22,2.1316090972
3.3190008677e-22,3.1196218047
2.5999626353e-22,2.1791668847
1.9515056765e-22,1.5674324851
2.1509275279e-22,1.7522070276
1.9058888696e-22,5.6986518186
1.9063297001e-22,1.5253959749
2.3250785277e-22,1.9144833905
3.4269406846e-22,3.6823971850
4.6879555891e-26,11.7338090825
3.0847504224e-22,2.7258697990
3.4264042199e-22,3.6901896743
2.1882380544e-22,1.7868106243
1.9119737525e-22,1.5306551104
2.5921857823e-22,2.1714366187
2.9823592915e-22,2.5943855109
1.8086003208e-22,1.4339002448
3.0523889151e-22,4.5408469269
2.9883657521e-22,2.6017426161
2.5986013812e-22,2.1778124503
2.5787830575e-22,2.1581567101
2.1633927827e-22,1.7637619533
1.7447956104e-22,5.8500331288
1.7929649877e-22,1.4191717286
3.2135923882e-22,2.9178897021
3.4456437808e-25,10.7657115953
2.3015310112e-22,1.8923957250
2.1072306566e-22,1.7117336876
1.9214006010e-22,1.5394341088
1.9892082466e-22,5.6212077017
2.3061946520e-22,1.8967654709
1.9521587290e-22,1.5680392566
4.7964233312e-23,7.4306648702
1.9692863575e-22,1.5839452634
2.1178985339e-22,1.7216111245
2.3531095654e-22,1.9408609669
1.8670929368e-22,1.4887671013
2.0324700895e-22,1.6425207628
1.9680977718e-22,1.5828419172
1.9658785437e-22,1.5807816631
2.0421611059e-22,1.6514952405
2.3051502830e-22,1.8957867183
2.2813253433e-22,1.8734886706
2.1128107257e-22,1.7169000990
2.0200181524e-22,1.6309866766
2.2005001700e-22,1.7981965145
2.3212679004e-22,5.3127320962
3.2088871630e-22,2.9101060755
3.4279669178e-22,3.6643685514
1.4460677790e-24,9.9792538339
5.6071943775e-23,7.2759256783
1.6528769276e-22,1.2856957765
2.0355573598e-22,1.6453799519
1.8534351110e-22,1.4759862092
3.1183910090e-22,2.7724790933
2.0354166415e-22,1.6452496335
2.0632796130e-22,1.6710475848
2.1121384427e-22,1.7162776313
3.3560008254e-22,3.2117371833
2.1613579956e-22,1.7618754000
3.3272978251e-22,3.1387993411
1.4801798252e-26,12.2439529286
3.1281071499e-22,2.7863328306
2.4872370413e-22,2.0687339941
2.0294078271e-22,1.6396845447
2.3225135313e-22,1.9120744219
1.8101928531e-22,1.4353988263
1.8138121624e-22,1.4388035530
2.1819672557e-22,1.7809907625
2.9368639666e-22,2.5398393111
3.4246671692e-22,3.7113250638
2.7302754660e-22,4.9117836518
2.1685655768e-22,1.7685586013
2.5015386479e-22,2.0825697128
3.1045033924e-22,4.4706443472
2.0468410239e-22,1.6558285698
1.6323979542e-22,1.2659117570
3.3764283387e-22,3.9510444986
2.6739803531e-22,2.2537411760
2.5957495248e-22,2.1749767243
1.9993870909e-22,1.6118673276
2.2401889299e-22,1.8351089055
1.8932362301e-22,5.7104504978
1.7435801531e-22,1.3724499480
1.9404684531e-22,1.5571738897
3.1833527340e-22,2.8690992255
1.8602800300e-22,1.4823937742
2.3914721082e-22,1.9771303894
2.5119877062e-22,2.0927075726
2.3759712191e-22,1.9624499191
2.7343645570e-22,2.3161278860
1.7321734555e-22,1.3616110486
3.1251741273e-22,2.7821309660
1.4221731777e-22,1.0573339892
1.6547859081e-22,1.2875359870
3.2839129013e-22,4.1784344218
2.4678627188e-22,5.1735759685
3.0865939382e-22,2.7283731430
2.8122866913e-25,10.8701963589
1.7060029664e-22,1.3366698500
2.0480189307e-22,1.6569191921
2.6160886220e-22,2.1952562457
1.8579816386e-22,1.4802427241
2.1450160812e-22,1.7467290269
2.4065823834e-22,5.2321605149
2.3821075000e-22,1.9682571537
2.6629222006e-22,2.2424764659
2.1364655636e-22,1.7388071899
2.6219140777e-22,2.2010889740
1.9474106471e-22,1.5636271370
2.0629795269e-22,1.6707697850
1.8477394906e-22,1.4706511333
3.4274916134e-22,3.6733778621
2.3143633427e-22,1.9044249601
2.8210315886e-22,2.4087086061
1.1026137881e-22,6.5122069165
1.6249250449e-22,1.2586724444
1.9465656587e-22,1.5628418079
1.8944166018e-22,1.5142876534
2.7972161960e-22,2.3828644425
1.9750849621e-22,1.5893270925
1.9417877495e-22,1.5584004789
1.6518798849e-22,1.2847343858
2.2666175440e-22,1.8597502358
1.9733664152e-22,1.5877322245
2.3489059086e-22,1.9368989955
3.4107053980e-22,3.4113474943
2.9396488994e-22,2.5431219431
3.2499425796e-22,4.2428066810
4.1548948904e-28,13.6618947921
3.3366302547e-22,3.1612836979
2.9446510976e-22,2.5490356947
2.2340023507e-22,1.8293483495
2.2136701372e-22,1.8104343856
1.8829318385e-22,1.5035683221
3.4184810540e-22,3.4591562863
2.7660385860e-22,2.3495082383
3.3950996608e-22,3.3394419380
2.9105965661e-22,2.5092088469
2.5235327860e-22,2.1039386196
2.2844481445e-22,1.8764081857
2.5469560871e-22,5.0968111918
3.1875204692e-22,4.3479785715
3.2219710308e-22,4.2916951651
2.4519552150e-22,2.0347863457
2.1568519094e-22,1.7576981016
2.0599818877e-22,1.6679947312
2.0274723845e-22,1.6378918662
2.7696990382e-22,2.3533978911
1.7685743966e-22,1.3961363485
3.3483162789e-22,4.0326044480
3.3634677661e-22,3.9907481895
1.8057905258e-22,1.4312555081
2.1465853381e-22,1.7481831205
2.0474287621e-22,1.6563727582
1.8773338949e-22,1.4983395713
2.1304930753e-22,1.7332749136
1.7076092121e-22,1.3382036986
3.1915340084e-22,4.3416145996
3.3637123022e-22,3.2336006224
2.1677220346e-22,1.7677763289
1.8205990485e-22,1.4451841363
3.0973818507e-22,2.7431364076
2.3623236401e-22,1.9495534606
2.6560518533e-22,2.2355008530
2.1924969494e-22,1.7907643273
2.0593056787e-22,1.6673687229
3.3466036708e-22,3.1865492436
3.2169557100e-22,4.3001365826
2.3449784345e-22,1.9331993871
1.7513053727e-22,1.3797800902
2.7928402973e-22,2.3781510728
8.8214893700e-26,11.4399532111
2.0799745319e-22,1.6865019592
2.7248203407e-22,2.3061625325
2.1362868315e-22,1.7386416193
1.9147276108e-22,1.5332203425
3.4292079692e-22,3.6206435464
2.0963158592e-22,1.7016290076
3.2552890228e-22,2.9905620031
2.4723347797e-22,2.0543642130
3.1473582146e-22,2.8143603534
2.7468530217e-22,2.3292311969
2.8415687028e-22,2.4312696585
2.5509880520e-22,2.1307796235
2.4652092132e-22,2.0475095395
2.3697139604e-22,1.9565337913
1.7942842299e-22,1.4204155715
2.9805970658e-22,2.5922342987
3.4122419975e-22,3.4198569491
1.8957871826e-22,1.5155661929
3.6373844701e-24,9.4174628298
8.8282250672e-80,34.9665323583
3.2815689467e-22,3.0405502640
2.5149836214e-22,2.0956189469
2.6044748206e-22,2.1836605664
1.6783671389e-22,1.3102138136
2.6992751825e-22,2.2796883285
2.9520630625e-22,2.5578407032
2.4768665567e-28,13.8509201352
3.3910204455e-22,3.3235440089
2.1073297999e-22,1.7118254779
3.4057052200e-22,3.3858415265
3.0264454439e-22,4.5743033118
1.5895005881e-22,1.2242019745
1.7346083518e-22,1.3639263256
2.2858346994e-22,1.8777047740
2.1141268800e-22,1.7181187467
2.0047404061e-22,5.6068073042
3.4253137022e-22,3.7040249858
2.1852535772e-22,1.7840405345
2.3796726161e-22,1.9659521766
2.6112217661e-22,2.1903917521
2.7450372175e-22,2.3273214094
2.5753006109e-22,2.1547147656
3.0330456477e-22,2.6577607723
2.0151939231e-22,1.6265170371
3.2567139328e-22,4.2304581577
2.0437831107e-22,1.6529971593
2.0413819577e-22,1.6507737621
1.2342774837e-43,22.7447966435
3.3440485496e-22,3.1799428133
2.0939784734e-22,1.6994652352
2.0329020594e-22,1.6429208308
3.4582735020e-24,9.4496156011
3.2232689786e-22,2.9341413421
2.4881308475e-22,2.0695973661
1.6504874272e-22,1.2833914127
1.7079261899e-22,1.3385063412
1.6708438493e-22,1.3029894063
3.1677480374e-22,4.3786718104
1.2012929602e-22,6.4005044476
2.9870600334e-22,2.6001399966
2.9462795647e-22,2.5509658540
2.0932344534e-22,1.6987764857
2.0007443287e-22,1.6131255197
3.0189944214e-22,2.6398861372
3.4231577402e-22,3.4970579123
1.8398975676e-22,1.4633004515
2.4926813655e-22,2.0739956360
2.0495927313e-22,1.6583763428
2.1188549581e-22,1.7224967655
2.1710484079e-22,1.7708612565
2.3179309333e-22,1.9077724501
1.8077649661e-22,1.4331140563
2.3550860792e-22,1.9427246422
2.0937737432e-22,5.5243612173
2.4111985999e-22,1.9958664638
1.9736777885e-22,1.5880211990
1.8103762802e-22,1.4355714138
3.6675498236e-29,14.5205400096
2.5035529134e-22,5.1391148939
1.9907666751e-22,1.6038744914
2.3983192799e-22,1.9836267757
2.1623759691e-22,1.7628191956
3.2691473657e-22,4.2071874301
3.3005008949e-22,4.1444515911
2.0609058410e-22,1.6688500852
2.3625515100e-22,1.9497685765
3.4229429054e-22,3.7285887151
8.2741078903e-44,22.8221275740
2.8906402219e-45,23.4588342636
2.6371932344e-22,2.2164408813
2.4828999178e-22,2.0645469933
2.0139540816e-22,1.6253682253
2.3189108031e-22,1.9086921159
3.2953785723e-22,4.1551537839
2.6969364808e-22,2.2772784531
3.3843080831e-22,3.9245359245
2.5191834162e-22,2.0997038111
2.0175121183e-22,1.6286649172
2.6134268460e-22,5.0310421126
2.4338516388e-22,2.0174619299
2.2929257256e-22,1.8843385904
1.7380072630e-22,1.3671568124
3.4165398977e-22,3.7777005655
3.0296839974e-22,2.6534616447
2.0489932354e-22,1.6578212853
1.8606176180e-22,1.4827096798
2.1110342191e-22,1.7152552428
5.0308947061e-41,21.5425488068
3.4207682444e-22,3.7472695430
2.1585250998e-22,1.7592491253
2.1098417135e-22,1.7141511333
1.9747030664e-22,1.5889726921
2.3193098896e-22,5.3145702176
2.7835340128e-22,2.3681621180
2.8056168726e-22,2.3919431997
3.0081210003e-22,2.6262206001
3.1399940482e-22,2.8035444970
1.9342695511e-22,1.5514092086
2.4689339449e-22,2.0510913806
1.9872867484e-22,1.6006471335
2.0750559075e-22,1.6819489103
2.9590107988e-22,2.5661412598
1.9305470932e-22,1.5479463819
3.8961744847e-29,14.4999714690
7.4058124790e-24,8.9441918439
1.5604013255e-22,1.1956855567
1.4749651374e-22,1.1107853799
2.3841065400e-22,1.9701501958
2.8198596352e-22,2.4074290055
3.3502821015e-22,3.1962353220
1.2928296443e-22,6.3011174313
1.6820883906e-22,1.3137836251
2.1309044667e-22,1.7336559566
3.2602505524e-22,2.9997169141
3.0350543956e-22,2.6603366947
2.2518361183e-22,1.8459616583
2.8474146084e-22,2.4377406861
3.3620712709e-22,3.2288477110
2.5577931448e-22,2.1374627478
3.1582336719e-22,2.8305596380
2.6646433378e-22,2.2442267173
2.1460788901e-22,1.7477138316
2.4705589710e-22,2.0526549481
3.1626130654e-22,2.8371624809
1.9937267255e-22,1.6066193465
2.0475224477e-22,1.6564595016
1.8664028018e-22,5.7355152457
2.7088164526e-22,2.2895437098
2.2891614741e-22,1.8808164401
2.1798532031e-22,5.4446077930
1.8261569667e-22,1.4504055944
2.0688677303e-22,1.6762205898
1.8314630491e-22,1.4553873999
1.8766260005e-22,1.4976781762
1.8874530125e-22,1.5077894315
3.4287090041e-22,3.6458290416
2.0197805180e-22,1.6307665229
1.7932250355e-22,1.4194169304
2.9633209235e-22,2.5713140285
1.8663499761e-22,1.4880722806
6.9228717486e-23,7.0560852637
1.9098761363e-22,1.5287008140
1.3577261473e-22,0.9909007295
1.9704278133e-22,1.5850047979
2.0229520650e-22,1.6337046498
2.1943599060e-22,1.7924940670
2.3430568380e-22,1.9313899928
2.0786025554e-22,1.6852319566
1.9184710898e-22,1.5367065726
1.8972272844e-22,1.5169094290
2.0055807153e-22,1.6176084738
2.5813698119e-22,2.1607156479
2.1299674866e-22,1.7327881032
1.8616930989e-22,5.7399209152
3.1972701427e-22,2.8912011337
2.2495105329e-22,1.8437938748
3.3875098550e-22,3.9131181178
3.1130818471e-22,2.7649868519
2.1563774050e-22,1.7572582601
1.9188812985e-22,1.5370885342
2.1143970790e-22,1.7183689312
1.9965161474e-22,1.6092056865
3.0422378975e-22,2.6695920102
1.9328042249e-22,1.5500461870
2.0742139190e-22,1.6811694987
2.3433177194e-22,1.9316356141
2.4719882301e-22,2.0540305986
2.5401341035e-22,2.1201455392
2.8419045611e-22,4.7919961007
2.3389523797e-22,1.9275267435
2.5607360897e-22,2.1403568188
1.8202369710e-22,5.7787930684
2.2034534866e-22,1.8009399653
3.1061160495e-22,4.4683998562
2.3425471663e-22,1.9309101590
1.9211942878e-22,1.5392420386
2.2371119306e-22,1.8322434565
2.4337014686e-22,2.0173184747
2.7038112390e-22,2.2843689297
3.4234504260e-22,3.4998536994
2.5465718116e-22,2.1264491281
2.6459001541e-22,2.2252250781
2.1927924099e-22,1.7910386483
3.0474918682e-22,2.6764052784
2.2453012489e-22,1.8398712656
2.1922278919e-22,1.7905145241
3.3902814415e-22,3.3207548089
2.9167534731e-22,2.5163361265
2.3176814415e-22,5.3160986262
2.2353408400e-22,1.8305944378
2.3539215038e-22,1.9416264897
2.8035652201e-22,2.3897222348
3.2924333979e-22,3.0624167309
3.4161446252e-22,3.7802662780
1.7033719533e-22,1.3341565359
2.1948770885e-22,1.7929742978
2.2088892816e-22,1.8059907495
1.7077339975e-22,1.3383228426
3.3547577829e-22,3.2083192546
2.2641803961e-22,1.8574755448
2.0811210181e-22,1.6875632313
1.8833162940e-22,1.5039273268
3.0357368118e-22,2.6612129923
1.3664329049e-22,0.9999574529
2.4928958701e-22,2.0742030759
1.7003314915e-22,1.3312507090
2.4576194986e-22,2.0402195690
1.6906624319e-22,1.3219998197
2.5990925823e-22,2.1783011248
2.5452239547e-22,2.1251284611
2.8338830719e-22,2.4227956768
2.5045195406e-22,2.0854592672
3.3128022715e-22,4.1178983075
1.6568970495e-22,5.9340666305
1.9225338602e-22,1.5404890824
3.2774851962e-22,4.1911105879
2.9357432456e-22,4.6851166691
2.3095923000e-22,1.8999504501
2.6871035565e-22,2.2671708131
1.9982499657e-22,1.6108131371
2.7947484917e-22,2.3802051172
2.2312981940e-22,1.8268312498
2.4294110011e-23,8.0420214100
3.4094717215e-22,3.4047659027
2.2183282402e-22,1.8147652413
1.7595896049e-22,1.3876314718
2.5600270574e-22,2.1396593457
1.7876076534e-22,1.4141184207
2.0229102856e-22,1.6336659469
1.5056944564e-22,6.0821003081
2.9339707273e-22,2.5364363466
2.9941301726e-22,2.6088399604
3.4122570873e-22,3.8036945650
1.9861981977e-22,1.5996374923
2.0214714218e-22,1.6323330102
1.9214641565e-22,1.5394932762
2.8255586187e-23,7.9137681994
3.1404715495e-22,2.8042421822
2.5172173872e-22,2.0977910605
2.2419337201e-22,1.8367340416
1.9387905855e-22,1.5556137790
2.0186526934e-22,1.6297216433
1.8065279223e-22,1.4319496745
2.0779500374e-22,5.5390089931
2.5889523722e-22,2.1682279669
1.6004117050e-22,1.2348469536
2.1683411004e-22,1.7683504268
2.3878496733e-22,1.9736964580
2.7406973789e-22,2.3227633089
2.7778052454e-22,2.3620363393
3.4131148107e-22,3.7987758624
3.0726823631e-22,4.5140193437
2.3443091801e-22,5.2910677731
3.2796811776e-22,3.0368284229
1.5706061198e-22,1.2057074673
1.8809307392e-22,1.5016994984
1.8966517244e-22,1.5163726019
2.0276730824e-22,1.6380777638
1.8688142783e-22,1.4903767205
1.9177329851e-22,5.6876176653
2.8208282595e-22,2.4084865412
2.5741757521e-22,2.1536037327
2.0628544088e-22,1.6706539587
3.4049856992e-22,3.3824016476
2.3949477898e-22,1.9804270977
2.3151574210e-22,1.9051699262
2.4891876027e-22,2.0706183623
2.2840306818e-22,1.8760178457
1.5521246586e-22,1.1875396541
2.0464992196e-22,1.6555120901
2.3346137448e-22,1.9234453388
2.4078138689e-22,1.9926472238
3.3006261338e-22,3.0794494884
2.6611840387e-22,2.2407100231
2.5785854251e-22,2.1579612827
3.1629365854e-22,2.8376521236
2.2084246372e-22,1.8055589500
3.2517723050e-22,2.9841455829
2.3731201273e-22,1.9597535696
3.1948179477e-22,2.8872649887
2.7116464494e-22,2.2924743159
2.2594604884e-22,1.8530716768
2.1990200169e-22,1.7968217192
3.0702148316e-22,2.7063226893
2.0333467731e-22,1.6433326977
3.0219019286e-22,4.5800724353
2.9202460608e-22,2.5203931289
2.0269798820e-22,1.6374356790
1.9265508501e-22,1.5442279010
2.0084947914e-22,1.6203092384
2.0112621796e-22,1.6228738155
2.5261701625e-22,2.1065087661
2.1965582567e-22,1.7945354442
1.8918752278e-22,1.5119165592
2.0856768049e-22,1.6917804160
2.2598577057e-22,1.8534422258
1.8754900424e-22,1.4966167464
2.9741850762e-22,2.5844343100
3.2192965863e-25,10.8008341954
2.4942898913e-22,2.0755514319
1.8694035272e-22,1.4909276646
3.4284954605e-22,3.6520488106
1.9230167848e-22,1.5409386207
2.6183653990e-22,2.1975345455
1.8340481148e-22,5.7658235135
2.8113702599e-22,2.3981843596
1.7866173852e-22,1.4131839661
2.6488559499e-22,2.2282131813
3.1670457589e-22,4.3797428594
1.8683778762e-22,1.4899686676
2.8149953885e-22,2.4021267691
2.3863980706e-22,1.9723209527
3.3398422951e-22,3.1692713786
2.1435996733e-22,1.7454166252
1.8052075525e-22,1.4307066677
1.7911933454e-22,1.4175010119
1.7077929030e-22,1.3383790841
3.0386289348e-22,2.6649336034
2.2550420641e-22,1.8489507600
3.3412765402e-22,3.1728824678
3.3163064425e-22,3.1135426845
3.0167618602e-22,4.5865682334
2.0747947725e-22,1.6817071831
2.3502058643e-22,1.9381239662
3.0278364727e-22,4.5725318678
3.1088693052e-22,2.7590799925
1.9129958060e-22,1.5316072198
2.7377646211e-22,2.3196880876
2.2114372451e-22,1.8083588245
2.7796389813e-22,2.3639952557
2.2785296324e-22,1.8708757221
2.3075297455e-22,5.3256200805
1.9021228625e-22,1.5214745385
2.2976468186e-22,1.8887580253
1.6803459035e-22,1.3121123447
3.1655730845e-22,2.8416521546
2.5945309756e-26,11.9994724718
1.8330797969e-22,1.4569047568
2.0715965479e-22,1.6787466395
1.3935169073e-22,1.0279639140
3.7938301488e-23,7.6518817106
1.9983480029e-22,1.6109040258
3.1955739477e-22,4.3351604094
3.2566300843e-22,4.2306124156
1.9204585576e-22,1.5385570771
2.0153401740e-22,1.6266525474
2.0882019174e-22,1.6941178727
3.0644759391e-22,2.6986953714
2.2624542270e-22,1.8558647430
5.1459448682e-24,9.1915397670
2.3680122361e-22,1.9549258001
2.3229139826e-22,1.9124504641
2.3806182413e-22,1.9668472468
2.6670207950e-22,2.2466462184
1.6957660422e-22,1.3268846144
2.0374583796e-22,1.6471404383
3.2719343257e-22,3.0217790587
2.4493504930e-22,2.0322899497
3.1817307157e-22,2.8665598135
2.5696240903e-22,2.1491116871
3.2835076012e-22,4.1792413446
2.2029194625e-22,1.8004438544
2.1593894660e-22,1.7600504180
3.1770697800e-22,2.8593032709
2.8053180252e-22,2.3916195395
2.9019185278e-22,2.4992152842
2.0563225319e-22,1.6646069909
3.0282269988e-22,2.6516028301
2.1279521575e-22,1.7309215210
2.2737495790e-22,1.8664098029
1.9775615600e-24,9.7943384112
3.0622741702e-22,2.6957821866
2.2347562885e-22,1.8300502247
2.0899298998e-22,1.6957174512
1.8515644436e-22,1.4742343014
2.1292776896e-22,1.7321492088
3.0242979519e-22,2.6466036262
1.8059692449e-22,5.7922131753
1.3714242627e-22,6.2184993888
2.8812042562e-22,2.4755979053
6.1973609012e-24,9.0666267958
3.4084579897e-22,3.8241282838
2.3946748455e-22,1.9801681404
2.1415942469e-22,1.7435585512
2.5595618821e-22,2.1392018286
2.7534758789e-22,2.3362103260
2.7541238133e-22,2.3368942626
1.9082334523e-22,1.5271701484
1.8022958251e-22,1.4279648330
2.4124695781e-22,1.9970757881
1.7218906294e-22,1.3518236928
2.0765733367e-22,1.6833535600
2.2121597508e-22,1.8090303897
1.9829866710e-22,1.5966584964
1.9724994769e-22,1.5869276273
2.2584117352e-22,1.8520933965
3.3416796675e-22,4.0497344039
3.3794161125e-22,3.2823997592
1.9292460229e-22,1.5467358546
1.7132424036e-22,1.3435797765
1.8743427964e-22,1.4955446574
2.2537573171e-22,1.8477528133
7.5437593262e-25,10.3474375492
2.5196414481e-22,2.1001495636
2.1447018575e-22,1.7464378716
2.0920356400e-22,1.6976667344
1.4848552836e-22,1.1207103706
1.7916971721e-22,1.4179761756
3.3864240423e-22,3.3066000567
3.3676687033e-22,3.2453029809
2.6566268177e-22,2.2360839607
3.4222257566e-22,3.7350611615
1.0690112054e-22,0.6721399564
2.9398740492e-22,2.5433876342
2.0002470345e-22,1.6126645232
3.2023146736e-22,2.8993571307
3.0244592593e-22,4.5768284440
2.6794566384e-22,2.2593371117
1.9909692261e-22,1.6040623273
1.4438220871e-22,6.1442843611
3.4080857869e-22,3.3976103847
2.4443037953e-22,2.0274567943
3.4221186441e-22,3.4876378926
1.7710949699e-22,5.8251165562
1.3931689404e-22,6.1960312779
1.9510515996e-22,5.6566263562
2.7996660667e-22,2.3855079267
2.3763499468e-22,1.9628081794
2.7805417545e-22,2.3649603120
2.3655857024e-22,1.9526336220
1.8900120477e-22,1.5101778956
1.9503685772e-22,1.5663759156
1.4628354779e-22,1.0985758608
1.8336464533e-22,1.4574365136
2.2567394143e-22,1.8505336353
1.5501401268e-22,1.1855841012
2.8971717211e-22,4.7298627732
2.3169985855e-22,1.9068974864
2.9689672738e-22,2.5781181504
2.4388646889e-22,2.0222531560
3.2485778184e-22,2.9783674887
1.9981510737e-22,1.6107214555
1.9956349545e-22,1.6083886783
1.7183836613e-22,1.3484820616
2.3859622230e-22,1.9719080155
2.6811794630e-22,2.2610999993
2.4320962441e-22,2.0157852829
2.0712099214e-22,1.6783887435
1.9369263513e-22,1.5538801863
2.1424960123e-22,1.7443940442
2.6240002328e-65,30.7419725867
1.8127177131e-33,17.4865983056
1.2134888320e-63,30.2129558500
2.5495228742e-22,2.1293423231
2.3571454119e-22,1.9446669585
1.6346508721e-22,1.2680921207
1.9001282154e-22,1.5196147548
2.5600348618e-22,2.1396670220
3.3737838684e-22,3.2641357453
2.1744464699e-22,1.7740131272
1.8824318575e-22,1.5031014217
3.2573721679e-22,4.2292459878
1.1183179884e-23,8.6495351977
2.9269749324e-31,16.0542788492
2.2193043355e-22,1.8156729315
1.9603483847e-22,1.5756466204
2.6191250616e-22,2.1982950918
3.4209737648e-22,3.4780216869
2.2072111083e-22,1.8044312613
2.0350732313e-23,8.1878243675
2.6950661952e-23,7.9543207804
6.7293138322e-52,26.1315345035
2.5135428688e-22,2.0942185865
2.6260959593e-22,2.2052829648
3.3760454351e-22,3.9522815685
2.0605855090e-22,1.6685535372
4.2170030243e-23,7.5536580407
3.3071238542e-22,3.0933246984
2.0860592766e-22,1.6921344628
1.8191067303e-22,1.4437815905
2.9988272652e-22,2.6146503357
2.5092405396e-22,2.0900397777
2.4224393749e-22,2.0065713820
1.9311689549e-22,1.5485249302
2.4202030591e-22,2.0044399639
2.5300270644e-22,2.1102704283
3.4025717900e-22,3.3712152244
1.7982496041e-22,1.4241530592
3.4284596581e-22,3.5706371394
2.6230413849e-39,20.7055931842
2.3583148118e-22,1.9457701620
3.7254631477e-35,18.4883491638
1.0224113105e-22,0.6164637173
3.4267609334e-22,3.6851004112
3.0095056089e-22,2.6279529351
2.8865900829e-22,4.7419296437
2.2359930153e-22,1.8312016364
2.0427448066e-22,1.6520357314
1.5175395276e-22,1.1533237236
3.0728627595e-22,2.7098588386
2.3728376168e-23,8.0616934246
1.8377494102e-22,1.4612857925
2.3526200966e-22,1.9403995212
2.8957349320e-22,2.4921306700
2.7359331559e-22,2.3177696961
2.1809978918e-22,1.7800912671
3.3888726245e-22,3.3155086344
2.2108063653e-22,1.8077724501
1.9852534349e-22,1.5987611780
2.9213714602e-22,4.7019343541
2.2344809917e-22,1.8297939338
3.0988756990e-22,2.7451964657
1.9633222941e-22,1.5784082375
2.8499662058e-22,2.4405721567
3.1734476888e-22,2.8537047857
1.7489914511e-22,1.3775853823
2.1045957199e-22,1.7092942141
3.1661621809e-22,2.8425483028
3.2080213095e-22,4.3149550419
3.0479849557e-22,4.5465902806
3.3774937774e-22,3.2760578467
3.3882225619e-22,3.3131182634
2.0061501093e-22,1.6181362085
2.5687461858e-22,2.1482459539
3.0937281890e-22,4.4855227163
2.3577456972e-22,1.9452332405
1.6222562356e-22,1.2560844014
2.6540687623e-22,2.2334906007
2.9161224933e-22,2.5156042626
2.8787260427e-22,2.4727939483
2.7758037334e-22,2.3599002194
2.2721677741e-22,1.8649324015
3.1020481118e-22,2.7495843228
2.1849474635e-22,1.7837564339
1.9550619190e-22,1.5707364264
2.2291178867e-22,1.8248021262
1.1084970503e-43,22.7656094036
1.7765334539e-22,1.4036614365
2.1010086901e-22,1.7059733919
2.5068772772e-22,2.0877461992
2.0029879226e-22,1.6152052509
3.4033570983e-22,3.8488395512
6.8273322939e-23,7.0710094937
1.6355543143e-46,23.9882122279
2.1531492900e-22,1.7542661582
3.2703269233e-22,3.0186999003
2.3775691712e-22,1.9639616551
2.0820731006e-22,1.6884445494
2.2604002004e-22,5.3696886112
2.6310733628e-22,2.2102823988
2.5941135695e-22,2.1733511418
2.1962291200e-22,1.7942297937
1.6954175112e-25,11.1242085573
3.3641650136e-22,3.2349219441
1.9318531525e-22,1.5491614448
1.7680028439e-22,1.3955956431
2.4677202511e-22,2.0499239392
2.1693925008e-22,1.7693254895
3.2383031654e-22,2.9600929332
3.0223993635e-22,2.6441948577
3.3881389066e-22,3.9108249247
1.8417376457e-22,1.4650258085
2.2114707288e-22,5.4152469839
2.8210380762e-22,2.4087156920
3.0367800912e-22,2.6625538602
5.2527303410e-32,16.5559485590
2.1058975982e-22,1.7104995076
1.9932504496e-22,1.6061777176
3.2826022014e-22,3.0425967749
2.8484537350e-22,2.4388932708
2.5127685093e-22,2.0934661388
3.3155767793e-22,4.1117286227
2.7916868274e-22,2.3769104165
3.2720237920e-22,4.2016860617
3.1280660819e-22,2.7862738760
2.1326615724e-22,1.7352834827
3.1139319807e-22,2.7661829454
2.2240603137e-22,1.8200964685
3.4215126375e-22,3.4824591712
3.3745557917e-22,3.9570533985
7.2930830776e-26,11.5295390074
2.3514969105e-22,1.9393407581
2.8640432444e-22,2.4562718619
2.7096249150e-22,4.9332563678
2.0909936025e-22,1.6967021179
2.8615465997e-22,2.4534775666
2.0392710274e-22,1.6488190249
3.0037552435e-22,2.6207730744
1.7634260203e-22,1.3912642824
2.9064478567e-22,2.5044236967
3.1594303498e-22,2.8323592310
3.4269479395e-22,3.5413510253
7.9541522251e-23,6.9032393302
2.0876894306e-22,1.6936434701
2.0124312055e-22,1.6239571008
3.4291928666e-22,3.6223319702
1.8879765816e-22,1.5082781450
2.3867031236e-22,1.9726099875
2.3424324728e-22,1.9308021845
2.1043736163e-22,1.7090885899
2.3289243262e-22,1.9180966813
1.6131011654e-22,1.2471955891
2.1191112752e-22,1.7227341156
1.8933153752e-22,1.5132602742
3.3857021807e-22,3.3040217432
3.4142135300e-22,3.7922812846
2.8357447569e-22,2.4248448747
2.4232358041e-22,2.0073306616
2.3649445155e-22,1.9520280737
2.0564404315e-22,1.6647161413
2.8768808550e-22,2.4707091354
2.8988791915e-22,2.4957293517
2.7798523786e-22,2.3642233363
3.4061828461e-22,3.3881537614
1.8395628544e-24,9.8375594398
3.0097794557e-22,2.6282958220
3.0662380706e-22,2.7010320661
2.6803415260e-22,2.2602424310
1.6758932356e-22,1.3078392745
3.2229695906e-22,4.2900035029
2.1964571578e-22,1.7944415588
1.5822486294e-22,1.2171127879
2.2083643954e-22,1.8055029675
1.9376331544e-22,1.5545374825
2.3901743051e-22,1.9758998910
2.7397060137e-22,2.3217233349
1.8420078149e-22,1.4652791053
3.4087225794e-22,3.4008683338
2.0396970826e-22,1.6492135612
2.0424332071e-22,1.6517471995
3.2726642669e-22,3.0231821584
3.2503324013e-22,2.9815352733
1.8344920576e-22,1.4582299767
1.9915058670e-22,1.6045599746
1.9432632439e-22,1.5597721709
1.8850500322e-22,1.5055461411
3.3786694238e-22,3.2799224188
2.2714935356e-22,1.8643027319
2.7370686717e-22,2.3189589225
2.4987320603e-22,2.0798509638
2.1715951902e-22,1.7713683925
3.3387434944e-22,3.1665236313
2.5712001421e-22,2.1506664328
8.6310810618e-23,6.8099295005
2.4055475146e-22,5.2331442031
1.8599740935e-22,1.4821074783
2.0367409979e-22,1.6464760970
2.3179469158e-22,1.9077874498
1.8902819071e-22,1.5104297373
3.3042778005e-22,3.0872054398
2.9189379845e-22,2.5188724677
2.1163850490e-22,1.7202096804
1.8724299614e-22,1.4937568821
2.4205550799e-22,2.0047754157
3.4079756029e-22,3.3970516176
2.1358294400e-22,1.7382179129
2.7200293280e-22,2.3011756147
2.2773494016e-22,1.8697728612
2.7633846694e-22,2.3466924158
2.5545893069e-22,2.1343147850
2.4596093138e-22,2.0421296977
3.4204930811e-22,3.4741834880
2.6873770259e-22,2.2674513934
2.0880886156e-22,1.6940129906
2.2821241993e-22,1.8742354363
2.5433435549e-22,5.1003501461
2.3087093070e-22,1.8991226077
3.2976167025e-22,4.1505017176
1.9397895967e-22,1.5565426971
2.4112549422e-22,1.9959200673
2.8534816617e-22,2.4444802883
2.3643799662e-22,1.9514949503
2.1656345383e-22,1.7658405730
1.9053078988e-22,1.5244436142
1.7855495435e-22,1.4121761748
1.9617504900e-22,1.5769486911
2.7112364644e-22,2.2920495421
3.1934853884e-22,2.8851337097
2.8391677936e-22,2.4286184261
2.5814015819e-22,2.1607470884
1.8573101394e-22,1.4796141800
1.7978901448e-22,1.4238143347
2.8235142943e-22,2.4114221011
3.1226103818e-22,2.7784722740
2.4316283712e-22,2.0153384921
8.7006237783e-23,6.8006141301
2.9011091673e-22,4.7253506424
2.5906148120e-22,2.1698772858
2.0274292856e-22,1.6378519455
2.2199216048e-22,1.8162469731
2.1951426476e-22,1.7932208885
1.9328791219e-22,1.5501158581
2.9408309599e-22,2.5445173607
2.5169488712e-22,2.0975298928
1.9979026985e-22,1.6104911885
2.6968855794e-22,2.2772260278
2.6417078555e-22,2.2209922604
3.3716613072e-22,3.2574893952
2.5409290688e-22,2.1209233630
1.4103068366e-22,6.1784331240
2.2323134193e-22,1.8277761891
2.2670745455e-22,1.8601768305
1.8666737020e-22,1.4883750368
3.4164647584e-22,3.4454456135
1.8259506264e-22,1.4502118044
2.0392583602e-22,1.6488072948
3.4106930145e-22,3.8123565629
1.7895384652e-22,1.4159400622
2.9358184377e-22,4.6850282056
2.1040670690e-22,1.7088047883
1.8563624888e-22,1.4787270781
1.8997276851e-22,1.5192412695
2.4170840905e-22,2.0014687232
3.3025142954e-22,4.1401902284
2.0454231635e-22,1.6545157489
3.2740021236e-22,4.1978752281
1.4478884628e-23,8.4557547159
1.9641581352e-22,1.5791843338
2.0293168854e-22,1.6396003129
2.6291232338e-22,2.2083226448
2.3142395613e-22,1.9043088407
2.0160905439e-22,1.6273478014
2.3382101401e-22,1.9268283465
2.2350289466e-22,1.8303040644
1.6629247717e-22,1.2953742194
2.4196551587e-22,2.0039178944
2.0031254260e-22,1.6153327063
2.2423857153e-22,1.8371550761
3.4190869516e-22,3.7601147927
2.8596223134e-22,2.4513267987
2.0252637652e-22,1.6358460595
3.2384535599e-22,2.9603571410
3.0592357252e-22,2.6917737130
3.0859554166e-22,2.7275054500
2.2024966275e-22,1.8000510496
2.1929435313e-22,1.7911789590
2.5207135056e-22,2.1011930775
1.9980989178e-22,1.6106731023
2.2657333171e-22,1.8589248919
2.0354374340e-22,1.6452688894
2.3997013360e-22,1.9849389185
1.9787603972e-22,1.5927375831
3.3375601528e-22,3.1635823102
2.0381965081e-22,1.6478239827
2.5694850554e-22,2.1489745654
2.0694360430e-22,1.6767466760
1.6208532143e-22,1.2547232734
1.8607941074e-22,1.4828748294
2.7132607213e-22,2.2941475233
1.8409741462e-22,1.4643099510
2.8326158351e-22,4.8022348802
3.4146949480e-22,3.7893614451
2.0762894387e-22,1.6830907624
3.1765996036e-22,2.8585745542
2.4406253217e-22,2.0239369699
2.7571379956e-22,2.3400786425
3.0382635623e-22,4.5591739764
3.3836951914e-22,3.9266755407
1.7417017447e-22,1.3706663307
2.1620493688e-22,1.7625163900
2.7224550246e-22,2.3036992191
3.3405313712e-22,3.1710028103
1.7959986791e-22,1.4220317225
2.1306598446e-22,1.7334293799
3.4046657081e-22,3.8427488635
2.6210930514e-22,2.2002662498
2.7633665693e-22,2.3466732238
2.6142725013e-22,2.1934401150
3.9629793750e-24,9.3624620622
3.1518679482e-22,4.4025927115
2.8169299540e-22,2.4042338357
2.0785321267e-22,1.6851667626
3.4279710730e-22,3.6642829756
1.7005662185e-22,1.3314750951
2.3385568960e-22,1.9271546118
2.8968742265e-22,2.4934337336
2.0404132081e-22,1.6498767020
2.9464755435e-22,2.5511983049
2.5742534147e-22,5.0699565016
1.8464249119e-22,1.4694193257
2.1974306723e-22,1.7953456339
3.4250682985e-22,3.7068617477
2.2304743281e-22,1.8260644734
2.2020301538e-22,1.7996177169
1.8149318515e-22,1.4398565611
2.2443269042e-22,1.8389634696
1.3059941574e-22,0.9365209367
2.9096235085e-22,2.5080852665
1.6442212244e-22,1.2773434422
2.6790497561e-22,2.2589209377
1.7382225330e-22,1.3673613588
2.3322446510e-22,1.9212176689
2.8760671534e-22,2.4697905475
2.0463090811e-22,1.6553360384
1.9121379479e-22,1.5308080741
1.8124464623e-22,1.4375189955
1.9810878213e-22,1.5948969361
2.9157007099e-22,2.5151152265
2.2585682132e-22,1.8522393539
2.4981890068e-22,2.0793251112
2.5298452114e-29,14.6460144943
3.4090247974e-22,3.8212048722
3.3230176932e-22,3.1288171520
1.9729466501e-22,1.5873426487
1.9452793628e-22,1.5616462526
3.4289390025e-22,3.6374974241
2.5812017471e-22,2.1605493313
1.5055990779e-22,6.0821953666
3.3790237764e-22,3.9425410971
2.0129221985e-22,1.6244120709
2.6459797530e-22,2.2253055063
2.8218200501e-22,2.4095699570
2.7684799244e-22,2.3521016796
2.0498665838e-22,1.6586298940
1.9403664719e-22,1.5570790705
2.3815394204e-22,1.9677193043
7.3052623996e-23,6.9977259564
3.2050054169e-22,2.9037406271
2.1387186666e-22,1.7408944469
2.0005757021e-22,1.6129692022
2.2435290485e-22,1.8382201609
3.4152298682e-22,3.4375767026
2.1346369031e-22,1.7371132251
1.7764992626e-22,1.4036291270
2.0271188409e-22,1.6375643921
1.3107142902e-22,6.2821124053
2.0150616011e-22,1.6263944323
3.3056895778e-22,3.0902325667
3.0331376125e-22,2.6578785889
2.7684367980e-22,2.3520558398
2.7398771944e-22,4.9017340548
4.6407335917e-39,20.5814151054
2.0864397410e-22,1.6924866519
1.7877139741e-22,1.4142187418
2.9195700676e-22,2.5196070959
1.9835529733e-22,1.5971838257
2.2916012664e-22,1.8830991566
3.1204554089e-22,2.7754070057
1.7504411796e-22,1.3789605075
2.0818734510e-22,1.6882597389
3.2854566534e-22,3.0482856703
3.1736421059e-22,2.8540043978
2.1415771815e-22,1.7435427402
1.7946736212e-22,1.4207826679
1.8654132945e-22,1.4871962208
2.2245019680e-22,1.8205073249
3.4290424628e-22,3.5909446925
2.0282936417e-22,1.6386525550
2.6766630285e-22,2.2564810083
2.5053453760e-22,2.0862601569
1.1176886299e-23,8.6499494085
3.3997628461e-22,3.3588107518
1.9917790463e-22,1.6048132998
2.2811185177e-22,1.8732953409
3.4242632514e-22,3.5080107595
2.4827889046e-22,2.0644398755
2.0111919773e-22,1.6228087608
2.3167909014e-22,1.9067025981
1.1601653432e-22,6.4464331189
3.4269820177e-22,3.5418760946
2.2471383665e-22,1.8415831002
1.9676335988e-22,1.5824110144
1.2028404411e-22,0.8248442653
1.0963856030e-22,0.7041991803
2.1169115239e-22,1.7206971771
3.1017492849e-22,2.7491702464
3.1218079753e-22,2.7773298497
1.1710594192e-22,6.4341840592
1.7764595418e-22,1.4035915921
2.0927107581e-22,1.6982916958
3.3944005427e-22,3.3366534186
3.3936665549e-22,3.3337552983
2.0796553738e-22,1.6862065230
1.1187142087e-22,6.4936195519
1.9563467127e-22,1.5719299053
8.9690153998e-33,17.0526158713
2.5852189548e-22,2.1645270149
1.8251630584e-22,1.4494720973
3.3252435749e-22,3.1339839662
2.3478915721e-22,1.9359433200
2.0285405120e-22,1.6388812155
2.5386571134e-22,2.1187008269
2.2192276422e-22,1.8156016108
1.5992810952e-23,8.3790418776
2.3137731178e-22,1.9038712846
7.3693681809e-24,8.9476201970
2.0643730327e-22,1.6720597952
2.9030591719e-22,4.7231115204
1.3805565049e-22,6.2090439400
3.1588905183e-22,2.8315469899
2.0540374344e-22,1.6624914376
2.3245691234e-22,1.9140049128
3.3832255183e-22,3.2953312820
2.0826788173e-22,1.6890052462
2.0155791627e-22,1.6268739836
2.1249948857e-22,1.7281826709
2.6047309120e-22,2.1839157978
1.9009473363e-22,1.5203785287
2.1084331794e-22,1.7128470323
2.4170598934e-22,2.0014456786
2.3917110438e-22,1.9773569617
3.0182287768e-22,2.6389192274
1.8132061572e-22,1.4382335792
3.4134470663e-22,3.7968357138
2.2447063710e-22,1.8393170100
3.2994870603e-22,3.0770514364
1.8155866517e-22,1.4404723012
1.8768731432e-22,1.4979090897
2.6115367650e-23,7.9811142526
1.6833824739e-22,1.3150244917
3.3857937880e-22,3.9192891558
2.1236026993e-22,1.7268933701
1.9329862542e-22,1.5502155147
2.4060712768e-22,1.9909905647
2.0528086781e-22,1.6613538262
2.5500986274e-22,2.1299070539
2.4474193557e-22,2.0304399581
2.1835748336e-22,1.7824825651
2.1539832858e-22,1.7550391466
2.5119252180e-22,2.0926468701
2.2754931461e-22,1.8680385481
3.3487180822e-22,3.1920909179
2.5395468106e-22,2.1195710140
2.7865891786e-22,2.3714362010
1.9558663658e-22,1.5714837085
2.4428470427e-22,2.0260625698
1.9204869246e-22,1.5385834874
2.0565897107e-22,1.6648543426
2.5945027240e-22,2.1737377553
2.2222819923e-22,1.8184422826
2.3488360301e-22,1.9368331539
1.7559362692e-22,1.3841701788
2.3106306675e-22,1.9009240700
2.7476388141e-22,2.3300581510
2.2475950928e-22,1.8420087194
3.2142536549e-22,2.9189896921
2.6974308673e-22,2.2777876964
2.0534924499e-22,1.6619868803
2.1427528373e-22,1.7446319987
3.0976975825e-22,2.7435714860
1.7314663657e-22,1.3609385329
9.5106531021e-33,17.0364341917
1.7632241051e-22,5.8325637985
1.9689525823e-22,1.5836354316
3.2742290838e-22,3.0262003310
3.1820785782e-22,4.3565331284
1.7882958699e-22,1.4147677770
2.5027000980e-22,2.0836953341
1.9895807669e-22,1.6027747069
1.6608800346e-22,1.2934061350
1.9870511813e-22,1.6004286467
2.2057380822e-22,1.8030625435
3.4147145245e-22,3.4343952267
2.4053199821e-22,1.9902764712
1.9977220281e-22,1.6103236887
1.3145508188e-23,8.5291334414
2.4493053932e-22,2.0322467369
2.1846925674e-22,1.7835198712
3.3643397953e-22,3.9882036605
2.3595236017e-22,1.9469107187
2.9035006443e-22,4.7226041757
1.9553367723e-22,1.5709917522
1.6299347238e-22,1.2635267293
3.3693554843e-22,3.9732338525
3.3579299709e-22,4.0065392244
1.2514209616e-25,11.2725780556
3.3669556432e-22,3.9804694767
3.0325806727e-22,2.6571652585
2.3332265666e-22,1.9221408868
2.4441433810e-22,2.0273032461
1.5248859564e-22,1.1606162916
2.3821287143e-22,1.9682772400
1.8600428870e-22,1.4821718561
2.1265081809e-22,1.7295841733
2.7291074568e-22,2.3106336847
3.3361186854e-22,3.1600238660
3.1731503926e-22,4.3703901086
3.3911728824e-22,3.8995142959
3.1242063339e-22,2.7807482995
2.3685650383e-22,1.9554481087
1.9661855888e-32,16.8343678963
1.9810735662e-22,1.5948837111
2.0774638349e-22,1.6841778723
2.9142009871e-22,2.5133775669
2.7107379405e-22,2.2915331333
2.1247607679e-26,12.0872916085
2.0004293279e-22,1.6128335119
2.9181997874e-22,2.5180149337
2.1045857842e-22,1.7092850155
2.8892010671e-22,2.4846768367
2.7425026726e-22,2.3246583107
1.6255154745e-22,1.2592448156
2.6507557646e-22,2.2301354088
2.5071249250e-22,2.0879864842
2.3383907775e-26,12.0452853264
2.9597570832e-22,4.6566013176
1.9811272489e-22,1.5949335145
1.9827503438e-54,27.0711387451
3.2130942270e-22,2.9170620326
2.1549210987e-22,1.7559083847
3.2602653798e-22,2.9997444575
2.0655882717e-22,1.6731847679
2.2843849066e-22,1.8763490553
3.1962272420e-22,4.3341120629
1.8779265748e-22,1.4988932873
1.8321861919e-22,1.4560661204
2.8502851023e-22,2.4409263344
3.0707058239e-22,2.7069775664
2.2410582480e-22,1.8359185798
3.2515904679e-22,2.9838154073
1.7936435770e-22,1.4198115603
2.0187019543e-22,1.6297672820
7.3088790058e-23,6.9971840359
2.9277896143e-32,16.7222701438
2.3076573661e-22,1.8981364785
2.5281822834e-22,2.1084707428
2.3086694306e-22,1.8990852239
1.8525981329e-22,1.4752024079
1.3988646568e-22,6.1901720462
2.4157639811e-22,2.0002116369
2.4935776314e-22,2.0748624505
2.0579984234e-22,1.6661585048
3.4285715891e-22,3.5736889652
3.4124649356e-22,3.8025141724
2.6118206312e-22,2.1909899163
2.1517810864e-22,1.7529980878
2.0334560545e-22,1.6434339069
2.6101157623e-22,2.1892873438
3.0303591328e-127,45.9602698490
1.7781501616e-22,5.8184479320
2.7936217482e-22,4.8446449222
3.4077867470e-22,3.3960972117
1.9737050783e-22,1.5880465254
2.2823133975e-22,1.8744123064
1.8575612658e-22,1.4798492470
2.3731918560e-22,1.9598213909
2.2877630026e-22,1.8795082640
2.0439023295e-22,1.6531075501
1.8263624513e-22,1.4505985762
3.0380021378e-22,2.6641263130
3.4169966795e-22,3.4489512901
2.1693773925e-22,1.7693114779
3.1931967625e-22,2.8846727911
2.3940022219e-22,1.9795300348
2.6846031632e-22,2.2646067913
3.1162192174e-22,4.4542291598
3.2905557663e-22,4.1650557873
3.1941107649e-22,4.3375036702
2.7499458640e-22,2.3324877694
3.4213769295e-22,3.4813274991
1.9106208538e-22,1.5293946843
1.9938669507e-22,1.6067493694
2.4489008805e-22,2.0318591666
2.2659436186e-22,1.8591211828
2.1571127783e-22,1.7579399171
3.3290550879e-22,4.0806815295
3.1432845495e-22,2.8083624382
2.0758219138e-22,1.6826579854
2.5623222497e-22,2.1419176184
1.7506651488e-22,1.3791729252
1.9340064601e-22,1.5511644955
2.4050216639e-22,1.9899929499
1.9586483669e-22,1.5740677597
2.2213670375e-22,1.8175912749
2.0847619525e-22,1.6909335558
2.3536230940e-22,1.9413451289
3.4268401355e-22,3.6839217875
2.3902396531e-22,1.9759618438
2.1399232331e-22,1.7420104008
2.8892908884e-22,2.4847790844
2.0196637650e-22,1.6306583579
2.2551000928e-22,1.8490048712
2.2502995356e-22,1.8445292930
2.0347301686e-22,1.6446138900
2.1076426774e-22,1.7121151514
1.8537229753e-22,1.4762557689
3.1891589134e-22,2.8782506167
8.0507663920e-23,6.8896136851
3.4197099459e-22,3.7554883216
2.0477659418e-22,1.6566849517
3.3484265011e-22,3.1913225790
3.2007159926e-22,2.8967637083
3.0363849412e-22,2.6620458278
2.5586837090e-22,2.1383382736
3.2262665142e-22,4.2843917181
1.7564394526e-22,1.3846470195
2.3625431087e-22,1.9497606453
1.8039677442e-22,1.4295393193
6.7094593020e-53,26.5079033553
1.1752898584e-75,33.8229401840
1.9971960590e-22,5.6138008748
2.2367715755e-22,1.8319265430
2.0585459406e-22,1.6666653819
2.8229227285e-28,13.8034631517
3.5497632522e-47,24.2642654674
2.0978869161e-22,1.7030833927
3.1251838603e-22,2.7821448809
2.5596639760e-22,2.1393022366
8.6830976757e-23,6.8029573040
2.1153668175e-22,1.7192668474
2.6483058549e-22,2.2276568378
2.6862365526e-22,2.2662814632
3.0050245149e-22,4.6012823557
2.3079537161e-22,1.8984142763
2.8700758266e-22,4.7605953402
1.9724234863e-22,1.5868570995
1.8822235417e-22,1.5029068826
1.9428173707e-22,1.5593576785
2.0896613758e-22,1.6954688800
2.7849497281e-32,16.7364050171
2.1316343202e-22,1.7343319779
2.0052012193e-22,1.6172567377
3.2502596814e-22,2.9814037002
2.5566056105e-22,2.1362956011
1.8513913449e-22,1.4740721750
2.0487870246e-22,1.6576303590
2.0066456110e-22,1.6185954491
2.4743605119e-22,2.0563148284
2.2541768196e-22,1.8481439589
2.0880096308e-22,1.6939398753
2.0671270849e-22,1.6746092672
2.8504178314e-22,2.4410737679
2.5357400522e-22,5.1077877825
3.1442792510e-22,2.8098235765
2.0812058910e-22,1.6876417959
3.3119320444e-22,4.1198190527
2.0506715591e-22,1.6593751894
2.0063347980e-22,1.6183073825
2.3589203784e-22,5.2772954094
3.4269155571e-22,3.6827812519
3.0573628492e-22,2.6893096210
3.0259390463e-22,2.6486893399
1.9801996304e-22,1.5940729113
1.6592612538e-22,1.2918475056
2.0516799660e-22,1.6603088228
2.9276516246e-22,2.5290295590
3.0855455929e-22,2.7269488905
1.7124160459e-22,1.3427914470
2.3080723737e-22,1.8985255082
2.8566651231e-22,2.4480264933
1.8241374790e-22,1.4485087439
3.0836929733e-22,2.7244363833
2.0163883521e-22,1.6276237309
2.2509497081e-22,1.8451353457
2.4138780261e-22,1.9984162276
3.2348085628e-22,2.9539801912
3.4253072306e-22,3.5195360201
2.9448606539e-22,2.5492839369
3.4125260124e-22,3.4214709980
6.4524287671e-25,10.4328956350
2.2665680840e-22,1.8597040677
2.3341914089e-22,1.9230481649
2.6446547341e-22,2.2239669740
2.4932380673e-22,2.0745340238
2.4637810647e-22,2.0461369193
2.5530831197e-22,2.1328358194
1.9212214470e-22,1.5392673230
1.7583849207e-22,1.3864903136
3.0828407737e-22,2.7232825176
3.4106511346e-22,3.8125834141
1.9620829524e-22,1.5772574193
1.6159278087e-22,1.2499418232
1.9464167720e-22,1.5627034291
3.1942319292e-22,2.8863270562
2.5247388495e-22,2.1051137281
3.2089202032e-22,2.9101604708
1.9639652145e-22,1.5790052058
3.4003781158e-22,3.8621608211
2.0672746015e-22,1.6747458246
2.3630281811e-22,1.9502185909
1.7649965222e-22,1.3927508681
2.2814840081e-22,1.8736369847
2.7309163344e-22,2.3125227156
3.0315726964e-22,2.6558752600
3.1611182250e-22,4.3887335098
2.7464764923e-22,2.3288350491
3.4288184746e-22,3.5814867289
2.1190617929e-22,1.7226882948
2.8552809258e-22,2.4464837319
1.8215090040e-22,1.4460392333
1.7583039088e-22,1.3864135666
1.7582225722e-22,1.3863365111
1.9299789506e-22,1.5474177901
1.9119788362e-22,1.5306598464
2.2219156961e-22,1.8181015809
2.6584293882e-22,2.2379128464
3.0580907445e-22,2.6902666895
1.7724653058e-22,1.3998161282
2.7841834576e-22,2.3688576773
2.0566618113e-22,1.6649210926
5.7438245133e-27,12.6413221803
2.0927206179e-22,1.6983008231
2.3873417616e-22,1.9732151364
2.3394073368e-22,1.9279548608
2.6560984582e-22,2.2355481135
2.1698658466e-22,1.7697644818
2.8426912895e-22,4.7911263678
2.0400008724e-22,5.5741420554
3.3224996948e-22,3.1276221673
3.3760040516e-22,3.2712219225
2.1438304809e-22,1.7456304809
2.3646081960e-22,1.9517104703
2.7972560369e-22,2.3829074050
2.5463851960e-22,2.1262662488
2.5794954330e-22,2.1588612314
2.1449784326e-22,1.7466941421
2.0995037723e-22,1.7045801959
3.0499514170e-22,2.6796078313
2.0199819874e-22,1.6309531721
1.9245615042e-22,1.5423764458
2.0452582320e-22,1.6543630341
1.3235245996e-22,0.9550607946
2.2240261317e-22,1.8200646707
2.0414168138e-22,1.6508060385
3.3237984199e-22,4.0930134452
2.6272678094e-22,2.2064592524
1.9457042258e-22,1.5620411543
2.1816042415e-22,1.7806539082
2.2409616584e-22,1.8358286145
1.9562934247e-22,1.5718804064
2.4542357676e-22,2.0369731221
2.2965572178e-47,24.3422817032
1.0045652197e-22,6.6288869247
3.1621862031e-22,2.8365168278
2.3549107247e-22,1.9425592778
1.9961988465e-22,1.6089115005
2.9691530518e-22,2.5783425622
1.0171079181e-22,6.6136024712
3.0970721202e-22,4.4809271629
3.1979101026e-22,2.8922314104
3.4281360634e-22,3.5628726103
1.7765705186e-22,1.4036964612
1.8917600201e-22,1.5118090588
2.2862605270e-22,1.8781030085
3.0563983895e-22,2.6880426841
1.5891615600e-22,1.2238708093
2.1779915409e-22,5.4463350622
2.0223167400e-22,1.6331161034
2.1851532385e-22,1.7839474109
2.0989703970e-22,1.7040864219
3.3338141744e-22,3.1543892471
2.8467057027e-22,2.4369547855
1.9119781730e-22,1.5306592286
1.8125814461e-22,1.4376459686
2.3249752531e-22,1.9143863835
2.7716279034e-22,2.3554503034
3.1927684508e-22,2.8839892637
2.6500834209e-22,2.2294549852
2.4911280061e-22,2.0724937388
6.7830453999e-23,7.0779764472
3.3938389952e-22,3.3344335064
4.6757773630e-23,7.4553140165
3.2036197912e-22,4.3221565484
1.9855630709e-22,1.5990483846
2.1016237812e-22,1.7065428259
1.9946513286e-22,1.6074766654
1.8253835731e-22,1.4496792179
2.2084766197e-22,1.8056072573
1.8722268131e-22,1.4935669969
2.9792329953e-22,2.5905713692
2.1846546085e-22,1.7834846426
2.0933054153e-22,1.6988421760
1.9833227446e-22,1.5969702560
2.2094439719e-22,1.8065062461
4.3627800717e-23,7.5215676432
2.5239860089e-22,5.1192567623
2.0269855930e-22,1.6374409689
1.9882694720e-22,1.6015585793
2.0489435661e-22,1.6577752976
1.5892610981e-22,1.2239680414
2.4833316039e-22,2.0649635566
2.5780583744e-22,2.1574401675
1.6487915530e-22,1.2817553218
2.6752102757e-22,2.2549969574
2.4867131921e-22,2.0682280623
2.8125611532e-22,4.8241583016
3.0363412022e-22,2.6619896065
1.6079456416e-22,5.9814543928
2.8551726375e-22,4.7772738373
2.0202334204e-22,1.6311861079
3.2656510667e-22,3.0098238524
3.0656879817e-22,4.5233348151
2.4460409214e-22,2.0291198759
2.2588859163e-22,1.8525357029
2.1812015150e-22,1.7802802103
2.7038834272e-22,2.2844434881
2.0048447416e-22,1.6169263319
2.6560656914e-22,2.2355148857
2.3340318051e-22,1.9228980756
1.1483290345e-22,6.4598120542
2.8113566717e-22,2.3981695966
2.0418637315e-22,1.6512198779
2.9370851205e-22,2.5400997339
2.9315856144e-22,2.5336365919
2.6582428719e-23,7.9660489271
2.3949209359e-22,1.9804016194
1.9124455098e-22,1.5310945922
3.0177014268e-22,2.6382536687
2.2423303807e-22,1.8371035311
2.3180173885e-22,1.9078535891
2.5660231048e-22,2.1455619978
1.7774134562e-22,1.4044929566
2.3782021116e-22,1.9645605482
2.5757166307e-22,2.1551257638
2.8455941255e-22,2.4357231425
2.2016481690e-22,1.7992628792
1.6952825605e-22,1.3264220456
7.8888415208e-27,12.5100948079
2.4302799481e-22,5.2095858842
2.1451292158e-22,1.7468338565
3.0167133310e-22,2.6370075218
3.2877215182e-23,7.7811884643
2.0084148054e-22,1.6202351108
2.0854499483e-22,1.6915704193
2.2134528465e-22,1.8102323923
2.0742329842e-22,1.6811871470
1.8564571497e-22,1.4788156946
2.4948216722e-22,2.0760659061
1.4946099560e-32,16.9110264989
2.8813305864e-22,2.4757409614
2.7570849301e-22,2.3400225418
1.6689774565e-22,1.3011956335
2.8332966579e-22,2.4221506505
3.3303038017e-22,4.0777070412
1.7529574809e-22,1.3813466270
2.0058718755e-22,1.6178783328
2.3008945035e-22,1.8917995045
2.6461750195e-22,2.2255028168
5.9572551359e-23,7.2141370828
2.0612860383e-22,1.6692020526
2.0598351628e-22,1.6678588993
3.4235876821e-22,3.5011890434
2.5084661806e-22,2.0892881093
2.7198297606e-22,2.3009681085
2.3182037989e-22,1.9080285398
2.0426122109e-22,1.6519129519
2.9649513085e-22,2.5732754713
2.0669030318e-22,1.6744018592
2.1983096738e-22,1.7961619800
1.9180175867e-22,1.5362842846
2.8458863269e-22,2.4360468273
1.9322917991e-22,1.5495695060
2.0877310764e-22,1.6936820211
2.2070496202e-22,1.8042812026
1.8519758142e-22,1.4746195846
1.8600842272e-22,1.4822105425
2.0377866577e-22,1.6474444416
3.3724538439e-22,3.2599568568
2.4089534267e-22,1.9937308545
1.0228372394e-30,15.6757544230
3.1906666930e-22,2.8806430816
2.2882675993e-22,1.8799802585
2.8871723742e-22,2.4823691001
9.1209569998e-36,18.8349603209
3.2369775046e-22,2.9577681461
3.2750675606e-22,3.0278233817
1.6203722341e-31,16.2292180732
2.0010909137e-22,1.6134468024
2.1649481341e-22,1.7652040995
2.0956355377e-22,1.7009992144
3.2504510487e-22,2.9817499965
3.2521155647e-22,2.9847692895
1.9324348893e-22,1.5497026164
2.7209616882e-22,2.3021452983
3.3461801779e-22,3.1854475489
3.3129512123e-22,3.1060680422
2.7031032972e-22,2.2836378606
1.6564768215e-22,1.2891654298
1.7209680703e-22,1.3509448097
2.1484176273e-22,1.7498810340
2.5339917588e-22,2.1141410737
2.7025614907e-22,2.2830784965
3.3164905879e-22,4.1096809870
1.9295087653e-22,1.5469803210
2.0401028163e-22,1.6495892766
9.6089795691e-23,0.5406312689
2.8145415429e-22,2.4016327768
3.0663627602e-22,4.5224393422
2.0279149385e-22,1.6383017833
2.3617032678e-22,1.9489678468
1.9596115378e-22,1.5749623051
3.2554183449e-22,2.9907990884
1.9289281623e-22,1.5464400980
2.3062875407e-22,1.8968525290
3.4268263348e-22,3.5395083923
3.4068384701e-22,3.3913666541
1.8244400939e-22,1.4487930096
1.0730400069e-23,8.6798562868
2.7715623407e-22,2.3553805097
2.0299758550e-22,1.6402106578
4.8430479365e-23,7.4212629600
2.2214973912e-22,1.8177125148
2.9482591821e-22,4.6703214135
1.9413429034e-22,1.5579869035
1.8189611260e-22,1.4436447323
2.1447648088e-22,1.7464962013
3.1113914559e-22,2.7626125978
1.9542576764e-22,1.5699893002
2.0806282478e-22,1.6871070867
2.0427466292e-22,1.6520374191
2.9500239042e-22,2.5554131874
2.2171692311e-22,5.4099493981
1.8789138289e-22,1.4998155718
8.1871972533e-42,21.9140557896
1.7940114498e-22,5.8034785318
2.6208926366e-22,2.2000654543
2.7522235107e-22,2.3348889531
2.1650937631e-22,1.7653391337
2.6264917400e-22,2.2056801929
2.4751547149e-22,2.0570798130
2.0398870924e-22,1.6493895134
2.0197763785e-22,1.6307626880
3.9017455745e-54,26.9639261735
2.8112844625e-22,2.3980911467
1.7521876911e-22,1.3806167556
2.3502725690e-22,1.9381868290
3.1226141440e-22,2.7784776335
2.7596326730e-22,2.3427175857
2.5253824485e-22,2.1057409537
2.0476752562e-22,1.6566009864
1.9978565533e-22,1.6104484073
2.7818527720e-22,2.3663625506
2.2358734280e-24,9.7202851294
3.3458043388e-22,3.1844720855
2.3361546607e-22,1.9248946333
3.7180888277e-24,9.4034338397
3.4234301410e-22,3.7239792367
2.2858072346e-22,1.8776790895
1.5931019358e-22,1.2277182767
2.1600588442e-22,1.7606709690
1.9240040553e-22,1.5418575902
3.0515694896e-22,4.5419176243
2.1171979064e-22,1.7209623588
1.6971993412e-22,1.3282556922
1.7028579345e-22,1.3336653827
2.2266155023e-22,1.8224736516
1.3131940857e-22,6.2794871606
2.7656291758e-22,2.3490736183
5.3281968839e-55,27.2778706308
8.8152053870e-24,8.8216749525
2.7471271282e-22,2.3295196281
1.9142810874e-22,1.5328044397
3.3155666568e-22,3.1118856696
2.8831960042e-22,4.7457822042
2.6010276008e-22,2.1802269135
2.9534830927e-22,2.5595334928
1.8499559787e-22,1.4727276832
2.7211214690e-22,4.9213254166
3.0620524235e-22,2.6954891885
2.1817447087e-22,1.7807842522
3.4290869246e-22,3.6302462786
2.2559566890e-22,1.8498036709
2.2543475948e-22,1.8483031943
3.3486393564e-22,4.0317535934
2.5484808814e-23,8.0018016422
2.7873981679e-22,2.3723040041
3.4099966649e-22,3.8160961153
2.8437136600e-22,2.4336413988
2.4523419264e-22,2.0351570852
2.8660471314e-22,2.4585177834
2.7852231245e-22,2.3699716396
2.7738159324e-22,2.3577808128
2.9090712111e-22,2.5074478754
2.5079780799e-22,2.0888143824
1.8343422306e-22,1.4580893936
2.2597537298e-22,1.8533452293
2.1084682397e-22,1.7128794929
2.2091974433e-22,1.8062771347
2.1122026904e-22,1.7163371180
2.5258540644e-22,5.1174362947
2.0259066659e-22,1.6364415790
2.1532650365e-22,1.7543734364
2.8626727055e-22,4.7688995374
2.5314079961e-22,2.1116181563
1.7315972768e-22,1.3610630484
4.9724326903e-27,12.7003356233
2.3773302612e-22,5.2599013189
2.0355560211e-22,1.6453787121
1.5678794615e-22,6.0206049430
2.4600512443e-22,2.0425540357
2.5150474019e-22,2.0956809507
2.3370894851e-22,1.9257740148
1.9433704853e-22,1.5598718629
3.3386690546e-22,3.1663380619
1.7060942313e-22,1.3367570124
3.4115261735e-22,3.4158473249
2.1925633364e-22,1.7908259641
3.4270488288e-22,3.5429171031
1.8683451141e-22,1.4899380331
2.0206912177e-22,1.6316102224
2.3183488780e-22,1.9081647027
3.7864369425e-24,9.3917630192
7.1698814209e-23,7.0181439402
3.3365343643e-22,4.0625896337
2.4150678253e-22,1.9995488343
3.3205661979e-22,3.1231859124
2.0051325833e-22,1.6171931218
2.4776196779e-22,2.0594549264
2.5815100370e-22,2.1608544207
2.0035468225e-22,1.6157233055
3.4235981408e-22,3.7223454767
1.7789862301e-22,1.4059788360
2.1335204546e-22,1.7360790513
2.3949331518e-22,1.9804132095
1.6732912299e-22,1.3053406367
1.9481780442e-22,1.5643403187
2.8771502633e-22,2.4710133762
2.0162652870e-22,5.5961272235
2.0030848840e-22,1.6152951270
2.2517561279e-22,1.8458870886
2.1915788863e-22,1.7899119772
3.0426389756e-22,2.6701107976
3.4291850827e-22,3.6005329608
2.6989460511e-22,2.2793490434
2.4514868985e-22,2.0343374101
1.7115089898e-23,8.3260095775
3.2979313068e-22,4.1498448269
1.8733289995e-22,1.4945971811
3.1959584479e-22,2.8890933736
2.8933241023e-22,4.7342603363
2.3362432418e-22,1.9249779562
2.0510150968e-22,1.6596932551
2.2118091277e-22,1.8087044836
2.7244260652e-22,2.3057517478
3.1064650877e-22,2.7557234856
2.0626691432e-22,5.5531544791
3.0980545582e-22,2.7440636076
3.0409179033e-22,2.6678861522
1.9695158611e-22,1.5841583006
2.4851225466e-22,2.0666921847
2.9288512481e-22,2.5304329942
3.3386501128e-22,4.0573460768
3.4292375736e-22,3.6155437679
7.8490088976e-24,8.9036322459
1.6400106416e-22,1.2732753651
2.8953117485e-22,2.4916469111
2.1797239718e-22,1.7789092306
3.3011767397e-22,4.1430246876
2.7085875528e-22,2.2893068226
1.8234473871e-22,1.4478604592
2.0962050737e-22,1.7015264501
8.4408543187e-25,10.2853119130
2.9720932079e-22,4.6417381504
2.7058802265e-22,2.2865067206
3.3838088472e-22,3.2973570942
3.2025726184e-22,2.8997763389
2.6857047325e-22,2.2657360849
2.4989988649e-22,2.0801093418
3.4277861426e-22,3.5556713561
2.2765576935e-22,1.8690331244
2.7234494964e-22,2.3047345878
2.4661561033e-22,2.0484198391
2.0318899863e-22,1.6419834954
2.2382999973e-22,1.8333497607
1.7456546031e-22,1.3744191318
3.3578899726e-22,4.0066510753
3.1283326291e-22,2.7866565754
2.2654534361e-22,1.8586636628
2.0313849742e-22,1.6415157687
2.0558045753e-22,1.6641274692
2.1606966587e-22,1.7612622733
2.0564256295e-22,1.6647024378
7.9855220233e-26,11.4869583271
3.3384101605e-22,4.0579436923
2.1005930158e-22,5.5180483563
2.2243203341e-22,1.8203383553
3.4063789245e-22,3.8345270782
2.3187966065e-22,1.9085849301
2.0298147883e-22,1.6400614769
2.3754858249e-22,1.9619907870
2.0660664402e-22,1.6736274161
2.2355335235e-22,1.8307738299
3.0631170631e-22,2.6968965789
2.1542768206e-22,1.7553112144
2.6747871567e-22,2.2545648766
2.4235772432e-22,2.0076562078
2.0166267210e-22,1.6278445860
2.8341989510e-22,2.4231432178
2.9600993747e-22,2.5674459989
2.2249831791e-22,1.8209549940
3.2569952611e-22,4.2299403397
1.8553963224e-22,1.4778225571
2.3088524394e-22,1.8992567946
1.9709570213e-22,1.5854960046
2.5034937485e-22,2.0844646782
2.3468455926e-22,1.9349579699
2.7599150858e-23,7.9339758486
6.5930430311e-32,16.4906990101
4.2178718296e-88,37.1552778480
2.1178507686e-22,1.7215668946
2.1662021830e-22,1.7663669391
2.1558821075e-22,1.7567991524
2.0341913880e-22,1.6441149181
1.9223690260e-22,1.5403356402
2.0571321898e-22,1.6653565628
1.9145097082e-22,1.5330173844
1.0840548440e-22,6.5338220179
2.0356409811e-22,1.6454573929
1.2529302914e-22,0.8796503225
3.2341027065e-22,2.9527515965
2.7164958091e-22,2.2975041289
2.0869403477e-22,1.6929500552
3.4290746242e-22,3.5926826739
2.3575981715e-22,1.9450940670
2.3518174133e-22,1.9396428609
2.7027474348e-22,2.2832704523
3.1287813077e-22,2.7873011005
3.1107746520e-22,2.7617475913
2.9670048349e-22,2.5757497211
2.5557096825e-22,2.1354153065
3.0356595953e-22,2.6611138072
2.2959094259e-22,1.8871313851
2.0033643187e-22,1.6155541405
1.5921974474e-22,1.2268354085
2.9635248515e-22,2.5715592217
9.5081040768e-23,6.6957176040
3.1798067369e-22,2.8635571603
1.6562792243e-22,1.2889750429
3.1402303504e-22,2.8038897001
2.3100495887e-22,1.9003792102
1.7321871704e-22,1.3616240921
5.5154984296e-23,7.2925691777
3.3314528984e-22,4.0749539611
3.4267019206e-22,3.5376704974
2.6056064648e-22,2.1847885656
2.6285409587e-22,2.2077377445
2.9305645806e-22,2.5324395809
3.0882970230e-22,2.7306907798
3.2490941819e-26,11.8994493764
2.0520772701e-22,1.6606766634
2.1944049338e-22,1.7925358772
3.2817394755e-22,3.0408875599
1.8174978486e-23,8.2785228707
1.2581030301e-22,6.3383909107
3.3600854684e-22,3.2231709198
2.1464238240e-22,1.7480334562
3.3998043975e-22,3.8646470473
2.9241010677e-22,2.5248830366
3.0202259944e-22,2.6414429602
2.6408281019e-22,2.2201047873
2.1624187031e-22,1.7628588164
2.9522612253e-22,2.5580768148
2.7133252628e-22,2.2942144446
2.4079886085e-22,1.9928133737
2.0109547360e-22,5.6010480164
1.7935115760e-22,1.4196871028
9.6033979281e-31,15.6951121924
3.3739606458e-22,3.9589420946
1.6140295687e-22,1.2480977606
1.9846965674e-22,1.5982446391
3.2412576987e-24,9.4906242262
1.1474558383e-37,19.8655718308
3.1591368840e-22,4.3917193417
2.0411139102e-22,1.6505255523
3.0395556733e-22,2.6661281640
2.0923505407e-22,1.6979582399
6.5595875047e-23,7.1136188711
2.8274460294e-22,2.4157270187
1.8850852028e-22,1.5055789779
2.0986908964e-22,1.7038276742
2.8127844244e-22,2.3997213743
3.1125904412e-24,9.5161106619
1.9558419388e-22,1.5714610177
2.3477897273e-22,1.9358473723
3.6885601188e-33,17.2954802236
2.4949672532e-22,2.0762067601
3.2908524582e-22,3.0591855938
2.6445580281e-22,2.2238693061
2.0165630710e-22,1.6277856127
2.1541547644e-22,1.7551980842
2.7294041009e-22,2.3109433711
3.3904997804e-22,3.3215761521
2.7275468277e-22,2.3090050990
3.3179170328e-22,3.1171680856
2.3695230043e-22,1.9563533330
2.0449937703e-22,1.6541181607
3.1211095827e-22,2.7763365480
2.2306610390e-22,1.8262382422
1.9079641770e-22,5.6967177135
2.7726394900e-22,2.3565274535
3.1718392712e-22,2.8512299126
3.3214008935e-22,4.0985405191
2.0380739026e-22,1.6477104444
1.8199422460e-22,1.4445668746
2.0580030255e-22,1.6661627653
2.8700455533e-22,2.4630075541
2.7287564821e-22,2.3102673306
2.1006388574e-22,1.7056310129
2.5833002623e-22,2.1626266095
2.8653787378e-22,4.7658685823
1.6966201108e-22,1.3277016473
1.4170794985e-22,1.0521324627
2.0042687049e-22,1.6163924168
2.4194454028e-22,2.0037180411
3.0633218915e-22,2.6971675422
1.7462947284e-22,1.3750266518
2.1121342121e-22,1.7162737142
1.8985365593e-22,1.5181305005
3.1382372692e-22,2.8009818939
2.9366813351e-22,2.5396242840
1.8430646587e-22,1.4662698783
3.1059582987e-22,2.7550173094
2.1716050108e-22,1.7713775011
1.5672959462e-23,8.3947253345
2.2020191340e-22,1.7996074801
2.1136876182e-22,1.7177120246
2.1105943422e-22,1.7148479702
1.7049952662e-22,1.3357073599
2.0636237465e-22,1.6713661601
2.2095623652e-22,1.8066162762
2.9632150571e-22,2.5711867559
1.9915378580e-22,1.6045896406
2.8220813933e-22,4.8137813876
1.6753401884e-22,1.3073082959
1.9368938531e-22,1.5538499638
3.1153839290e-22,2.7682289248
3.3151858286e-22,3.1110346625
2.6527240708e-22,2.2321283049
2.5326936668e-46,23.9085005213
2.8926720041e-22,2.4886324194
2.4781112058e-22,2.0599286896
2.9569442378e-22,2.5636674839
1.7409401996e-22,1.3699430724
1.8332749156e-22,1.4570878621
2.3605588428e-22,1.9478876796
2.6079432690e-22,2.1871191162
2.2736375716e-22,1.8663051810
1.8638791479e-22,1.4857611937
2.5774817857e-22,2.1568701641
1.9593381332e-22,1.5747083852
2.1836569929e-24,9.7346089281
2.4106673250e-22,1.9953610399
2.4463669412e-22,2.0294320622
2.5095067734e-22,5.1333386882
1.7923341975e-22,1.4185769162
2.6901983555e-22,2.2703478403
2.7399300223e-22,2.3219582866
1.9797441077e-22,1.5936502844
2.0274567175e-22,1.6378773545
1.8891315882e-22,1.5093561817
3.2021120908e-22,2.8990280452
1.9585027841e-22,1.5739325454
2.5351466972e-22,2.1152693567
3.1373582866e-22,2.7997022255
1.9584482644e-22,5.6497550222
2.0225100021e-22,1.6332951368
1.8883006075e-22,1.5085805885
1.6440368547e-22,1.2771653824
2.7698555129e-22,2.3535643167
1.8738007186e-22,1.4950380523
1.9758473397e-22,1.5900345623
1.8820496387e-22,1.5027444779
2.3364186594e-22,1.9251429639
3.3805336181e-22,3.9374953800
1.0910738171e-22,6.5256228998
1.9579015434e-22,5.6502628162
2.5433321375e-22,2.1232756051
3.1998213656e-22,2.8953159541
3.4179074374e-22,3.4551344156
7.5079154510e-26,11.5159352054
3.0195307575e-22,2.6405638874
1.9682688868e-22,1.5830007648
1.8836675599e-22,1.5042553283
2.9833418658e-22,2.5955863989
3.0840596186e-22,2.7249331794
1.8866839709e-22,1.5070715473
2.0028757876e-22,1.6151013097
1.9737089661e-22,1.5880501335
3.2260266316e-22,2.9388355174
2.8895179569e-22,2.4850375944
1.8912424668e-22,1.5113261164
2.6136717678e-22,2.1928396124
1.7633972694e-22,1.3912370646
2.1250575449e-22,1.7282407004
2.6149440264e-22,2.1941115196
3.0088846661e-22,2.6271757724
1.9485886371e-22,1.5647218905
3.1618719242e-22,2.8360417513
2.2913036458e-22,1.8828206660
2.0128166509e-22,1.6243142677
2.1367155531e-22,1.7390387720
3.2143597802e-22,2.9191663685
1.1869764702e-22,0.8072407543
6.3213606572e-40,21.0114458896
2.4359562883e-22,2.0194728948
2.9467008892e-22,2.5514656318
1.4537674871e-22,1.0894208584
2.1814206660e-22,1.7804835640
2.0985597028e-22,1.7037062218
1.7736935646e-22,1.4009773312
3.3542154063e-22,3.2068365557
2.5744799879e-22,2.1539041934
3.3216427391e-22,4.0979856561
2.0061392359e-22,1.6181261308
1.8502137784e-22,1.4729691758
2.2389328740e-22,1.8339391241
2.2100574439e-22,1.8070763917
2.2106016308e-22,5.4160547670
2.7123187006e-22,4.9304659573
2.1831806778e-22,1.7821167849
2.0442822181e-22,1.6534593068
1.8839433626e-22,1.5045128574
2.2696173945e-22,1.8625508182
3.4208183795e-22,3.4767690815
2.0781606296e-22,1.6848228774
2.4090236654e-22,1.9937976529
2.3933029614e-22,1.9788667337
2.2869506733e-22,1.8787484709
1.7467898010e-22,1.3754964678
2.6492294995e-22,2.2285910356
3.4287609099e-22,3.5794999884
1.8771229075e-22,1.4981424474
2.4753365638e-22,2.0572549901
2.0492918878e-22,1.6580978003
2.0059041804e-22,1.6179082741
1.4879470356e-22,6.0998293956
1.8856543832e-22,1.5061103741
2.1309190799e-22,1.7336694919
1.7547796884e-22,1.3830740165
1.3904874779e-22,1.0248435240
2.8068014748e-22,2.3932266635
3.3247491675e-22,4.0908051198
2.6154208977e-22,2.1945883938
3.1262061245e-22,2.7836074293
3.2084473522e-22,2.9093823461
2.0082039056e-22,1.6200396572
2.9285666735e-22,2.5300999587
1.1981350043e-22,6.4040012797
1.9294238170e-22,1.5469012821
3.3773009145e-22,3.9482089491
2.1990645271e-22,1.7968630595
1.8742616474e-22,1.4954688203
1.5524836205e-22,6.0357436551
8.9507292327e-45,23.2465937112
2.4108844350e-22,5.2280693507
2.4498336326e-22,2.0327528986
2.8735182444e-22,2.4669161759
1.9756705262e-22,1.5898704855
1.8055457669e-22,1.4310250845
2.9294202920e-22,4.6925377781
2.8691393253e-22,2.4619889763
2.5605702657e-22,2.1401936858
3.4268733578e-22,3.5402153004
1.6729525924e-22,1.3050153656
2.4250466752e-22,2.0090574734
2.9670460043e-22,2.5757993682
3.3625158010e-22,3.2301295851
2.1289059299e-22,1.7318048868
5.1830145910e-23,7.3546633288
2.7262295272e-22,2.3076312962
2.0391763335e-22,1.6487313358
2.4025139844e-22,1.9876102216
2.4592230985e-22,2.0417588884
2.6217165674e-22,2.2008910350
1.7516453448e-22,1.3801024841
2.5931215247e-22,2.1723657825
2.4298992079e-22,2.0136875825
3.3577916134e-22,3.2167109340
2.2705420110e-22,1.8634141734
3.3470959622e-22,3.1878333358
2.4893774919e-22,2.0708018516
3.0740519383e-22,2.7114504397
1.9325366177e-22,1.5497972490
2.6710212113e-22,2.2507222041
1.7071326847e-23,8.3280223856
1.2105202079e-22,6.3903144702
3.3946490875e-22,3.3376415871
3.2331751183e-22,2.9511401287
2.4284546265e-22,2.0123087825
2.3587741108e-22,1.9462035115
1.7650877351e-22,1.3928371971
3.4231058775e-22,3.4965695591
2.0416717160e-22,1.6510420747
2.2207643466e-22,1.8170307357
1.3958646723e-32,16.9300647793
3.1879099635e-22,2.8762738888
2.9149768396e-22,2.5142762795
2.8984976410e-22,2.4952922479
2.1996872593e-22,1.7974414527
2.2093067838e-22,1.8063787499
1.7410545828e-23,8.3125316312
3.3820529095e-22,3.9323402433
3.1844900982e-22,4.3527526454
2.7220539566e-22,2.3032817824
2.2965823060e-22,1.8877613354
2.1124577441e-22,5.5070636586
3.3932487352e-22,3.3321186898
1.6493485791e-22,1.2822927702
2.0543745000e-22,1.6628034979
3.0210432343e-22,2.6424770565
1.7790304191e-22,1.4060205791
2.8976615412e-22,2.4943348097
1.9738525952e-22,1.5881834289
3.2174837428e-22,2.9243848283
3.0660216567e-22,2.7007448376
2.1125983794e-22,1.7167034866
2.3219516526e-22,1.9115468230
3.2144021989e-22,2.9192369979
3.4166426834e-22,3.4466100256
2.4020517812e-22,1.9871711591
3.4632997316e-36,19.0689637671
3.4266343585e-22,3.5366912523
1.9272614581e-53,26.7089820401
1.7124370924e-23,8.3255832636
2.0248369923e-22,1.6354507342
2.1153722605e-22,1.7192718873
2.9972456787e-22,2.6126911336
2.6715781525e-22,4.9723467812
1.6693900897e-22,1.3015922642
3.1717780228e-22,2.8511358041
3.2116788170e-22,4.3089218650
2.3330432992e-22,1.9219685662
2.2498656707e-22,1.8441248878
1.6435100917e-22,1.2766566123
1.9375780706e-22,1.5544862581
2.4330047685e-22,5.2069839492
2.2855376040e-22,1.8774269403
2.1789288043e-22,1.7781714520
3.4234147296e-22,3.4995090075
2.2249049004e-22,1.8208821705
1.7071647952e-22,5.8858575772
2.7344794637e-22,2.3162481171
2.5602618000e-22,2.1398902461
2.1642361992e-22,1.7645439712
2.2987033324e-22,1.8897473396
1.7239960956e-22,1.3538289986
3.1493272287e-22,2.8172728859
2.5016987070e-22,2.0827248162
2.2536986424e-22,1.8476981060
5.5474908447e-24,9.1413963869
2.0803705040e-22,1.6868685001
2.8566341673e-22,2.4479919772
1.9326340416e-22,1.5498878768
2.3681752593e-22,5.2685571045
1.9308463098e-22,5.6754121699
2.1058466809e-22,1.7104523674
