sampled_beta
2.5249823419
1.3094822217
1.3911649611
3.2120972312
1.2325334573
2.2331741241
1.4904274468
3.9069733733
1.2669730849
1.7338505403
2.0067691088
1.6393089942
1.2758812975
1.2686455278
1.6007666690
4.8775897971
1.2123951141
3.1725466351
1.2241130940
2.2278891620
1.9528443242
1.4642442191
1.3880928925
2.4844539582
1.6957202352
1.7369218393
4.5377835870
1.2356216805
1.3870491061
1.4185744088
1.8271973885
1.3035812900
1.6852260551
3.0128170159
1.5814949042
1.2509316598
1.3043443995
1.3454036595
1.2737539245
1.3996751339
1.2073130489
1.2958051552
1.3080783344
1.9849294748
2.5810872139
1.2775110192
1.2342273019
1.2593565701
1.3590330125
2.1411367530
2.0993662981
1.2058843884
1.6605777130
1.4350675122
1.3032128129
2.0459250235
1.6761547475
2.5054458801
1.4389983177
1.3551702971
1.6709594078
1.2671806987
1.5437371206
1.2268919468
1.2377461472
1.5452883119
1.3065327896
1.4627822459
1.2831470650
1.2142493645
1.3685931655
2.4697894774
1.7396745515
1.8095151989
1.6164170885
1.1266709296
1.5669530461
1.1667108263
4.4938977596
1.5860657727
1.2653069641
1.5932561838
1.4659169140
1.3016147298
1.5962702757
1.5612919059
1.4892846274
1.4878547785
-0.1252044319
1.2664565591
1.5251902383
1.2781229818
1.2607225011
1.4161593011
1.2956891775
1.7541789853
2.6246448005
1.3391222501
1.2172675690
3.5708115747
1.2241596930
2.2410885853
2.8182133607
3.7879477044
1.3637836938
1.3850189515
1.5780034683
2.6251677158
2.2926849807
1.5323387490
1.4609288721
2.3392123007
1.2214015253
2.8279640364
2.5263974773
1.4675241352
2.2649067964
1.7804078546
2.1811614966
1.2821080282
1.2607650317
5.2404842781
1.7683718515
3.3798696631
1.3185916344
1.3536435425
1.2081117563
1.3482975047
2.6032673048
1.4372903630
2.2364546898
1.3992731437
5.2632928402
1.9490244319
2.9956318306
1.5104956954
2.2286809440
2.7180528371
1.3170472224
1.2723967724
1.2493870848
1.4040403666
1.7140606469
1.2873357477
1.4699631041
1.3083735989
1.8671621344
1.5618528415
5.4818471784
1.1439857438
1.1833920739
1.4213959686
3.3241881446
1.5016493046
2.2726613977
1.3406772568
2.1675869828
1.3000556022
7.4346353023
1.3070046034
1.2023465716
2.3623627739
2.2495821758
16.1029388800
1.3967904810
2.0538889195
1.2092234197
1.4162051860
1.7100173039
1.2415927718
1.6291132263
1.4441870949
1.6266040955
1.3355367244
8.8141103145
1.2955587298
13.3358990859
1.2296595943
2.2975925901
1.1981334448
1.2569215976
2.5528837915
2.1013617124
1.2505375641
1.2748436488
1.1910299344
3.7265578375
1.5471957518
1.2572631083
4.8204185698
1.8571144279
3.5710598317
-0.0127947771
2.2149060280
2.8313532120
1.4837434129
1.7777555726
2.9656089686
8.1753335743
1.3337990129
1.2481014302
1.2383524938
1.3868711149
1.2480421410
2.8736219265
1.3385032895
2.5704560822
1.3019446882
12.0842438234
1.2146804110
2.4806688849
1.4389463300
1.9488970334
1.4040987569
2.5228830856
1.6291559816
1.3593593186
1.2748977810
2.0334164538
2.3345253934
2.2738182083
1.6044240209
1.2497088306
1.7303327220
1.3080784534
1.2800934464
1.9416935849
1.4394250042
1.2034340229
1.2622933540
2.6548974856
1.5638587170
1.4553516299
2.4260478577
1.2271870326
1.2132532746
7.0951420186
3.3719549781
1.7192234571
1.2302326048
1.4899609665
2.5767854740
1.5340980136
13.6165442810
1.2375378121
2.1202622696
1.4477932013
1.2280269495
1.7471012126
1.4625970853
1.5722564706
9.3987887386
1.3604286885
2.0790979456
1.0682262235
1.2420650433
1.8008789712
1.8370629977
1.7444077824
2.0923953026
4.1633074868
2.3951575401
