sampled_theta1
0.8795629152
1.2786484511
0.3603782761
1.2251558584
2.4313629609
2.9102293458
1.9824245985
1.2976914489
0.6173402181
0.6096718944
0.7583464132
0.5785626264
1.7247714380
0.2016829397
0.7262310987
2.5770053993
0.0312371204
1.1896986224
0.1975319535
0.8990882333
0.6704591213
2.1597965622
0.4792098006
1.0197240679
0.6396030807
0.7856269205
1.8610519032
0.2007288752
0.4629256140
2.7329396484
0.7575935177
3.3740308116
0.5512910610
0.9370683369
0.5541892019
0.1882776624
0.2425856403
1.2060993349
0.1996213552
0.4439358663
0.0129346902
0.1773991046
0.9744809081
1.4599157420
1.3435075727
0.5696263964
0.2866373796
0.2120027673
3.8626307699
1.8998908964
2.1280471447
0.0154966416
0.5416909951
0.4682862616
1.9027199133
0.7323037999
1.5914547562
0.9380450095
0.3782956984
1.4407267666
0.5528642946
0.2533164625
0.5338670006
0.0362347268
0.1389611083
1.3243725531
1.4257775273
0.4930384161
0.2534051301
0.1165144132
3.6401249098
1.1917780562
0.7429178672
0.7344500534
1.7367158126
2.3784863598
0.6661922353
2.7818117967
1.2692923805
0.5060495809
0.2943605434
1.4690118379
0.9245384921
1.0349211861
2.6408910145
2.2771557533
1.3271532351
0.7168050212
4.5804799616
0.2552851622
0.4797478539
0.2342259993
0.1635795156
0.3856890751
0.3826915548
1.1530034157
0.9682974247
0.6307580925
0.0972322927
1.8673426929
0.1668136633
0.9559664228
1.6584417945
2.1546074916
0.3931968702
2.3133704831
0.5125817064
0.8728710033
0.8275091662
0.5455465883
0.4118896705
0.9520864050
0.1533277234
3.1840162592
1.4905076324
3.4693490726
1.0080995082
0.9795530779
1.0231110093
0.2912309478
0.2466778526
3.4843517817
0.6771119793
1.6560457436
0.2997971956
0.2800699010
0.0494236275
0.8758964750
1.5709067667
1.0312858088
1.1062032538
0.3430287047
2.1972113476
2.8953756309
2.4243673619
0.5514793214
1.1563603407
0.8800337600
0.5450909985
0.2682517595
0.2574210239
2.6149928162
2.3318525134
2.1721925219
0.6475847069
0.2095316204
0.6838182348
0.9542128163
2.0489699260
2.4335885854
2.2110776326
1.4176904240
1.0817439783
0.5204111106
2.8091717292
0.2887516934
2.7332862822
0.3089102546
2.6196353146
1.1310454249
2.9309279173
1.8717523228
1.7938653051
4.1175973883
3.2688197527
0.7074763223
0.0067924961
2.8187571539
2.0170459303
0.1297029571
2.8962307810
3.3215872930
4.7672230655
0.3561063849
2.5713494626
0.1768761251
3.2788160114
0.2579981342
1.4142718055
3.1470911094
1.8527554066
3.1130155995
1.1209178995
2.3200795647
0.1277226730
0.0011613445
1.0858447484
0.5678876754
0.1203876713
3.6820658217
2.1312891704
1.3449501112
4.4355075052
2.0397641595
1.8476034923
0.8772520451
0.8825606346
1.1838565529
1.9735870902
0.2933218735
0.1661518014
0.0421277920
0.3251593810
0.3070944180
1.0099259750
0.3086227605
0.8477184119
2.2791147631
3.3024788556
0.1059780814
0.8944239802
1.6037674133
0.6690680550
4.2234583874
2.6085000181
0.5673792683
4.4665069942
0.2824218951
0.8043184146
1.2570741182
0.8291398140
4.8221666374
0.1088804394
0.5745059570
1.4747464446
1.7330593634
1.8058470463
1.5242588371
0.0416072335
0.2602240411
2.1422624047
4.5073468957
0.4351994955
1.0548988488
2.2327311193
0.0723831172
1.3682002658
1.7963595095
0.5704879510
0.1881103356
1.7573936762
1.6607978074
1.7896348389
2.9965866477
0.8974046968
1.0087263433
0.4514772966
0.0638401085
0.5856842250
0.3990145998
1.3646669585
2.4307558551
1.1105982123
0.7414770189
3.0641574197
0.2141471847
1.4552355562
1.3531056534
2.1926683248
1.4899470911
2.4221649575
0.8410858514
