sampled_theta2
4.5653852478
0.1132271330
0.3571013126
1.3152590262
0.3277993339
0.6360903715
0.3658818662
1.6421107339
0.0461158276
0.7626076135
4.4495994732
2.2988639124
0.1448399346
1.0753045684
0.4345415064
1.1182882297
0.6442277811
1.3323132503
2.7094729472
0.9442781918
1.3993616416
0.3783473852
0.2576410151
1.0306210672
3.9574905683
0.5477739548
1.4010828981
1.9834641769
4.3300034071
0.0410421263
0.6673296349
0.0081007637
1.0844688091
2.4439572388
0.5371356313
0.1009784379
0.2071526174
0.1762840745
0.9544086440
3.1486464256
3.6732743911
0.3000769657
0.1004014267
0.5409462154
0.8597838609
0.0796790435
4.1095883940
1.4206941222
0.0128459902
0.5775232214
0.5681629734
0.8647126072
1.2055848264
2.9360943561
0.2555269441
1.0791347284
0.4094174028
1.1751772526
0.7307857337
0.2153400861
1.3599523718
1.8986617080
0.4898462088
0.3774070578
1.0308611159
0.3338955994
0.1033789104
3.1176785308
1.4704660049
1.6417647283
0.1066643195
0.8802841290
0.5781858595
0.6692549247
0.3930578740
0.1977084700
0.4228960628
0.3737943542
2.1061410773
0.6822656462
0.1050503072
0.3657493339
0.2762608407
0.0587424803
0.4792594598
0.4266111580
0.3008762767
0.3187616327
0.4341204957
1.9577383198
1.4216939702
1.2953181245
0.8256654388
1.1470025419
4.1587714333
0.4567819922
1.2408967345
0.1627389663
1.1359763152
1.0343444647
1.9037894247
0.8916603922
0.8370276033
0.9907264315
2.4576175618
0.0353505822
0.6204785018
3.1810125857
4.2685611010
3.4351577803
1.0112581921
0.9841561323
1.8129667250
0.7449773710
0.7704916944
0.0370159376
0.8651101227
0.5073202986
0.7890065483
2.2317977035
1.9652218629
1.0432743231
4.5046064954
1.0716074714
1.4163202995
0.4087509867
2.0708012614
0.1635850100
0.7781044573
0.2518076652
0.7779037635
0.7632616976
1.4055526826
0.5823785222
0.7691904355
4.7740432760
0.7461987114
2.4812671310
0.1425874563
2.0366330080
2.5815936661
0.0337062346
0.4776339216
0.0079191539
0.3153493210
0.4995607772
0.8467704045
0.3502519482
1.5911419284
0.2764399384
0.2310530883
0.2643413373
1.6781133315
0.4245718737
0.6370609522
0.2867814868
0.6126396316
2.0997370991
1.6960970109
0.0533748261
0.4143230973
0.6445189396
0.6144429912
2.0388981799
0.0919095330
1.4206642565
0.0306842140
0.0660156696
0.4490088086
0.8584857011
0.5168251795
0.0792505523
0.0588600668
2.2291650465
2.1028413080
0.3710489672
2.3972863566
3.9102062242
0.6881175941
0.1295166073
0.1862301661
0.7007062548
0.6797499267
0.0042589154
0.2781509650
1.5716905477
2.2058933427
4.4277980751
0.5281535142
0.9905094809
0.5020024890
1.3947430076
0.2768309075
0.5977559048
0.7911995178
0.2938872150
0.5388846397
1.2031793084
2.4747108276
0.2550495565
1.0965264780
0.1971819438
0.4544126366
3.8015861156
1.4097686936
1.1599896089
2.2324613909
0.3299262447
2.1123522096
1.3941389431
1.2585994701
0.2955590050
1.3715630771
0.1136020976
0.6755026910
0.6161085649
0.6647240408
2.2575918122
0.8606349756
0.7633784715
4.6383197935
0.0982001718
0.5525703518
1.1164174635
0.0968255954
0.1855929757
0.5146839423
0.2870404139
1.6614019167
2.1849017950
0.7076272240
0.0443133000
1.4479754670
0.9500653778
0.2787763844
2.2087525520
4.6320862368
0.9946472741
1.2151523097
1.9884449556
0.3394367561
0.7438876610
0.3628613141
2.7664307107
0.0050567996
0.7516122642
1.9168675755
3.1331088880
1.3103079183
0.7309814297
0.3504035915
2.3761485933
0.1854440435
2.6952537492
0.1557903069
1.9797240393
0.4615027537
0.4824642484
0.4739122398
0.5832401851
1.0094698286
3.8210091591
