likelihood_theta2,theta2
4.0888925716e-19,0.3929263532
4.9936093239e-18,0.8024862594
3.6684464610e-23,2.0708527537
3.6937599612e-34,3.0157811079
8.9194991157e-20,0.2625797556
5.6500072811e-23,2.0502460549
3.9767738917e-18,0.7307628436
2.8555485980e-20,0.1830308583
4.3470277565e-57,4.8904075701
7.1548038149e-58,4.9701748202
7.1014168846e-26,2.3407737417
3.1770101666e-19,0.3686587340
1.2717595697e-18,0.5235749044
1.5476593147e-19,0.3058035835
4.4800284417e-20,1.6679492396
1.0797651583e-29,2.6681135335
2.1935745268e-20,1.7175029359
2.3795400734e-21,0.0467288423
5.3418157278e-18,0.8312115633
2.4709034686e-19,1.5325544992
6.8016518427e-21,0.0975452038
4.3247558336e-18,1.1466017438
3.8030332929e-19,0.3858188989
1.0867544465e-20,0.1237457697
1.1946246672e-18,1.3691126449
8.1801298771e-21,0.1076535064
9.2759613486e-19,0.4828200138
2.6765360601e-18,0.6425078972
8.4086458333e-19,1.4108163200
4.9477161849e-50,4.2423674973
4.4416526164e-21,0.0753568262
7.1491694316e-26,2.3405058367
2.0267270132e-18,0.5931879043
4.9508831634e-20,0.2200250979
1.1080502072e-20,0.1248678658
2.5041912390e-20,0.1745615358
1.5561634949e-26,2.4005634312
2.8347796541e-35,3.0998127293
1.0671801773e-53,4.5650101824
3.2389388513e-20,1.6908657293
3.9563658021e-29,2.6221513938
2.8067198259e-18,1.2421838241
3.0906845504e-36,3.1719308289
4.6167052242e-41,3.5328573833
6.5205551839e-21,1.7951818325
2.4407063405e-51,4.3544259088
1.1324035925e-20,0.1261283372
1.2648202143e-18,0.5228304932
7.9717091378e-21,0.1062230202
3.1994439782e-20,0.1904739793
5.3183654230e-18,1.0754907741
1.3231381037e-20,0.1352576446
5.7086105277e-18,1.0378110193
1.3713631630e-36,3.1983093939
1.3464128366e-19,0.2945252254
2.5720914121e-49,4.1822022192
1.3287002136e-21,1.8877232679
2.2393613206e-20,0.1674552249
2.0985671042e-20,0.1633700967
3.3067852021e-37,3.2444327779
5.5845100972e-26,2.3503556313
1.0020748739e-19,0.2714125619
3.8662728526e-18,1.1755507278
5.9708069818e-18,0.9996542173
1.6400215801e-18,0.5599077004
1.1217461689e-19,1.5987380628
6.8824416607e-19,0.4477738851
1.6745681410e-19,0.3123003601
1.2462962215e-18,0.5208303673
4.7181471510e-18,1.1205270617
5.7494649695e-18,1.0330048287
5.7418839703e-18,0.8721790787
3.0113353890e-19,1.5147328673
3.3819107494e-18,0.6911082903
5.4539925176e-18,0.8414931061
1.1805189263e-20,0.1285508843
1.0728305993e-20,1.7641690655
5.5163717242e-26,2.3508439128
3.1541545572e-31,2.7903335480
6.0789267961e-18,0.9428214082
3.2304871069e-18,0.6809172350
4.7491770506e-19,0.4079845219
1.2510820653e-19,0.2886803099
4.1514191701e-18,0.7424869755
4.5694050515e-18,0.7712540882
2.0283973077e-19,0.3284746190
9.0918765817e-19,1.4018878609
6.9919262544e-54,4.5819004790
2.0842212477e-49,4.1898338110
3.2474336567e-29,2.6291818066
1.7758463060e-20,0.1530103108
1.2183017436e-21,0.0236089850
8.3602999057e-20,0.2577308913
1.7149430569e-18,0.5666759825
5.3037648020e-18,0.8278637794
2.6023831696e-20,0.1770287824
6.6351778431e-22,1.9255477096
4.0671551978e-21,0.0709984758
1.0916065247e-21,0.0205985718
2.9667426942e-20,0.1855199972
1.8240824428e-56,4.8283124119
2.9349018841e-23,2.0813719533
3.7864978077e-18,0.7180784551
5.0063138850e-22,1.9405143393
3.1335570675e-18,0.6743419821
1.4033909087e-20,0.1387584764
3.6265277759e-18,0.7074361700
1.9467725248e-18,0.5866146728
2.0705158587e-35,3.1100558024
5.4617639767e-22,0.0039101868
4.2511572834e-18,0.7492413914
5.1588892638e-18,0.8156372694
5.9893613023e-18,0.9957371700
5.4809070912e-18,1.0611368057
2.7381600129e-18,0.6469011214
1.5283725883e-19,0.3047777124
1.8879846890e-18,1.3070854587
2.3356997735e-18,1.2739699662
2.0758032701e-18,0.5971554186
1.6336002570e-18,0.5593192745
5.3388479017e-18,1.0737560825
1.8236806491e-18,0.5762037374
1.8043544767e-19,0.3185346167
1.1757078088e-19,0.2837866808
2.5294660740e-19,1.5304733535
1.0724858186e-20,0.1229832133
1.5981889129e-19,0.3084416077
2.9795992654e-18,1.2310181225
3.0782490381e-25,2.2812280400
3.8911978040e-19,0.3880539948
2.3093640956e-18,1.2758245962
1.9979611161e-21,1.8648317936
4.6776074243e-18,0.7789628881
2.6902833982e-19,0.3533548619
5.4167003973e-20,0.2263134641
4.1836117637e-18,0.7446615232
1.0653254410e-18,0.5001786754
6.0732137158e-20,0.2344195821
5.4675005207e-21,0.0859623343
3.4107722667e-21,0.0625682136
5.2921648649e-21,0.0842705426
5.8331455921e-18,1.0222197389
1.1024929622e-18,1.3790201228
6.7709308303e-22,0.0093487787
1.8061308237e-18,0.5746881477
3.1535709208e-21,0.0589456424
1.0942369778e-24,2.2280981420
5.9965984932e-18,0.9941091078
5.3314110757e-20,0.2251983278
3.5018543181e-18,1.1981841410
5.3536212595e-18,0.8322634994
1.1469735063e-20,0.1268712182
1.8299578821e-18,0.5767438555
7.6027802310e-19,0.4591297695
1.5517056260e-20,1.7404251042
2.2974970220e-21,1.8568690504
7.0497527758e-58,4.9708366133
9.4579277986e-45,3.8149303179
1.9921929060e-55,4.7272176426
2.5539772548e-27,2.4696549305
2.0284360307e-18,1.2962936326
1.3353882389e-18,0.5302823594
5.5418726042e-18,0.8500730730
1.6056596680e-20,0.1468602978
7.1970134008e-19,0.4528337038
4.5967562315e-19,0.4046582285
2.6255470050e-31,2.7965821544
1.9688168642e-18,1.3008230062
2.3163968420e-18,0.6159588419
7.5424250339e-19,0.4582088092
4.1029906693e-18,0.7392245555
1.6387378288e-18,0.5597901708
1.5700492523e-18,0.5534203800
1.0002370730e-21,0.0183376321
1.9448171813e-18,1.3026673033
4.1344281955e-18,0.7413412111
8.9883485363e-20,0.2631585902
3.8571008424e-18,0.7227785895
9.5151110025e-19,0.4859551748
3.3533037242e-18,0.6891893522
4.3681861715e-18,0.7572421724
4.4998070478e-18,0.7663649788
5.8136366752e-18,0.8814673596
1.0341408232e-18,1.3867518135
8.2638459421e-21,0.1082193287
8.0773902133e-21,1.7819826272
4.0163600278e-18,0.7334112430
3.7644762707e-19,0.3848287221
4.9449020524e-18,1.1045347618
8.3599286876e-21,0.1088627207
5.0032083019e-19,1.4660818296
3.1287067217e-21,0.0585848382
5.8349684441e-32,2.8475131579
2.2259825716e-18,0.6090097705
1.5535700367e-18,0.5518675908
5.7875632534e-20,0.2309912604
1.2312842317e-18,1.3653169220
4.9839482988e-21,0.0811827856
1.8004755563e-25,2.3032226812
1.2507499099e-57,4.9452796054
3.1489069868e-18,1.2202583187
8.3373584439e-19,0.4699418018
2.5083496048e-20,0.1746677360
6.2093030775e-21,0.0926600845
4.4205203721e-18,1.1403979226
3.5280734462e-19,0.3785780974
5.5622502165e-18,0.8521427667
8.3206412571e-23,2.0314915757
6.0186786058e-18,0.9183248327
3.4018536170e-20,1.6874441269
1.3585143548e-23,2.1170771160
1.3914490619e-30,2.7394458560
3.3378719004e-21,1.8352486319
1.0285726471e-20,1.7668369285
3.9331077603e-18,0.7278461893
1.3359541471e-18,0.5303410915
3.4923702370e-18,0.6984961274
3.7565275254e-18,0.7160845048
2.8187779208e-23,2.0832666533
6.1716860689e-20,0.2355689775
4.4554105465e-18,0.7632710337
3.5354290450e-18,1.1960985570
4.1889954178e-19,1.4836253991
1.0157528555e-19,0.2724509608
4.2864252585e-22,1.9486760469
1.0092259565e-20,0.1194927063
2.7184264807e-20,0.1798409967
6.0241593476e-18,0.9198217562
2.7190129256e-18,0.6455400949
2.4565290217e-21,1.8530307013
1.2740539235e-23,2.1200114014
4.8680817676e-18,0.7929292688
1.0240963928e-33,2.9822026506
2.7862569219e-19,0.3565382335
4.4791060735e-19,0.4020326145
1.5240729172e-20,0.1437064088
4.7177361064e-20,0.2166811933
1.1674026179e-18,0.5120883748
3.2919656655e-19,0.3719980748
6.2735086331e-19,0.4374793700
1.4138769682e-18,0.5382830582
6.9941734596e-20,1.6352370255
4.9916223765e-18,0.8023323761
2.6820063883e-19,0.3530760736
7.3366987658e-20,0.2480823623
9.3340377566e-20,0.2660087333
1.7290253347e-19,0.3149632938
5.8839366913e-18,0.8917437308
1.9589443722e-19,0.3254941745
5.2689131137e-19,0.4187497074
1.7550382402e-18,0.5702280511
4.8585829329e-18,0.7922186825
9.0631400495e-19,0.4799826148
3.5661509515e-18,0.7034159595
5.2081482011e-18,1.0845273424
2.2464170215e-19,0.3373173347
6.6111102435e-21,0.0960141312
6.3289798066e-19,0.4384467399
5.6843977447e-21,0.0879946840
6.0652905641e-18,0.9343697550
8.7795484460e-20,0.2613912505
2.8172536139e-18,0.6524873431
3.6534051497e-27,2.4561306783
1.8179013829e-28,2.5673110826
3.8545409321e-27,2.4540995240
4.3992022499e-20,0.2118708855
2.1868019728e-21,0.0433366869
1.4106165807e-19,0.2982684539
5.0152122894e-18,0.8041652479
6.7406423660e-19,1.4351567043
6.7991122959e-30,2.6843364658
1.3863125216e-20,0.1380284151
3.9113191696e-18,0.7263924147
1.3410661177e-36,3.1990342558
1.3342521667e-18,1.3550490810
1.5474510138e-21,0.0308882121
7.8435763430e-46,3.8997101299
2.6130489823e-20,0.1772918199
5.6037394445e-19,0.4252673126
6.5823541049e-20,0.2401970740
1.5432764074e-18,0.5508926228
3.8221114748e-18,0.7204486691
1.5240627151e-19,1.5739018759
1.5135766637e-18,0.5480573828
1.5559853094e-19,0.3062431551
6.0848669492e-18,0.9511040323
5.9690842097e-18,1.0000015379
2.6923312195e-20,0.1792179462
8.4821303647e-20,0.2588105157
5.4239372232e-18,0.8386720307
3.6674843337e-18,0.7101614039
7.9983539453e-19,0.4650399795
7.7543630927e-20,0.2521513202
1.8184235771e-19,0.3191879165
6.2979128678e-19,0.4379057315
1.5075053156e-19,0.3036555298
5.3984951670e-18,1.0685908216
1.0529838648e-18,1.3845851347
9.0925749905e-21,1.7745971297
1.6317678687e-20,0.1478398755
2.9144021222e-18,1.2352050241
5.4228598165e-18,0.8385718653
1.6069150251e-19,0.3088901222
9.8730107572e-22,0.0180106038
1.1619960394e-20,0.1276286318
5.2797457254e-22,0.0007188925
1.5529285531e-20,0.1448384434
1.6710792669e-21,0.0334532993
1.7638046024e-19,0.3166278364
8.7471411576e-19,0.4756828275
1.2078352858e-19,0.2859040496
3.2413546587e-18,0.6816516655
4.4429877724e-19,0.4012159656
1.5130147916e-18,0.5480034210
7.9238231953e-20,1.6257879031
2.1467624619e-18,0.6028080969
5.1650138832e-18,0.8161394307
4.7238601958e-19,0.4074377247
2.4450627479e-23,2.0899208504
2.7899224788e-53,4.5269067221
7.3222785875e-50,4.2279851876
5.4200668428e-18,0.8383125069
2.0889748949e-19,1.5472547513
1.7251820298e-20,0.1512356185
3.7275892450e-40,3.4646746737
3.0548268262e-18,0.6689645499
1.4101462867e-18,0.5379091645
1.8205304404e-18,1.3124275737
4.4581359772e-18,1.1379395598
5.5087325889e-18,1.0585241114
5.8488275258e-57,4.8774663878
1.1167006353e-20,0.1253183230
1.8587068054e-51,4.3647210313
9.5628509979e-27,2.4193880320
1.2915765497e-19,0.2912074132
2.1299125445e-18,0.6014744676
4.3094082480e-24,2.1686871708
3.1028663662e-22,1.9654739503
2.9454981421e-21,0.0558655478
2.0012116152e-19,0.3273181222
1.9645627403e-18,0.5880894610
1.6591193808e-20,0.1488514542
2.5508004530e-20,0.1757431027
6.0217311471e-18,0.9878710337
1.1897754013e-18,0.5146056823
2.6766349563e-21,0.0516706295
4.0968603186e-22,1.9510427143
5.8291108043e-18,1.0227752718
4.3827756494e-19,0.3998431496
5.2046136581e-20,1.6571087675
4.7820520911e-19,1.4706054846
1.1021506198e-18,0.5045594767
6.0667097930e-18,0.9720975787
9.5514743021e-42,3.5845301085
1.4690669218e-27,2.4903992936
8.4069084032e-41,3.5132577976
1.3499936562e-56,4.8412508549
2.0778526224e-45,3.8663973965
1.7831590946e-24,2.2071859721
6.5422996470e-48,4.0663352872
8.1968733400e-57,4.8628069849
1.0035554537e-49,4.2164542351
7.6433865119e-23,2.0356289254
9.5331481575e-19,0.4861894207
1.9512622291e-24,2.2032983151
1.8159183869e-57,4.9287630572
1.0587109119e-57,4.9526900196
1.2496651367e-18,0.5211955471
8.9423184741e-29,2.5929493585
1.3401543036e-20,1.7499369819
2.3208253598e-18,0.6162958952
9.5382620248e-20,0.2676503470
5.5686578373e-18,0.8528005350
3.1000583247e-24,2.1831690899
4.4211896690e-20,0.2122125645
4.8977261781e-18,0.7951576675
5.9696232504e-31,2.7685337319
5.9738428211e-18,0.9078295563
1.5867023006e-19,0.3078480877
1.2209266175e-20,0.1305198337
6.8236673568e-19,0.4468099874
1.1917361333e-22,2.0138294644
2.6529571074e-18,0.6408168243
4.1287509266e-19,0.3938864947
1.4214232951e-19,0.2988843958
4.9795413359e-51,4.3275997701
1.3080323337e-19,0.2922153078
1.6434556772e-19,0.3107465522
6.0540280424e-18,0.9295143698
1.0503113888e-21,0.0195869156
5.9406017168e-19,0.4315371656
1.2498409551e-52,4.4682053537
1.0481079669e-35,3.1322288985
1.3139270545e-55,4.7446088448
4.4798089963e-30,2.6989072771
4.8828924480e-20,0.2190644123
7.4540458960e-48,4.0617222496
2.0545780462e-20,0.1620442335
7.1134726837e-20,0.2458249538
1.3658691264e-18,0.5334236457
6.3293684446e-21,0.0936808964
1.5769736242e-19,0.3073425962
1.6556070107e-20,1.7361832248
5.2489230395e-20,0.2241049199
4.0222415126e-19,1.4875542474
2.9428745754e-18,0.6612513410
1.6459445243e-20,0.1483660329
5.6361557980e-18,0.8599534545
1.2524977226e-18,0.5215020983
3.9713117113e-18,1.1689949154
7.8590228418e-20,0.2531412613
4.8798670034e-18,1.1092175767
3.0766402587e-19,1.5127648732
1.2308233972e-19,0.2873900510
5.1534783671e-18,1.0888457479
3.5074885332e-18,1.1978340672
5.1503670039e-18,0.8149404688
1.9967901763e-19,0.3271288144
2.5922600408e-19,0.3500079217
9.2867613290e-20,0.2656243371
2.4865390888e-18,0.6287057542
1.2501358173e-18,0.5212465167
2.7601132353e-20,0.1808254655
4.6147558667e-20,0.2151579843
1.5989246212e-20,0.1466053320
1.1862394848e-18,0.5142099123
1.5823795711e-18,0.5545758558
5.1709482324e-18,0.8166271217
4.5575341153e-18,1.1313763349
2.8680198751e-18,0.6560441898
2.2465479362e-18,0.6106020282
3.0091950247e-27,2.4634683030
7.5117811102e-20,0.2498117691
1.2199557722e-19,0.2866904933
2.3419120078e-18,0.6178967240
2.4818324437e-19,0.3461130481
3.0050172981e-19,0.3634790339
9.3757976545e-20,0.2663468926
5.5423038889e-18,1.0552985865
3.0862314683e-20,0.1881048852
8.2538865037e-19,0.4687481249
8.4977963533e-21,0.1097749374
1.0656768704e-20,0.1226162167
4.8902126521e-18,0.7945912971
5.5041815487e-18,1.0589550682
3.0801767976e-20,0.1879760421
7.3468101446e-19,0.4551870722
5.5527035995e-18,1.0542819630
7.5585365943e-21,1.7860968443
2.9914792735e-20,0.1860625491
3.6069027422e-52,4.4272516956
4.0393335313e-20,0.2060545956
1.9026071613e-18,0.5829217630
1.0883125562e-20,0.1238285125
8.4213723244e-21,1.7793882272
4.9108185436e-20,1.6613298933
3.0208111531e-18,0.6666297296
1.1759602515e-18,0.5130549606
3.4423576493e-18,0.6951550107
2.1770615212e-18,0.6051931265
3.0868134537e-20,0.1881172581
8.5502519763e-20,0.2594083954
3.0441197368e-18,1.2268999079
2.1393394261e-28,2.5613953954
1.1856963051e-27,2.4983914623
1.1254608689e-18,1.3764979513
3.9189072872e-18,0.7268985991
3.4888127610e-22,1.9594084429
5.9274886173e-18,1.0077333108
1.1894906366e-21,0.0229359810
8.3861047411e-19,0.4706349936
4.2824604471e-18,0.7513726926
9.7663577548e-22,0.0177395837
1.6947098802e-18,0.5648653712
1.2404509336e-18,0.5201952380
1.7655185296e-19,0.3167091606
1.3379212019e-30,2.7407987608
5.2863619046e-22,0.0017587197
4.6537328613e-19,0.4059113490
2.4689554884e-20,0.1736553639
6.2030096492e-19,0.4362407935
4.1285196067e-18,0.7409430726
9.1727246303e-19,0.4814493343
1.1303972367e-19,0.2807156328
2.9898140260e-20,1.6964126448
4.8751840200e-21,0.0800563220
1.7315893032e-18,0.5681564030
7.9676032922e-20,0.2541563564
1.3699701260e-20,0.1373224113
9.0700760754e-21,0.1134307189
9.3829281355e-20,0.2664045043
3.0700909004e-33,2.9458934483
1.1200775401e-57,4.9501832858
7.8518102374e-20,1.6264836706
1.4800664988e-18,1.3413686938
2.8466868636e-18,0.6545521364
5.4080686073e-20,0.2262013046
1.7648749009e-19,0.3166786287
1.9617708514e-18,0.5878584904
1.2579064760e-42,3.6513925568
1.4966050797e-25,2.3107431624
4.1714602550e-18,0.7438401275
6.0550188159e-18,0.9772278468
3.1050977304e-18,1.2230285091
3.7787482041e-19,1.4935366214
1.9811961424e-18,0.5894619192
5.9186318635e-22,0.0062718385
4.4341243192e-18,1.1395103344
1.7386393120e-19,0.3154261730
4.6688772047e-38,3.3078633213
1.1473325031e-42,3.6544385036
1.0968377997e-18,0.5039335631
3.7928298649e-19,0.3855576305
7.0857247426e-20,0.2455400851
3.9138816603e-18,0.7265633395
4.3841538045e-21,0.0747066636
4.8873868007e-20,0.2191282756
1.5179464656e-18,0.5484766409
2.9781389281e-21,0.0563580094
1.3116728652e-19,1.5861861517
1.0537145880e-20,0.1219665064
5.8012857236e-18,1.0264991511
4.1644435547e-18,0.7433661518
8.1077403225e-19,1.4149197875
1.9984818974e-32,2.8834968476
5.1012373696e-19,1.4641276058
1.0041679736e-18,0.4926720564
3.2031525914e-18,0.6790676089
1.0352415316e-42,3.6578430827
2.3774992908e-56,4.8169618385
4.6971258932e-21,0.0781679714
6.0596101642e-18,0.9317873536
1.0595757909e-36,3.2066774570
2.1114562187e-19,0.3319310224
4.8737874896e-18,1.1096510310
7.2349415556e-20,0.2470607946
7.8170288832e-25,2.2423490316
7.3602883893e-35,3.0686553780
1.8364927238e-18,1.3111533739
5.9302594263e-18,1.0072517881
5.8690311060e-18,1.0170796803
2.7232223233e-19,0.3544575416
2.2481248220e-24,2.1971677725
2.5799622494e-21,0.0500992779
9.4271818789e-22,1.9065886149
5.5519199756e-27,2.4402230251
2.6997366212e-18,1.2492070130
5.8487966886e-18,0.8864290792
4.6434378837e-19,1.4735269135
4.6811680536e-21,0.0779959644
2.9796781626e-18,0.6637963465
5.8067299215e-18,0.8805282051
3.7242317067e-33,2.9394869444
7.1135714711e-36,3.1448381099
2.7901027755e-19,0.3566639549
7.2982115267e-19,1.4265574622
9.8910110697e-56,4.7565242110
5.8450654037e-18,0.8858870524
6.1436625792e-20,0.2352435111
1.8971427492e-18,0.5824616360
3.2878003544e-18,0.6847848130
8.8612978105e-19,1.4048440376
1.2929828793e-20,0.1338940746
5.0044086921e-18,1.1001705941
2.7667785026e-20,0.1809816557
2.5917501253e-21,1.8499466261
6.0546702745e-21,1.7997058899
9.7856307666e-33,2.9073534718
9.2878202831e-19,0.4829767878
1.6887879698e-21,0.0338139958
1.5860510136e-37,3.2682416031
7.3274240948e-19,0.4548844698
8.2642588930e-20,0.2568702332
5.6859660655e-18,0.8655343557
1.2280196175e-19,0.2872100704
5.9282427623e-18,1.0076026613
7.3500862022e-19,0.4552381523
2.8675089525e-20,0.1833026535
1.8880887773e-20,0.1567886552
5.8623102453e-26,2.3484235423
7.1211545263e-20,0.2459036481
6.2367476021e-20,0.2363196853
6.4180067825e-19,0.4399863408
3.2084183262e-18,1.2165086623
2.8517625414e-19,0.3586609266
5.6340038413e-21,0.0875282493
8.2413554652e-21,0.1080678030
2.1267996296e-18,0.6012275093
2.1029230939e-21,0.0418118360
8.7171299857e-19,0.4752688584
5.9884835891e-18,0.9959304455
7.0134651636e-20,0.2447936943
4.3000898173e-19,1.4810778413
1.3452388498e-18,0.5313024508
3.2495821232e-19,0.3707777677
1.7543479674e-21,0.0351352413
5.7836070192e-18,0.8774589736
6.0844442172e-18,0.9498551914
8.4065720173e-36,3.1394056924
1.6346414686e-20,0.1479468507
1.1999048941e-20,0.1295027132
3.3397932483e-18,0.6882821440
1.4672932335e-20,0.1414229143
4.7506114639e-21,0.0787411152
2.8126090319e-18,0.6521608449
1.4962647742e-19,0.3030456591
3.0651648288e-46,3.9320186707
1.0165510331e-19,0.2725111876
3.6468091736e-21,0.0657268533
2.9003611947e-24,2.1860802365
1.8497361436e-49,4.1941702695
5.5988867396e-19,0.4251749628
1.3975537356e-18,1.3489962191
4.3180326373e-21,1.8200507780
1.7550059998e-21,0.0351483919
1.3119785994e-19,0.2924554232
6.5153498115e-19,0.4416519147
2.1886233653e-18,0.6060988984
3.4073305502e-18,1.2040644117
4.9581319697e-18,0.7997519388
2.8086363718e-21,0.0537616089
1.1482062711e-19,1.5968828234
2.4188853846e-19,0.3438297978
1.3325005461e-21,1.8875647967
3.1672290195e-18,1.2191023190
3.6638202036e-20,0.1994790805
6.0821309020e-20,0.2345243299
6.0507270621e-18,0.9282645125
3.1850223978e-21,1.8379890685
5.3922239593e-18,1.0691423139
1.4571976004e-29,2.6575591110
2.0887059336e-55,4.7252463071
6.2937021907e-35,3.0737728979
1.9660216553e-19,0.3258018173
5.5737184226e-19,0.4246950330
9.0549589981e-22,0.0158969167
6.9391479560e-19,0.4486982109
5.6085552246e-18,1.0486661800
2.1410894999e-19,0.3331372737
3.1911338404e-21,0.0594870832
1.5440018694e-18,0.5509614635
3.9494030213e-19,0.3895080873
8.9145651631e-21,0.1124573688
1.4252769125e-19,0.2991030883
1.2459837638e-21,0.0242496029
5.9473120566e-18,1.0041913387
2.0499603950e-21,0.0408332763
5.2829872979e-19,1.4605820828
5.5788337147e-18,0.8538522439
8.0275767631e-19,0.4654682617
1.1132056144e-18,0.5058554636
2.4253544928e-20,1.7107253024
5.8375834484e-18,1.0216038262
1.2522972160e-18,0.5214804136
2.1694706681e-29,2.6434966432
4.9016676706e-20,1.6614649764
3.2962567676e-21,1.8359828981
1.1460832546e-18,0.5096598759
1.6836393179e-18,0.5638693991
1.3458047226e-25,2.3150504636
3.4468475606e-21,0.0630608991
3.3989156968e-19,0.3750231674
6.0476430286e-18,0.9271491678
7.3905338296e-20,0.2486178868
2.3622265513e-19,0.3417331260
2.6608871558e-24,2.1898398150
3.6434843404e-18,1.1893920136
3.9556922415e-18,0.7293541418
3.0625608004e-20,0.1875999027
9.0379096427e-19,0.4796431787
2.1772194723e-19,0.3345896685
3.8905160508e-18,0.7250052430
2.2509099424e-20,1.7157675392
8.7497980282e-19,1.4062938595
4.3826940942e-20,0.2116133685
2.3870464531e-18,0.6213011402
2.8532521509e-20,0.1829785576
2.0856929061e-18,0.5979490605
4.5868018585e-19,0.4044380798
7.2309938440e-22,0.0107871655
9.7996454018e-21,0.1178136534
7.1832106907e-36,3.1445212698
1.1035865670e-18,0.5047283025
5.4571745809e-18,1.0633249576
1.0038303368e-44,3.8129162285
6.7268234700e-22,0.0092053761
2.2701612303e-20,0.1683186253
1.6422836598e-21,0.0328632491
1.0127289043e-19,1.6068109925
2.5019647192e-20,0.1745046090
1.8902362071e-21,0.0378057018
5.9371328503e-18,0.9007060315
4.0448457603e-19,1.4870140017
1.7229166605e-20,0.1511552013
3.7674762382e-18,1.1816953765
1.8265543671e-20,0.1547425216
2.0516648491e-18,0.5952101150
2.9131969975e-37,3.2485398070
1.7917838552e-20,0.1535593799
5.8646893747e-18,0.8887835647
9.0776735689e-19,0.4801778427
1.1542483054e-18,0.5105934544
1.1764594684e-18,1.3710230922
6.1380146209e-19,1.4450902470
6.9070622778e-42,3.5951909335
1.1643293338e-36,3.2036191614
5.0093288511e-19,0.4134787656
4.4364597760e-21,0.0752983800
5.1863020759e-21,0.0832268329
1.6390707413e-18,0.5598206547
4.5248113728e-26,2.3587085181
1.5546465820e-19,0.3061726094
1.3214239664e-19,0.2930276790
2.3056012539e-18,0.6151359328
2.3127098908e-19,0.3398670862
2.5537917753e-18,1.2589571902
1.7650934146e-18,0.5711115628
1.0901604698e-18,0.5031440139
1.1303946866e-18,0.5078536461
5.4860040222e-19,0.4230096488
2.5932709586e-18,1.2562986337
5.8684654874e-22,1.9320974187
4.6975532003e-18,0.7803999749
1.2766324092e-18,0.5240960721
1.4607404011e-19,0.3010927251
3.7408675852e-18,1.1833479748
5.2908787859e-22,0.0019336270
9.9070180179e-21,0.1184347425
2.0692933479e-19,1.5480724788
7.6510037644e-23,2.0355804625
7.6967249322e-22,0.0121633076
2.6844096922e-18,0.6430713181
7.3358320042e-30,2.6816766680
3.1869997915e-19,0.3689526810
1.2111663598e-18,1.3673902090
1.7440926037e-24,2.2081404647
4.3372168784e-18,1.1457986325
5.2850276660e-18,0.8262380347
4.3537262194e-22,1.9478597432
7.5930340054e-19,0.4589814074
5.7006527160e-18,1.0387188275
2.9126703912e-18,0.6591553715
3.2009211855e-20,0.1905044008
6.0397003092e-18,0.9244689424
1.8176962237e-19,0.3191542443
3.3685041460e-18,0.6902093114
7.2293153501e-33,2.9174413524
2.3506379648e-32,2.8780611044
2.3897842386e-34,3.0300810739
1.1492083605e-46,3.9659503813
6.6569374567e-53,4.4927544576
5.1277494457e-52,4.4137511534
3.5185958828e-21,0.0640299713
1.0343255150e-18,1.3867304409
2.2514325531e-20,0.1677948514
2.1871993225e-23,2.0951121340
1.1657064563e-27,2.4990245016
1.4096793718e-18,1.3478573834
5.6394969061e-18,0.8603190939
3.3162610595e-35,3.0946951909
8.1354795751e-39,3.3644981317
3.9977931287e-18,0.7321685264
1.5445228323e-18,0.5510108868
4.8115462263e-18,1.1140494624
5.7475622983e-18,0.8728799510
8.0745017905e-19,0.4661536729
2.1075803247e-19,0.3317722288
4.6367767765e-18,0.7760372543
3.9572850625e-18,0.7294605379
5.8339848959e-22,0.0059067340
4.0647575516e-18,0.7366556686
1.0814709660e-19,1.6016368959
2.0949717661e-34,3.0344007188
8.0085929745e-42,3.5903230622
6.3475469775e-19,0.4387691417
9.7017882259e-20,0.2689432965
1.2714676855e-18,0.5235436456
2.4001349440e-22,1.9786484874
5.2072361630e-44,3.7574777779
6.0850949319e-18,0.9550553189
1.1160828733e-18,0.5061913598
5.2405129754e-29,2.6121164024
5.9042297579e-18,0.8950124560
5.8025070067e-18,0.8799592358
4.8220116358e-20,1.6626505088
2.0289226669e-18,0.5933664681
3.2041087439e-22,1.9638159995
1.6554798790e-19,0.3113499338
6.0744674819e-18,0.9676989108
4.8557517211e-18,1.1109328264
5.7405582981e-21,0.0885104943
1.9528178655e-18,0.5871166305
5.2396449446e-20,1.6566198137
1.1073107902e-21,1.8977856963
1.6936046278e-21,1.8741696094
4.4293565563e-18,1.1398215963
6.0318522500e-18,0.9220387499
1.3404731174e-18,0.5308095227
1.1405865590e-19,0.2814152155
1.6445350908e-19,0.3108008674
5.7433397691e-18,0.8723582685
1.3745345791e-18,0.5343086020
5.9872407044e-18,0.9107066117
2.7874316266e-26,2.3778099701
6.1190615823e-55,4.6807498575
4.1663107674e-21,0.0721816138
2.0330509424e-27,2.4782328844
1.1739095421e-19,0.2836667250
6.3239176951e-22,1.9281152519
6.3255107213e-25,2.2512582074
4.0037086580e-19,1.4879990336
5.3277596840e-18,0.8299674362
3.5197693797e-18,1.1970711447
8.4238484786e-20,0.2582957133
1.0274235277e-19,0.2733275884
1.7337070451e-20,1.7331528095
4.2459156894e-20,0.2094463945
1.3736091482e-18,1.3512641764
1.4338252008e-27,2.4913061463
1.5969950639e-19,0.3083800865
2.9444270444e-19,0.3615981218
4.4225805188e-18,0.7609944970
5.4692807057e-18,0.8429488175
4.0286614756e-20,0.2058752746
1.2932170765e-22,2.0097759617
7.3227728093e-20,0.2479432815
1.5917865375e-19,0.3081112330
1.2502637904e-25,2.3180311252
8.0184528158e-50,4.2246596061
9.9638610455e-19,0.4916948277
2.1238806425e-20,0.1641220141
2.3704321289e-18,0.6200513813
6.7788026234e-19,0.4460701310
1.7527894380e-19,0.3161036112
7.0299111102e-19,0.4501663224
7.8874499930e-20,0.2534081821
9.1599643799e-20,0.2645850422
2.6530175291e-19,0.3520941816
1.8073559203e-20,0.1540917264
1.1422023785e-18,0.5092146010
8.4712926864e-19,0.4718396133
8.9914106429e-21,0.1129401581
1.6861563866e-42,3.6416996327
6.2662863006e-36,3.1489622064
3.5527892849e-19,0.3792466840
1.4815380227e-20,0.1420029748
8.4594578749e-22,1.9124719459
4.6280203670e-18,0.7754125554
1.8512106955e-18,0.5785649237
8.7944325834e-22,0.0152053026
3.3080384434e-18,0.6861473321
8.0044225073e-41,3.5148609649
1.2532396702e-31,2.8216916771
5.4603228705e-18,1.0630367229
4.3794083644e-18,0.7580144212
3.7873839164e-18,1.1804584302
1.3764417862e-21,0.0271946007
2.3895194166e-20,0.1715699353
2.0475022962e-18,0.5948734645
1.2919129866e-18,0.5257221491
1.4169494598e-21,0.0280857705
3.2666325823e-21,0.0605623161
1.5196449148e-19,0.3043099288
4.4946900968e-43,3.6855230479
1.4957197776e-19,0.3030159924
8.2343925661e-20,0.2566008375
3.5535780164e-21,0.0644973306
1.8791529155e-18,0.5809416801
4.6122681611e-18,0.7742910940
4.8862888955e-19,0.4109079437
2.1812347704e-21,0.0432364125
1.6184649549e-27,2.4867789076
3.5797328690e-19,0.3799713907
2.5373791862e-18,0.6324400482
1.4769924525e-18,0.5445180441
1.0581690052e-18,1.3839937520
2.5591347199e-20,0.1759523734
4.4997249522e-19,0.4024965543
1.3090018762e-18,0.5275261364
8.7218136370e-51,4.3066350731
1.2757442220e-18,0.5240011727
5.0444259247e-20,0.2213281608
6.0271656017e-18,0.9863686563
7.4750763483e-19,0.4571748736
4.4874332504e-20,1.6678307090
4.5581247440e-40,3.4581242417
2.8367812859e-35,3.0997897074
2.9920638865e-19,1.5153204116
3.9807670228e-52,4.4234624133
1.1858578378e-35,3.1282096271
1.1475780363e-20,1.7598861484
2.6222443256e-29,2.6367779596
6.0419029686e-47,3.9883031245
5.0009434527e-34,3.0058180740
1.3191562083e-18,0.5285909676
3.8139317066e-21,0.0678744386
2.5799064546e-19,0.3495789237
6.0700309973e-18,0.9703564258
1.3206759001e-18,0.5287498801
6.0054652145e-18,0.9149464217
9.3331257282e-19,0.4835744495
9.5387124251e-20,0.2676539341
2.1325786008e-20,0.1643785588
8.0721611420e-27,2.4259021779
1.0509756873e-20,0.1218168486
2.3931682545e-34,3.0300346387
2.1139839047e-18,0.6002088695
5.3966305627e-18,1.0687550120
5.8448716451e-28,2.5245966928
2.4063211360e-18,0.6227461218
2.0636946088e-19,0.3299573780
3.6476350546e-18,1.1891344649
1.6992415622e-18,0.5652719799
8.8110520649e-19,0.4765611041
5.4477062901e-18,1.0641881547
6.7160558773e-19,0.4450293762
6.6378037156e-20,1.6391580162
4.9841162326e-40,3.4552155157
5.2365244655e-18,0.8220942746
3.1798033310e-18,0.6774848670
5.3056350432e-22,0.0023005930
3.2214995981e-19,0.3699622687
3.2129341492e-18,0.6797298859
2.1556122203e-19,0.3337234620
1.0173727820e-24,2.2311944823
3.1766692163e-20,0.1900033866
2.4810694115e-18,0.6283020744
5.4878074669e-18,0.8447327044
2.6343479936e-18,0.6394780711
2.7740869453e-20,0.1811525373
8.2960533174e-21,0.1084357069
8.3666996394e-20,0.2577879391
1.1435373984e-19,0.2816168259
4.1423647115e-18,0.7418762387
5.8100217146e-18,1.0253492861
2.4454392459e-18,1.2663427009
3.9651600819e-19,0.3898988683
1.6537937666e-24,2.2104288292
1.2048805152e-18,0.5162877622
3.1064690616e-39,3.3957363115
5.7360316681e-18,1.0346134402
1.5067692286e-18,0.5474027795
1.3174284310e-43,3.7264083997
1.8941035579e-46,3.9486418113
3.8671386027e-28,2.5397795811
2.5710558739e-23,2.0875738959
1.1223155172e-18,1.3768412128
5.3331885960e-19,1.4596198554
1.2120598557e-18,0.5170824141
1.6157974261e-21,0.0323166023
5.4125477578e-18,1.0673474111
6.0197343822e-18,0.9884069432
1.5147081503e-40,3.4940328814
1.1687067459e-20,1.7587222416
5.5256712601e-19,0.4237743124
4.7081820021e-18,1.1212102568
2.1408318684e-21,0.0425047329
1.3076187862e-18,0.5273806921
5.1973350268e-18,0.8188094323
1.1705827714e-18,0.5124481159
6.5121663739e-20,0.2394241627
5.3682875789e-19,0.4207157632
3.3839569818e-20,0.1941815387
6.0850799499e-18,0.9551484248
4.6694662086e-21,0.0778695359
1.3748924930e-18,0.5343450783
5.8908899693e-18,1.0137469728
2.2314798497e-18,1.2813689103
4.0301580040e-32,2.8599675091
3.2130749338e-20,1.6914232334
4.3307574861e-18,1.1462150849
4.5669322241e-18,1.1307503076
6.2494887090e-20,0.2364659009
2.3822304402e-19,0.3424779830
6.0489747093e-18,0.9794853642
2.0429072685e-20,0.1616882746
5.6145798999e-18,0.8576199202
3.3803201935e-41,3.5430622847
5.4953204201e-21,1.8055871097
6.0593173840e-18,0.9316623774
2.7256261951e-18,1.2474985004
6.9103513808e-21,0.0984025342
2.9693419212e-21,1.8420736637
1.9037636586e-18,1.3058514604
1.4568787816e-18,0.5425492432
9.8512477194e-20,0.2701088454
1.0862612553e-19,1.6012872004
3.9020835666e-19,0.3883272236
9.3577918472e-21,0.1151942766
4.4160264865e-18,0.7605411162
1.0159254544e-18,0.4941387959
2.8272504559e-18,0.6531894595
4.5844004752e-18,0.7723142032
4.4971279795e-19,0.4024382103
4.2905720758e-18,0.7519259662
4.8067406265e-18,1.1143862092
9.7070388222e-20,0.2689845019
7.0289721943e-19,1.4306446793
1.7126754533e-21,0.0342979576
4.2153156206e-19,0.3959473237
3.8517369957e-18,0.7224213164
1.9477079147e-19,0.3250038548
2.8832140352e-18,1.2372177612
1.7452705430e-18,1.3185241405
3.2374740145e-18,1.2146830355
1.3092975554e-18,0.5275572170
3.1088068926e-18,0.6726553057
2.4098534376e-21,0.0472486459
4.0733046179e-19,0.3925488876
1.3393141481e-20,0.1359779473
4.9754787393e-18,1.1023023022
1.2615903435e-53,4.5583465972
1.9762396061e-53,4.5405341898
5.7611905914e-20,1.6496668467
5.3999507773e-20,0.2260956809
3.6299036170e-20,0.1988564033
5.0063457450e-18,0.8034748182
1.7657188483e-18,0.5711664228
9.1989171610e-19,0.4817981020
7.0343119733e-19,0.4502371569
6.1081968633e-19,0.4345585729
7.4475122144e-21,0.1024789603
5.8572593236e-22,0.0060090296
8.8104717375e-21,1.7765694770
4.9126276335e-21,0.0804463811
4.8649996844e-18,1.1102763387
2.7165230751e-19,0.3542341448
1.8463689234e-18,1.3103681714
5.2540660541e-19,0.4184535787
5.5760867292e-32,2.8490420178
5.7108471692e-18,1.0375542940
2.6561005709e-20,0.1783440253
2.9113558179e-20,0.1842905963
1.1216101027e-19,0.2801080142
1.9729373482e-21,0.0393878717
3.0879413827e-19,1.5124278425
2.8923935003e-20,1.6986966679
1.1011508623e-18,1.3791686357
1.2824195345e-18,0.5247133683
6.1554177858e-19,0.4353987839
1.3760127194e-19,1.5822928280
1.7403700442e-28,2.5688926253
2.3143154449e-25,2.2929593125
1.3851150981e-19,0.2967991273
6.0465099705e-18,0.9803515624
7.5769158261e-21,0.1034235859
1.0938990939e-23,2.1269565318
4.1091905445e-44,3.7654259282
2.8379407814e-18,0.6539393443
4.8492759541e-18,0.7915240276
1.7746808047e-18,1.3161238075
4.1876605722e-19,0.3952925260
6.0406321774e-20,1.6461702932
8.8226556238e-25,2.2372353298
2.6864605605e-19,1.5250878787
1.2500457112e-18,1.3634040835
4.3773123891e-20,0.2115292336
4.4978707440e-19,0.4024549000
5.6547216305e-18,1.0437998058
5.7397997170e-20,1.6499407130
1.1847465943e-19,1.5943813842
1.2270887850e-18,1.3657473764
5.3571989546e-18,0.8325835830
3.4312419627e-19,1.5026468658
5.3059296544e-18,0.8280525578
9.4880314533e-21,0.1159772598
1.2556585208e-19,0.2889693370
6.2000005758e-19,0.4361876975
4.1037058275e-18,0.7392726609
5.1378245104e-43,3.6810801514
5.3147945510e-18,0.8288276730
5.6196773548e-18,1.0475137800
2.4111353296e-20,0.1721433933
1.5488914969e-18,0.5514249435
5.5125876161e-18,0.8471544954
2.5348202237e-20,0.1753401542
1.5630102869e-19,1.5718121191
1.6580946761e-18,1.3257833086
1.8333191120e-37,3.2635472356
4.0419252051e-18,0.7351240918
3.5578856114e-19,1.4992424517
1.6120961925e-18,0.5573387301
4.6705728846e-18,0.7784573150
1.1721805777e-18,1.3714760573
2.5081279313e-18,0.6302953945
2.5896076727e-20,0.1767124636
5.8068717538e-18,1.0257658469
2.1465479232e-18,0.6027911497
6.6936212753e-19,0.4446555413
9.0671034432e-19,0.4800358764
4.6151667139e-18,1.1275210649
1.3725380152e-20,0.1374338322
1.0718244084e-21,0.0201159552
1.1089000150e-21,0.0210175423
5.0104167163e-18,0.8037915906
9.1490265860e-19,0.4811331863
5.8859794472e-21,0.0898270085
5.6536274760e-18,1.0439177706
3.5462196309e-19,0.3790693256
2.8108464500e-20,0.1820060604
1.0414785970e-18,0.4972872410
3.3572766149e-40,3.4680829908
1.1594493896e-27,2.4992248502
7.6659274434e-21,0.1040654238
1.6236471983e-33,2.9669822989
9.3893418143e-54,4.5701160848
4.5566549046e-34,3.0088786394
1.3984379674e-19,0.2975695593
4.3972434109e-19,1.4788932766
5.7127013015e-18,0.8686559314
9.6914037963e-19,0.4882317074
7.7655826238e-19,0.4615881450
5.6248380196e-18,0.8587235124
1.0084691171e-18,0.4932099708
4.1934302175e-18,1.1550004154
5.3983485816e-19,0.4213051083
3.2622126855e-20,1.6903674965
4.5860112182e-21,1.8164601906
4.4170949618e-18,0.7606150046
7.2328957652e-19,1.4275382991
5.6879074594e-18,1.0401551138
6.4596960720e-21,0.0947707951
8.7674715299e-22,0.0151331594
4.1092083304e-18,0.7396428580
1.5061753013e-18,1.3390121550
3.9172891714e-19,0.3887078889
8.2238975793e-21,0.1079499394
4.7001965272e-18,0.7805908300
5.4194512508e-18,0.8382554007
8.2058267604e-19,0.4680569802
1.8312910012e-20,1.7295377611
1.6577679299e-18,1.3258109429
2.4129072834e-19,0.3436104661
8.1581041679e-19,0.4673678443
2.6275105353e-20,0.1776469606
1.0252666417e-21,0.0189653024
1.0056732091e-18,0.4928604840
5.4729961877e-18,0.8433048009
1.3459877651e-25,2.3150449543
4.9342073253e-20,0.2197905459
2.0647531417e-18,0.5962663488
5.2098752543e-18,1.0843892795
2.7811204921e-19,0.3563701061
1.9419021094e-20,0.1585305214
9.4504732219e-19,0.4851132121
5.7199196187e-18,1.0365056659
1.0302931587e-18,1.3871976861
3.4014338729e-19,0.3750934849
6.7626289147e-19,1.4348074774
6.0793726043e-18,0.9432120461
6.7220163438e-19,0.4451285441
3.7229719146e-21,0.0667143761
6.8284351657e-19,1.4337674221
4.3908996068e-19,0.4000292149
6.0091091730e-18,0.9911317429
9.5182692465e-20,0.2674909735
1.1398945265e-21,0.0217618388
3.6335757682e-21,0.0655537341
8.8667397944e-19,0.4773227537
5.8870404808e-18,1.0143464468
4.4525055896e-21,0.0754788054
4.9883683425e-18,1.1013549288
5.9979231555e-18,0.9938041173
5.4619525242e-32,2.8497385898
2.1183577241e-19,1.5460460825
4.7737631140e-19,0.4085134145
2.9070263460e-19,0.3604216339
1.5526598648e-19,1.5723630465
2.8109120905e-20,0.1820075757
7.8124595562e-19,1.4190587667
7.5606466237e-22,1.9185388436
3.6084118197e-19,0.3807380927
3.7073433663e-21,1.8290817265
1.8525250016e-19,0.3207542725
1.8765002284e-20,0.1564078422
2.1378255507e-18,0.6021014185
2.1401871006e-18,0.6022882995
3.9148166369e-20,0.2039359658
2.7192365172e-20,0.1798602527
5.2528907482e-19,0.4184301100
1.9919152634e-40,3.4850985763
1.9421449599e-35,3.1121417165
2.8266848487e-18,1.2408834677
3.4995347344e-20,1.6854631508
4.7805394642e-18,0.7864397072
4.7352853594e-21,0.0785774101
5.5044737063e-18,0.8463568568
4.1848461408e-18,0.7447450032
1.8329236256e-20,1.7294787965
2.5061155893e-18,0.6301474670
6.0779475226e-18,0.9651950663
2.6206615580e-20,0.1774789815
4.8116613378e-20,0.2180453200
1.9691238921e-36,3.1865683099
5.1855797263e-19,1.4624700095
1.9311449831e-20,0.1581857533
1.1265832106e-18,0.5074123237
5.3288102899e-18,1.0746085450
2.6076774307e-21,0.0505533019
5.3143922036e-19,0.4196529097
1.3111777705e-20,0.1347200986
5.5218529950e-20,0.2276674317
9.3841465623e-20,0.2664143450
5.3183483329e-19,0.4197312021
2.5524269779e-26,2.3812637915
1.0059866825e-19,0.2717107646
8.2141784208e-26,2.3349464644
1.7371957905e-21,0.0347916889
5.8011845095e-18,0.8797818508
5.4716060254e-18,1.0619986363
1.4603597737e-18,0.5428911663
4.9207702163e-21,0.0805308883
7.5420186159e-22,0.0117133632
3.7859802296e-18,0.7180440158
2.0251844470e-18,0.5930623931
9.2607020299e-19,0.4826180828
4.3172239918e-18,0.7537468258
5.4064023702e-18,0.8370497914
4.3049878924e-20,0.2103896673
5.7127207173e-19,0.4273257345
4.6990303546e-18,1.1218364147
4.5174010741e-19,1.4762447347
9.5215602449e-22,0.0171125659
1.6238950450e-18,0.5584273337
2.6416874432e-18,1.2530600632
1.1114043103e-18,0.5056448819
3.2116577290e-20,0.1907251380
1.0154655341e-18,0.4940816387
1.6597728960e-18,1.3256414264
7.7351389663e-20,0.2519682353
4.6601610512e-18,0.7777101987
5.7583761625e-18,1.0319212605
5.5262572645e-18,1.0568507822
3.5774578606e-18,1.1934893003
5.3905706319e-18,1.0692873647
1.2803623417e-20,1.7528765830
1.6975962540e-45,3.8732936171
5.6174523244e-19,0.4255279541
9.7825002778e-21,1.7700025862
1.1228869776e-56,4.8491932221
4.0840076741e-50,4.2494237645
1.4105925262e-33,2.9716310021
9.2299189604e-19,0.4822100192
1.4554601734e-18,0.5424097550
6.0725714451e-19,0.4339215004
1.0540109345e-18,0.4988122906
1.2704951345e-20,0.1328590202
2.8792752987e-20,0.1835690676
2.0029073755e-21,0.0399534642
2.0154491604e-18,0.5922691236
1.5470150124e-18,0.5512471789
2.8739800509e-18,1.2378149725
4.8699906887e-36,3.1571573853
4.5219180457e-18,0.7679128720
6.1287042213e-20,0.2350692557
6.1072721522e-19,0.4345420715
3.5629651180e-18,0.7032037059
1.4563704098e-18,1.3435305241
4.1373441448e-18,1.1585555727
1.3098231067e-20,1.7514127189
1.7810649757e-21,0.0356674299
1.7404155645e-19,0.3155114612
1.5494774065e-19,0.3058997378
1.3830602612e-22,2.0064342628
5.8918921342e-19,0.4306471931
2.3234465783e-18,0.6164952547
9.1750605264e-21,0.1140797330
8.6402184167e-27,2.4232903108
5.4601212792e-51,4.3241463045
5.1472123495e-18,1.0893345270
3.0879254862e-19,0.3660044670
1.6261294174e-19,0.3098706256
5.5532009775e-19,0.4243025895
4.7179026681e-18,0.7818717560
1.3993585273e-20,0.1385868054
5.4769827854e-18,0.8436877377
1.3915364396e-19,0.2971712318
9.0900186365e-19,0.4803435027
3.8339121448e-18,0.7212343080
4.7138451882e-18,0.7815778360
6.1004597896e-21,0.0917203540
2.5091142613e-18,0.6303678814
8.3600106403e-19,0.4702642796
4.4118225937e-18,0.7602504951
1.0649960984e-19,0.2760933535
2.2100294009e-18,1.2829122753
2.1703658508e-20,1.7182172153
1.5724737683e-29,2.6548733611
2.3622801017e-18,0.6194367199
4.2486342414e-19,1.4822510789
4.1486711801e-21,0.0719727247
7.2547513639e-19,0.4537449383
5.5073494633e-19,0.4234216365
1.4891642915e-19,0.3026584371
4.2469151714e-21,1.8210386422
1.8936939007e-20,0.1569721088
4.5324482568e-18,0.7686517601
6.0215734621e-18,0.9191076390
7.6996608878e-28,2.5144174542
8.9208466031e-21,0.1124969666
7.5164005484e-21,1.7864423790
3.0833037312e-20,0.1880426109
1.1525394080e-18,0.5103984237
1.0880342665e-19,0.2777484330
5.9736916357e-18,0.9077980742
5.7268120408e-18,0.8703435019
1.4264098350e-18,0.5395346432
4.5639253991e-19,0.4039307612
1.0885857302e-20,0.1238430087
5.5349762824e-27,2.4403396073
1.7354531586e-19,0.3152730063
5.0468665157e-18,1.0970056705
9.0945545136e-26,2.3308603177
3.0271274833e-19,1.5142537323
6.0733269287e-18,0.9684277072
1.7179540252e-28,2.5693628636
5.9900774140e-18,0.9113397145
1.1719934974e-18,1.3714958877
2.1705944026e-19,0.3343248267
2.8028234752e-18,1.2424379604
5.9196641119e-21,1.8010775444
2.3608352479e-18,1.2722088821
2.1959144773e-20,1.7174313045
3.6333638606e-35,3.0917152176
3.2159064286e-23,2.0770707100
3.1850604617e-18,0.6778414548
1.1520437350e-43,3.7308904967
6.0993841442e-45,3.8297847317
7.9796683014e-20,1.6252521929
5.9033828595e-18,1.0117610611
1.9166497036e-20,0.1577184943
3.5065429287e-18,0.6994419502
1.8561714738e-18,0.5789883228
4.5466836240e-21,0.0765276094
7.9424883797e-19,0.4642181230
5.8601559324e-19,0.4300643980
2.2334141649e-18,0.6095859709
3.2794392732e-18,0.6842214416
1.8659930202e-34,3.0381966243
4.5246954452e-52,4.4185470444
1.1385226974e-22,2.0160893546
3.2995791373e-19,0.3722159655
1.3521643834e-18,0.5320168061
2.7438333217e-20,0.1804425699
3.9803868119e-18,0.7310043767
1.8485410010e-19,0.3205725118
4.3120268265e-19,0.3982114591
6.0784395269e-18,0.9424099350
2.7259390045e-19,0.3545480079
2.3623608300e-21,0.0464326347
8.2791250437e-20,0.2570040147
1.4545501535e-18,0.5423202309
1.0140595879e-18,0.4939068037
4.5169905188e-18,0.7675674992
8.6643212645e-20,0.2604004454
5.5048483807e-19,0.4233734251
2.3721903637e-19,0.3421047712
7.1319336527e-39,3.3687680887
1.0391874592e-57,4.9535184884
2.4554901362e-44,3.7827376064
1.0648390360e-51,4.3858560615
3.8403034366e-36,3.1648764816
8.0924505188e-19,0.4664150940
2.8170587444e-18,1.2415100494
5.7534275471e-19,0.4280870874
9.4583229880e-21,1.7721227356
2.4989473501e-18,1.2626785703
1.8448153747e-19,0.3204022462
8.6376758389e-20,1.6191781659
6.3606627857e-38,3.2978447997
4.5128873982e-45,3.8400057408
3.5238699061e-40,3.4665053349
2.1547851413e-18,1.2869216474
7.4532097639e-24,2.1442884950
5.1288070026e-24,2.1609777559
2.3479177565e-18,1.2731128445
5.4797088138e-20,0.2271274948
5.6076773159e-18,1.0487566316
7.4469245722e-20,0.2491752345
4.0843305273e-18,0.7379700863
7.6821064971e-42,3.5916920701
1.0904997273e-35,3.1309384137
4.7246190750e-23,2.0588201529
2.5048297273e-43,3.7049755960
1.0110439676e-18,1.3894463280
4.4204189154e-18,1.1404045359
1.3001698503e-19,0.2917350816
1.7839594852e-18,0.5727615853
6.7258600322e-20,0.2417553916
3.9335832367e-39,3.3880738277
1.2503078262e-18,0.5212651403
2.2102813539e-18,1.2828941046
1.1967170100e-18,0.5153804119
1.7516045994e-18,0.5699256901
1.1754089137e-21,0.0226046545
2.4117532643e-18,1.2686673536
3.0725803993e-19,0.3655411447
4.3511945775e-18,0.7560746985
7.3330046505e-20,0.2480454908
9.5791078565e-21,0.1165193088
1.0040692434e-40,3.5074560140
5.9787034899e-18,0.9088529397
4.6886993672e-21,1.8151360662
6.5282105325e-48,4.0664115494
4.8180185938e-46,3.9164447254
5.1179686386e-18,1.0915998260
6.0135522197e-19,0.4328599761
3.1925804078e-19,0.3691165744
1.3415696189e-19,0.2942368150
1.4269329687e-21,0.0283038073
1.3465460849e-18,1.3538589697
1.3017201734e-18,0.5267592953
2.0017376783e-19,0.3273406232
3.6964396202e-19,0.3830620159
5.2584973212e-18,1.0804580979
6.3299638432e-20,0.2373834916
2.4924037157e-18,0.6291381607
5.7492282724e-18,0.8730865823
3.6567242874e-32,2.8632352834
1.1387559567e-32,2.9022961039
2.3622467088e-18,0.6194342001
7.2411756466e-21,1.7887446461
1.0935228778e-18,1.3800151477
3.2338042838e-54,4.6129018876
2.5917477191e-45,3.8588660256
2.2633842828e-55,4.7219020678
8.3815411051e-41,3.5133565448
9.6569956014e-45,3.8142258207
2.8286187748e-18,1.2407576699
5.7676699753e-20,0.2307470620
3.6918973792e-19,0.3829431661
4.4724903320e-18,0.7644591513
4.8392643191e-18,0.7907784947
1.6038641783e-20,0.1467924186
2.8584594469e-18,1.2388201402
1.5818049097e-20,0.1459529708
5.2192777169e-21,0.0835537854
4.3840617127e-29,2.6184905133
2.4477328902e-18,1.2661849307
2.0298029561e-19,0.3285340698
1.1667843705e-52,4.4708775322
9.0605994242e-21,1.7748178167
3.6501041377e-19,0.3818442281
1.6619855834e-19,0.3116748777
1.0729693964e-20,0.1230092008
1.2913315626e-18,0.5256605034
1.4522204292e-19,0.3006184440
1.2920225249e-21,0.0253024869
4.9894067304e-20,0.2205643189
