sampled_theta2
0.3929263532
0.8024862594
2.0708527537
3.0157811079
0.2625797556
2.0502460549
0.7307628436
0.1830308583
4.8904075701
4.9701748202
2.3407737417
0.3686587340
0.5235749044
0.3058035835
1.6679492396
2.6681135335
1.7175029359
0.0467288423
0.8312115633
1.5325544992
0.0975452038
1.1466017438
0.3858188989
0.1237457697
1.3691126449
0.1076535064
0.4828200138
0.6425078972
1.4108163200
4.2423674973
0.0753568262
2.3405058367
0.5931879043
0.2200250979
0.1248678658
0.1745615358
2.4005634312
3.0998127293
4.5650101824
1.6908657293
2.6221513938
1.2421838241
3.1719308289
3.5328573833
1.7951818325
4.3544259088
0.1261283372
0.5228304932
0.1062230202
0.1904739793
1.0754907741
0.1352576446
1.0378110193
3.1983093939
0.2945252254
4.1822022192
1.8877232679
0.1674552249
0.1633700967
3.2444327779
2.3503556313
0.2714125619
1.1755507278
0.9996542173
0.5599077004
1.5987380628
0.4477738851
0.3123003601
0.5208303673
1.1205270617
1.0330048287
0.8721790787
1.5147328673
0.6911082903
0.8414931061
0.1285508843
1.7641690655
2.3508439128
2.7903335480
0.9428214082
0.6809172350
0.4079845219
0.2886803099
0.7424869755
0.7712540882
0.3284746190
1.4018878609
4.5819004790
4.1898338110
2.6291818066
0.1530103108
0.0236089850
0.2577308913
0.5666759825
0.8278637794
0.1770287824
1.9255477096
0.0709984758
0.0205985718
0.1855199972
4.8283124119
2.0813719533
0.7180784551
1.9405143393
0.6743419821
0.1387584764
0.7074361700
0.5866146728
3.1100558024
0.0039101868
0.7492413914
0.8156372694
0.9957371700
1.0611368057
0.6469011214
0.3047777124
1.3070854587
1.2739699662
0.5971554186
0.5593192745
1.0737560825
0.5762037374
0.3185346167
0.2837866808
1.5304733535
0.1229832133
0.3084416077
1.2310181225
2.2812280400
0.3880539948
1.2758245962
1.8648317936
0.7789628881
0.3533548619
0.2263134641
0.7446615232
0.5001786754
0.2344195821
0.0859623343
0.0625682136
0.0842705426
1.0222197389
1.3790201228
0.0093487787
0.5746881477
0.0589456424
2.2280981420
0.9941091078
0.2251983278
1.1981841410
0.8322634994
0.1268712182
0.5767438555
0.4591297695
1.7404251042
1.8568690504
4.9708366133
3.8149303179
4.7272176426
2.4696549305
1.2962936326
0.5302823594
0.8500730730
0.1468602978
0.4528337038
0.4046582285
2.7965821544
1.3008230062
0.6159588419
0.4582088092
0.7392245555
0.5597901708
0.5534203800
0.0183376321
1.3026673033
0.7413412111
0.2631585902
0.7227785895
0.4859551748
0.6891893522
0.7572421724
0.7663649788
0.8814673596
1.3867518135
0.1082193287
1.7819826272
0.7334112430
0.3848287221
1.1045347618
0.1088627207
1.4660818296
0.0585848382
2.8475131579
0.6090097705
0.5518675908
0.2309912604
1.3653169220
0.0811827856
2.3032226812
4.9452796054
1.2202583187
0.4699418018
0.1746677360
0.0926600845
1.1403979226
0.3785780974
0.8521427667
2.0314915757
0.9183248327
1.6874441269
2.1170771160
2.7394458560
1.8352486319
1.7668369285
0.7278461893
0.5303410915
0.6984961274
0.7160845048
2.0832666533
0.2355689775
0.7632710337
1.1960985570
1.4836253991
0.2724509608
1.9486760469
0.1194927063
0.1798409967
0.9198217562
0.6455400949
1.8530307013
2.1200114014
0.7929292688
2.9822026506
0.3565382335
0.4020326145
0.1437064088
0.2166811933
0.5120883748
0.3719980748
0.4374793700
0.5382830582
1.6352370255
0.8023323761
0.3530760736
0.2480823623
0.2660087333
0.3149632938
0.8917437308
0.3254941745
0.4187497074
0.5702280511
0.7922186825
0.4799826148
0.7034159595
1.0845273424
0.3373173347
0.0960141312
0.4384467399
0.0879946840
0.9343697550
0.2613912505
0.6524873431
2.4561306783
2.5673110826
2.4540995240
0.2118708855
0.0433366869
0.2982684539
0.8041652479
1.4351567043
2.6843364658
0.1380284151
0.7263924147
3.1990342558
1.3550490810
0.0308882121
3.8997101299
0.1772918199
0.4252673126
0.2401970740
0.5508926228
0.7204486691
1.5739018759
0.5480573828
0.3062431551
0.9511040323
1.0000015379
0.1792179462
0.2588105157
0.8386720307
0.7101614039
0.4650399795
0.2521513202
0.3191879165
0.4379057315
0.3036555298
1.0685908216
1.3845851347
1.7745971297
0.1478398755
1.2352050241
0.8385718653
0.3088901222
0.0180106038
0.1276286318
0.0007188925
0.1448384434
0.0334532993
0.3166278364
0.4756828275
0.2859040496
0.6816516655
0.4012159656
0.5480034210
1.6257879031
0.6028080969
0.8161394307
0.4074377247
2.0899208504
4.5269067221
4.2279851876
0.8383125069
1.5472547513
0.1512356185
3.4646746737
0.6689645499
0.5379091645
1.3124275737
1.1379395598
1.0585241114
4.8774663878
0.1253183230
4.3647210313
2.4193880320
0.2912074132
0.6014744676
2.1686871708
1.9654739503
0.0558655478
0.3273181222
0.5880894610
0.1488514542
0.1757431027
0.9878710337
0.5146056823
0.0516706295
1.9510427143
1.0227752718
0.3998431496
1.6571087675
1.4706054846
0.5045594767
0.9720975787
3.5845301085
2.4903992936
3.5132577976
4.8412508549
3.8663973965
2.2071859721
4.0663352872
4.8628069849
4.2164542351
2.0356289254
0.4861894207
2.2032983151
4.9287630572
4.9526900196
0.5211955471
2.5929493585
1.7499369819
0.6162958952
0.2676503470
0.8528005350
2.1831690899
0.2122125645
0.7951576675
2.7685337319
0.9078295563
0.3078480877
0.1305198337
0.4468099874
2.0138294644
0.6408168243
0.3938864947
0.2988843958
4.3275997701
0.2922153078
0.3107465522
0.9295143698
0.0195869156
0.4315371656
4.4682053537
3.1322288985
4.7446088448
2.6989072771
0.2190644123
4.0617222496
0.1620442335
0.2458249538
0.5334236457
0.0936808964
0.3073425962
1.7361832248
0.2241049199
1.4875542474
0.6612513410
0.1483660329
0.8599534545
0.5215020983
1.1689949154
0.2531412613
1.1092175767
1.5127648732
0.2873900510
1.0888457479
1.1978340672
0.8149404688
0.3271288144
0.3500079217
0.2656243371
0.6287057542
0.5212465167
0.1808254655
0.2151579843
0.1466053320
0.5142099123
0.5545758558
0.8166271217
1.1313763349
0.6560441898
0.6106020282
2.4634683030
0.2498117691
0.2866904933
0.6178967240
0.3461130481
0.3634790339
0.2663468926
1.0552985865
0.1881048852
0.4687481249
0.1097749374
0.1226162167
0.7945912971
1.0589550682
0.1879760421
0.4551870722
1.0542819630
1.7860968443
0.1860625491
4.4272516956
0.2060545956
0.5829217630
0.1238285125
1.7793882272
1.6613298933
0.6666297296
0.5130549606
0.6951550107
0.6051931265
0.1881172581
0.2594083954
1.2268999079
2.5613953954
2.4983914623
1.3764979513
0.7268985991
1.9594084429
1.0077333108
0.0229359810
0.4706349936
0.7513726926
0.0177395837
0.5648653712
0.5201952380
0.3167091606
2.7407987608
0.0017587197
0.4059113490
0.1736553639
0.4362407935
0.7409430726
0.4814493343
0.2807156328
1.6964126448
0.0800563220
0.5681564030
0.2541563564
0.1373224113
0.1134307189
0.2664045043
2.9458934483
4.9501832858
1.6264836706
1.3413686938
0.6545521364
0.2262013046
0.3166786287
0.5878584904
3.6513925568
2.3107431624
0.7438401275
0.9772278468
1.2230285091
1.4935366214
0.5894619192
0.0062718385
1.1395103344
0.3154261730
3.3078633213
3.6544385036
0.5039335631
0.3855576305
0.2455400851
0.7265633395
0.0747066636
0.2191282756
0.5484766409
0.0563580094
1.5861861517
0.1219665064
1.0264991511
0.7433661518
1.4149197875
2.8834968476
1.4641276058
0.4926720564
0.6790676089
3.6578430827
4.8169618385
0.0781679714
0.9317873536
3.2066774570
0.3319310224
1.1096510310
0.2470607946
2.2423490316
3.0686553780
1.3111533739
1.0072517881
1.0170796803
0.3544575416
2.1971677725
0.0500992779
1.9065886149
2.4402230251
1.2492070130
0.8864290792
1.4735269135
0.0779959644
0.6637963465
0.8805282051
2.9394869444
3.1448381099
0.3566639549
1.4265574622
4.7565242110
0.8858870524
0.2352435111
0.5824616360
0.6847848130
1.4048440376
0.1338940746
1.1001705941
0.1809816557
1.8499466261
1.7997058899
2.9073534718
0.4829767878
0.0338139958
3.2682416031
0.4548844698
0.2568702332
0.8655343557
0.2872100704
1.0076026613
0.4552381523
0.1833026535
0.1567886552
2.3484235423
0.2459036481
0.2363196853
0.4399863408
1.2165086623
0.3586609266
0.0875282493
0.1080678030
0.6012275093
0.0418118360
0.4752688584
0.9959304455
0.2447936943
1.4810778413
0.5313024508
0.3707777677
0.0351352413
0.8774589736
0.9498551914
3.1394056924
0.1479468507
0.1295027132
0.6882821440
0.1414229143
0.0787411152
0.6521608449
0.3030456591
3.9320186707
0.2725111876
0.0657268533
2.1860802365
4.1941702695
0.4251749628
1.3489962191
1.8200507780
0.0351483919
0.2924554232
0.4416519147
0.6060988984
1.2040644117
0.7997519388
0.0537616089
1.5968828234
0.3438297978
1.8875647967
1.2191023190
0.1994790805
0.2345243299
0.9282645125
1.8379890685
1.0691423139
2.6575591110
4.7252463071
3.0737728979
0.3258018173
0.4246950330
0.0158969167
0.4486982109
1.0486661800
0.3331372737
0.0594870832
0.5509614635
0.3895080873
0.1124573688
0.2991030883
0.0242496029
1.0041913387
0.0408332763
1.4605820828
0.8538522439
0.4654682617
0.5058554636
1.7107253024
1.0216038262
0.5214804136
2.6434966432
1.6614649764
1.8359828981
0.5096598759
0.5638693991
2.3150504636
0.0630608991
0.3750231674
0.9271491678
0.2486178868
0.3417331260
2.1898398150
1.1893920136
0.7293541418
0.1875999027
0.4796431787
0.3345896685
0.7250052430
1.7157675392
1.4062938595
0.2116133685
0.6213011402
0.1829785576
0.5979490605
0.4044380798
0.0107871655
0.1178136534
3.1445212698
0.5047283025
1.0633249576
3.8129162285
0.0092053761
0.1683186253
0.0328632491
1.6068109925
0.1745046090
0.0378057018
0.9007060315
1.4870140017
0.1511552013
1.1816953765
0.1547425216
0.5952101150
3.2485398070
0.1535593799
0.8887835647
0.4801778427
0.5105934544
1.3710230922
1.4450902470
3.5951909335
3.2036191614
0.4134787656
0.0752983800
0.0832268329
0.5598206547
2.3587085181
0.3061726094
0.2930276790
0.6151359328
0.3398670862
1.2589571902
0.5711115628
0.5031440139
0.5078536461
0.4230096488
1.2562986337
1.9320974187
0.7803999749
0.5240960721
0.3010927251
1.1833479748
0.0019336270
0.1184347425
1.5480724788
2.0355804625
0.0121633076
0.6430713181
2.6816766680
0.3689526810
1.3673902090
2.2081404647
1.1457986325
0.8262380347
1.9478597432
0.4589814074
1.0387188275
0.6591553715
0.1905044008
0.9244689424
0.3191542443
0.6902093114
2.9174413524
2.8780611044
3.0300810739
3.9659503813
4.4927544576
4.4137511534
0.0640299713
1.3867304409
0.1677948514
2.0951121340
2.4990245016
1.3478573834
0.8603190939
3.0946951909
3.3644981317
0.7321685264
0.5510108868
1.1140494624
0.8728799510
0.4661536729
0.3317722288
0.7760372543
0.7294605379
0.0059067340
0.7366556686
1.6016368959
3.0344007188
3.5903230622
0.4387691417
0.2689432965
0.5235436456
1.9786484874
3.7574777779
0.9550553189
0.5061913598
2.6121164024
0.8950124560
0.8799592358
1.6626505088
0.5933664681
1.9638159995
0.3113499338
0.9676989108
1.1109328264
0.0885104943
0.5871166305
1.6566198137
1.8977856963
1.8741696094
1.1398215963
0.9220387499
0.5308095227
0.2814152155
0.3108008674
0.8723582685
0.5343086020
0.9107066117
2.3778099701
4.6807498575
0.0721816138
2.4782328844
0.2836667250
1.9281152519
2.2512582074
1.4879990336
0.8299674362
1.1970711447
0.2582957133
0.2733275884
1.7331528095
0.2094463945
1.3512641764
2.4913061463
0.3083800865
0.3615981218
0.7609944970
0.8429488175
0.2058752746
2.0097759617
0.2479432815
0.3081112330
2.3180311252
4.2246596061
0.4916948277
0.1641220141
0.6200513813
0.4460701310
0.3161036112
0.4501663224
0.2534081821
0.2645850422
0.3520941816
0.1540917264
0.5092146010
0.4718396133
0.1129401581
3.6416996327
3.1489622064
0.3792466840
0.1420029748
1.9124719459
0.7754125554
0.5785649237
0.0152053026
0.6861473321
3.5148609649
2.8216916771
1.0630367229
0.7580144212
1.1804584302
0.0271946007
0.1715699353
0.5948734645
0.5257221491
0.0280857705
0.0605623161
0.3043099288
3.6855230479
0.3030159924
0.2566008375
0.0644973306
0.5809416801
0.7742910940
0.4109079437
0.0432364125
2.4867789076
0.3799713907
0.6324400482
0.5445180441
1.3839937520
0.1759523734
0.4024965543
0.5275261364
4.3066350731
0.5240011727
0.2213281608
0.9863686563
0.4571748736
1.6678307090
3.4581242417
3.0997897074
1.5153204116
4.4234624133
3.1282096271
1.7598861484
2.6367779596
3.9883031245
3.0058180740
0.5285909676
0.0678744386
0.3495789237
0.9703564258
0.5287498801
0.9149464217
0.4835744495
0.2676539341
0.1643785588
2.4259021779
0.1218168486
3.0300346387
0.6002088695
1.0687550120
2.5245966928
0.6227461218
0.3299573780
1.1891344649
0.5652719799
0.4765611041
1.0641881547
0.4450293762
1.6391580162
3.4552155157
0.8220942746
0.6774848670
0.0023005930
0.3699622687
0.6797298859
0.3337234620
2.2311944823
0.1900033866
0.6283020744
0.8447327044
0.6394780711
0.1811525373
0.1084357069
0.2577879391
0.2816168259
0.7418762387
1.0253492861
1.2663427009
0.3898988683
2.2104288292
0.5162877622
3.3957363115
1.0346134402
0.5474027795
3.7264083997
3.9486418113
2.5397795811
2.0875738959
1.3768412128
1.4596198554
0.5170824141
0.0323166023
1.0673474111
0.9884069432
3.4940328814
1.7587222416
0.4237743124
1.1212102568
0.0425047329
0.5273806921
0.8188094323
0.5124481159
0.2394241627
0.4207157632
0.1941815387
0.9551484248
0.0778695359
0.5343450783
1.0137469728
1.2813689103
2.8599675091
1.6914232334
1.1462150849
1.1307503076
0.2364659009
0.3424779830
0.9794853642
0.1616882746
0.8576199202
3.5430622847
1.8055871097
0.9316623774
1.2474985004
0.0984025342
1.8420736637
1.3058514604
0.5425492432
0.2701088454
1.6012872004
0.3883272236
0.1151942766
0.7605411162
0.4941387959
0.6531894595
0.7723142032
0.4024382103
0.7519259662
1.1143862092
0.2689845019
1.4306446793
0.0342979576
0.3959473237
0.7224213164
0.3250038548
1.2372177612
1.3185241405
1.2146830355
0.5275572170
0.6726553057
0.0472486459
0.3925488876
0.1359779473
1.1023023022
4.5583465972
4.5405341898
1.6496668467
0.2260956809
0.1988564033
0.8034748182
0.5711664228
0.4817981020
0.4502371569
0.4345585729
0.1024789603
0.0060090296
1.7765694770
0.0804463811
1.1102763387
0.3542341448
1.3103681714
0.4184535787
2.8490420178
1.0375542940
0.1783440253
0.1842905963
0.2801080142
0.0393878717
1.5124278425
1.6986966679
1.3791686357
0.5247133683
0.4353987839
1.5822928280
2.5688926253
2.2929593125
0.2967991273
0.9803515624
0.1034235859
2.1269565318
3.7654259282
0.6539393443
0.7915240276
1.3161238075
0.3952925260
1.6461702932
2.2372353298
1.5250878787
1.3634040835
0.2115292336
0.4024549000
1.0437998058
1.6499407130
1.5943813842
1.3657473764
0.8325835830
1.5026468658
0.8280525578
0.1159772598
0.2889693370
0.4361876975
0.7392726609
3.6810801514
0.8288276730
1.0475137800
0.1721433933
0.5514249435
0.8471544954
0.1753401542
1.5718121191
1.3257833086
3.2635472356
0.7351240918
1.4992424517
0.5573387301
0.7784573150
1.3714760573
0.6302953945
0.1767124636
1.0257658469
0.6027911497
0.4446555413
0.4800358764
1.1275210649
0.1374338322
0.0201159552
0.0210175423
0.8037915906
0.4811331863
0.0898270085
1.0439177706
0.3790693256
0.1820060604
0.4972872410
3.4680829908
2.4992248502
0.1040654238
2.9669822989
4.5701160848
3.0088786394
0.2975695593
1.4788932766
0.8686559314
0.4882317074
0.4615881450
0.8587235124
0.4932099708
1.1550004154
0.4213051083
1.6903674965
1.8164601906
0.7606150046
1.4275382991
1.0401551138
0.0947707951
0.0151331594
0.7396428580
1.3390121550
0.3887078889
0.1079499394
0.7805908300
0.8382554007
0.4680569802
1.7295377611
1.3258109429
0.3436104661
0.4673678443
0.1776469606
0.0189653024
0.4928604840
0.8433048009
2.3150449543
0.2197905459
0.5962663488
1.0843892795
0.3563701061
0.1585305214
0.4851132121
1.0365056659
1.3871976861
0.3750934849
1.4348074774
0.9432120461
0.4451285441
0.0667143761
1.4337674221
0.4000292149
0.9911317429
0.2674909735
0.0217618388
0.0655537341
0.4773227537
1.0143464468
0.0754788054
1.1013549288
0.9938041173
2.8497385898
1.5460460825
0.4085134145
0.3604216339
1.5723630465
0.1820075757
1.4190587667
1.9185388436
0.3807380927
1.8290817265
0.3207542725
0.1564078422
0.6021014185
0.6022882995
0.2039359658
0.1798602527
0.4184301100
3.4850985763
3.1121417165
1.2408834677
1.6854631508
0.7864397072
0.0785774101
0.8463568568
0.7447450032
1.7294787965
0.6301474670
0.9651950663
0.1774789815
0.2180453200
3.1865683099
1.4624700095
0.1581857533
0.5074123237
1.0746085450
0.0505533019
0.4196529097
0.1347200986
0.2276674317
0.2664143450
0.4197312021
2.3812637915
0.2717107646
2.3349464644
0.0347916889
0.8797818508
1.0619986363
0.5428911663
0.0805308883
0.0117133632
0.7180440158
0.5930623931
0.4826180828
0.7537468258
0.8370497914
0.2103896673
0.4273257345
1.1218364147
1.4762447347
0.0171125659
0.5584273337
1.2530600632
0.5056448819
0.1907251380
0.4940816387
1.3256414264
0.2519682353
0.7777101987
1.0319212605
1.0568507822
1.1934893003
1.0692873647
1.7528765830
3.8732936171
0.4255279541
1.7700025862
4.8491932221
4.2494237645
2.9716310021
0.4822100192
0.5424097550
0.4339215004
0.4988122906
0.1328590202
0.1835690676
0.0399534642
0.5922691236
0.5512471789
1.2378149725
3.1571573853
0.7679128720
0.2350692557
0.4345420715
0.7032037059
1.3435305241
1.1585555727
1.7514127189
0.0356674299
0.3155114612
0.3058997378
2.0064342628
0.4306471931
0.6164952547
0.1140797330
2.4232903108
4.3241463045
1.0893345270
0.3660044670
0.3098706256
0.4243025895
0.7818717560
0.1385868054
0.8436877377
0.2971712318
0.4803435027
0.7212343080
0.7815778360
0.0917203540
0.6303678814
0.4702642796
0.7602504951
0.2760933535
1.2829122753
1.7182172153
2.6548733611
0.6194367199
1.4822510789
0.0719727247
0.4537449383
0.4234216365
0.3026584371
1.8210386422
0.1569721088
0.7686517601
0.9191076390
2.5144174542
0.1124969666
1.7864423790
0.1880426109
0.5103984237
0.2777484330
0.9077980742
0.8703435019
0.5395346432
0.4039307612
0.1238430087
2.4403396073
0.3152730063
1.0970056705
2.3308603177
1.5142537323
0.9684277072
2.5693628636
0.9113397145
1.3714958877
0.3343248267
1.2424379604
1.8010775444
1.2722088821
1.7174313045
3.0917152176
2.0770707100
0.6778414548
3.7308904967
3.8297847317
1.6252521929
1.0117610611
0.1577184943
0.6994419502
0.5789883228
0.0765276094
0.4642181230
0.4300643980
0.6095859709
0.6842214416
3.0381966243
4.4185470444
2.0160893546
0.3722159655
0.5320168061
0.1804425699
0.7310043767
0.3205725118
0.3982114591
0.9424099350
0.3545480079
0.0464326347
0.2570040147
0.5423202309
0.4939068037
0.7675674992
0.2604004454
0.4233734251
0.3421047712
3.3687680887
4.9535184884
3.7827376064
4.3858560615
3.1648764816
0.4664150940
1.2415100494
0.4280870874
1.7721227356
1.2626785703
0.3204022462
1.6191781659
3.2978447997
3.8400057408
3.4665053349
1.2869216474
2.1442884950
2.1609777559
1.2731128445
0.2271274948
1.0487566316
0.2491752345
0.7379700863
3.5916920701
3.1309384137
2.0588201529
3.7049755960
1.3894463280
1.1404045359
0.2917350816
0.5727615853
0.2417553916
3.3880738277
0.5212651403
1.2828941046
0.5153804119
0.5699256901
0.0226046545
1.2686673536
0.3655411447
0.7560746985
0.2480454908
0.1165193088
3.5074560140
0.9088529397
1.8151360662
4.0664115494
3.9164447254
1.0915998260
0.4328599761
0.3691165744
0.2942368150
0.0283038073
1.3538589697
0.5267592953
0.3273406232
0.3830620159
1.0804580979
0.2373834916
0.6291381607
0.8730865823
2.8632352834
2.9022961039
0.6194342001
1.7887446461
1.3800151477
4.6129018876
3.8588660256
4.7219020678
3.5133565448
3.8142258207
1.2407576699
0.2307470620
0.3829431661
0.7644591513
0.7907784947
0.1467924186
1.2388201402
0.1459529708
0.0835537854
2.6184905133
1.2661849307
0.3285340698
4.4708775322
1.7748178167
0.3818442281
0.3116748777
0.1230092008
0.5256605034
0.3006184440
0.0253024869
0.2205643189
