sampled_beta
1.5831350595
1.3165494124
2.1401176670
17.2669393411
1.3691028594
1.3218068601
2.5140485574
1.3736950282
1.2745917522
1.3601015899
2.2684210427
1.6271947783
1.5736842847
1.5419773103
1.7040100270
1.3410596414
1.9753050619
1.5065794022
2.1652633019
1.3559175120
1.4238382978
2.5410087737
1.6232993141
1.5543084465
1.3528830948
1.4820537425
1.3434329768
1.3051951521
1.3543848452
1.3541729889
1.4264101119
1.3490733082
1.7902714856
1.4115296089
1.3937731476
1.3967916012
10.5614032646
1.3618704885
1.4514785547
1.5078042790
13.9950399747
4.0822794449
1.4037679391
1.4509913131
2.7686961088
1.2771561794
1.3840573298
1.9089069915
1.3333404069
1.4108955012
1.3129866534
1.4298902603
2.2036961902
1.6339894720
1.5278605851
1.3604223114
4.1126495484
1.4261474458
1.5425635217
1.3434739285
12.6291411610
1.4003727107
5.1892812443
1.3327777235
1.7959615859
4.8535083170
1.7385584401
1.5181732889
1.8672668568
1.8611438849
2.7358222654
2.6206717686
3.7937011034
1.6502976642
2.9878078923
1.4320783342
2.0946033697
4.8415739548
1.3342344375
1.3476468811
1.5334524099
1.6690323955
1.5142128416
1.9726703457
1.3694546947
1.4963078329
1.9478294696
1.9137315763
1.3113903339
1.4632585900
1.3931668705
1.3980047668
1.4116369337
1.3918277147
1.3050977751
1.3217036661
5.1101734612
1.4956542875
1.2776254218
1.3261804986
1.3547138139
1.3518441995
1.2801699682
11.4347291418
1.2870851462
1.3293304833
2.4466256312
1.6857343354
13.0605690301
1.2749086559
1.3617665178
1.3182469808
2.4359559702
3.5689641452
2.1336239022
1.4430997213
3.8792697400
5.2568849511
1.4052964821
1.7159262383
3.1155011786
1.8494848739
1.4413686753
1.2790523584
3.7285861190
1.4414796975
1.5539915600
2.9914802470
1.3287936447
1.6614406792
1.7181737127
8.5850780804
2.7101267084
1.5755832690
1.4610626476
1.8146795981
1.2688361907
1.3756490287
1.6972142052
1.6533862763
1.6647998101
3.7213124417
3.1226150738
1.3417867216
1.9039241410
1.3191234968
1.4919062341
3.8154520800
1.3917064120
3.7751754005
2.4802717243
1.3618592010
1.8065049307
1.7886320686
1.4213473086
1.5044168253
1.5432626981
1.3270414138
1.3586141506
1.3874519817
1.4710049448
1.9311180926
2.8149767476
1.5216210249
1.6559539967
1.1251205052
1.3009949563
1.9724200895
2.1526445057
1.7666639697
1.8457773129
1.9383659971
1.9925594640
1.4437844709
4.2866986459
2.5506846381
1.4140953654
2.4662357157
1.8433054368
2.2126329349
1.4712043035
2.4737191853
2.5326166628
1.4209538794
1.5693966573
1.5060530614
1.4613344049
1.4498377755
3.7131700754
1.4496930511
1.3103652708
1.3377845665
12.5644934482
1.6132041746
1.4750676312
1.4714392693
3.9048694880
1.3103265911
1.3556219937
1.3469537202
3.3188328015
1.6988068275
1.4311675093
1.5734305000
3.0368604195
1.6450039054
2.9216370777
1.3034750394
1.9307241841
1.6486997876
1.4754974175
1.6400985853
1.3370853140
1.4285210036
1.2772597127
1.8620754763
1.9437112295
1.3235359838
1.3834831019
1.4619772728
1.3727333019
1.3834123201
4.4706072192
1.3781107552
2.7136948493
1.8394180599
1.3874644730
2.5136272729
2.0382401926
1.3431764563
7.4154251278
2.6192552522
1.3577463611
1.4086852944
1.4237399300
1.5373868332
1.3370671284
1.3409977451
1.6219207456
1.3659297844
1.9254641104
2.8765007909
2.7441811015
1.5836932168
1.0434338428
1.1681176648
1.5321737083
2.5344461206
1.3997365669
1.6885539265
1.8309570256
1.3504579204
1.7343728920
2.3084085692
2.0683066135
1.4659135554
1.3017602123
1.5527626751
1.2913768677
1.2783752218
1.4907096100
2.2162149928
1.3490537434
1.3562854383
1.3324555781
1.4531578353
1.2696009262
1.5428460537
2.7782784756
3.2654469116
4.1687416430
1.4095136204
2.2373697013
1.3458554334
3.5132314377
1.2691901634
3.2852950073
1.3008184790
1.7004394302
1.2257211048
1.9722344759
1.3608492966
1.4529032721
1.7689164776
1.4816683380
2.3113279069
2.4289779484
1.4206789720
1.4303961333
2.6550962208
2.1998485115
1.1084701011
1.2865529585
1.3364320841
1.6966635237
0.9255963447
2.4168413468
4.5015510759
1.3792290233
1.5762303285
1.2777548231
2.6427501111
1.5192517046
1.4332765361
1.4011815597
1.2685994141
1.4725785105
1.5030003259
1.2153442227
1.1142232508
0.9400008774
1.9989031209
1.4548836075
1.5786879899
1.3958440739
1.8780996113
2.6111938293
1.1317107169
1.3929352742
1.3213870979
1.3621647862
2.3298327572
2.1661945354
1.4406282012
3.2214730495
2.1512759812
1.7386134124
2.9023289989
1.2960373919
1.4025514996
1.3259537904
1.3976638550
1.6709564851
1.4182972564
1.5263001521
2.1029318995
2.1375580558
1.3211157130
1.3893017712
1.3544181608
2.0374092465
1.3030890954
1.4307493790
1.4149521863
1.4757748828
1.6169308005
2.0195341273
1.2995871947
1.3240602944
8.4312627415
6.7046269738
1.8364551342
1.8288590677
1.3348846472
1.3019913928
9.1278931970
1.3027307401
1.2783547657
10.7061229216
1.3548666966
35.7061882927
1.3576813708
1.3832556835
1.7530186131
1.3945026567
1.2685999473
7.8870923557
1.4975356992
1.3375988802
1.3691864502
1.8567137418
1.4063384362
1.4095812208
7.6890961923
1.2687550733
1.3279647364
2.3651601232
2.9517932831
1.5531417376
1.5779652397
1.7299958213
1.3357127801
1.9518985980
1.6478241749
1.5146518968
1.4577836778
1.4751761380
1.4830188538
1.6394782232
1.4036352634
1.1105309628
1.3620202871
1.3406612390
1.2839741858
1.3579031571
1.3053955982
1.3542289354
1.4270824507
1.4404707877
1.8416074363
1.4975674613
1.2838090039
4.3697460189
1.4048938370
4.0142992803
1.7057768526
1.4260491595
3.0805242807
1.8788271394
2.5532639586
1.4060912284
3.8001701911
4.0561753862
1.2829218529
1.5779414045
1.3387147338
1.4868900289
1.5503068684
1.6093797961
1.2191341804
2.0546426340
1.4010478642
1.3687166374
1.4065062293
1.4252484811
1.7883732432
1.4013964107
2.7720287779
1.7645020669
1.5039195733
1.8043038759
7.8391313883
1.4054816586
1.4395806108
2.1312100100
1.5830149459
1.2904054416
1.3349741220
2.9699320203
1.3402491227
1.7856351100
1.4431684063
1.2959748358
1.2721626338
1.3912027650
1.3559817119
1.7653556578
1.8748068829
1.3752961089
1.3059967025
1.3215838772
1.2687641860
1.4358451812
1.3846546404
1.3042123571
1.4050997186
2.2990380959
1.8992095894
1.9445898157
2.0529244536
1.4083459583
1.4561096035
1.2889263250
1.5437008866
1.3501895650
4.4150434999
1.3484331342
3.3949044518
1.3069338324
1.2902353739
1.6951388077
2.3934390325
1.3718609801
1.8294810322
1.1872820946
1.5236543482
1.3405350903
1.2690008515
1.6919946028
1.3527855062
1.4518963362
2.3610763856
1.8238435942
1.4412506066
3.6367420831
1.5295329046
1.8541041409
1.2525439165
1.3966893533
1.4383429865
1.4742584347
11.8254501449
3.7229899527
1.3695994433
2.1679424767
2.1814903351
1.3286638419
1.2338243441
2.0706993847
2.6091358721
1.6967668055
1.5416470922
1.4084245675
1.2943729839
1.5264313984
1.4009874468
1.3191453460
1.3056861289
1.5528171208
2.4303450315
1.3321791564
1.8618388297
1.4883361704
1.4756222837
1.6546598740
1.4028894586
1.4368536542
1.9122468496
1.5607448193
1.3174815862
1.4085541898
1.3339994084
2.4587989516
1.3542123297
1.3505055436
1.3215729126
1.8568598332
1.4708437920
2.8983885613
1.3821064610
1.3751161661
1.3273639434
1.2686019538
1.2302772554
3.2268192259
1.3971024646
1.7591500121
8.1763113767
3.6061946332
1.3485380171
1.3854583988
1.3883985123
1.9942783443
1.4156842027
1.4499400360
5.9174429776
3.7943369092
3.1010069026
1.3478943984
1.7408472922
2.2886815575
3.0402361921
1.4073518720
1.7349358179
0.9170333564
1.4220104232
1.3261061460
1.8975685678
1.3445737597
1.8635860730
1.2869336851
5.6914183383
1.6169594514
2.3012931007
1.3568527092
1.4789104274
2.1907634967
1.3589052100
1.8236487304
1.4890975868
1.3288498859
1.2857341111
1.0453134808
2.6041574421
1.3926516610
3.8907005828
1.7020772344
1.4357294908
1.4092903315
11.8581912874
1.4321419417
1.2945914242
1.5378037027
3.8044564843
1.6150793908
1.6495784567
1.7110783577
2.0834839393
1.5365386683
1.6080185985
3.5989348997
1.0503729928
7.7024868478
1.4195207628
1.3221005917
1.3825973491
1.5700977551
1.3042400557
1.3419110838
1.3773888457
1.5632408235
2.3806786931
1.6573576526
1.8454993446
2.1061575826
1.5274097116
1.5090176419
1.3094985344
1.6077772576
1.4097261213
1.3617503912
1.6912223048
1.4054084612
1.4041307058
1.6324475089
0.9947008154
1.7215021344
1.9983303549
1.6726546244
2.3725631279
1.4870614549
3.1446909415
1.5964644944
1.3654808753
4.3931585012
1.4351624413
1.4752356928
1.2952166105
5.2326677165
2.5415000200
1.2797574570
1.3576429248
13.4164880273
1.2795034269
1.2685995264
1.4166421073
1.4939532421
1.5771923068
1.4473033902
1.7882154928
1.4646077337
1.4912011348
1.2950371958
1.4427646812
1.4351169856
2.2389433255
1.4834624979
6.6535491713
1.4446650840
1.7113794831
1.8843010292
1.5611315584
2.2405438540
1.8847672006
7.8998770275
1.8965272667
4.3139039627
1.8914262692
2.0165776723
1.3366733382
1.3031562332
1.6274440060
1.4314796540
0.9944853580
1.5881744901
1.3258627331
1.4383669538
1.8503635501
1.4225214781
1.8037036580
1.4581553653
1.8417100865
2.5542962964
1.3025956827
1.4554977461
1.3767057501
1.3969606673
2.0356097094
1.5698754011
1.3473958342
1.4214515304
2.1069585900
1.6890916167
1.3892698184
1.3311412201
1.3324471176
1.4169719115
1.2687881200
2.7170721516
1.4297748626
1.3994132562
2.8972335866
2.4427450157
1.3379400270
3.2923241794
1.3608685272
1.1349203358
3.6026620828
1.5172674072
2.1145822727
1.8069988590
1.8951870379
1.4011408277
3.0121088206
1.3279199061
1.7603598583
1.5030036466
1.5721290250
1.7860969020
1.9672712449
4.8289977711
1.5510293065
1.5013177379
2.0668058552
1.5762131584
5.4739045042
2.0043427508
1.3445663641
1.7002641851
1.6886414657
1.4883819267
2.5412087539
2.4120569624
1.8757995775
1.5290752897
1.4093892127
1.2699829418
1.3454812779
7.3111994785
1.3994405598
1.3914600814
1.9468655991
1.5107135394
1.6281365635
1.3645899234
1.2685993651
4.2888729372
2.2339326617
1.2820274278
1.5865344751
2.7859760331
1.9654421484
1.4379467262
1.4260578340
1.3553643935
2.3523530876
4.1486736072
1.3403043880
5.6257202625
1.3386095811
1.3497774175
1.3560919250
1.4264243642
1.4690805595
1.3078621673
1.6672067367
1.3361423166
1.3115359332
1.6436586388
3.4886301740
1.7270588793
2.2723878753
1.9876775819
3.4030452996
1.7280263740
1.7453441367
1.5785481737
2.2734046218
1.5289284471
1.3142876941
2.0116408140
2.8335456203
6.3744814955
1.3392750129
1.5453367011
1.4625571919
1.3436087747
4.4781175413
1.3480132730
1.3167541141
1.5578346286
7.3659831564
2.2116682291
1.3914423381
1.3320659440
2.0674621787
3.8500243368
1.4652204639
3.5737773936
4.2247896656
1.5786939469
1.8615316494
4.9744345944
1.3177445373
1.3440343278
1.3341730267
2.8202674900
1.7457278932
1.3154546491
1.5568203582
2.3637798423
1.9290995067
2.0665659656
1.3834802815
8.0941238583
1.4240688500
6.7550144840
1.2977734464
1.8342905694
1.4765037358
1.5944460959
2.0594888007
5.1787259581
1.4399601165
1.4728927939
1.4973347763
1.3874710494
1.3867984952
1.3303209047
1.5108479119
1.2985847005
2.2751045898
2.9583091795
1.3640719862
1.3326324310
1.3711736971
1.5201839492
1.3666053609
1.2781802678
1.8427078545
1.3138087578
1.5830001581
1.2892111641
0.9357711581
1.5139671281
1.4106133951
1.3114710778
1.5777043890
1.4431594066
1.7668033814
1.8041009311
1.3623556791
1.3309678448
1.3424569221
1.3124906868
1.4350845744
2.7067638628
2.0845466200
1.7677130743
1.3870297925
2.0994699423
1.3504360410
11.8622155924
1.6643330917
2.6272133649
1.3048174561
1.4103724612
1.4298981956
1.4680093073
1.7208791189
1.2686819169
1.6783334061
1.5057287420
2.9409522866
1.2694388498
1.2975210403
1.5743459710
2.0539480819
2.6844833830
1.6235071364
1.3067540562
2.1078954136
1.4631382591
2.2060183812
1.8821027945
1.3282766903
1.4277706042
1.6877433310
1.3166824458
2.1153894333
1.9222475262
1.2231364920
3.3414672121
1.4399224321
2.3553523527
1.4543774034
1.5742295275
1.5943988150
1.3614613822
1.3186214670
1.9824778769
1.4823809986
1.3246705666
3.5291592828
1.8060878854
1.2722930604
1.5080088070
1.7248983908
1.3796286557
1.2991701832
1.5519529218
1.4581588712
1.5332941493
1.3374530205
1.4004701559
1.2685993784
1.2834926940
2.8203345548
1.3391050533
2.1738270304
1.5404222083
1.8741298296
1.7530376928
1.5911974974
1.3078703199
1.7637545076
5.5120221186
1.3501692917
2.2194937417
2.2247314304
1.2717213917
1.6358757918
1.5827916863
0.9082002515
8.5878919332
1.4120002183
1.8069300543
1.8525303624
1.5750784709
1.4236354128
1.4129733821
1.4877896492
1.4781343065
1.3163305155
2.0080554345
1.5519143271
1.3515148397
9.9232924132
1.8856654453
1.3391505508
3.2409837483
1.8197450206
2.0594881950
1.3342245817
1.3468779243
2.2943532576
4.3519862187
2.7046034896
1.9054275582
1.5552858963
3.0491849771
1.3519719556
9.1077559031
5.5832132142
1.6662485396
2.9582913801
1.4990792321
1.9027790950
2.0807580476
1.3140859793
1.3912001240
1.6620644962
1.4372957885
2.3714263390
1.3126912567
1.5541308535
2.3383906108
1.3799019514
2.3633508071
1.3497781288
1.4189497862
4.1755675024
1.4633877493
1.3004296818
2.5074136054
1.4262281030
1.4277408565
1.2895752672
1.3840723004
2.4152325271
1.4628543911
1.2794564830
1.3206769688
2.6480013394
1.5463930787
1.4857243565
3.0856865372
1.6543670552
1.5626606574
2.0098063080
1.7920086399
2.0614254533
1.2766841200
1.6373770881
1.3043168447
2.5290316461
1.5098326408
4.1936327799
1.5732648331
1.4836339453
1.8355693505
1.4963344443
2.4868494470
2.8835601525
3.1181819779
1.9252959539
2.1091265969
1.5775392069
1.6355822979
1.4454576099
3.6675209456
1.3003102839
1.3274627207
1.2753593901
1.3396062568
1.3481220421
1.6178085882
1.5519582072
1.8083465261
1.3291171202
1.5930413165
1.3388634407
1.2685993651
6.7462909721
1.8545925815
2.6272447318
1.5817885402
1.3189834345
1.7003391392
1.3320933208
1.7644736406
1.3585123011
1.4004246236
1.5176676014
1.3696171234
2.1863436357
2.1522584252
6.1070556628
1.6696588270
1.7400792790
7.8085941639
5.1223328687
2.5339350397
1.3466742966
1.3272396970
1.2946066396
12.2188352340
1.2886424184
1.3029150183
1.3452869185
2.1880286111
1.5320615003
1.6472687365
1.3558600806
2.0173926455
6.2626775470
1.4525603092
1.6853107139
2.3520113014
1.3313465889
1.3304762652
1.6457864060
1.7492816263
1.3486570319
2.2267549224
1.3821775373
1.5150062479
1.6796538866
2.4674319731
1.3400115341
2.1704237595
2.3782210083
1.4224763139
1.8168698605
2.6675457082
1.4078712400
1.3159520813
5.9072303794
1.4524346019
2.5115559424
2.1718612191
1.3778911884
2.4543616722
2.0760297598
1.5139028477
1.4284848766
3.0086204813
1.8925240284
1.7417368082
1.4186916359
3.1219780763
1.3598983672
1.4697964435
1.2726136177
2.1820066873
1.8017371177
1.4297320004
3.1275363506
1.3588501522
1.4242906389
1.7848755114
1.3570411741
6.0482394840
1.3596736613
1.3730246502
1.3652374544
2.7557294386
1.5080269199
1.3948893408
1.2930135757
1.4155346002
1.2353058494
1.3609462227
1.8267374312
1.9560459053
1.7084611690
1.5818253026
1.3232934103
2.4043399782
4.5592122454
4.0670890332
1.5339683234
1.4202576773
1.7003235131
3.9271295743
1.4355026511
1.4144042085
2.5087184905
1.3081282266
1.6269036025
1.3124637118
2.2847536943
1.5527610406
1.7206997700
1.3925342933
1.4652934962
1.3236909520
1.9436278055
1.3430394737
1.4408539094
1.9062579736
1.3575125809
1.5580248226
1.4289370676
1.8017142166
1.5132390325
3.1423431465
1.6276747509
1.3568739691
1.2959035797
1.6120166905
1.3690961024
1.3575988838
1.6417375967
1.3202807856
1.3386431843
1.2998783352
1.5407479735
1.7836065975
3.2005824222
1.4554668313
4.1268120418
3.1889447347
1.3397354972
4.7999776746
1.3123557835
1.4904780374
2.2154364425
1.4078152717
1.3375798711
3.5648762970
1.6359466794
1.3873823042
1.5688805937
1.4300375992
2.0847938036
2.1191153939
1.3988117722
1.3747484086
1.5928835478
1.3480244212
1.3384038489
1.3350655813
1.4512980365
2.2857301750
1.4761105880
1.8613831376
1.5712338719
5.3971407935
1.6647244896
1.4618460877
1.4254651242
1.1803945545
1.2686675765
1.8262347124
1.3707668832
1.8882230143
3.0356156353
1.3058880842
1.6962947079
1.3890896806
1.4657297835
1.5060918896
1.3451323087
4.4733161246
1.4770839231
1.2851274002
1.6312878892
3.1582822842
1.5361457812
1.4002139964
1.2809868002
1.2685993994
1.4304603601
1.8695685564
1.4093393945
2.5413879332
1.4172421623
1.4538777804
1.4029536264
3.0130103914
2.0061337948
1.3198790555
1.7770992323
3.9901082822
1.6772502739
1.4382787220
1.4081609326
6.5317911479
1.4402432735
1.3904494890
3.7778784471
1.3666279558
4.3091103324
4.3506001547
6.4301861868
1.3451745243
1.7170876429
4.3255058913
1.3684793121
1.3215701555
1.3417861781
1.8316195823
1.9313804460
1.5259175999
1.5066516889
1.4424385007
1.4346386824
1.3448114520
1.7473553923
1.4472565098
1.2875404116
1.3422683633
1.4776691647
1.4451446862
1.7395202834
2.0043541007
3.2539746678
2.5894172750
1.3739594915
1.5755219924
1.5466349138
1.4215223778
7.1352350296
1.6960091602
1.3950702427
1.8107868626
1.8821243269
23.4328948564
1.8313299097
1.5042129516
1.5184291572
1.4516591073
1.2757871148
1.2957002343
1.3808435333
1.4538132200
1.6293956800
1.9682127967
2.7084047547
1.5355770710
1.6731989746
1.7953255229
2.3515021321
1.3521792427
3.0392078584
1.3316168985
1.3352740344
1.8601647251
3.5472976217
1.8142579493
1.7464275235
1.7223387694
1.5363183044
1.4259289034
1.4306806277
1.4716625682
2.8737509443
1.3189311934
1.5917452384
3.0642369200
1.4235334723
1.7576418911
1.0892121655
2.4774067704
2.8108011079
1.9456811071
1.3061382645
1.3952049662
9.5827764567
1.4891828160
1.3138403599
1.3607297251
1.4534588719
1.3212366963
1.3357487040
2.1515142665
1.3050743897
1.1729282110
2.7386007011
1.3132978623
2.8345372904
1.3746808364
1.3393671292
1.5190270464
1.3381022615
1.5029697283
1.6057717841
6.2931541638
1.5124053274
1.4210238638
2.1435468803
1.9902081352
1.6150888221
1.7898696552
1.6772666886
1.8385612893
1.3899574429
1.7235753229
1.3910745536
1.3393957399
1.6423351734
1.9434305148
1.3704695470
1.3599853488
1.5457813559
1.6685314093
2.9241555953
1.4891718098
1.3299165892
1.4881778975
1.3191681222
1.3252004054
2.6092240941
1.5004931019
1.7023970780
1.3739771093
1.5030783361
1.2717275231
2.2190274396
1.3636411606
1.3453847798
1.7696675178
1.3947643258
1.7289213439
1.4894986349
2.0182255688
1.3625828549
4.3536174097
1.3986671421
1.4252758623
3.0795800539
1.2786897589
1.3293356098
1.3469355897
1.2905653046
1.4413215986
2.5036335672
1.4299012270
2.4430702627
5.5969430072
1.3382720727
6.7664581311
1.3441978357
2.2201234845
2.9968055166
1.5339758395
1.9341117727
1.4385715909
15.3461491255
1.9035190779
1.2686549403
1.2776142360
1.3742342157
1.4361391886
4.4496564102
1.6322723432
1.4333128896
1.4166617910
1.4262214329
1.3842069206
1.5086318814
6.8003768410
1.5169859653
1.3523920251
1.3517025879
1.7339133262
1.6319828865
1.3935707628
1.4994297085
1.9517073231
1.4334737520
1.5746657006
1.4456026655
2.7248840487
1.3818986220
1.4104492751
2.6000150611
4.2584904006
1.2788284160
2.1590837794
5.7762406965
2.1512730371
14.5858341815
22.0535159700
1.3496215519
3.1543814647
1.3459368810
1.9735213763
1.4500234033
1.3387535832
2.5996071830
1.2780216830
1.5645104366
1.4813801749
1.4799000892
1.5357584850
1.3369788803
1.9557042302
1.4101266323
2.6701716805
1.4943412345
1.2925957121
1.3881914855
1.2811616018
1.8865898549
1.4328339378
1.4707062789
1.3626093713
