likelihood_theta1,theta1
1.8992818880e-18,0.8214905413
1.3247783416e-20,0.1568727102
1.6388257065e-18,0.7729453531
1.1506096415e-34,4.0977037808
8.8839821758e-23,2.7373554100
4.0316219427e-21,0.0910933979
6.1760961113e-21,2.4306799996
6.4022077181e-19,0.5327742769
2.4698920339e-19,0.3975580750
2.5063627380e-21,0.0698106991
1.8593447638e-18,0.8143868221
4.9188031667e-18,1.2670613231
8.0909787192e-19,0.5794434262
2.2081801297e-18,1.7347216135
8.9387579402e-19,0.6018304473
4.4821471611e-20,0.2412697889
1.3503328541e-18,0.7124253075
6.6782186182e-20,2.2181798588
3.6410523136e-18,1.0665242586
6.9281148001e-20,0.2759542301
4.3428971372e-18,1.5146559424
3.6822488978e-18,1.0717311957
3.5212132321e-18,1.0514202569
3.0560214482e-26,3.2023994716
6.0578815520e-20,0.2649774546
6.9729764577e-20,2.2138702219
4.3988083857e-32,3.8450060616
7.1060670467e-21,0.1203468924
6.4155196096e-20,0.2696355571
2.0967057988e-20,0.1866110079
4.5892118336e-18,1.4806203143
7.4760629760e-20,0.2823002066
2.2528554255e-18,0.8798681533
9.9471485793e-19,0.6277098143
3.8433595978e-18,1.0922443816
1.1134771772e-25,3.1330687341
1.4488111894e-26,3.2416270606
2.4339049061e-19,0.3958954917
9.7814421903e-19,0.6235112756
4.9415324106e-19,0.4890228864
9.1531252915e-33,3.9131944518
2.7772884507e-20,2.3016742908
4.4280519741e-19,0.4724367790
7.0205056988e-19,0.5502349325
2.7963407004e-18,0.9580320759
5.6544937692e-22,0.0140114898
2.7666211633e-18,0.9540125957
3.8120339180e-20,2.2723682631
7.2650930515e-19,0.5570131484
1.7024460112e-18,0.7853052103
9.6267606264e-21,0.1375993964
1.9011376073e-18,1.7675504392
2.3980333711e-18,0.9018713685
1.0823546904e-18,0.6495595510
2.2120362190e-18,1.7343216610
4.0654354528e-21,0.0914947807
5.0399775027e-18,1.3680281150
3.4516696746e-31,3.7537498922
3.4536113718e-44,4.9248833433
2.7214661671e-20,0.2045881071
9.6996300203e-34,4.0088099977
8.4024454893e-22,2.5830228105
1.4163163018e-40,4.6277231490
2.7877240066e-20,0.2062866765
2.8754708624e-18,0.9686275565
2.4654022629e-19,2.0769027032
6.8372025709e-20,2.2158348400
2.3665540851e-19,2.0817389764
4.9799789846e-18,1.3979799935
1.1745760733e-18,0.6718867713
4.9741023365e-18,1.4000740335
2.9380914969e-18,1.6621259113
4.2315369443e-18,1.5284249447
8.5629217601e-19,0.5919797712
6.4088111290e-28,3.4000219643
1.8657913808e-18,1.7714766874
1.5434926044e-18,0.7537720988
5.0124434317e-18,1.3845559850
2.9431265401e-21,0.0766571921
4.7704369409e-20,0.2460744016
4.5488198853e-19,0.4764118351
1.6843232229e-19,2.1207594747
1.3972330701e-18,1.8277396706
2.6502406182e-18,0.9380370670
7.6718295085e-20,0.2844758988
1.1754251379e-20,2.3772861635
1.2979921466e-18,0.7006385632
1.8787146900e-18,0.8178466411
2.6961932471e-19,0.4076732691
5.4052259398e-19,0.5033823923
2.2255527231e-18,0.8756166814
4.0218991721e-18,1.5526189144
5.6704712747e-19,0.5113791711
1.0752843108e-19,0.3139354334
6.7200038143e-21,0.1172889398
5.2162820304e-20,0.2530513483
2.1296241983e-18,1.7429286589
3.3758316154e-19,2.0386200592
7.5153493524e-20,0.2827404988
5.9675619027e-20,0.2637654487
2.9179742155e-20,0.2095302008
7.2582516017e-20,0.2798244820
1.1015405552e-21,0.0395259870
1.5758457866e-40,4.6237890697
2.0389930805e-21,0.0615214896
2.5216862556e-19,0.3999236927
6.7177767623e-22,2.5991015817
3.8322083902e-32,3.8510411053
3.8875529027e-24,2.9318693658
1.0591442952e-18,0.6438316788
6.4350201104e-20,0.2698833650
1.4442745927e-20,0.1622834439
4.1942068717e-18,1.1386746355
1.2857603283e-20,2.3696396482
8.1386820914e-27,3.2715668007
6.4843555778e-19,0.5351234624
6.7018383839e-19,1.9464801543
4.9056608827e-28,3.4132262250
1.3263133640e-19,0.3333426708
1.7368587773e-18,0.7918505365
2.1056877504e-18,1.7454530787
3.5672646396e-18,1.0572195473
6.5293484897e-22,2.6011333155
2.9607010538e-26,3.2040762919
4.6490480856e-18,1.4712471879
9.4842541774e-19,1.8937216278
5.0344656354e-18,1.3136331481
5.0488340318e-18,1.3264758275
6.2570838932e-21,0.1134355391
1.7136728779e-18,1.7888083087
8.6442262831e-19,0.5941205089
3.4545417536e-29,3.5415114567
8.9909970750e-23,2.7365704676
2.8909996501e-18,0.9706898043
2.6874248115e-18,1.6865646853
1.4719379057e-18,0.7388503331
5.3205006995e-22,0.0080884836
2.7081071042e-19,0.4081906804
5.1136784054e-29,3.5228506895
8.6944384216e-27,3.2681533347
4.5895789520e-27,3.3010019935
9.8315807712e-24,2.8761892946
4.8922064019e-18,1.2597635144
6.6407996387e-19,1.9478053440
4.7007531219e-18,1.2179528025
8.2393270438e-19,0.5834047038
5.5000738591e-19,0.5062586052
1.3562812062e-30,3.6919399191
5.3027306657e-19,0.5002522494
1.6277365378e-19,2.1245724500
3.9906967961e-18,1.5560701994
1.3293797647e-18,0.7077364436
2.7410002715e-18,0.9505286668
2.8648913891e-18,1.6692391690
2.6720980763e-19,0.4066224494
5.1562473522e-19,0.4957369209
1.3171199032e-18,0.7049745743
1.3597355254e-21,0.0466957485
2.5814069696e-21,0.0710417143
2.4063063708e-19,0.3946096034
3.3943403539e-19,0.4359467518
5.9468035447e-20,2.2296533115
1.0890417977e-19,2.1680977774
3.6159940872e-31,3.7516653144
2.2765532184e-18,0.8835278555
3.3850491235e-33,3.9558331073
8.9299824863e-22,0.0324817789
1.3612075504e-18,0.7148431743
3.2028187996e-21,2.4828166391
1.0792657087e-19,2.1690482591
1.6640885593e-18,0.7778941663
4.1345488001e-23,2.7867850628
5.9065620011e-19,1.9645161744
1.3097191815e-27,3.3644404214
2.3577445147e-20,2.3165003922
4.8027483896e-21,2.4509087550
4.1636074714e-21,2.4622483007
4.5635833973e-20,2.2553157228
1.1564245768e-18,1.8610633856
3.8274799462e-18,1.5736423940
2.7821154284e-19,0.4113735760
1.2755391885e-18,1.8440856108
4.5315995506e-18,1.4891558044
2.2790584305e-19,0.3885521889
2.0975224538e-24,2.9681013190
5.0622333762e-19,0.4928116416
2.5463581698e-19,0.4010395774
3.9008145461e-19,0.4544442852
1.2037995107e-20,2.3752583875
1.0706447277e-18,1.8740089303
4.7318732024e-21,0.0989496893
1.4205859064e-18,0.7278556820
6.9435629878e-26,3.1586033555
1.1809282388e-35,4.1907102612
6.8750499113e-34,4.0232852003
4.6772531086e-18,1.4666149240
1.2685910584e-18,1.8450475109
4.2155557361e-19,0.4653175489
9.8123714515e-20,0.3057474895
1.7627651503e-21,0.0559947210
3.3040718770e-18,1.6265100659
1.0451350890e-22,2.7266733711
2.8518777155e-18,1.6705051758
5.8809071654e-23,2.7641860903
4.3746712642e-18,1.5105762992
1.6141360719e-18,1.8005850141
4.3188895323e-21,2.4593506337
1.2671157259e-21,0.0442666450
1.5534550536e-18,0.7558131885
7.9522712653e-19,0.5757218367
4.8363932801e-19,0.4856907190
9.9553846541e-19,0.6279179395
3.0480588610e-20,0.2126516284
2.9177268163e-19,0.4170735764
8.4915736175e-22,0.0307695341
5.0141833636e-18,1.3017274849
2.8414479389e-18,0.9640901809
1.8691576163e-20,0.1789439108
1.7936193392e-19,0.3630740241
1.5148880230e-18,1.8127316668
8.1570491475e-20,0.2896809352
1.2216706021e-19,0.3256298376
3.3762148042e-19,2.0386058458
1.8352963477e-19,0.3654379338
2.5882217137e-18,0.9293549905
7.7927089125e-44,4.8966079801
5.5887891471e-25,3.0438369703
5.0444795139e-18,1.3641190611
1.9453643151e-29,3.5686534237
4.3697880198e-20,0.2393276063
2.3222517316e-21,2.5075805460
2.6569853388e-19,2.0679732946
1.9847689633e-19,0.3736165683
2.1522945044e-19,0.3822897078
2.3277416568e-19,0.3908953910
3.0537553681e-31,3.7592345662
6.7785176853e-20,0.2741507859
3.3880340733e-20,0.2203154306
6.1689245646e-19,1.9583727532
6.7672111467e-20,0.2740131654
2.9693667414e-21,2.4886889532
3.2785458615e-18,1.0207977458
7.5833990391e-21,2.4139128197
3.6476650931e-19,2.0288519310
4.5540141188e-38,4.4101407665
1.4623069013e-30,3.6885112075
4.8782435675e-19,1.9908380806
4.6963296638e-18,1.4633924248
2.1290512957e-19,0.3811146212
1.5106449508e-19,2.1328381016
3.0805651355e-27,3.3213157673
4.9432172061e-20,0.2488397783
3.5764282617e-18,1.0583740283
1.7934589454e-18,1.7796255766
1.7506869758e-18,0.7944535853
7.0844624713e-19,0.5520139045
1.5308019953e-19,0.3471743523
1.4194898380e-24,2.9907239392
7.6146800020e-20,0.2838454525
8.0229078660e-22,0.0288094959
3.3939845808e-18,1.0353940695
1.0237302597e-18,1.8813845019
8.2227249843e-20,0.2903661063
1.2587478850e-19,0.3284185242
7.0509898075e-21,0.1199187395
4.5548751300e-18,1.1923908970
1.8927098912e-21,0.0586638244
4.7758620938e-18,1.4490142624
1.2981520617e-21,2.5512418239
5.0005176981e-18,1.2953019129
4.4846818470e-18,1.1811212686
4.9396291330e-18,1.2732466985
4.7088784486e-18,1.4612297959
5.0346756996e-21,0.1020815509
3.9928734401e-18,1.5558305062
8.3710924265e-21,0.1295256699
3.4116934250e-18,1.0376270021
7.3203986784e-21,0.1219885621
4.8266547338e-18,1.2437940124
2.0467535639e-29,3.5662604468
2.1168015987e-18,1.7442795353
6.2176584142e-20,0.2670856259
3.3486783568e-19,0.4342073729
6.8554194736e-27,3.2804150259
1.2341660317e-18,0.6859347888
3.6556179069e-18,1.0683640130
4.1020547769e-18,1.1261320852
3.2722049585e-18,1.0199933171
8.6365757054e-19,0.5939193020
1.1067199020e-18,1.8684838008
4.8192733324e-18,1.4403482762
3.9937476633e-36,4.2343388037
1.6479621421e-21,0.0535193043
4.4350135347e-25,3.0568282427
4.0417379535e-18,1.1180810030
1.3438495527e-37,4.3682224447
3.4504456307e-18,1.0425098143
3.4227800020e-20,2.2824334373
1.4148383935e-19,0.3395140530
9.3070189956e-37,4.2923073432
6.7703036674e-22,0.0225771665
1.2827624537e-18,1.8430891015
2.2700315990e-18,0.8825234823
1.4925012223e-24,2.9878307760
4.5346075923e-18,1.1890811534
4.9109429775e-19,0.4880565543
7.5834509248e-25,3.0265797341
1.0121088457e-21,2.5695134541
1.2719875911e-28,3.4791017323
1.5350159354e-36,4.2724758899
4.2962854989e-38,4.4123869832
1.6871123771e-34,4.0818762127
3.8642730907e-19,0.4531537706
7.7581125006e-19,0.5704827233
1.8073544829e-19,0.3638573567
3.5003840023e-18,1.0487978939
9.6272803224e-19,1.8913277670
3.8151303383e-33,3.9507288892
2.1297462763e-19,0.3811498828
8.2934465105e-20,0.2910990051
6.0047761894e-21,0.1112411940
4.9841037172e-18,1.2885328815
1.6816446178e-18,0.7813014468
7.8883458843e-22,2.5875774572
3.2683039319e-18,1.0194982519
4.4120338726e-18,1.5056799495
8.1013362600e-27,3.2718043204
4.4797990065e-18,1.1803563629
2.3402673674e-21,0.0669947872
1.5464669370e-19,0.3481757474
6.3516947869e-19,0.5313249276
4.2534246854e-18,1.1469210732
1.4219888767e-18,0.7281592536
3.4899921930e-19,0.4395486932
2.6244994909e-18,1.6927512422
7.4762319422e-19,1.9304012869
1.6482385620e-18,0.7747956199
4.8588793614e-21,0.1002810369
4.3161084242e-18,1.1558421915
6.1243763978e-20,0.2658603004
9.6571510844e-23,2.7318775098
1.8722771857e-20,0.1790541176
2.2358027691e-42,4.7782002170
1.7468363101e-19,0.3603733289
3.4459037741e-19,0.4378953329
6.1689675748e-26,3.1649599955
1.4449004611e-18,0.7330914338
3.7884522377e-21,0.0881329668
1.7874756867e-20,0.1760027616
4.4155695955e-35,4.1370659601
3.7696785584e-31,3.7497987827
3.3806623089e-21,2.4786070582
1.1677417962e-18,0.6702562974
6.5536498272e-20,0.2713777739
9.8719622945e-22,0.0358538710
1.6275099037e-18,1.7989803320
1.1504962679e-19,0.3200884492
5.7487115064e-22,0.0150264724
3.6943029807e-30,3.6460362201
1.5031086429e-20,0.1648135316
9.5099553572e-42,4.7262201759
1.2755503837e-20,0.1545268040
1.7415347680e-19,0.3600640234
3.9154619667e-18,1.1015405555
2.3152415716e-19,0.3902968635
5.2797644620e-22,0.0031942343
4.6262434122e-18,1.4748875776
4.2570669107e-19,0.4667214606
1.8636573728e-20,0.1787492299
1.1039483307e-19,0.3163188597
2.8658838699e-18,0.9673517004
1.6912283226e-21,2.5315581831
1.5249879907e-19,0.3468007594
1.9230736843e-21,2.5218949015
5.3040661674e-22,0.0073335685
2.2820475301e-20,0.1923622564
2.0646795589e-18,0.8497439252
1.8688059742e-19,2.1090457472
5.0255637482e-18,1.3079235014
1.0263778279e-29,3.5986339010
4.8259732969e-18,1.2436396008
2.6307380185e-20,0.2022056003
3.9788873451e-18,1.1098012117
2.4726047813e-19,2.0765566945
2.4976544529e-18,0.9164392911
9.3087458491e-19,0.6114177582
6.3396944089e-20,2.2233432709
2.3369632394e-20,2.3172957903
6.9339922919e-19,0.5478209107
1.0201747433e-18,1.8819527374
1.4591362539e-34,4.0878864983
1.0599120987e-20,0.1432868567
4.2762657509e-20,0.2376791692
2.0368631942e-19,0.3763657784
1.5058714165e-19,0.3455648936
1.4021932902e-26,3.2433334542
1.6452569526e-20,0.1706061388
1.6361385228e-19,2.1239991880
1.1450348275e-19,2.1627931733
4.6162680739e-18,1.2027377751
8.3105061301e-20,2.1961422966
1.3967838592e-21,0.0476307160
3.6104957507e-18,1.5960420556
7.8415961213e-19,0.5727397429
2.4521830001e-18,1.7098670498
1.1596121359e-18,0.6683116723
2.6926094989e-18,1.6860561685
2.6361397059e-27,3.3292168310
4.7296898590e-18,1.4575621594
3.6133657932e-18,1.0630303423
5.2334314238e-19,0.4981224025
3.8491404168e-21,2.4684404348
2.5602272721e-18,1.6991022403
1.2742279181e-21,0.0444581792
5.5113155514e-19,0.5065982442
3.5257876135e-20,0.2232394317
3.1714214955e-19,0.4273248645
2.9696557453e-18,0.9810574527
3.7788223477e-18,1.5787476342
1.4626569157e-28,3.4723457386
4.8751714287e-18,1.4279753779
1.2708243036e-19,0.3293132193
6.2140039323e-33,3.9298467652
1.2702423945e-20,2.3706775871
3.0117117154e-18,1.6549794149
1.5291107899e-23,2.8491368991
1.2591418470e-19,0.3284478148
7.2478397730e-33,3.9232375054
9.5952181960e-19,0.6187675498
3.7309177713e-19,0.4483898097
2.2207067307e-18,0.8748580803
8.4677907037e-20,2.1942267806
5.3940240242e-19,0.5030414239
6.8721774959e-21,2.4219864290
1.2204191764e-18,1.8518098565
7.4140670205e-19,1.9316452388
1.0150130703e-27,3.3771771633
4.1113394024e-24,2.9285524138
3.3583581993e-18,1.6211789351
1.9328862480e-43,4.8648476588
7.2547521386e-20,2.2098990732
1.6020432551e-18,1.8020422846
2.0790679769e-20,0.1860420071
5.9713941683e-22,0.0170813275
1.3089191231e-19,0.3320936038
1.3164360054e-27,3.3641842969
1.7355634074e-19,2.1174002314
1.2365625412e-18,0.6864933498
1.3027481426e-19,0.3316474353
1.1127285184e-20,0.1462009114
8.4321408719e-20,0.2925218334
2.9749896524e-32,3.8620996459
2.0025806829e-19,0.3745621197
2.9261316052e-18,0.9753361722
1.6092021625e-21,0.0526558199
2.1077910169e-19,0.3800321194
6.7302649851e-20,2.2174067595
1.3648491249e-18,1.8320014584
2.8972577816e-18,0.9715193983
3.7851769743e-18,1.5780839200
9.2410602631e-21,2.3975352342
1.7557346031e-19,2.1161010574
1.2190987065e-21,0.0429496518
7.5021381244e-19,0.5635202194
9.0918019949e-20,0.2990427111
5.7680657011e-20,2.2326479124
4.5542744593e-20,0.2424953643
3.9992392583e-18,1.1124712332
6.7429845311e-21,0.1174747708
2.5498157382e-19,0.4011954063
7.3644910219e-23,2.7496060931
2.3432132626e-18,1.7208611569
4.8199757782e-18,1.4402020999
8.6338198914e-27,3.2685150776
1.3542345618e-37,4.3679228958
2.3068591960e-19,2.0847422790
3.7397568487e-20,0.2275981570
2.2328676606e-18,0.8767594746
1.6864472027e-18,1.7919923610
3.4053409424e-19,0.4363638358
5.8311432057e-27,3.2887352499
6.6076965119e-33,3.9272098685
1.8987742338e-19,2.1072369017
1.2007650249e-20,2.3754731260
4.9903704964e-18,1.2910190389
1.8939846536e-20,2.3360019383
3.8758292088e-18,1.0964195813
1.7202589164e-27,3.3507585902
3.5275297556e-18,1.0522155352
1.9146955161e-18,1.7660536225
1.9150987262e-18,0.8242722860
2.6255237346e-23,2.8155057985
4.0291914118e-18,1.1164198237
1.0634099703e-19,0.3129334887
1.7666670883e-18,0.7974426559
3.1555385795e-26,3.2007026857
3.8214679781e-20,0.2292080781
4.4855722798e-28,3.4176367092
4.6330624861e-21,2.4537747700
2.5701768548e-18,0.9268048529
1.0095286022e-18,0.6314452134
4.6228873935e-19,0.4788260155
1.6023493892e-19,0.3516883210
1.7840240606e-21,0.0564405463
5.0235063964e-19,0.4916001561
1.2436620349e-19,0.3272915858
2.9138608529e-36,4.2469474066
5.3457030168e-21,0.1051543874
1.9495516769e-18,1.7622279470
2.2643016225e-18,0.8816392957
1.6201606446e-21,0.0529014550
3.8165915510e-20,2.2722560206
6.7815865145e-19,0.5435462123
3.3503952640e-18,1.0298919341
8.3202450338e-19,0.5855573314
4.9294361840e-18,1.2701601234
3.8905348642e-19,2.0206117746
4.9806409405e-18,1.3977391223
8.8044600944e-22,2.5796420630
7.9623349350e-21,0.1266880296
5.0526248858e-18,1.3321013485
2.9297931546e-20,0.2098185259
5.7253024314e-19,1.9688835142
6.3839501118e-20,0.2692330679
1.4219526236e-19,0.3399972460
1.2848859533e-20,0.1549773028
7.9364787026e-19,1.9214194999
2.7898874006e-19,0.4117047769
2.9231003466e-18,0.9749362959
8.3469908489e-19,0.5862676015
3.2396694433e-18,1.0158602343
2.2105348258e-20,0.1901907123
5.2798570579e-22,0.0036987075
1.8432773771e-28,3.4611281303
1.7925609277e-18,1.7797277599
1.9702526633e-21,2.5200640482
1.1007592322e-18,0.6540708361
1.4697967847e-18,1.8183998753
2.5020291235e-18,1.7048856326
4.9717302787e-20,0.2492884169
1.1671267842e-19,0.3214064990
1.3882975148e-19,0.3376951422
1.4471778889e-18,0.7335790838
4.9998800465e-18,1.3902059826
3.7466838211e-19,0.4489576111
3.3287553942e-18,1.6240886934
4.3302010862e-19,2.0066927290
2.9057785861e-22,2.6578349169
5.1348742376e-20,0.2518152281
1.3460319866e-31,3.7957225819
8.7121613610e-20,2.1913120384
2.5223274157e-37,4.3436581684
4.0500231629e-19,0.4596512312
1.2537715929e-18,0.6904895741
4.0509853537e-37,4.3250891488
2.3482286110e-19,0.3918717727
7.2083451558e-20,0.2792487386
1.4898431085e-18,0.7426275614
7.7591728152e-20,0.2854321190
1.6008897223e-27,3.3543731043
2.0013212490e-21,0.0607993253
3.8196883678e-26,3.1905667762
1.0105019195e-33,4.0070848140
2.6323021233e-18,0.9355386398
3.4564230458e-19,0.4382908694
4.4768027402e-19,0.4740473218
1.6990061581e-18,0.7846456025
1.8985852229e-19,0.3689559629
4.0944634448e-18,1.5444566882
1.3932410907e-20,2.3627524666
1.6732812134e-21,0.0540755196
8.5153067918e-32,3.8159721771
1.4152300377e-36,4.2757019408
2.9862061492e-18,1.6574549501
2.4291742378e-19,0.3956757540
2.2062735441e-30,3.6697207070
3.4759286082e-18,1.0457188910
4.0481799776e-18,1.5496855851
3.7760387075e-18,1.0836370121
2.6815042864e-31,3.7650470803
5.3891628015e-20,2.2392806058
3.0702315963e-21,0.0785180002
4.7926075136e-25,3.0524794799
1.9825431328e-19,2.1023064041
4.9590972106e-18,1.2795180755
1.9827322545e-26,3.2252054316
1.2947447009e-32,3.8982265815
1.7810770052e-18,1.7810367665
4.3299057307e-22,2.6301639197
1.2937921300e-18,0.6996820904
1.5803701470e-23,2.8471023358
2.3883367431e-38,4.4349659019
1.7163289435e-40,4.6206391417
1.4204752987e-33,3.9927093320
3.7158062411e-27,3.3117801762
4.4067031254e-18,1.1691592835
5.2296596744e-19,0.4980061607
5.8512500232e-21,0.1098708897
3.3484997320e-20,0.2194580163
1.4609164540e-18,0.7365108184
2.4652881188e-28,3.4469720385
2.5823568011e-21,2.4994548079
4.9393195820e-40,4.5814766946
2.3439382215e-39,4.5231943727
4.7080666819e-18,1.4613707696
3.0508331973e-18,0.9916345001
9.6903997695e-19,0.6211954803
4.2035109572e-25,3.0598301853
8.5382206863e-24,2.8847517319
2.8360583677e-19,0.4136607614
5.1349047526e-21,0.1030870554
4.4797539529e-18,1.1803493158
1.8484281956e-19,0.3661748624
2.2269684949e-19,0.3860078344
3.6689304289e-43,4.8423145555
8.5441528407e-36,4.2037778744
4.7844269188e-18,1.2345734781
5.0404026479e-18,1.3676856337
7.6676045680e-19,0.5680282661
4.6584583835e-18,1.4697183243
5.1763985223e-19,1.9827943192
4.1769376347e-18,1.1362990817
4.9766898420e-18,1.2857225157
1.0602162116e-19,0.3126625061
1.4534348344e-22,2.7047840902
9.6566264983e-19,1.8908396473
4.9270239255e-18,1.4146919530
3.0121125395e-21,0.0776738466
8.6191955792e-19,1.9087670923
4.2580734292e-18,1.1475755127
6.0167455330e-22,0.0174577131
7.1396380970e-19,0.5535448548
3.4256480984e-25,3.0712542617
1.0057827218e-21,0.0364784741
5.2797708577e-22,0.0032650486
1.1064461507e-24,3.0050408354
5.1763778574e-19,0.4963604597
5.4543962600e-19,0.5048758477
5.3696836732e-19,0.5022995951
6.9463318840e-40,4.5687748934
2.8681924050e-19,0.4150106280
6.8580471541e-19,0.5456943702
3.2402444086e-20,0.2170663381
3.4312386875e-21,2.4774478759
2.2018402827e-19,2.0901881886
2.7418703460e-18,0.9506472724
2.1832390274e-19,2.0911754972
3.1633474546e-31,3.7576565390
2.2463350759e-19,0.3869584003
3.3924935879e-18,1.0352060122
1.3271232456e-18,1.8370445728
6.2122342726e-19,0.5273036837
2.6609364866e-18,0.9395219602
4.4889085962e-18,1.4952218025
3.5454162076e-19,2.0324544390
1.2180036115e-18,0.6821547429
4.5884239945e-18,1.4807400454
1.5318791381e-18,1.8106210082
4.6574036869e-20,2.2533679360
2.4322717361e-20,0.1967461536
3.9410044639e-19,0.4558565465
4.4766325882e-18,1.1798615537
2.0353620174e-19,0.3762872397
9.5126060197e-41,4.6423657381
1.7263814449e-18,1.7873311248
4.8142699079e-21,0.0998164058
2.4795537791e-19,0.3980017686
1.7369302008e-18,0.7918640210
1.8305910083e-19,2.1113885177
3.8807860395e-20,2.2706878062
5.0511855709e-22,2.6193399092
1.7019855851e-18,0.7852169782
2.3892197163e-18,0.9005628086
2.4918813318e-21,0.0695702910
4.8674373083e-18,1.4297877448
8.2794306135e-20,0.2909541570
1.3151754686e-18,0.7045352949
4.8712224100e-24,2.9184695525
1.4790756390e-18,0.7403595711
2.4826842628e-18,1.7068156420
4.1361168812e-18,1.5396766370
1.8011806417e-18,0.8038297230
1.7123805428e-25,3.1095746600
1.2717149441e-19,0.3293789454
7.3134917500e-20,0.2804580159
3.6875424923e-18,1.5881900743
8.0669830316e-22,2.5859636558
1.0352949383e-21,0.0374467056
2.8851713476e-18,0.9699164209
1.5935797064e-18,1.8030658151
5.0239501623e-18,1.3069825292
3.3203129863e-19,2.0406934410
2.3146529848e-18,0.8893543032
2.8805724096e-19,0.4155282246
2.7552049712e-18,1.6799295259
7.3643926709e-19,0.5597462011
7.3618210719e-44,4.8985897691
3.6906137408e-18,1.0727898661
2.5525172604e-34,4.0646887417
2.6308192354e-18,0.9353316496
4.8440901184e-18,1.4350511024
1.0019002768e-18,1.8848948422
1.7581301901e-19,0.3610300024
4.2839161801e-18,1.1512339211
1.3565980236e-19,0.3354880273
1.3090529747e-18,0.7031499066
1.8648014785e-24,2.9749392560
4.8482788040e-22,2.6222276620
1.3099566667e-34,4.0923463066
4.6461670115e-22,2.6252210309
5.0235989980e-18,1.3787965081
5.0163802658e-18,1.3028517928
2.1049004338e-18,0.8563512198
3.9775468296e-18,1.5575149829
3.7991132814e-18,1.0865804405
6.5302151094e-32,3.8276640428
2.8267901236e-18,1.6729473168
3.7733583321e-20,0.2282636989
2.1244061075e-18,0.8595210743
4.4892091051e-18,1.1818325310
3.7397725337e-19,0.4487088615
2.2782280091e-18,0.8837854476
3.3452831882e-18,1.6224649410
4.9246025555e-18,1.4153650965
1.3682560532e-18,1.8315502390
1.8020244261e-19,0.3635538823
2.8022524790e-31,3.7630786015
9.0252736678e-19,0.6040819515
3.4771708669e-32,3.8552908169
2.2952707459e-19,0.3893361683
2.8873214743e-37,4.3383688079
3.8444969306e-18,1.0923903453
6.9029450926e-19,0.5469524056
4.9442274006e-18,1.2746804254
8.5883839262e-20,0.2941023309
5.2797439672e-22,0.0012296573
3.0182405655e-24,2.9468054101
4.4202059448e-18,1.1711941638
6.6255337654e-22,0.0217134652
1.1921784732e-18,0.6760680551
4.7944540475e-18,1.4453868908
3.8166360608e-18,1.0888202390
4.8583468594e-18,1.2512158504
1.9191339987e-19,0.3700804171
1.6310961975e-24,2.9826993839
5.3529036317e-25,3.0462651539
4.3529054668e-18,1.1611851796
1.3477732519e-20,0.1579441407
5.0248495435e-18,1.3780916902
5.1017276533e-20,0.2513072758
3.3542656141e-20,0.2195835884
2.0308466653e-20,0.1844657219
4.6793247198e-18,1.4662686199
3.4845943473e-19,0.4393468878
1.9070627445e-20,0.1802728401
9.1173831416e-19,0.6064725184
1.6863767952e-20,0.1722047750
6.5896099442e-21,0.1162250137
7.1889524784e-19,0.5549102672
3.5580231086e-18,1.0560554601
1.2891180079e-18,0.6986157988
4.3163205705e-18,1.5180132876
4.8484522401e-19,1.9916627945
5.8097801471e-19,1.9668350769
9.5027086903e-19,0.6164010641
4.4899504484e-18,1.1819491918
4.7641305874e-18,1.2303636636
5.0473570245e-18,1.3611818140
4.2913913679e-19,0.4678773715
5.0145537139e-33,3.9390397034
3.1584788505e-18,1.0054996735
3.2202883880e-18,1.0133934740
4.4616488347e-18,1.4989941529
2.0642811375e-21,0.0620011789
9.2672630450e-19,0.6103481807
1.4346671136e-18,0.7308944088
3.6799784752e-20,0.2264017436
4.7865759420e-18,1.4469383367
2.6662693121e-21,0.0724049527
1.2830580427e-20,0.1548893060
7.6132021696e-19,0.5665491054
8.6522695939e-19,1.9081726773
3.3636255597e-18,1.0315629529
1.1985210764e-19,0.3238555178
2.3146296870e-20,0.1933329818
3.7157240871e-22,2.6408351350
4.8340792578e-18,1.2454896858
8.9589245378e-19,0.6023557987
1.0135146365e-25,3.1381747654
2.3179835788e-25,3.0929128875
6.5703988477e-23,2.7570158497
3.5446301416e-18,1.0543687559
3.1253931899e-19,2.0482050666
3.6882293446e-21,0.0868731412
4.5906302055e-20,0.2431070251
2.9173292238e-20,0.2095144382
1.5181592322e-18,1.8123242652
2.5156169671e-18,0.9190245784
1.2698966045e-20,0.1542526623
5.0352763447e-18,1.3142076354
4.8989735605e-18,1.2615652482
1.2797399619e-20,2.3700409492
2.2002923976e-18,0.8716488838
2.1251985453e-19,0.3809190000
4.4416713222e-18,1.5017129496
4.7457849301e-18,1.4546507561
1.3343884742e-18,1.8360666039
1.3056527806e-25,3.1244028805
1.1590665031e-18,0.6681809581
5.1029436507e-19,0.4940810590
6.4927732123e-19,0.5353636419
2.6437078982e-18,0.9371283833
5.7105234603e-34,4.0310703311
1.0633377378e-18,0.6448697038
1.6483570352e-18,0.7748188597
4.7570440151e-19,0.4831552662
6.0942473403e-19,0.5238780583
1.3845163057e-19,0.3374338815
3.5314827205e-21,0.0848531069
1.9540869941e-18,0.8310546609
4.2300742623e-21,0.0934152461
4.9328876201e-18,1.4130355723
6.1612367976e-23,2.7611778675
1.6055808216e-23,2.8461250161
2.0114206310e-20,0.1838219501
1.6122313178e-22,2.6978422883
2.3452414165e-18,0.8939825821
1.4117968154e-19,0.3393069146
5.7151576612e-22,0.0146778201
1.1297596953e-19,2.1642174354
3.7536748760e-20,0.2278744309
6.7437774749e-19,0.5424812493
2.3972449516e-21,0.0679755253
6.8675691867e-37,4.3043132823
3.0748718680e-26,3.2020739482
5.8608514001e-19,0.5170338153
5.3873698771e-25,3.0459039200
2.6850993938e-19,2.0667084411
7.1189436441e-24,2.8957346510
3.5110085438e-18,1.0501354915
2.2675570157e-19,2.0867554450
1.6970943374e-18,0.7842785784
8.1594482091e-20,0.2897060418
1.4434668116e-19,0.3414475294
9.9917083179e-21,0.1397862569
4.6496121653e-19,1.9972718696
2.5913041485e-18,0.9297894962
3.4918675254e-18,1.0477256846
2.1408120955e-18,0.8621702234
3.3542048135e-19,2.0394243925
5.0075820734e-18,1.2985129278
8.3911389942e-21,0.1296619676
1.3091467172e-24,2.9953839845
7.4330149323e-19,0.5616288070
2.9087431179e-22,2.6577647927
4.6882173799e-21,0.0984859210
3.6351706623e-18,1.5935380099
4.3361251157e-18,1.5155160373
2.8360336264e-19,0.4136597185
2.7317174465e-26,3.2083312510
1.0705764255e-21,0.0385693309
6.8143323639e-29,3.5091270071
2.0276162078e-19,2.0997262114
2.9793879120e-18,0.9823317311
5.4204841611e-22,0.0106734759
1.4306803441e-25,3.1194122349
4.0156366032e-22,2.6354295022
7.7413871814e-21,2.4122153729
1.9401830252e-26,3.2263440400
2.4981337735e-18,0.9165084360
5.6146585913e-19,0.5097083615
1.6613332711e-18,0.7773570604
7.8003073807e-24,2.8902199525
1.2522802853e-20,2.3718937235
5.0024761250e-18,1.2961711003
2.0490823934e-20,0.1850654273
7.4831225269e-19,1.9302638715
2.0858131118e-18,1.7475580524
1.3036535821e-20,0.1558749176
2.0984370849e-18,0.8552959586
1.8004128662e-19,2.1132682229
5.1650190933e-32,3.8379670104
9.5858803447e-21,2.3944746764
2.5174155430e-19,0.3997298236
2.0087444311e-18,0.8403899297
6.9466689760e-19,0.5481751906
9.3538384291e-19,0.6125788879
6.5428403156e-19,0.5367901628
1.0632060615e-20,0.1434720014
1.2989979830e-21,0.0451184958
1.3656218581e-18,0.7158215852
6.0086771590e-19,0.5213794953
8.9369786056e-20,0.2975471425
3.6116347868e-18,1.0628120169
3.9164993163e-18,1.1016749869
1.4128356494e-21,0.0480298376
1.1574004962e-18,0.6677816882
8.9846035743e-19,0.6030242842
8.6757653181e-20,0.2949762096
4.1641607799e-21,0.0926530201
7.9210179977e-19,0.5748808796
1.1501918009e-19,2.1623160739
4.5469203660e-44,4.9153455817
2.4408643077e-20,0.1969900444
4.6360379179e-18,1.2061859439
5.2797445697e-22,0.0024923054
1.5818756389e-21,0.0520379751
4.8922985421e-18,1.4238227589
2.9690339408e-20,0.2107689284
3.5454828674e-21,2.4748873996
2.3428301104e-18,0.8936192930
1.1837860721e-18,0.6740777951
9.4619669282e-29,3.4933689891
5.5061930005e-26,3.1710536907
6.8608533680e-21,0.1184201842
2.1943279024e-18,1.7361605340
7.7090470768e-21,2.4125602010
6.6854307059e-21,0.1170084295
4.3338627219e-18,1.1584096165
2.7033644890e-18,1.6850018593
7.5519344644e-38,4.3905940959
2.5271187763e-18,1.7023882791
5.4317404675e-43,4.8284674801
2.1760021114e-37,4.3494316929
3.0064895601e-23,2.8069825149
2.2896283735e-20,2.3191319063
2.0656455849e-18,0.8499037627
1.3947789713e-18,0.7222396405
6.2224831641e-19,0.5276002132
2.3110231199e-19,2.0845306839
4.9544915887e-18,1.4065679942
3.4501103376e-18,1.0424675833
1.6052394074e-18,0.7662812126
1.3193807066e-20,0.1566190073
1.6437811908e-18,0.7739203874
5.1907845367e-19,0.4968061034
4.8545475000e-20,0.2474307830
1.6104513943e-27,3.3540739650
3.8667275637e-18,1.5694834822
5.0439713950e-20,0.2504156373
3.8438707744e-19,2.0221621264
3.6822186838e-18,1.0717273727
1.8748418906e-18,0.8171570795
6.1642772115e-20,0.2663862879
7.7991915785e-20,0.2858673298
1.8692553333e-18,0.8161604557
9.6430455473e-20,2.1808304059
3.1308454590e-18,1.0019557787
1.7794573928e-18,1.7812217219
2.4906445050e-29,3.5570000090
2.7107316636e-18,1.6842800712
5.4916690943e-20,0.2571180996
1.5958443462e-18,1.8027916492
6.2918172033e-20,2.2240932437
3.5007416104e-18,1.0488429157
4.6679546003e-18,1.4681588232
6.7672666591e-20,2.2168603609
4.0737434466e-18,1.5468078222
2.9329426925e-18,0.9762339873
1.1380045558e-20,0.1475558786
4.1784638033e-19,0.4640574453
1.6560670346e-20,2.3477786159
4.1929093224e-18,1.1384957096
4.1052182235e-18,1.1265575273
5.0730973638e-19,0.4931508087
6.7407034920e-19,0.5423945846
3.3239189639e-18,1.0265448514
1.1833491428e-19,0.3226782539
2.0802010895e-18,0.8523052317
5.7461918103e-20,0.2607297895
1.9852639614e-19,0.3736429251
1.0011554695e-23,2.8750854262
1.6059776865e-18,1.8015674950
8.8969791982e-27,3.2669623789
4.8076305619e-18,1.2395558635
1.2371679525e-23,2.8621595563
1.8935108159e-19,0.3686769698
6.6543439236e-22,0.0218887679
1.5841939343e-19,0.3505571463
4.6785546852e-18,1.2138264317
3.1302610380e-19,0.4256952922
2.3188035297e-21,0.0666211616
6.7972115954e-21,0.1179113149
3.4037073833e-18,1.0366201776
6.2012969268e-19,0.5269870551
7.9608675753e-19,1.9209542524
3.9844670166e-18,1.1105322237
8.7942118384e-19,1.9056398490
4.2826180826e-25,3.0587866102
2.8414041023e-18,0.9640843174
4.7285432445e-18,1.2232705913
5.0523228543e-18,1.3315525422
7.8935907978e-22,0.0282408388
3.7485894176e-20,2.2739434552
6.5993883214e-21,0.1163053663
3.8287091401e-18,1.0903659021
5.0521659727e-18,1.3547170807
6.9927968570e-19,1.9402845778
3.0523215898e-30,3.6548243249
4.6520770503e-24,2.9212109807
1.1318377807e-42,4.8024503575
1.2547242044e-18,0.6907100281
2.9665062841e-18,0.9806446956
4.3726305674e-18,1.1640852903
4.7394964127e-18,1.4557964423
2.0091700163e-18,1.7557559266
5.0322517982e-18,1.3735867762
6.7669945270e-24,2.8987872984
3.7502173952e-18,1.0803505994
1.1330227855e-19,2.1639117784
2.1257316688e-20,2.3257692544
1.4062690727e-19,0.3389296028
7.1140638485e-20,0.2781521568
5.9218733575e-22,0.0166563393
6.8293047512e-20,0.2747666516
1.5842675183e-19,0.3505617501
6.6485863824e-19,0.5397918505
6.0351143545e-19,0.5221527322
4.8871194394e-18,1.4250998864
1.3952490468e-30,3.6906499321
1.4731346278e-18,0.7391036965
9.5415715180e-19,0.6173960210
8.7459377968e-22,0.0317757372
2.1872973546e-23,2.8269326573
6.6593958953e-40,4.5703481188
4.4428581487e-18,1.1746407209
3.1617943284e-18,1.0059242245
1.2080719544e-20,0.1511879149
5.0477893195e-18,1.3252327762
2.4214085575e-21,0.0683867001
9.7590324106e-19,0.6229418448
3.9395340579e-19,0.4558050062
1.4177465524e-18,0.7272407600
4.4799738849e-18,1.1803837185
3.3259299295e-18,1.0267992280
1.7290800348e-18,0.7903794668
1.6382712309e-18,0.7728361244
1.0880002072e-30,3.7019622999
1.7404029011e-27,3.3501730633
8.0220722877e-19,1.9197912325
2.9911687127e-34,4.0580882008
5.0163846227e-18,1.3826173740
2.2387585183e-18,0.8776777880
5.3131019062e-20,0.2545009068
2.1819273520e-20,0.1893056917
5.1317963366e-20,0.2517681754
1.1347520769e-37,4.3747985876
6.5045472719e-22,0.0209568449
6.1768179423e-21,0.1127450053
4.2558865320e-20,0.2373159967
1.8326837229e-18,0.8095793655
1.0653103238e-18,0.6453575070
7.8455303439e-19,0.5728459442
9.4424094358e-20,0.3023558664
1.4152628069e-18,0.7267022501
1.8508457041e-33,3.9815043296
3.4972946310e-18,1.6074181942
4.8228513629e-18,1.4396015251
3.2041798536e-18,1.0113403191
2.2214109006e-20,0.1905246933
2.1500007992e-20,0.1883065659
7.3221466117e-19,0.5585847405
1.0475823900e-18,0.6409625091
5.3086714816e-20,0.2544350541
4.3253093469e-18,1.1571703360
3.0130207016e-18,0.9867220537
3.1667251199e-18,1.0065553698
3.4650532151e-18,1.0443494728
3.3683857612e-19,2.0388965057
4.6980300632e-20,0.2448907960
3.7262823830e-18,1.0773105284
3.3479004935e-18,1.0295767298
9.5249612077e-20,2.1821094281
3.5059263325e-18,1.0494956558
1.2157216441e-18,1.8524783248
2.2037862337e-18,0.8721996850
6.9773917415e-21,0.1193424875
4.3882229203e-32,3.8451115861
6.4174825468e-19,0.5332118219
1.9548828223e-26,3.2259479305
1.7045962083e-18,0.7857170237
8.3727876888e-20,0.2919152668
2.2847603910e-18,1.7268257753
1.5522584145e-18,0.7555684902
4.1249453267e-19,0.4622296683
4.8575136559e-18,1.2510142177
2.1030460470e-18,1.7457323955
3.7751228733e-18,1.0835203201
5.0528934318e-18,1.3533917783
1.7528449812e-19,0.3607230762
3.3295906916e-18,1.6240066788
1.0226712032e-18,0.6347449629
3.7451462434e-33,3.9515193845
3.2737143486e-20,0.2178127941
4.1999581882e-18,1.1394685836
2.4075643093e-20,2.3146193073
4.0393818443e-18,1.5506703658
1.2784270154e-18,1.8436867877
6.0986011782e-20,0.2655190240
2.7268812553e-19,2.0648488587
2.9420303768e-22,2.6569820620
3.1040226911e-19,0.4246499820
3.3012593061e-18,1.6267857080
1.7697468410e-18,0.7980163912
2.6709159979e-19,0.4065707452
8.1611298866e-21,0.1280822355
2.6229139682e-18,0.9342269930
2.2249801956e-18,0.8755271203
1.6738128301e-19,0.3560519207
2.7177310548e-21,0.0732173654
1.6497734719e-19,0.3545994818
2.9996289417e-33,3.9609854535
6.6368734085e-20,0.2724130040
4.8904151108e-18,1.4242894463
1.3796030952e-18,0.7189087804
5.0405281480e-18,1.3675836166
6.6177231464e-19,0.5389173270
9.9923278941e-21,0.1397899143
2.5650807838e-18,1.6986213914
6.2547627987e-20,2.2246771809
7.4214366509e-30,3.6137423237
2.5941819571e-21,2.4991039898
8.0673194067e-32,3.8183555393
9.8444272023e-19,0.6251096416
8.1532002361e-19,1.9173209755
3.0199534368e-19,0.4212653950
4.8884017648e-18,1.4247854728
1.2449995814e-18,1.8483385248
8.0999717222e-21,0.1276562237
1.5696174937e-18,0.7591057576
3.1331509943e-21,0.0794195448
2.0744480460e-18,0.8513575887
1.2053550153e-19,2.1573259321
3.6186045914e-18,1.0636911727
1.2833677143e-18,0.6973013342
6.2434942995e-39,4.4861578565
1.7817769269e-20,0.1757934520
1.8049093484e-18,0.8045142114
4.8775755934e-20,0.2477987430
5.7484350774e-19,1.9683202924
4.2023624307e-18,1.1398009042
6.5828623335e-20,0.2717423710
2.1007156247e-18,0.8556682533
7.9788144907e-21,2.4097240326
5.0555223537e-18,1.3443120709
3.9821401866e-19,0.4572945048
4.9098051267e-18,1.2645249317
6.4264535053e-19,1.9525327456
6.9870480160e-20,0.2766559743
3.1225876980e-21,0.0792690671
1.6200927298e-18,0.7692404149
2.9227843485e-18,0.9748945993
7.1460067214e-20,0.2785250009
3.6270011008e-18,1.0647505858
1.5358558098e-20,0.1661867253
5.5017359950e-24,2.9112031307
5.0036935003e-19,0.4909788573
1.1781678164e-20,2.3770881946
1.1468552352e-20,2.3793741419
3.3188138365e-19,2.0407498193
2.2522244482e-18,1.7301685557
1.2448827258e-24,2.9982777407
1.9197192074e-19,2.1059870503
1.0749788203e-20,0.1441299363
1.3741029791e-19,2.1432045760
9.9948082716e-21,0.1398045543
8.3770898258e-19,0.5870661891
1.7686831685e-18,0.7978183216
3.5805219688e-21,2.4741175973
3.2916120777e-20,0.2182093536
4.4280705202e-18,1.1723860025
4.5563350076e-18,1.1926311904
1.7052670710e-19,0.3579296906
5.0358091154e-18,1.3145913299
7.5009265996e-20,2.2065400927
1.8145598198e-18,1.7772318821
1.9595544560e-20,2.3329952646
9.3675460254e-19,0.6129315436
2.2005298704e-29,3.5628455291
1.6658236704e-18,0.7782320731
1.4976000974e-20,0.1645801296
7.6854604127e-20,0.2846257063
2.9947629781e-20,0.2113864269
3.4638056163e-19,0.4385680661
5.0533134935e-18,1.3525424396
8.3990276929e-19,1.9127660835
1.4263428647e-18,0.7291002178
5.4805735580e-19,0.5056688274
1.0671809258e-19,2.1702336600
1.0310900452e-18,0.6368516380
2.7342984830e-19,0.4093231939
3.6696287097e-19,2.0280887978
9.0312555279e-37,4.2934967473
5.2827394861e-22,0.0053056055
1.0801445413e-18,0.6490159768
9.6499057265e-19,0.6201633977
1.0858486546e-18,1.8716654380
3.0556543844e-18,1.6507140406
5.1549177153e-19,0.4956957010
2.4155096738e-19,2.0793230426
2.8308910609e-18,0.9626767899
3.6780779420e-18,1.5891600456
4.9253145518e-18,1.2689451121
3.8913287988e-20,0.2305619852
4.9841379215e-18,1.2885461615
1.8498135460e-18,0.8126742511
6.7444264872e-22,0.0224258351
7.0248066826e-44,4.9002217882
3.1583298215e-25,3.0757752696
4.5356636616e-19,0.4759811634
8.5855231349e-35,4.1097744591
1.9224286018e-20,0.1808053454
1.1918544202e-21,0.0421828190
1.8567482999e-19,0.3666398504
3.5615833201e-18,1.0565038907
1.5067535765e-19,0.3456221795
9.8830008214e-20,2.1782731480
1.6639119624e-19,0.3554555656
4.4559999851e-18,1.4997667279
1.1370562402e-27,3.3715104615
4.2789870131e-18,1.5226512517
1.3984231753e-18,0.7230363624
1.4662509569e-18,0.7376445468
2.5687192509e-18,0.9265983718
9.5917523255e-20,2.1813842857
1.8173406230e-18,0.8067885402
4.8887859408e-18,1.2588657667
1.4583692721e-19,0.3424426568
1.7747423556e-43,4.8678409193
7.6350066478e-20,2.2047514904
1.1197903687e-19,0.3176154572
5.6656287812e-24,2.9094469345
8.1973434102e-20,0.2901018346
1.1389330338e-22,2.7209959716
3.9820441641e-38,4.4153139328
1.4094331932e-22,2.7068366529
3.5184599496e-20,0.2230863062
4.9891150190e-18,1.3945566385
4.1212161908e-18,1.5413950952
8.3162546700e-21,0.1291514885
3.7119327140e-19,0.4477044008
7.9733141974e-21,0.1267657491
4.2673734171e-19,2.0086104141
1.7570519966e-21,2.5286933663
7.8557928583e-19,0.5731229046
4.9470808152e-19,0.4891978917
3.3960282690e-19,2.0378727036
2.7949085705e-18,1.6760541866
1.8519284211e-18,0.8130548329
1.7782297994e-18,0.7995928351
2.3539554434e-19,0.3921437017
1.1056057461e-21,0.0396497212
3.1509611169e-20,0.2150432790
2.9377402459e-19,0.4179010727
3.4324440097e-19,2.0365342895
4.3513025505e-18,1.5135838899
3.5804681192e-18,1.0588830643
5.0172302625e-18,1.3821888730
3.8801758785e-18,1.0969798378
1.2438846507e-19,0.3273082916
3.8122533632e-29,3.5368331547
1.2573656339e-18,1.8466085931
4.1226588417e-19,0.4621513222
9.4721350581e-22,2.5743385224
4.2783399769e-20,2.2614671225
1.1355584107e-19,0.3188918816
2.5944777968e-40,4.6053685462
1.3282884978e-18,0.7074911547
1.7880151770e-29,3.5726224804
1.1166110859e-18,0.6579344912
9.5870263366e-19,0.6185582611
3.0012721268e-19,2.0531912627
3.3205661045e-19,0.4331298828
7.3569845094e-22,0.0257221920
9.1603386005e-21,0.1347049827
9.8726226389e-20,0.3062902027
8.5658568178e-19,0.5920571458
2.7946116865e-25,3.0825676997
2.8434935454e-18,0.9643637472
5.0505593034e-22,2.6193486508
3.4210801329e-21,2.4776794112
1.0742589396e-18,0.6475665435
4.6231557330e-18,1.4753737545
3.7958614641e-18,1.5769659645
7.3589403578e-20,0.2809763435
5.0110523692e-18,1.3001740520
2.1974259017e-20,0.1897863508
4.5770895260e-21,0.0972907416
3.6162988690e-31,3.7516615357
4.9226094000e-18,1.4159146282
7.5019696078e-38,4.3908511568
4.5057866912e-20,2.2565336277
1.4704095684e-18,1.8183221738
3.8493217395e-18,1.0930097763
2.9060543319e-19,0.4165893740
6.2013938791e-21,2.4303484028
2.7955611727e-19,0.4119462052
8.3959979727e-19,1.9128216338
1.7228748801e-21,0.0551478855
2.3235182152e-26,3.2168665622
3.5101100912e-18,1.0500223786
2.2333173185e-19,2.0885333615
3.2406689353e-18,1.0159873471
4.2985721318e-33,3.9456312830
5.0555289319e-18,1.3418388359
3.1177639013e-42,4.7663108673
1.7486510869e-20,2.3430218007
6.9816976031e-21,0.1193763324
4.0448629042e-18,1.1184954378
1.8172785230e-23,2.8384596962
1.2532376603e-18,0.6903659762
1.0024685747e-20,0.1399806706
1.1997335085e-19,0.3239490987
3.2788782012e-19,0.4315225385
1.6267283336e-20,0.1698750137
1.2071546062e-20,0.1511414857
2.7415548267e-18,0.9506042643
3.3601504682e-21,0.0825713999
4.1535633606e-30,3.6406314507
4.1412121701e-18,1.1314226853
2.8962712884e-21,0.0759573263
4.4128671304e-18,1.1700864395
1.2473178510e-19,0.3275656398
5.6823606106e-20,0.2598366015
5.9336449664e-19,0.5191784926
3.2613538384e-20,0.2175378688
9.0397311111e-19,0.6044576165
1.1675022564e-18,0.6701990784
4.4943418510e-24,2.9232629973
3.9326010099e-19,0.4555618592
5.0429307312e-18,1.3655410517
4.1477369327e-33,3.9471581146
4.3438107070e-18,1.5145396661
4.0410979377e-24,2.9295742319
4.2415370164e-18,1.5272187806
3.6467549251e-18,1.0672443986
1.0040229930e-30,3.7056084125
1.0659600584e-19,0.3131493994
1.2111148958e-18,0.6805367521
7.4119910412e-19,0.5610525536
3.4988491328e-20,0.2226751924
4.2230461181e-18,1.5294447944
5.7722667843e-19,1.9677418682
1.1913510493e-31,3.8011312165
6.1248676458e-20,0.2658667933
3.1028192278e-18,0.9983511132
4.9859572100e-18,1.2892569428
9.0256004755e-19,1.9015723319
8.6288932388e-19,0.5937172081
1.2199888118e-18,0.6826202579
3.5891718219e-18,1.0599799304
1.4761073264e-20,0.1636626625
1.9006450829e-20,0.1800493851
2.8292136291e-20,2.2999836455
4.8708345828e-18,1.4289961725
4.9610797752e-18,1.2801888523
1.0216780452e-19,0.3093409750
8.1872334775e-19,0.5820158760
3.1783350713e-19,0.4275973736
2.1046220404e-18,0.8563058176
7.1909128281e-21,0.1210013732
5.8180464050e-21,0.1095708974
2.9303726806e-20,2.2967694756
1.5082479670e-19,0.3457191658
4.3678482461e-18,1.5114586346
4.6247054905e-19,0.4788850556
1.4703613066e-18,0.7385163458
8.1251383132e-20,0.2893464152
2.2491665457e-18,1.7304836087
4.5255920487e-19,0.4756510830
6.9512823235e-19,0.5483040737
3.1016892697e-18,0.9982055505
6.9055472689e-22,0.0233483872
1.1565156351e-20,0.1485327504
5.9220884226e-20,0.2631495203
1.2836612162e-21,0.0447108741
3.8761159564e-19,2.0210892166
4.1844002695e-18,1.1373241154
3.6440086869e-20,2.2765933449
7.1075176321e-30,3.6157514187
5.0400886355e-18,1.3178796203
9.1089093126e-20,0.2992067142
2.3021113640e-20,2.3186443505
3.5380929466e-20,0.2234959808
1.8565000924e-18,0.8138763943
4.6506472986e-18,1.4709885023
4.3394717379e-18,1.5150913934
5.0508431698e-18,1.3291724960
1.3223867994e-18,0.7061627445
1.1526922500e-25,3.1311873147
3.0931400530e-18,1.6470739289
5.2848543393e-22,0.0057094035
9.5003977147e-22,0.0345676208
7.8036175182e-20,0.2859153516
4.9756063488e-20,2.2470143719
9.5050757858e-22,2.5740861486
3.8434857623e-18,1.5719509315
1.9348451758e-19,0.3709344702
1.1679959190e-20,2.3778245630
3.4812379967e-18,1.6090186261
4.4620047122e-19,0.4735593100
3.7416814969e-19,0.4487775926
5.0585066781e-23,2.7738829489
1.0225902520e-18,0.6347246794
1.7122586949e-20,0.1731945976
5.5733516059e-20,0.2582919461
4.6771030815e-18,1.4666399700
5.0521661053e-18,1.3312777514
1.2773164581e-22,2.7133914546
4.7966519916e-24,2.9193887060
1.3104149048e-18,0.7034583729
2.0336902881e-19,0.3761997310
2.9422141766e-18,1.6617255870
1.9175390103e-24,2.9733196302
5.0202233816e-18,1.3048949846
5.6950332036e-22,2.6108579098
1.4274995961e-19,0.3403727352
3.3302055909e-18,1.6239463010
4.4888425917e-18,1.1817748749
5.8904447614e-22,0.0163782737
1.4009918626e-21,2.5455972999
3.6026419356e-20,2.2776605206
1.7076556601e-18,0.7863023231
1.7040006153e-19,2.1194592426
1.3935971858e-32,3.8950442123
3.6159965514e-20,0.2251031629
3.1974965109e-18,1.0104876637
3.2409502583e-20,0.2170821462
1.3814899957e-18,0.7193240656
2.1906149760e-18,0.8701198460
3.3186051231e-27,3.3175337285
2.8442572566e-20,2.2994991085
8.6567852073e-22,0.0314272450
3.6372293604e-35,4.1449936765
3.5503103994e-19,0.4417922612
3.4690052617e-26,3.1956817088
8.3622078196e-21,2.4058429019
1.4388829918e-20,0.1620473754
1.3357716208e-18,0.7091710122
2.6464933915e-19,0.4054992700
2.8491737012e-18,0.9651228581
4.7539426048e-19,0.4830557950
2.8854361986e-21,0.0757943835
2.6836809762e-23,2.8141302174
1.6491487835e-21,0.0535455087
2.0348092818e-21,2.5176247505
1.4815714478e-21,2.5414422393
2.3481510582e-22,2.6724204227
2.0555929370e-19,0.3773423478
