likelihood_beta,beta
4.1431553348e-18,1.5831350595
3.6181972375e-18,1.3165494124
5.0558475019e-18,2.1401176670
1.5466321820e-34,17.2669393411
3.7237951159e-18,1.3691028594
3.6287902122e-18,1.3218068601
5.4220663919e-18,2.5140485574
3.7329881457e-18,1.3736950282
3.5334777056e-18,1.2745917522
3.7057581559e-18,1.3601015899
5.2085935477e-18,2.2684210427
4.2263706099e-18,1.6271947783
4.1251383229e-18,1.5736842847
4.0642912862e-18,1.5419773103
4.3680368147e-18,1.7040100270
3.6675302722e-18,1.3410596414
4.8233444833e-18,1.9753050619
3.9956829476e-18,1.5065794022
5.0878419716e-18,2.1652633019
3.6973664270e-18,1.3559175120
3.8329322357e-18,1.4238382978
5.4387016962e-18,2.5410087737
4.2190672514e-18,1.6232993141
4.0880266847e-18,1.5543084465
3.6912775855e-18,1.3528830948
3.9477653249e-18,1.4820537425
3.6722998888e-18,1.3434329768
3.5953013309e-18,1.3051951521
3.6942912903e-18,1.3543848452
3.6938661739e-18,1.3541729889
3.8380345779e-18,1.4264101119
3.6836295046e-18,1.3490733082
4.5211340353e-18,1.7902714856
3.8084785091e-18,1.4115296089
3.7731075061e-18,1.3937731476
3.7791278059e-18,1.3967916012
9.9929509405e-23,10.5614032646
3.7093044941e-18,1.3618704885
3.8876330121e-18,1.4514785547
3.9980681863e-18,1.5078042790
7.0036605935e-28,13.9950399747
4.1627451272e-18,4.0822794449
3.7930304626e-18,1.4037679391
3.8866714353e-18,1.4509913131
5.5223147554e-18,2.7686961088
3.5386637631e-18,1.2771561794
3.7537093443e-18,1.3840573298
4.7194430067e-18,1.9089069915
3.6520078841e-18,1.3333404069
3.8072172384e-18,1.4108955012
3.6110156177e-18,1.3129866534
3.8449349975e-18,1.4298902603
5.1348368501e-18,2.2036961902
4.2390834503e-18,1.6339894720
4.0370121219e-18,1.5278605851
3.7064012109e-18,1.3604223114
4.1048462844e-18,4.1126495484
3.8375135772e-18,1.4261474458
4.0654216441e-18,1.5425635217
3.6723821761e-18,1.3434739285
1.3191129553e-25,12.6291411610
3.7862663998e-18,1.4003727107
2.0086140784e-18,5.1892812443
3.6508758578e-18,1.3327777235
4.5309854581e-18,1.7959615859
2.6271219365e-18,4.8535083170
4.4301698322e-18,1.7385584401
4.0182287606e-18,1.5181732889
4.6515958745e-18,1.8672668568
4.6414533842e-18,1.8611438849
5.5166277208e-18,2.7358222654
5.4796277123e-18,2.6206717686
4.6758672076e-18,3.7937011034
4.2694577607e-18,1.6502976642
5.5044497895e-18,2.9878078923
3.8492711096e-18,1.4320783342
4.9955053881e-18,2.0946033697
2.6502938926e-18,4.8415739548
3.6538063772e-18,1.3342344375
3.6807650228e-18,1.3476468811
4.0478311233e-18,1.5334524099
4.3041029273e-18,1.6690323955
4.0105350848e-18,1.5142128416
4.8193265735e-18,1.9726703457
3.7244996682e-18,1.3694546947
3.9756507901e-18,1.4963078329
4.7810112780e-18,1.9478294696
4.7271737284e-18,1.9137315763
3.6077970284e-18,1.3113903339
3.9108501239e-18,1.4632585900
3.7718979272e-18,1.3931668705
3.7815466137e-18,1.3980047668
3.8086919691e-18,1.4116369337
3.7692257639e-18,1.3918277147
3.5951048638e-18,1.3050977751
3.6285823468e-18,1.3217036661
2.1477208575e-18,5.1101734612
3.9743744199e-18,1.4956542875
3.5396126161e-18,1.2776254218
3.6375980187e-18,1.3261804986
3.6949513840e-18,1.3547138139
3.6891923920e-18,1.3518441995
3.5447573877e-18,1.2801699682
7.3533447384e-24,11.4347291418
3.5587342471e-18,1.2870851462
3.6439390131e-18,1.3293304833
5.3744219450e-18,2.4466256312
4.3347562148e-18,1.6857343354
2.7150379084e-26,13.0605690301
3.5341186310e-18,1.2749086559
3.7090960744e-18,1.3617665178
3.6216182072e-18,1.3182469808
5.3661020886e-18,2.4359559702
5.0119243246e-18,3.5689641452
5.0474279355e-18,2.1336239022
3.8710835099e-18,1.4430997213
4.5318380210e-18,3.8792697400
1.8934580797e-18,5.2568849511
3.7960743790e-18,1.4052964821
4.3895849734e-18,1.7159262383
5.4497036547e-18,3.1155011786
4.6220263152e-18,1.8494848739
3.8676608236e-18,1.4413686753
3.5424978269e-18,1.2790523584
4.7799344627e-18,3.7285861190
3.8678803772e-18,1.4414796975
4.0874178475e-18,1.5539915600
5.5033265249e-18,2.9914802470
3.6428584989e-18,1.3287936447
4.2900966486e-18,1.6614406792
4.3936353902e-18,1.7181737127
1.3072632805e-20,8.5850780804
5.5106680900e-18,2.7101267084
4.1287630962e-18,1.5755832690
3.9065267328e-18,1.4610626476
4.5631624798e-18,1.8146795981
3.5218349771e-18,1.2688361907
3.7368979743e-18,1.3756490287
4.3556938846e-18,1.6972142052
4.2751879347e-18,1.6533862763
4.2962996033e-18,1.6647998101
4.7912403219e-18,3.7213124417
5.4457136036e-18,3.1226150738
3.6689916075e-18,1.3417867216
4.7114298068e-18,1.9039241410
3.6233843470e-18,1.3191234968
3.9670504228e-18,1.4919062341
4.6400066819e-18,3.8154520800
3.7689836867e-18,1.3917064120
4.7059858639e-18,3.7751754005
5.3992686233e-18,2.4802717243
3.7092818673e-18,1.3618592010
4.5491536629e-18,1.8065049307
4.5182897062e-18,1.7886320686
3.8279878747e-18,1.4213473086
3.9914698185e-18,1.5044168253
4.0667695680e-18,1.5432626981
3.6393312779e-18,1.3270414138
3.7027754363e-18,1.3586141506
3.7604903637e-18,1.3874519817
3.9260841058e-18,1.4710049448
4.7548022208e-18,1.9311180926
5.5266233970e-18,2.8149767476
4.0249196248e-18,1.5216210249
4.2799461940e-18,1.6559539967
3.2305051436e-18,1.1251205052
3.5868254814e-18,1.3009949563
4.8189444730e-18,1.9724200895
5.0719077785e-18,2.1526445057
4.4799226883e-18,1.7666639697
4.6158174280e-18,1.8457773129
4.7662115298e-18,1.9383659971
4.8494354862e-18,1.9925594640
3.8724370846e-18,1.4437844709
3.7636333086e-18,4.2866986459
5.4443311214e-18,2.5506846381
3.8135804571e-18,1.4140953654
5.3891610490e-18,2.4662357157
4.6116696260e-18,1.8433054368
5.1454277762e-18,2.2126329349
3.9264758083e-18,1.4712043035
5.3945960958e-18,2.4737191853
5.4336730399e-18,2.5326166628
3.8272067460e-18,1.4209538794
4.1169458249e-18,1.5693966573
3.9946577518e-18,1.5060530614
3.9070618858e-18,1.4613344049
3.8843945178e-18,1.4498377755
4.8038177650e-18,3.7131700754
3.8841088132e-18,1.4496930511
3.6057299775e-18,1.3103652708
3.6609462309e-18,1.3377845665
1.6618902790e-25,12.5644934482
4.2000905936e-18,1.6132041746
3.9340629397e-18,1.4750676312
3.9269374488e-18,1.4714392693
4.4872785040e-18,3.9048694880
3.6056519754e-18,1.3103265911
3.6967735485e-18,1.3556219937
3.6793728653e-18,1.3469537202
5.2979647920e-18,3.3188328015
4.3585899687e-18,1.6988068275
3.8474663510e-18,1.4311675093
4.1246537283e-18,1.5734305000
5.4872283807e-18,3.0368604195
4.2596197232e-18,1.6450039054
5.5200564557e-18,2.9216370777
3.5918305893e-18,1.3034750394
4.7541803118e-18,1.9307241841
4.2664904527e-18,1.6486997876
3.9349065671e-18,1.4754974175
4.2504848751e-18,1.6400985853
3.6595401599e-18,1.3370853140
3.8422205966e-18,1.4285210036
3.5388731200e-18,1.2772597127
4.6429992162e-18,1.8620754763
4.7745844408e-18,1.9437112295
3.6322728787e-18,1.3235359838
3.7525619340e-18,1.3834831019
3.9083277125e-18,1.4619772728
3.7310633806e-18,1.3727333019
3.7524204922e-18,1.3834123201
3.3927249287e-18,4.4706072192
3.7418221134e-18,1.3781107552
5.5115749364e-18,2.7136948493
4.6051333146e-18,1.8394180599
3.7605153091e-18,1.3874644730
5.4217954005e-18,2.5136272729
4.9166060736e-18,2.0382401926
3.6717844339e-18,1.3431764563
1.1926580094e-19,7.4154251278
5.4790084834e-18,2.6192552522
3.7010350070e-18,1.3577463611
3.8028199189e-18,1.4086852944
3.8327370297e-18,1.4237399300
4.0554329485e-18,1.5373868332
3.6595035904e-18,1.3370671284
3.6674058628e-18,1.3409977451
4.2164800732e-18,1.6219207456
3.7174394205e-18,1.3659297844
4.7458575762e-18,1.9254641104
5.5256429027e-18,2.8765007909
5.5182802185e-18,2.7441811015
4.1442176283e-18,1.5836932168
3.0654391344e-18,1.0434338428
3.3176735304e-18,1.1681176648
4.0453586357e-18,1.5321737083
5.4347808225e-18,2.5344461206
3.7849986229e-18,1.3997365669
4.3399088106e-18,1.6885539265
4.5908509630e-18,1.8309570256
3.6864095211e-18,1.3504579204
4.4226984957e-18,1.7343728920
5.2506630653e-18,2.3084085692
4.9592556286e-18,2.0683066135
3.9160744004e-18,1.4659135554
3.5883699783e-18,1.3017602123
4.0850562159e-18,1.5527626751
3.5674049031e-18,1.2913768677
3.5411287189e-18,1.2783752218
3.9647106722e-18,1.4907096100
5.1496367234e-18,2.2162149928
3.6835902190e-18,1.3490537434
3.6981045404e-18,1.3562854383
3.6502277218e-18,1.3324555781
3.8909463230e-18,1.4531578353
3.5233821835e-18,1.2696009262
4.0659663640e-18,1.5428460537
5.5235621639e-18,2.7782784756
5.3452183741e-18,3.2654469116
3.9964689596e-18,4.1687416430
3.8044681178e-18,1.4095136204
5.1740682760e-18,2.2373697013
3.6771667989e-18,1.3458554334
5.0843651778e-18,3.5132314377
3.5225511410e-18,1.2691901634
5.3282504386e-18,3.2852950073
3.5864692869e-18,1.3008184790
4.3615565490e-18,1.7004394302
3.4345052552e-18,1.2257211048
4.8186610195e-18,1.9722344759
3.7072572839e-18,1.3608492966
3.8904441329e-18,1.4529032721
4.4838780830e-18,1.7689164776
3.9470099980e-18,1.4816683380
5.2536272032e-18,2.3113279069
5.3605469688e-18,2.4289779484
3.8266609006e-18,1.4206789720
3.8459376523e-18,1.4303961333
5.4934569030e-18,2.6550962208
5.1302374867e-18,2.1998485115
3.1967869024e-18,1.1084701011
3.5576588547e-18,1.2865529585
3.6582265283e-18,1.3364320841
4.3546920115e-18,1.6966635237
2.8298619242e-18,0.9255963447
5.3506716137e-18,2.4168413468
3.3299571095e-18,4.5015510759
3.7440583600e-18,1.3792290233
4.1299976825e-18,1.5762303285
3.5398742724e-18,1.2777548231
5.4887670345e-18,2.6427501111
4.0203222771e-18,1.5192517046
3.8516448004e-18,1.4332765361
3.7878781653e-18,1.4011815597
3.5213559176e-18,1.2685994141
3.9291753751e-18,1.4725785105
3.9887089026e-18,1.5030003259
3.4134653269e-18,1.2153442227
3.2084342798e-18,1.1142232508
2.8584382133e-18,0.9400008774
4.8589302387e-18,1.9989031209
3.8943501171e-18,1.4548836075
4.1346844774e-18,1.5786879899
3.7772382878e-18,1.3958440739
4.6694372621e-18,1.8780996113
5.4754091825e-18,2.6111938293
3.2438578612e-18,1.1317107169
3.7714358396e-18,1.3929352742
3.6279446645e-18,1.3213870979
3.7098944273e-18,1.3621647862
5.2720723348e-18,2.3298327572
5.0890080983e-18,2.1661945354
3.8661963606e-18,1.4406282012
5.3802388973e-18,3.2214730495
5.0701649297e-18,2.1512759812
4.4302678543e-18,1.7386134124
5.5229496946e-18,2.9023289989
3.5768172672e-18,1.2960373919
3.7906074912e-18,1.4025514996
3.6371415658e-18,1.3259537904
3.7808669537e-18,1.3976638550
4.3076455804e-18,1.6709564851
3.8219306904e-18,1.4182972564
4.0339899350e-18,1.5263001521
5.0067769903e-18,2.1029318995
5.0525364469e-18,2.1375580558
3.6273979808e-18,1.3211157130
3.7641838980e-18,1.3893017712
3.6943581411e-18,1.3544181608
4.9154094871e-18,2.0374092465
3.5910517803e-18,1.3030890954
3.8466377367e-18,1.4307493790
3.8152836994e-18,1.4149521863
3.9354511584e-18,1.4757748828
4.2071041566e-18,1.6169308005
4.8894398826e-18,2.0195341273
3.5839839607e-18,1.2995871947
3.6333287788e-18,1.3240602944
1.7990824692e-20,8.4312627415
3.5787454140e-19,6.7046269738
4.6001405226e-18,1.8364551342
4.5872978340e-18,1.8288590677
3.6551142678e-18,1.3348846472
3.5888365435e-18,1.3019913928
3.9524616140e-21,9.1278931970
3.5903286193e-18,1.3027307401
3.5410873575e-18,1.2783547657
6.6113797498e-23,10.7061229216
3.6952581418e-18,1.3548666966
7.0712907990e-104,35.7061882927
3.7009046550e-18,1.3576813708
3.7521074830e-18,1.3832556835
4.4558590148e-18,1.7530186131
3.7745627850e-18,1.3945026567
3.5213569964e-18,1.2685999473
5.1940405721e-20,7.8870923557
3.9780482318e-18,1.4975356992
3.6605728604e-18,1.3375988802
3.7239625102e-18,1.3691864502
4.6340891349e-18,1.8567137418
3.7981488475e-18,1.4063384362
3.8046026180e-18,1.4095812208
7.4363231603e-20,7.6890961923
3.5216708567e-18,1.2687550733
3.6411900002e-18,1.3279647364
5.3056182161e-18,2.3651601232
5.5140347328e-18,2.9517932831
4.0857847815e-18,1.5531417376
4.1333065796e-18,1.5779652397
4.4148684712e-18,1.7299958213
3.6567799077e-18,1.3357127801
4.7873407707e-18,1.9518985980
4.2648635956e-18,1.6478241749
4.0113884146e-18,1.5146518968
3.9000671449e-18,1.4577836778
3.9342759357e-18,1.4751761380
3.9496564698e-18,1.4830188538
4.2493283460e-18,1.6394782232
3.7927662164e-18,1.4036352634
3.2009587527e-18,1.1105309628
3.7096047752e-18,1.3620202871
3.6667294817e-18,1.3406612390
3.5524473083e-18,1.2839741858
3.7013494904e-18,1.3579031571
3.5957057438e-18,1.3053955982
3.6939784388e-18,1.3542289354
3.8393680487e-18,1.4270824507
3.8658850096e-18,1.4404707877
4.6088165711e-18,1.8416074363
3.9781102382e-18,1.4975674613
3.5521134511e-18,1.2838090039
3.5968819825e-18,4.3697460189
3.7952726359e-18,1.4048938370
4.2900683346e-18,4.0142992803
4.3712394347e-18,1.7057768526
3.8373186186e-18,1.4260491595
5.4678902181e-18,3.0805242807
4.6706307482e-18,1.8788271394
5.4458012412e-18,2.5532639586
3.7976567056e-18,1.4060912284
4.6652572871e-18,3.8001701911
4.2120263110e-18,4.0561753862
3.5503203165e-18,1.2829218529
4.1332611330e-18,1.5779414045
3.6628164510e-18,1.3387147338
3.9572376206e-18,1.4868900289
4.0803340532e-18,1.5503068684
4.1928830483e-18,1.6093797961
3.4211504108e-18,1.2191341804
4.9400301365e-18,2.0546426340
3.7876117702e-18,1.4010478642
3.7230216632e-18,1.3687166374
3.7984828784e-18,1.4065062293
3.8357302740e-18,1.4252484811
4.5178404107e-18,1.7883732432
3.7883062543e-18,1.4013964107
5.5227696204e-18,2.7720287779
4.4761218569e-18,1.7645020669
3.9905007350e-18,1.5039195733
4.5453700956e-18,1.8043038759
5.6732247132e-20,7.8391313883
3.7964430818e-18,1.4054816586
3.8641241244e-18,1.4395806108
5.0442818951e-18,2.1312100100
4.1429267066e-18,1.5830149459
3.5654425678e-18,1.2904054416
3.6552942379e-18,1.3349741220
5.5095322324e-18,2.9699320203
3.6659010861e-18,1.3402491227
4.5130832360e-18,1.7856351100
3.8712192912e-18,1.4431684063
3.5766909533e-18,1.2959748358
3.5285644579e-18,1.2721626338
3.7679785350e-18,1.3912027650
3.6974952239e-18,1.3559817119
4.4776230812e-18,1.7653556578
4.6640281585e-18,1.8748068829
3.7361918882e-18,1.3752961089
3.5969184662e-18,1.3059967025
3.6283410513e-18,1.3215838772
3.5216892939e-18,1.2687641860
3.8567315016e-18,1.4358451812
3.7549027693e-18,1.3846546404
3.5933183715e-18,1.3042123571
3.7956825924e-18,1.4050997186
5.2410495909e-18,2.2990380959
4.7038212301e-18,1.8992095894
4.7759573068e-18,1.9445898157
4.9375940133e-18,2.0529244536
3.8021446401e-18,1.4083459583
3.8967674143e-18,1.4561096035
3.5624543781e-18,1.2889263250
4.0676141969e-18,1.5437008866
3.6858707569e-18,1.3501895650
3.5053312559e-18,4.4150434999
3.6823440018e-18,1.3484331342
5.2219290875e-18,3.3949044518
3.5988089832e-18,1.3069338324
3.5650990058e-18,1.2902353739
4.3519167264e-18,1.6951388077
5.3308691320e-18,2.3934390325
3.7293173126e-18,1.3718609801
4.5883516855e-18,1.8294810322
3.3565476416e-18,1.1872820946
4.0288626043e-18,1.5236543482
3.6664759143e-18,1.3405350903
3.5221681237e-18,1.2690008515
4.3461875536e-18,1.6919946028
3.6910817248e-18,1.3527855062
3.8884574289e-18,1.4518963362
5.3018533673e-18,2.3610763856
4.5787847976e-18,1.8238435942
3.8674273296e-18,1.4412506066
4.9176742907e-18,3.6367420831
4.0402495211e-18,1.5295329046
4.6297410812e-18,1.8541041409
3.4888560313e-18,1.2525439165
3.7789239219e-18,1.3966893533
3.8616754142e-18,1.4383429865
3.9324743372e-18,1.4742584347
2.0903852917e-24,11.8254501449
4.7886387379e-18,3.7229899527
3.7247895178e-18,1.3695994433
5.0911932951e-18,2.1679424767
5.1079682797e-18,2.1814903351
3.6425972305e-18,1.3286638419
3.4509307261e-18,1.2338243441
4.9625950907e-18,2.0706993847
5.4744698439e-18,2.6091358721
4.3548799348e-18,1.6967668055
4.0636544587e-18,1.5416470922
3.8023010760e-18,1.4084245675
3.5734562546e-18,1.2943729839
4.0342441792e-18,1.5264313984
3.7874913834e-18,1.4009874468
3.6234283701e-18,1.3191453460
3.5962918952e-18,1.3056861289
4.0851608669e-18,1.5528171208
5.3616423633e-18,2.4303450315
3.6496715602e-18,1.3321791564
4.6426066287e-18,1.8618388297
3.9600678420e-18,1.4883361704
3.9351516509e-18,1.4756222837
4.2775486759e-18,1.6546598740
3.7912807074e-18,1.4028894586
3.8587278736e-18,1.4368536542
4.7247976030e-18,1.9122468496
4.1003799684e-18,1.5607448193
3.6200758431e-18,1.3174815862
3.8025590256e-18,1.4085541898
3.6533335943e-18,1.3339994084
5.3836559875e-18,2.4587989516
3.6939451171e-18,1.3542123297
3.6865051300e-18,1.3505055436
3.6283189648e-18,1.3215729126
4.6343323280e-18,1.8568598332
3.9257674576e-18,1.4708437920
5.5234477055e-18,2.8983885613
3.7498107430e-18,1.3821064610
3.7358318627e-18,1.3751161661
3.6399805771e-18,1.3273639434
3.5213610561e-18,1.2686019538
3.4437412314e-18,1.2302772554
5.3761722596e-18,3.2268192259
3.7797476515e-18,1.3971024646
4.4666934163e-18,1.7591500121
2.9966969642e-20,8.1763113767
4.9609640674e-18,3.6061946332
3.6825546193e-18,1.3485380171
3.7565085008e-18,1.3854583988
3.7623804677e-18,1.3883985123
4.8520134160e-18,1.9942783443
3.8167386374e-18,1.4156842027
3.8845963879e-18,1.4499400360
9.7381497653e-19,5.9174429776
4.6748265312e-18,3.7943369092
5.4575293464e-18,3.1010069026
3.6812621119e-18,1.3478943984
4.4342488130e-18,1.7408472922
5.2302493308e-18,2.2886815575
5.4858674447e-18,3.0402361921
3.8001661763e-18,1.4073518720
4.4237042540e-18,1.7349358179
2.8129086214e-18,0.9170333564
3.8293043164e-18,1.4220104232
3.6374483188e-18,1.3261061460
4.7011667758e-18,1.8975685678
3.6745919939e-18,1.3445737597
4.6455037749e-18,1.8635860730
3.5584281939e-18,1.2869336851
1.2447938951e-18,5.6914183383
4.2071580405e-18,1.6169594514
5.2433768666e-18,2.3012931007
3.6992424973e-18,1.3568527092
3.9416029249e-18,1.4789104274
5.1192838444e-18,2.1907634967
3.7033591365e-18,1.3589052100
4.5784535127e-18,1.8236487304
3.9615575927e-18,1.4890975868
3.6429717005e-18,1.3288498859
3.5560041230e-18,1.2857341111
3.0692251456e-18,1.0453134808
5.4721630516e-18,2.6041574421
3.7708699426e-18,1.3926516610
4.5120205944e-18,3.8907005828
4.3645303300e-18,1.7020772344
3.8565024553e-18,1.4357294908
3.8040238424e-18,1.4092903315
1.8765032853e-24,11.8581912874
3.8493971330e-18,1.4321419417
3.5738973873e-18,1.2945914242
4.0562378844e-18,1.5378037027
4.6582013075e-18,3.8044564843
4.2036209863e-18,1.6150793908
4.2681224078e-18,1.6495784567
4.3808332059e-18,1.7110783577
4.9802990342e-18,2.0834839393
4.0537949184e-18,1.5365386683
4.1903152629e-18,1.6080185985
4.9710581998e-18,3.5989348997
3.0794195909e-18,1.0503729928
7.2612990527e-20,7.7024868478
3.8243608987e-18,1.4195207628
3.6293818681e-18,1.3221005917
3.7507918408e-18,1.3825973491
4.1182862157e-18,1.5700977551
3.5933742607e-18,1.3042400557
3.6692415463e-18,1.3419110838
3.7403782813e-18,1.3773888457
4.1051638144e-18,1.5632408235
5.3196531188e-18,2.3806786931
4.2825451858e-18,1.6573576526
4.6153513270e-18,1.8454993446
5.0111151789e-18,2.1061575826
4.0361390245e-18,1.5274097116
4.0004302408e-18,1.5090176419
3.6039820362e-18,1.3094985344
4.1898598610e-18,1.6077772576
3.8048909120e-18,1.4097261213
3.7090637467e-18,1.3617503912
4.3447790690e-18,1.6912223048
3.7962973407e-18,1.4054084612
3.7937529432e-18,1.4041307058
4.2362013757e-18,1.6324475089
2.9675532415e-18,0.9947008154
4.3996258179e-18,1.7215021344
4.8580751384e-18,1.9983303549
4.3107697795e-18,1.6726546244
5.3123672542e-18,2.3725631279
3.9575731684e-18,1.4870614549
5.4327093234e-18,3.1446909415
4.1684687616e-18,1.5964644944
3.7165400220e-18,1.3654808753
3.5496012985e-18,4.3931585012
3.8553797219e-18,1.4351624413
3.9343928379e-18,1.4752356928
3.5751598854e-18,1.2952166105
1.9343024024e-18,5.2326677165
5.4389918560e-18,2.5415000200
3.5439234019e-18,1.2797574570
3.7008275428e-18,1.3576429248
7.0007157923e-27,13.4164880273
3.5434098097e-18,1.2795034269
3.5213561448e-18,1.2685995264
3.8186422518e-18,1.4166421073
3.9710512978e-18,1.4939532421
4.1318326439e-18,1.5771923068
3.8793900510e-18,1.4473033902
4.5175665391e-18,1.7882154928
3.9135052760e-18,1.4646077337
3.9656718317e-18,1.4912011348
3.5747975830e-18,1.2950371958
3.8704211517e-18,1.4427646812
3.8552897161e-18,1.4351169856
5.1758563882e-18,2.2389433255
3.9505256466e-18,1.4834624979
3.8452924172e-19,6.6535491713
3.8741775493e-18,1.4446650840
4.3813774103e-18,1.7113794831
4.6795911915e-18,1.8843010292
4.1011214406e-18,1.5611315584
5.1776708902e-18,2.2405438540
4.6803527085e-18,1.8847672006
5.0725649528e-20,7.8998770275
4.6994807805e-18,1.8965272667
3.7092046374e-18,4.3139039627
4.6912034580e-18,1.8914262692
4.8851028039e-18,2.0165776723
3.6587116969e-18,1.3366733382
3.5911872618e-18,1.3031562332
4.2268375018e-18,1.6274440060
3.8480848880e-18,1.4314796540
2.9671217568e-18,0.9944853580
4.1527391651e-18,1.5881744901
3.6369582284e-18,1.3258627331
3.8617228407e-18,1.4383669538
4.6234956079e-18,1.8503635501
3.8303187712e-18,1.4225214781
4.5443374810e-18,1.8037036580
3.9007996059e-18,1.4581553653
4.6089891365e-18,1.8417100865
5.4463860302e-18,2.5542962964
3.5900560675e-18,1.3025956827
3.8955610951e-18,1.4554977461
3.7390119336e-18,1.3767057501
3.7794649190e-18,1.3969606673
4.9128148421e-18,2.0356097094
4.1178611421e-18,1.5698754011
3.6802608294e-18,1.3473958342
3.8281947908e-18,1.4214515304
5.0121900685e-18,2.1069585900
4.3408906606e-18,1.6890916167
3.7641201061e-18,1.3892698184
3.6475830733e-18,1.3311412201
3.6502106995e-18,1.3324471176
3.8192975843e-18,1.4169719115
3.5217377184e-18,1.2687881200
5.5124097468e-18,2.7170721516
3.8447062621e-18,1.4297748626
3.7843542418e-18,1.3994132562
5.5235877341e-18,2.8972335866
5.3714203820e-18,2.4427450157
3.6612588183e-18,1.3379400270
5.3220701198e-18,3.2923241794
3.7072958386e-18,1.3608685272
3.2503622660e-18,1.1349203358
4.9658852292e-18,3.6026620828
4.0164697032e-18,1.5172674072
5.0223729510e-18,2.1145822727
4.5500020391e-18,1.8069988590
4.6973089295e-18,1.8951870379
3.7877970054e-18,1.4011408277
5.4965166638e-18,3.0121088206
3.6410997575e-18,1.3279199061
4.4688271014e-18,1.7603598583
3.9887153762e-18,1.5030036466
4.1221679660e-18,1.5721290250
4.5138860610e-18,1.7860969020
4.8110652612e-18,1.9672712449
2.6747822753e-18,4.8289977711
4.0817235664e-18,1.5510293065
3.9854280271e-18,1.5013177379
4.9571569450e-18,2.0668058552
4.1299649255e-18,1.5762131584
1.5489352349e-18,5.4739045042
4.8670295976e-18,2.0043427508
3.6745771355e-18,1.3445663641
4.3612382207e-18,1.7002641851
4.3400686779e-18,1.6886414657
3.9601573745e-18,1.4883819267
5.4388198727e-18,2.5412087539
5.3467043966e-18,2.4120569624
4.6656601898e-18,1.8757995775
4.0393637896e-18,1.5290752897
3.8042205874e-18,1.4093892127
3.5241550462e-18,1.2699829418
3.6764151852e-18,1.3454812779
1.4174810555e-19,7.3111994785
3.7844086611e-18,1.3994405598
3.7684920835e-18,1.3914600814
4.7795089676e-18,1.9468655991
4.0037303680e-18,1.5107135394
4.2281346738e-18,1.6281365635
3.7147548142e-18,1.3645899234
3.5213558184e-18,1.2685993651
3.7592915288e-18,4.2888729372
5.1701486086e-18,2.2339326617
3.5485123604e-18,1.2820274278
4.1496220407e-18,1.5865344751
5.5244298909e-18,2.7859760331
4.8082580853e-18,1.9654421484
3.8608912610e-18,1.4379467262
3.8373358253e-18,1.4260578340
3.6962567237e-18,1.3553643935
5.2937119247e-18,2.3523530876
4.0354443732e-18,4.1486736072
3.6660121773e-18,1.3403043880
1.3321862468e-18,5.6257202625
3.6626050384e-18,1.3386095811
3.6850432724e-18,1.3497774175
3.6977163292e-18,1.3560919250
3.8380628467e-18,1.4264243642
3.9223021236e-18,1.4690805595
3.6006815959e-18,1.3078621673
4.3007388099e-18,1.6672067367
3.6576437800e-18,1.3361423166
3.6080906145e-18,1.3115359332
4.2571163041e-18,1.6436586388
5.1148229701e-18,3.4886301740
4.4096050863e-18,1.7270588793
5.2128881726e-18,2.2723878753
4.8420926746e-18,1.9876775819
5.2132026745e-18,3.4030452996
4.4113398089e-18,1.7280263740
4.4422487992e-18,1.7453441367
4.1344179486e-18,1.5785481737
5.2139846696e-18,2.2734046218
4.0390795456e-18,1.5289284471
3.6136384791e-18,1.3142876941
4.8778342766e-18,2.0116408140
5.5271344770e-18,2.8335456203
5.5983504515e-19,6.3744814955
3.6639428646e-18,1.3392750129
4.0707663276e-18,1.5453367011
3.9094694355e-18,1.4625571919
3.6726531296e-18,1.3436087747
3.3774916033e-18,4.4781175413
3.6815008423e-18,1.3480132730
3.6186097870e-18,1.3167541141
4.0947975365e-18,1.5578346286
1.2951199349e-19,7.3659831564
5.1442906963e-18,2.2116682291
3.7684566724e-18,1.3914423381
3.6494437713e-18,1.3320659440
4.9580751517e-18,2.0674621787
4.5819393626e-18,3.8500243368
3.9147108796e-18,1.4652204639
5.0054496860e-18,3.5737773936
3.8865602383e-18,4.2247896656
4.1346958328e-18,1.5786939469
4.6420969361e-18,1.8615316494
2.3963985118e-18,4.9744345944
3.6206057353e-18,1.3177445373
3.6735081864e-18,1.3440343278
3.6536828449e-18,1.3341730267
5.5268400916e-18,2.8202674900
4.4429306552e-18,1.7457278932
3.6159907417e-18,1.3154546491
4.0928507307e-18,1.5568203582
5.3043490424e-18,2.3637798423
4.7516132521e-18,1.9290995067
4.9568211831e-18,2.0665659656
3.7525562981e-18,1.3834802815
3.5145792918e-20,8.0941238583
3.8333897409e-18,1.4240688500
3.3307910395e-19,6.7550144840
3.5803224575e-18,1.2977734464
4.5964871220e-18,1.8342905694
3.9368815352e-18,1.4765037358
4.1646431903e-18,1.5944460959
4.9468789453e-18,2.0594888007
2.0269093717e-18,5.1787259581
3.8648748748e-18,1.4399601165
3.9297926494e-18,1.4728927939
3.9776559758e-18,1.4973347763
3.7605284423e-18,1.3874710494
3.7591852668e-18,1.3867984952
3.6459323011e-18,1.3303209047
4.0039917859e-18,1.5108479119
3.5819602469e-18,1.2985847005
5.2158140832e-18,2.2751045898
5.5124933242e-18,2.9583091795
3.7137169172e-18,1.3640719862
3.6505835415e-18,1.3326324310
3.7279414684e-18,1.3711736971
4.0221315320e-18,1.5201839492
3.7187928449e-18,1.3666053609
3.5407345277e-18,1.2781802678
4.6106658957e-18,1.8427078545
3.6126729959e-18,1.3138087578
4.1428985584e-18,1.5830001581
3.5630298523e-18,1.2892111641
2.8500397843e-18,0.9357711581
4.0100574818e-18,1.5139671281
3.8066560700e-18,1.4106133951
3.6079598408e-18,1.3114710778
4.1328091956e-18,1.5777043890
3.8712015001e-18,1.4431594066
4.4801676350e-18,1.7668033814
4.5450209903e-18,1.8041009311
3.7102770681e-18,1.3623556791
3.6472341919e-18,1.3309678448
3.6703385086e-18,1.3424569221
3.6100156752e-18,1.3124906868
3.8552255389e-18,1.4350845744
5.5097900459e-18,2.7067638628
4.9817600450e-18,2.0845466200
4.4817655133e-18,1.7677130743
3.7596472128e-18,1.3870297925
5.0021040159e-18,2.0994699423
3.6863655956e-18,1.3504360410
1.8517219796e-24,11.8622155924
4.2954382887e-18,1.6643330917
5.4824360236e-18,2.6272133649
3.5945392846e-18,1.3048174561
3.8061767794e-18,1.4103724612
3.8449507263e-18,1.4298981956
3.9201960741e-18,1.4680093073
4.3985052632e-18,1.7208791189
3.5215228426e-18,1.2686819169
4.3212008043e-18,1.6783334061
3.9940259783e-18,1.5057287420
5.5164102171e-18,2.9409522866
3.5230542781e-18,1.2694388498
3.5798128677e-18,1.2975210403
4.1264016040e-18,1.5743459710
4.9390458635e-18,2.0539480819
5.5034004454e-18,2.6844833830
4.2194571574e-18,1.6235071364
3.5984463248e-18,1.3067540562
5.0134460112e-18,2.1078954136
3.9106132703e-18,1.4631382591
5.1376012249e-18,2.2060183812
4.6759969078e-18,1.8821027945
3.6418179459e-18,1.3282766903
3.8407327068e-18,1.4277706042
4.3384281733e-18,1.6877433310
3.6184653499e-18,1.3166824458
5.0234460201e-18,2.1153894333
4.7407516624e-18,1.9222475262
3.4292653003e-18,1.2231364920
5.2763943065e-18,3.3414672121
3.8648003289e-18,1.4399224321
5.2965263703e-18,2.3553523527
3.8933518466e-18,1.4543774034
4.1261793118e-18,1.5742295275
4.1645535441e-18,1.5943988150
3.7084843823e-18,1.3614613822
3.6223727991e-18,1.3186214670
4.8342376609e-18,1.9824778769
3.9484066358e-18,1.4823809986
3.6345577212e-18,1.3246705666
5.0641438618e-18,3.5291592828
4.5484371485e-18,1.8060878854
3.5288282848e-18,1.2722930604
3.9984663944e-18,1.5080088070
4.4057283315e-18,1.7248983908
3.7448574295e-18,1.3796286557
3.5831421697e-18,1.2991701832
4.0834995697e-18,1.5519529218
3.9008065144e-18,1.4581588712
4.0475251613e-18,1.5332941493
3.6602795659e-18,1.3374530205
3.7864605872e-18,1.4004701559
3.5213558453e-18,1.2685993784
3.5514741301e-18,1.2834926940
5.5268424748e-18,2.8203345548
3.6636011771e-18,1.3391050533
5.0985148738e-18,2.1738270304
4.0612917185e-18,1.5404222083
4.6629144170e-18,1.8741298296
4.4558927837e-18,1.7530376928
4.1584803049e-18,1.5911974974
3.6006980404e-18,1.3078703199
4.4748065450e-18,1.7637545076
1.4925887771e-18,5.5120221186
3.6858300544e-18,1.3501692917
5.1534710751e-18,2.2194937417
5.1595601105e-18,2.2247314304
3.5276718966e-18,1.2717213917
4.2426068041e-18,1.6358757918
4.1425017222e-18,1.5827916863
2.7954483072e-18,0.9082002515
1.2995437463e-20,8.5878919332
3.8094144813e-18,1.4120002183
4.5498838743e-18,1.8069300543
4.6271152849e-18,1.8525303624
4.1277997608e-18,1.5750784709
3.8325296165e-18,1.4236354128
3.8113497089e-18,1.4129733821
3.9589983722e-18,1.4877896492
3.9400806442e-18,1.4781343065
3.6177560700e-18,1.3163305155
4.8725350530e-18,2.0080554345
4.0834253667e-18,1.5519143271
3.6885312671e-18,1.3515148397
5.6365254222e-22,9.9232924132
4.6818193404e-18,1.8856654453
3.6636926461e-18,1.3391505508
5.3651412410e-18,3.2409837483
4.5718085323e-18,1.8197450206
4.9468780913e-18,2.0594881950
3.6537865516e-18,1.3342245817
3.6792206281e-18,1.3468779243
5.2361867436e-18,2.2943532576
3.6326805655e-18,4.3519862187
5.5092140085e-18,2.7046034896
4.7138506157e-18,1.9054275582
4.0899042926e-18,1.5552858963
5.4821507028e-18,3.0491849771
3.6894488296e-18,1.3519719556
4.1397743908e-21,9.1077559031
1.3908007095e-18,5.5832132142
4.2989721057e-18,1.6662485396
5.5124976509e-18,2.9582913801
3.9810609543e-18,1.4990792321
4.7095842680e-18,1.9027790950
4.9765439324e-18,2.0807580476
3.6132318497e-18,1.3140859793
3.7679732640e-18,1.3912001240
4.2912492490e-18,1.6620644962
3.8596029947e-18,1.4372957885
5.3113372557e-18,2.3714263390
3.6104200598e-18,1.3126912567
4.0876854809e-18,1.5541308535
5.2804005688e-18,2.3383906108
3.7454038595e-18,1.3799019514
5.3039538510e-18,2.3633508071
3.6850447005e-18,1.3497781288
3.8232268562e-18,1.4189497862
3.9831641358e-18,4.1755675024
3.9111043478e-18,1.4633877493
3.5856845354e-18,1.3004296818
5.4177591390e-18,2.5074136054
3.8376735643e-18,1.4262281030
3.8406737187e-18,1.4277408565
3.5637654485e-18,1.2895752672
3.7537392569e-18,1.3840723004
5.3493422533e-18,2.4152325271
3.9100544927e-18,1.4628543911
3.5433148986e-18,1.2794564830
3.6265141324e-18,1.3206769688
5.4907987591e-18,2.6480013394
4.0728010906e-18,1.5463930787
3.9549555690e-18,1.4857243565
5.4653562346e-18,3.0856865372
4.2770060164e-18,1.6543670552
4.1040522045e-18,1.5626606574
4.8751250071e-18,2.0098063080
4.5241450308e-18,1.7920086399
4.9496066569e-18,2.0614254533
3.5377091828e-18,1.2766841200
4.2454091335e-18,1.6373770881
3.5935292018e-18,1.3043168447
5.4314835758e-18,2.5290316461
4.0020163721e-18,1.5098326408
3.9478400197e-18,4.1936327799
4.1243373703e-18,1.5732648331
3.9508615172e-18,1.4836339453
4.5986460799e-18,1.8355693505
3.9757027575e-18,1.4963344443
5.4038777365e-18,2.4868494470
5.5250406795e-18,2.8835601525
5.4482115546e-18,3.1181819779
4.7455909586e-18,1.9252959539
5.0150946121e-18,2.1091265969
4.1324942079e-18,1.5775392069
4.2420587736e-18,1.6355822979
3.8757436443e-18,1.4454576099
4.8727545189e-18,3.6675209456
3.5854435363e-18,1.3003102839
3.6401794256e-18,1.3274627207
3.5350301997e-18,1.2753593901
3.6646087790e-18,1.3396062568
3.6817192752e-18,1.3481220421
4.2087547549e-18,1.6178085882
4.0835097315e-18,1.5519582072
4.5523155421e-18,1.8083465261
3.6435095772e-18,1.3291171202
4.1619790501e-18,1.5930413165
3.6631154262e-18,1.3388634407
3.5213558184e-18,1.2685993651
3.3726791020e-19,6.7462909721
4.6305554769e-18,1.8545925815
5.4824492860e-18,2.6272447318
4.1405917954e-18,1.5817885402
3.6231021384e-18,1.3189834345
4.3613743761e-18,1.7003391392
3.6494988551e-18,1.3320933208
4.4760718512e-18,1.7644736406
3.7025711786e-18,1.3585123011
3.7863698515e-18,1.4004246236
4.0172468613e-18,1.5176676014
3.7248249206e-18,1.3696171234
5.1139074734e-18,2.1863436357
5.0714163872e-18,2.1522584252
7.8120656858e-19,6.1070556628
4.3052566400e-18,1.6696588270
4.4328806602e-18,1.7400792790
5.9984781886e-20,7.8085941639
2.1260455135e-18,5.1223328687
5.4344719978e-18,2.5339350397
3.6788116316e-18,1.3466742966
3.6397304536e-18,1.3272396970
3.5739281140e-18,1.2946066396
5.5682525723e-25,12.2188352340
3.5618807751e-18,1.2886424184
3.5907004956e-18,1.3029150183
3.6760247371e-18,1.3452869185
5.1159607470e-18,2.1880286111
4.0451416277e-18,1.5320615003
4.2638313121e-18,1.6472687365
3.6972512080e-18,1.3558600806
4.8862995353e-18,2.0173926455
6.4556688974e-19,6.2626775470
3.8897675086e-18,1.4525603092
4.3339815163e-18,1.6853107139
5.2933901883e-18,2.3520113014
3.6479963261e-18,1.3313465889
3.6462449544e-18,1.3304762652
4.2610752641e-18,1.6457864060
4.4492384810e-18,1.7492816263
3.6827936119e-18,1.3486570319
5.1619005472e-18,2.2267549224
3.7499528020e-18,1.3821775373
4.0120770428e-18,1.5150062479
4.3236226174e-18,1.6796538866
5.3900369129e-18,2.4674319731
3.6654234903e-18,1.3400115341
5.0942871069e-18,2.1704237595
5.3174591793e-18,2.3782210083
3.8302291232e-18,1.4224763139
4.5669042447e-18,1.8168698605
5.4978793914e-18,2.6675457082
3.8011998830e-18,1.4078712400
3.6169933464e-18,1.3159520813
9.8507477548e-19,5.9072303794
3.8895194909e-18,1.4524346019
5.4204580901e-18,2.5115559424
5.0960750222e-18,2.1718612191
3.7413829924e-18,1.3778911884
5.3803220751e-18,2.4543616722
4.9700050386e-18,2.0760297598
4.0099325322e-18,1.5139028477
3.8421489690e-18,1.4284848766
5.4977278123e-18,3.0086204813
4.6929873212e-18,1.8925240284
4.4358327436e-18,1.7417368082
3.8227140928e-18,1.4186916359
5.4460748779e-18,3.1219780763
3.7053506746e-18,1.3598983672
3.9237092416e-18,1.4697964435
3.5294766986e-18,1.2726136177
5.1086019286e-18,2.1820066873
4.5409516928e-18,1.8017371177
3.8446213016e-18,1.4297320004
5.4428960434e-18,3.1275363506
3.7032487235e-18,1.3588501522
3.8338298374e-18,1.4242906389
4.5117622188e-18,1.7848755114
3.6996205428e-18,1.3570411741
8.3765675767e-19,6.0482394840
3.7049001043e-18,1.3596736613
3.7316465034e-18,1.3730246502
3.7160522995e-18,1.3652374544
5.5203317392e-18,2.7557294386
3.9985016585e-18,1.5080269199
3.7753341004e-18,1.3948893408
3.5707107979e-18,1.2930135757
3.8164413069e-18,1.4155346002
3.4539332789e-18,1.2353058494
3.7074516064e-18,1.3609462227
4.5836998870e-18,1.8267374312
4.7937705875e-18,1.9560459053
4.3761000581e-18,1.7084611690
4.1406618000e-18,1.5818253026
3.6317843443e-18,1.3232934103
5.3402173457e-18,2.4043399782
3.2130696602e-18,4.5592122454
4.1914793497e-18,4.0670890332
4.0488284312e-18,1.5339683234
3.8258243401e-18,1.4202576773
4.3613459914e-18,1.7003235131
4.4480207462e-18,3.9271295743
3.8560533378e-18,1.4355026511
3.8141944253e-18,1.4144042085
5.4186128683e-18,2.5087184905
3.6012182538e-18,1.3081282266
4.2258250779e-18,1.6269036025
3.6099612882e-18,1.3124637118
5.2261053229e-18,2.2847536943
4.0850530742e-18,1.5527610406
4.3981826235e-18,1.7206997700
3.7706357496e-18,1.3925342933
3.9148545664e-18,1.4652934962
3.6325849726e-18,1.3236909520
4.7744540340e-18,1.9436278055
3.6715091730e-18,1.3430394737
3.8666427755e-18,1.4408539094
4.7151866145e-18,1.9062579736
3.7005661054e-18,1.3575125809
4.0951625290e-18,1.5580248226
3.8430454740e-18,1.4289370676
4.5409122410e-18,1.8017142166
4.0086420672e-18,1.5132390325
5.4341369450e-18,3.1423431465
4.2272697292e-18,1.6276747509
3.6992851435e-18,1.3568739691
3.5765470716e-18,1.2959035797
4.1978537045e-18,1.6120166905
3.7237815846e-18,1.3690961024
3.7007392080e-18,1.3575988838
4.2535390833e-18,1.6417375967
3.6257159883e-18,1.3202807856
3.6626725989e-18,1.3386431843
3.5845716469e-18,1.2998783352
4.0619201871e-18,1.5407479735
4.5095541892e-18,1.7836065975
5.3956177056e-18,3.2005824222
3.8955001402e-18,1.4554668313
4.0776514895e-18,4.1268120418
5.4038294328e-18,3.1889447347
3.6648685896e-18,1.3397354972
2.7315535419e-18,4.7999776746
3.6097436818e-18,1.3123557835
3.9642577993e-18,1.4904780374
5.1487236851e-18,2.2154364425
3.8010884929e-18,1.4078152717
3.6605346372e-18,1.3375798711
5.0173963305e-18,3.5648762970
4.2427391605e-18,1.6359466794
3.7603512152e-18,1.3873823042
4.1159589964e-18,1.5688805937
3.8452270376e-18,1.4300375992
4.9820996479e-18,2.0847938036
5.0283868740e-18,2.1191153939
3.7831553482e-18,1.3988117722
3.7350960320e-18,1.3747484086
4.1616797631e-18,1.5928835478
3.6815232306e-18,1.3480244212
3.6621914000e-18,1.3384038489
3.6554781977e-18,1.3350655813
3.8872767690e-18,1.4512980365
5.2271379890e-18,2.2857301750
3.9361100116e-18,1.4761105880
4.6418504787e-18,1.8613831376
4.1204576477e-18,1.5712338719
1.6662547913e-18,5.3971407935
4.2961606131e-18,1.6647244896
3.9080694197e-18,1.4618460877
3.8361600634e-18,1.4254651242
3.3425761870e-18,1.1803945545
3.5214938282e-18,1.2686675765
4.5828466652e-18,1.8262347124
3.7271270194e-18,1.3707668832
4.6859902118e-18,1.8882230143
5.4877245199e-18,3.0356156353
3.5966993347e-18,1.3058880842
4.3540208713e-18,1.6962947079
3.7637604652e-18,1.3890896806
3.9157128863e-18,1.4657297835
3.9947333854e-18,1.5060918896
3.6757141352e-18,1.3451323087
3.3872305657e-18,4.4733161246
3.9380199791e-18,1.4770839231
3.5547780116e-18,1.2851274002
4.2340327996e-18,1.6312878892
5.4242370889e-18,3.1582822842
4.0530360123e-18,1.5361457812
3.7859501094e-18,1.4002139964
3.5464087277e-18,1.2809868002
3.5213558878e-18,1.2685993994
3.8460649446e-18,1.4304603601
4.6553977627e-18,1.8695685564
3.8041214640e-18,1.4093393945
5.4389256917e-18,2.5413879332
3.8198345525e-18,1.4172421623
3.8923664473e-18,1.4538777804
3.7914085256e-18,1.4029536264
5.4961997003e-18,3.0130103914
4.8696877879e-18,2.0061337948
3.6249066362e-18,1.3198790555
4.4982060589e-18,1.7770992323
4.3345404728e-18,3.9901082822
4.3192132514e-18,1.6772502739
3.8615482465e-18,1.4382787220
3.8017764219e-18,1.4081609326
4.5459704711e-19,6.5317911479
3.8654349874e-18,1.4402432735
3.7664750345e-18,1.3904494890
4.7016160677e-18,3.7778784471
3.7188381085e-18,1.3666279558
3.7188107620e-18,4.3091103324
3.6354717476e-18,4.3506001547
5.2057920245e-19,6.4301861868
3.6757989444e-18,1.3451745243
4.3916786140e-18,1.7170876429
3.6859293430e-18,4.3255058913
3.7225463716e-18,1.3684793121
3.6283134110e-18,1.3215701555
3.6689905152e-18,1.3417861781
4.5919721119e-18,1.8316195823
4.7552163238e-18,1.9313804460
4.0332488191e-18,1.5259175999
3.9958237351e-18,1.5066516889
3.8697762646e-18,1.4424385007
3.8543425893e-18,1.4346386824
3.6750695341e-18,1.3448114520
4.4458208838e-18,1.7473553923
3.8792974545e-18,1.4472565098
3.5596541676e-18,1.2875404116
3.6699595733e-18,1.3422683633
3.9391681821e-18,1.4776691647
3.8751253127e-18,1.4451446862
4.4318845188e-18,1.7395202834
4.8670464561e-18,2.0043541007
5.3546982670e-18,3.2539746678
5.4650479788e-18,2.5894172750
3.7335173856e-18,1.3739594915
4.1286461671e-18,1.5755219924
4.0732668150e-18,1.5466349138
3.8283354450e-18,1.4215223778
1.8802789016e-19,7.1352350296
4.3535011775e-18,1.6960091602
3.7756949270e-18,1.3950702427
4.5565000837e-18,1.8107868626
4.6760321417e-18,1.8821243269
1.0456697991e-51,23.4328948564
4.5914819980e-18,1.8313299097
3.9910725088e-18,1.5042129516
4.0187255311e-18,1.5184291572
3.8879893092e-18,1.4516591073
3.5358952080e-18,1.2757871148
3.5761364677e-18,1.2957002343
3.7472862929e-18,1.3808435333
3.8922391079e-18,1.4538132200
4.2304921370e-18,1.6293956800
4.8125086330e-18,1.9682127967
5.5102213181e-18,2.7084047547
4.0519373298e-18,1.5355770710
4.3117707789e-18,1.6731989746
4.5298858263e-18,1.7953255229
5.2929105041e-18,2.3515021321
3.6898648964e-18,1.3521792427
5.4862844042e-18,3.0392078584
3.6485402414e-18,1.3316168985
3.6558974697e-18,1.3352740344
4.6398275853e-18,1.8601647251
5.0406438887e-18,3.5472976217
4.5624415824e-18,1.8142579493
4.4441734062e-18,1.7464275235
4.4011300536e-18,1.7223387694
4.0533692712e-18,1.5363183044
3.8370800763e-18,1.4259289034
3.8465014849e-18,1.4306806277
3.9273761439e-18,1.4716625682
5.5258502182e-18,2.8737509443
3.6229968779e-18,1.3189311934
4.1595199061e-18,1.5917452384
5.4755426457e-18,3.0642369200
3.8323273128e-18,1.4235334723
4.4640317701e-18,1.7576418911
3.1578271094e-18,1.0892121655
5.3972356042e-18,2.4774067704
5.5264123882e-18,2.8108011079
4.7776612124e-18,1.9456811071
3.5972040565e-18,1.3061382645
3.7759636393e-18,1.3952049662
1.3348841272e-21,9.5827764567
3.9617243306e-18,1.4891828160
3.6127367037e-18,1.3138403599
3.7070175571e-18,1.3607297251
3.8915401581e-18,1.4534588719
3.6276416941e-18,1.3212366963
3.6568521585e-18,1.3357487040
5.0704685987e-18,2.1515142665
3.5950576813e-18,1.3050743897
3.3274310225e-18,1.1729282110
5.5171926083e-18,2.7386007011
3.6116430365e-18,1.3132978623
5.5271421449e-18,2.8345372904
3.7349608252e-18,1.3746808364
3.6641280527e-18,1.3393671292
4.0198862018e-18,1.5190270464
3.6615850203e-18,1.3381022615
3.9886492532e-18,1.5029697283
4.1860740627e-18,1.6057717841
6.2125534181e-19,6.2931541638
4.0070210066e-18,1.5124053274
3.8273456998e-18,1.4210238638
5.0602678303e-18,2.1435468803
4.8459027553e-18,1.9902081352
4.2036387360e-18,1.6150888221
4.5204371200e-18,1.7898696552
4.3192433795e-18,1.6772666886
4.6036905445e-18,1.8385612893
3.7654928371e-18,1.3899574429
4.4033522017e-18,1.7235753229
3.7677226445e-18,1.3910745536
3.6641855705e-18,1.3393957399
4.2546521397e-18,1.6423351734
4.7741455988e-18,1.9434305148
3.7265317166e-18,1.3704695470
3.7055250825e-18,1.3599853488
4.0716228872e-18,1.5457813559
4.3031800275e-18,1.6685314093
5.5196236306e-18,2.9241555953
3.9617027988e-18,1.4891718098
3.6451186161e-18,1.3299165892
3.9597581376e-18,1.4881778975
3.6234742609e-18,1.3191681222
3.6356246251e-18,1.3252004054
5.4745102830e-18,2.6092240941
3.9838195484e-18,1.5004931019
4.3651108101e-18,1.7023970780
3.7335526413e-18,1.3739771093
3.9888609798e-18,1.5030783361
3.5276842996e-18,1.2717275231
5.1529268185e-18,2.2190274396
3.7128535267e-18,1.3636411606
3.6762213316e-18,1.3453847798
4.4851958305e-18,1.7696675178
3.7750847395e-18,1.3947643258
4.4129437552e-18,1.7289213439
3.9623421512e-18,1.4894986349
4.8875217000e-18,2.0182255688
3.7107324241e-18,1.3625828549
3.6293952343e-18,4.3536174097
3.7828670496e-18,1.3986671421
3.8357845954e-18,1.4252758623
5.4683480632e-18,3.0795800539
3.5417646921e-18,1.2786897589
3.6439493311e-18,1.3293356098
3.6793364501e-18,1.3469355897
3.5657655105e-18,1.2905653046
3.8675677249e-18,1.4413215986
5.4152677286e-18,2.5036335672
3.8449567349e-18,1.4299012270
5.3716730255e-18,2.4430702627
1.3716907925e-18,5.5969430072
3.6619264499e-18,1.3382720727
3.2764909949e-19,6.7664581311
3.6738367083e-18,1.3441978357
5.1542055357e-18,2.2201234845
5.5016498302e-18,2.9968055166
4.0488429594e-18,1.5339758395
4.7595225133e-18,1.9341117727
3.8621277673e-18,1.4385715909
2.0097157781e-30,15.3461491255
4.7107771183e-18,1.9035190779
3.5214682619e-18,1.2686549403
3.5395899977e-18,1.2776142360
3.7340671376e-18,1.3742342157
3.8573135600e-18,1.4361391886
3.4352089685e-18,4.4496564102
4.2358738651e-18,1.6322723432
3.8517168095e-18,1.4333128896
3.8186813651e-18,1.4166617910
3.8376603339e-18,1.4262214329
3.7540082368e-18,1.3842069206
3.9996793631e-18,1.5086318814
3.1198130149e-19,6.8003768410
4.0159231054e-18,1.5169859653
3.6902919817e-18,1.3523920251
3.6889081380e-18,1.3517025879
4.4218771961e-18,1.7339133262
4.2353326139e-18,1.6319828865
3.7727037431e-18,1.3935707628
3.9817448606e-18,1.4994297085
4.7870437067e-18,1.9517073231
3.8520354400e-18,1.4334737520
4.1270119283e-18,1.5746657006
3.8760302579e-18,1.4456026655
5.5142529566e-18,2.7248840487
3.7493953299e-18,1.3818986220
3.8063295878e-18,1.4104492751
5.4702065534e-18,2.6000150611
3.8198188052e-18,4.2584904006
3.5420450432e-18,1.2788284160
5.0800696349e-18,2.1590837794
1.1377243635e-18,5.7762406965
5.0701611772e-18,2.1512730371
5.8806445059e-29,14.5858341815
2.4289349712e-47,22.0535159700
3.6847303237e-18,1.3496215519
5.4267048863e-18,3.1543814647
3.6773304084e-18,1.3459368810
4.8206253582e-18,1.9735213763
3.8847609581e-18,1.4500234033
3.6628945582e-18,1.3387535832
5.4700120868e-18,2.5996071830
3.5404138699e-18,1.2780216830
4.1075957030e-18,1.5645104366
3.9464452018e-18,1.4813801749
3.9435436356e-18,1.4799000892
4.0522878205e-18,1.5357584850
3.6593261308e-18,1.3369788803
4.7932416830e-18,1.9557042302
3.8056877301e-18,1.4101266323
5.4987728305e-18,2.6701716805
3.9718093963e-18,1.4943412345
3.5698668203e-18,1.2925957121
3.7619670852e-18,1.3881914855
3.5467621009e-18,1.2811616018
4.6833277290e-18,1.8865898549
3.8507680590e-18,1.4328339378
3.9254972496e-18,1.4707062789
3.7107855732e-18,1.3626093713
