sampled_theta1
0.8214905413
0.1568727102
0.7729453531
4.0977037808
2.7373554100
0.0910933979
2.4306799996
0.5327742769
0.3975580750
0.0698106991
0.8143868221
1.2670613231
0.5794434262
1.7347216135
0.6018304473
0.2412697889
0.7124253075
2.2181798588
1.0665242586
0.2759542301
1.5146559424
1.0717311957
1.0514202569
3.2023994716
0.2649774546
2.2138702219
3.8450060616
0.1203468924
0.2696355571
0.1866110079
1.4806203143
0.2823002066
0.8798681533
0.6277098143
1.0922443816
3.1330687341
3.2416270606
0.3958954917
0.6235112756
0.4890228864
3.9131944518
2.3016742908
0.4724367790
0.5502349325
0.9580320759
0.0140114898
0.9540125957
2.2723682631
0.5570131484
0.7853052103
0.1375993964
1.7675504392
0.9018713685
0.6495595510
1.7343216610
0.0914947807
1.3680281150
3.7537498922
4.9248833433
0.2045881071
4.0088099977
2.5830228105
4.6277231490
0.2062866765
0.9686275565
2.0769027032
2.2158348400
2.0817389764
1.3979799935
0.6718867713
1.4000740335
1.6621259113
1.5284249447
0.5919797712
3.4000219643
1.7714766874
0.7537720988
1.3845559850
0.0766571921
0.2460744016
0.4764118351
2.1207594747
1.8277396706
0.9380370670
0.2844758988
2.3772861635
0.7006385632
0.8178466411
0.4076732691
0.5033823923
0.8756166814
1.5526189144
0.5113791711
0.3139354334
0.1172889398
0.2530513483
1.7429286589
2.0386200592
0.2827404988
0.2637654487
0.2095302008
0.2798244820
0.0395259870
4.6237890697
0.0615214896
0.3999236927
2.5991015817
3.8510411053
2.9318693658
0.6438316788
0.2698833650
0.1622834439
1.1386746355
2.3696396482
3.2715668007
0.5351234624
1.9464801543
3.4132262250
0.3333426708
0.7918505365
1.7454530787
1.0572195473
2.6011333155
3.2040762919
1.4712471879
1.8937216278
1.3136331481
1.3264758275
0.1134355391
1.7888083087
0.5941205089
3.5415114567
2.7365704676
0.9706898043
1.6865646853
0.7388503331
0.0080884836
0.4081906804
3.5228506895
3.2681533347
3.3010019935
2.8761892946
1.2597635144
1.9478053440
1.2179528025
0.5834047038
0.5062586052
3.6919399191
0.5002522494
2.1245724500
1.5560701994
0.7077364436
0.9505286668
1.6692391690
0.4066224494
0.4957369209
0.7049745743
0.0466957485
0.0710417143
0.3946096034
0.4359467518
2.2296533115
2.1680977774
3.7516653144
0.8835278555
3.9558331073
0.0324817789
0.7148431743
2.4828166391
2.1690482591
0.7778941663
2.7867850628
1.9645161744
3.3644404214
2.3165003922
2.4509087550
2.4622483007
2.2553157228
1.8610633856
1.5736423940
0.4113735760
1.8440856108
1.4891558044
0.3885521889
2.9681013190
0.4928116416
0.4010395774
0.4544442852
2.3752583875
1.8740089303
0.0989496893
0.7278556820
3.1586033555
4.1907102612
4.0232852003
1.4666149240
1.8450475109
0.4653175489
0.3057474895
0.0559947210
1.6265100659
2.7266733711
1.6705051758
2.7641860903
1.5105762992
1.8005850141
2.4593506337
0.0442666450
0.7558131885
0.5757218367
0.4856907190
0.6279179395
0.2126516284
0.4170735764
0.0307695341
1.3017274849
0.9640901809
0.1789439108
0.3630740241
1.8127316668
0.2896809352
0.3256298376
2.0386058458
0.3654379338
0.9293549905
4.8966079801
3.0438369703
1.3641190611
3.5686534237
0.2393276063
2.5075805460
2.0679732946
0.3736165683
0.3822897078
0.3908953910
3.7592345662
0.2741507859
0.2203154306
1.9583727532
0.2740131654
2.4886889532
1.0207977458
2.4139128197
2.0288519310
4.4101407665
3.6885112075
1.9908380806
1.4633924248
0.3811146212
2.1328381016
3.3213157673
0.2488397783
1.0583740283
1.7796255766
0.7944535853
0.5520139045
0.3471743523
2.9907239392
0.2838454525
0.0288094959
1.0353940695
1.8813845019
0.2903661063
0.3284185242
0.1199187395
1.1923908970
0.0586638244
1.4490142624
2.5512418239
1.2953019129
1.1811212686
1.2732466985
1.4612297959
0.1020815509
1.5558305062
0.1295256699
1.0376270021
0.1219885621
1.2437940124
3.5662604468
1.7442795353
0.2670856259
0.4342073729
3.2804150259
0.6859347888
1.0683640130
1.1261320852
1.0199933171
0.5939193020
1.8684838008
1.4403482762
4.2343388037
0.0535193043
3.0568282427
1.1180810030
4.3682224447
1.0425098143
2.2824334373
0.3395140530
4.2923073432
0.0225771665
1.8430891015
0.8825234823
2.9878307760
1.1890811534
0.4880565543
3.0265797341
2.5695134541
3.4791017323
4.2724758899
4.4123869832
4.0818762127
0.4531537706
0.5704827233
0.3638573567
1.0487978939
1.8913277670
3.9507288892
0.3811498828
0.2910990051
0.1112411940
1.2885328815
0.7813014468
2.5875774572
1.0194982519
1.5056799495
3.2718043204
1.1803563629
0.0669947872
0.3481757474
0.5313249276
1.1469210732
0.7281592536
0.4395486932
1.6927512422
1.9304012869
0.7747956199
0.1002810369
1.1558421915
0.2658603004
2.7318775098
0.1790541176
4.7782002170
0.3603733289
0.4378953329
3.1649599955
0.7330914338
0.0881329668
0.1760027616
4.1370659601
3.7497987827
2.4786070582
0.6702562974
0.2713777739
0.0358538710
1.7989803320
0.3200884492
0.0150264724
3.6460362201
0.1648135316
4.7262201759
0.1545268040
0.3600640234
1.1015405555
0.3902968635
0.0031942343
1.4748875776
0.4667214606
0.1787492299
0.3163188597
0.9673517004
2.5315581831
0.3468007594
2.5218949015
0.0073335685
0.1923622564
0.8497439252
2.1090457472
1.3079235014
3.5986339010
1.2436396008
0.2022056003
1.1098012117
2.0765566945
0.9164392911
0.6114177582
2.2233432709
2.3172957903
0.5478209107
1.8819527374
4.0878864983
0.1432868567
0.2376791692
0.3763657784
0.3455648936
3.2433334542
0.1706061388
2.1239991880
2.1627931733
1.2027377751
2.1961422966
0.0476307160
1.5960420556
0.5727397429
1.7098670498
0.6683116723
1.6860561685
3.3292168310
1.4575621594
1.0630303423
0.4981224025
2.4684404348
1.6991022403
0.0444581792
0.5065982442
0.2232394317
0.4273248645
0.9810574527
1.5787476342
3.4723457386
1.4279753779
0.3293132193
3.9298467652
2.3706775871
1.6549794149
2.8491368991
0.3284478148
3.9232375054
0.6187675498
0.4483898097
0.8748580803
2.1942267806
0.5030414239
2.4219864290
1.8518098565
1.9316452388
3.3771771633
2.9285524138
1.6211789351
4.8648476588
2.2098990732
1.8020422846
0.1860420071
0.0170813275
0.3320936038
3.3641842969
2.1174002314
0.6864933498
0.3316474353
0.1462009114
0.2925218334
3.8620996459
0.3745621197
0.9753361722
0.0526558199
0.3800321194
2.2174067595
1.8320014584
0.9715193983
1.5780839200
2.3975352342
2.1161010574
0.0429496518
0.5635202194
0.2990427111
2.2326479124
0.2424953643
1.1124712332
0.1174747708
0.4011954063
2.7496060931
1.7208611569
1.4402020999
3.2685150776
4.3679228958
2.0847422790
0.2275981570
0.8767594746
1.7919923610
0.4363638358
3.2887352499
3.9272098685
2.1072369017
2.3754731260
1.2910190389
2.3360019383
1.0964195813
3.3507585902
1.0522155352
1.7660536225
0.8242722860
2.8155057985
1.1164198237
0.3129334887
0.7974426559
3.2007026857
0.2292080781
3.4176367092
2.4537747700
0.9268048529
0.6314452134
0.4788260155
0.3516883210
0.0564405463
0.4916001561
0.3272915858
4.2469474066
0.1051543874
1.7622279470
0.8816392957
0.0529014550
2.2722560206
0.5435462123
1.0298919341
0.5855573314
1.2701601234
2.0206117746
1.3977391223
2.5796420630
0.1266880296
1.3321013485
0.2098185259
1.9688835142
0.2692330679
0.3399972460
0.1549773028
1.9214194999
0.4117047769
0.9749362959
0.5862676015
1.0158602343
0.1901907123
0.0036987075
3.4611281303
1.7797277599
2.5200640482
0.6540708361
1.8183998753
1.7048856326
0.2492884169
0.3214064990
0.3376951422
0.7335790838
1.3902059826
0.4489576111
1.6240886934
2.0066927290
2.6578349169
0.2518152281
3.7957225819
2.1913120384
4.3436581684
0.4596512312
0.6904895741
4.3250891488
0.3918717727
0.2792487386
0.7426275614
0.2854321190
3.3543731043
0.0607993253
3.1905667762
4.0070848140
0.9355386398
0.4382908694
0.4740473218
0.7846456025
0.3689559629
1.5444566882
2.3627524666
0.0540755196
3.8159721771
4.2757019408
1.6574549501
0.3956757540
3.6697207070
1.0457188910
1.5496855851
1.0836370121
3.7650470803
2.2392806058
0.0785180002
3.0524794799
2.1023064041
1.2795180755
3.2252054316
3.8982265815
1.7810367665
2.6301639197
0.6996820904
2.8471023358
4.4349659019
4.6206391417
3.9927093320
3.3117801762
1.1691592835
0.4980061607
0.1098708897
0.2194580163
0.7365108184
3.4469720385
2.4994548079
4.5814766946
4.5231943727
1.4613707696
0.9916345001
0.6211954803
3.0598301853
2.8847517319
0.4136607614
0.1030870554
1.1803493158
0.3661748624
0.3860078344
4.8423145555
4.2037778744
1.2345734781
1.3676856337
0.5680282661
1.4697183243
1.9827943192
1.1362990817
1.2857225157
0.3126625061
2.7047840902
1.8908396473
1.4146919530
0.0776738466
1.9087670923
1.1475755127
0.0174577131
0.5535448548
3.0712542617
0.0364784741
0.0032650486
3.0050408354
0.4963604597
0.5048758477
0.5022995951
4.5687748934
0.4150106280
0.5456943702
0.2170663381
2.4774478759
2.0901881886
0.9506472724
2.0911754972
3.7576565390
0.3869584003
1.0352060122
1.8370445728
0.5273036837
0.9395219602
1.4952218025
2.0324544390
0.6821547429
1.4807400454
1.8106210082
2.2533679360
0.1967461536
0.4558565465
1.1798615537
0.3762872397
4.6423657381
1.7873311248
0.0998164058
0.3980017686
0.7918640210
2.1113885177
2.2706878062
2.6193399092
0.7852169782
0.9005628086
0.0695702910
1.4297877448
0.2909541570
0.7045352949
2.9184695525
0.7403595711
1.7068156420
1.5396766370
0.8038297230
3.1095746600
0.3293789454
0.2804580159
1.5881900743
2.5859636558
0.0374467056
0.9699164209
1.8030658151
1.3069825292
2.0406934410
0.8893543032
0.4155282246
1.6799295259
0.5597462011
4.8985897691
1.0727898661
4.0646887417
0.9353316496
1.4350511024
1.8848948422
0.3610300024
1.1512339211
0.3354880273
0.7031499066
2.9749392560
2.6222276620
4.0923463066
2.6252210309
1.3787965081
1.3028517928
0.8563512198
1.5575149829
1.0865804405
3.8276640428
1.6729473168
0.2282636989
0.8595210743
1.1818325310
0.4487088615
0.8837854476
1.6224649410
1.4153650965
1.8315502390
0.3635538823
3.7630786015
0.6040819515
3.8552908169
0.3893361683
4.3383688079
1.0923903453
0.5469524056
1.2746804254
0.2941023309
0.0012296573
2.9468054101
1.1711941638
0.0217134652
0.6760680551
1.4453868908
1.0888202390
1.2512158504
0.3700804171
2.9826993839
3.0462651539
1.1611851796
0.1579441407
1.3780916902
0.2513072758
0.2195835884
0.1844657219
1.4662686199
0.4393468878
0.1802728401
0.6064725184
0.1722047750
0.1162250137
0.5549102672
1.0560554601
0.6986157988
1.5180132876
1.9916627945
1.9668350769
0.6164010641
1.1819491918
1.2303636636
1.3611818140
0.4678773715
3.9390397034
1.0054996735
1.0133934740
1.4989941529
0.0620011789
0.6103481807
0.7308944088
0.2264017436
1.4469383367
0.0724049527
0.1548893060
0.5665491054
1.9081726773
1.0315629529
0.3238555178
0.1933329818
2.6408351350
1.2454896858
0.6023557987
3.1381747654
3.0929128875
2.7570158497
1.0543687559
2.0482050666
0.0868731412
0.2431070251
0.2095144382
1.8123242652
0.9190245784
0.1542526623
1.3142076354
1.2615652482
2.3700409492
0.8716488838
0.3809190000
1.5017129496
1.4546507561
1.8360666039
3.1244028805
0.6681809581
0.4940810590
0.5353636419
0.9371283833
4.0310703311
0.6448697038
0.7748188597
0.4831552662
0.5238780583
0.3374338815
0.0848531069
0.8310546609
0.0934152461
1.4130355723
2.7611778675
2.8461250161
0.1838219501
2.6978422883
0.8939825821
0.3393069146
0.0146778201
2.1642174354
0.2278744309
0.5424812493
0.0679755253
4.3043132823
3.2020739482
0.5170338153
3.0459039200
2.0667084411
2.8957346510
1.0501354915
2.0867554450
0.7842785784
0.2897060418
0.3414475294
0.1397862569
1.9972718696
0.9297894962
1.0477256846
0.8621702234
2.0394243925
1.2985129278
0.1296619676
2.9953839845
0.5616288070
2.6577647927
0.0984859210
1.5935380099
1.5155160373
0.4136597185
3.2083312510
0.0385693309
3.5091270071
2.0997262114
0.9823317311
0.0106734759
3.1194122349
2.6354295022
2.4122153729
3.2263440400
0.9165084360
0.5097083615
0.7773570604
2.8902199525
2.3718937235
1.2961711003
0.1850654273
1.9302638715
1.7475580524
0.1558749176
0.8552959586
2.1132682229
3.8379670104
2.3944746764
0.3997298236
0.8403899297
0.5481751906
0.6125788879
0.5367901628
0.1434720014
0.0451184958
0.7158215852
0.5213794953
0.2975471425
1.0628120169
1.1016749869
0.0480298376
0.6677816882
0.6030242842
0.2949762096
0.0926530201
0.5748808796
2.1623160739
4.9153455817
0.1969900444
1.2061859439
0.0024923054
0.0520379751
1.4238227589
0.2107689284
2.4748873996
0.8936192930
0.6740777951
3.4933689891
3.1710536907
0.1184201842
1.7361605340
2.4125602010
0.1170084295
1.1584096165
1.6850018593
4.3905940959
1.7023882791
4.8284674801
4.3494316929
2.8069825149
2.3191319063
0.8499037627
0.7222396405
0.5276002132
2.0845306839
1.4065679942
1.0424675833
0.7662812126
0.1566190073
0.7739203874
0.4968061034
0.2474307830
3.3540739650
1.5694834822
0.2504156373
2.0221621264
1.0717273727
0.8171570795
0.2663862879
0.2858673298
0.8161604557
2.1808304059
1.0019557787
1.7812217219
3.5570000090
1.6842800712
0.2571180996
1.8027916492
2.2240932437
1.0488429157
1.4681588232
2.2168603609
1.5468078222
0.9762339873
0.1475558786
0.4640574453
2.3477786159
1.1384957096
1.1265575273
0.4931508087
0.5423945846
1.0265448514
0.3226782539
0.8523052317
0.2607297895
0.3736429251
2.8750854262
1.8015674950
3.2669623789
1.2395558635
2.8621595563
0.3686769698
0.0218887679
0.3505571463
1.2138264317
0.4256952922
0.0666211616
0.1179113149
1.0366201776
0.5269870551
1.9209542524
1.1105322237
1.9056398490
3.0587866102
0.9640843174
1.2232705913
1.3315525422
0.0282408388
2.2739434552
0.1163053663
1.0903659021
1.3547170807
1.9402845778
3.6548243249
2.9212109807
4.8024503575
0.6907100281
0.9806446956
1.1640852903
1.4557964423
1.7557559266
1.3735867762
2.8987872984
1.0803505994
2.1639117784
2.3257692544
0.3389296028
0.2781521568
0.0166563393
0.2747666516
0.3505617501
0.5397918505
0.5221527322
1.4250998864
3.6906499321
0.7391036965
0.6173960210
0.0317757372
2.8269326573
4.5703481188
1.1746407209
1.0059242245
0.1511879149
1.3252327762
0.0683867001
0.6229418448
0.4558050062
0.7272407600
1.1803837185
1.0267992280
0.7903794668
0.7728361244
3.7019622999
3.3501730633
1.9197912325
4.0580882008
1.3826173740
0.8776777880
0.2545009068
0.1893056917
0.2517681754
4.3747985876
0.0209568449
0.1127450053
0.2373159967
0.8095793655
0.6453575070
0.5728459442
0.3023558664
0.7267022501
3.9815043296
1.6074181942
1.4396015251
1.0113403191
0.1905246933
0.1883065659
0.5585847405
0.6409625091
0.2544350541
1.1571703360
0.9867220537
1.0065553698
1.0443494728
2.0388965057
0.2448907960
1.0773105284
1.0295767298
2.1821094281
1.0494956558
1.8524783248
0.8721996850
0.1193424875
3.8451115861
0.5332118219
3.2259479305
0.7857170237
0.2919152668
1.7268257753
0.7555684902
0.4622296683
1.2510142177
1.7457323955
1.0835203201
1.3533917783
0.3607230762
1.6240066788
0.6347449629
3.9515193845
0.2178127941
1.1394685836
2.3146193073
1.5506703658
1.8436867877
0.2655190240
2.0648488587
2.6569820620
0.4246499820
1.6267857080
0.7980163912
0.4065707452
0.1280822355
0.9342269930
0.8755271203
0.3560519207
0.0732173654
0.3545994818
3.9609854535
0.2724130040
1.4242894463
0.7189087804
1.3675836166
0.5389173270
0.1397899143
1.6986213914
2.2246771809
3.6137423237
2.4991039898
3.8183555393
0.6251096416
1.9173209755
0.4212653950
1.4247854728
1.8483385248
0.1276562237
0.7591057576
0.0794195448
0.8513575887
2.1573259321
1.0636911727
0.6973013342
4.4861578565
0.1757934520
0.8045142114
0.2477987430
1.9683202924
1.1398009042
0.2717423710
0.8556682533
2.4097240326
1.3443120709
0.4572945048
1.2645249317
1.9525327456
0.2766559743
0.0792690671
0.7692404149
0.9748945993
0.2785250009
1.0647505858
0.1661867253
2.9112031307
0.4909788573
2.3770881946
2.3793741419
2.0407498193
1.7301685557
2.9982777407
2.1059870503
0.1441299363
2.1432045760
0.1398045543
0.5870661891
0.7978183216
2.4741175973
0.2182093536
1.1723860025
1.1926311904
0.3579296906
1.3145913299
2.2065400927
1.7772318821
2.3329952646
0.6129315436
3.5628455291
0.7782320731
0.1645801296
0.2846257063
0.2113864269
0.4385680661
1.3525424396
1.9127660835
0.7291002178
0.5056688274
2.1702336600
0.6368516380
0.4093231939
2.0280887978
4.2934967473
0.0053056055
0.6490159768
0.6201633977
1.8716654380
1.6507140406
0.4956957010
2.0793230426
0.9626767899
1.5891600456
1.2689451121
0.2305619852
1.2885461615
0.8126742511
0.0224258351
4.9002217882
3.0757752696
0.4759811634
4.1097744591
0.1808053454
0.0421828190
0.3666398504
1.0565038907
0.3456221795
2.1782731480
0.3554555656
1.4997667279
3.3715104615
1.5226512517
0.7230363624
0.7376445468
0.9265983718
2.1813842857
0.8067885402
1.2588657667
0.3424426568
4.8678409193
2.2047514904
0.3176154572
2.9094469345
0.2901018346
2.7209959716
4.4153139328
2.7068366529
0.2230863062
1.3945566385
1.5413950952
0.1291514885
0.4477044008
0.1267657491
2.0086104141
2.5286933663
0.5731229046
0.4891978917
2.0378727036
1.6760541866
0.8130548329
0.7995928351
0.3921437017
0.0396497212
0.2150432790
0.4179010727
2.0365342895
1.5135838899
1.0588830643
1.3821888730
1.0969798378
0.3273082916
3.5368331547
1.8466085931
0.4621513222
2.5743385224
2.2614671225
0.3188918816
4.6053685462
0.7074911547
3.5726224804
0.6579344912
0.6185582611
2.0531912627
0.4331298828
0.0257221920
0.1347049827
0.3062902027
0.5920571458
3.0825676997
0.9643637472
2.6193486508
2.4776794112
0.6475665435
1.4753737545
1.5769659645
0.2809763435
1.3001740520
0.1897863508
0.0972907416
3.7516615357
1.4159146282
4.3908511568
2.2565336277
1.8183221738
1.0930097763
0.4165893740
2.4303484028
0.4119462052
1.9128216338
0.0551478855
3.2168665622
1.0500223786
2.0885333615
1.0159873471
3.9456312830
1.3418388359
4.7663108673
2.3430218007
0.1193763324
1.1184954378
2.8384596962
0.6903659762
0.1399806706
0.3239490987
0.4315225385
0.1698750137
0.1511414857
0.9506042643
0.0825713999
3.6406314507
1.1314226853
0.0759573263
1.1700864395
0.3275656398
0.2598366015
0.5191784926
0.2175378688
0.6044576165
0.6701990784
2.9232629973
0.4555618592
1.3655410517
3.9471581146
1.5145396661
2.9295742319
1.5272187806
1.0672443986
3.7056084125
0.3131493994
0.6805367521
0.5610525536
0.2226751924
1.5294447944
1.9677418682
3.8011312165
0.2658667933
0.9983511132
1.2892569428
1.9015723319
0.5937172081
0.6826202579
1.0599799304
0.1636626625
0.1800493851
2.2999836455
1.4289961725
1.2801888523
0.3093409750
0.5820158760
0.4275973736
0.8563058176
0.1210013732
0.1095708974
2.2967694756
0.3457191658
1.5114586346
0.4788850556
0.7385163458
0.2893464152
1.7304836087
0.4756510830
0.5483040737
0.9982055505
0.0233483872
0.1485327504
0.2631495203
0.0447108741
2.0210892166
1.1373241154
2.2765933449
3.6157514187
1.3178796203
0.2992067142
2.3186443505
0.2234959808
0.8138763943
1.4709885023
1.5150913934
1.3291724960
0.7061627445
3.1311873147
1.6470739289
0.0057094035
0.0345676208
0.2859153516
2.2470143719
2.5740861486
1.5719509315
0.3709344702
2.3778245630
1.6090186261
0.4735593100
0.4487775926
2.7738829489
0.6347246794
0.1731945976
0.2582919461
1.4666399700
1.3312777514
2.7133914546
2.9193887060
0.7034583729
0.3761997310
1.6617255870
2.9733196302
1.3048949846
2.6108579098
0.3403727352
1.6239463010
1.1817748749
0.0163782737
2.5455972999
2.2776605206
0.7863023231
2.1194592426
3.8950442123
0.2251031629
1.0104876637
0.2170821462
0.7193240656
0.8701198460
3.3175337285
2.2994991085
0.0314272450
4.1449936765
0.4417922612
3.1956817088
2.4058429019
0.1620473754
0.7091710122
0.4054992700
0.9651228581
0.4830557950
0.0757943835
2.8141302174
0.0535455087
2.5176247505
2.5414422393
2.6724204227
0.3773423478
