sampled_theta1
2.3098324427
2.2541929128
2.3534949842
2.2543360284
2.2104962493
2.0709448091
1.9775552158
2.0401372996
2.1227505749
2.1671640047
2.1721444909
2.2148190898
2.0149830530
1.7900518282
1.6145712942
1.7083717466
1.8334703283
2.0196449302
1.9002203360
2.3008502345
2.6084561964
2.3944750338
2.3571887236
2.3009194566
1.9608356174
1.9707814208
1.7645714636
1.5060834361
1.6244888668
1.7350550680
2.8074180659
2.3784715937
2.9908799696
2.2100340488
1.9453587242
1.9705324055
2.2061751807
2.1602668588
2.2060248552
2.5136811794
2.6550475154
2.0041054733
2.1408188882
