mean_theta2
0.1287067618
0.1516522183
0.1635149791
0.1793682372
0.1852342412
0.1948658608
0.2049268029
0.2143435747
0.2255955741
0.2357018240
0.2480853776
0.2591819732
0.2704171460
0.2808136813
0.2881371034
0.2966493316
0.3053271544
0.3129995897
0.3215753611
0.3320328328
0.3415394287
0.3517414710
0.3623577308
0.3716883648
0.3829699536
0.3928956950
0.4025678306
0.4122246907
0.4218499058
0.4323973145
0.4437786702
0.4565496782
0.4719239735
0.4885992422
0.5074235264
0.5305610947
0.5516874083
0.5719332765
0.5924880171
0.6128923422
0.6343277644
0.6553031837
0.6751171776
0.6933069006
0.7072752326
0.7182559897
0.7286866182
0.7407962111
0.7538178786
0.7661101591
0.7803472198
0.7927835457
0.8048139409
0.8171150817
0.8281661637
0.8379162332
0.8458721786
0.8541684867
0.8609915146
0.8665847990
0.8708337065
0.8762841669
0.8804067178
0.8863791804
0.8931752376
0.9010175186
0.9104989527
0.9205539294
0.9313627024
0.9421404720
0.9524467798
0.9622202688
0.9738849440
0.9872393044
1.0018072589
1.0158834982
1.0281867409
1.0396166966
1.0523328484
1.0676887932
1.0808122145
1.0945911750
1.1129767688
1.1315565252
1.1504198281
1.1700742205
1.1871957689
1.2050839811
1.2201775216
1.2341914612
1.2475661878
1.2636127748
1.2809790302
1.2977270443
1.3155969752
1.3322623190
1.3516988342
1.3734682105
1.3978877875
1.4253240221
1.4521982022
1.4779405193
1.5026340307
1.5278577318
1.5551985768
1.5831142895
1.6132908700
1.6410466350
1.6715488000
1.7068317812
1.7429582013
1.7772960002
1.8082543803
1.8367152327
1.8694213870
1.9008152559
1.9318560379
1.9600644561
1.9902795340
2.0237657171
2.0568608516
2.0968354342
2.1361773034
2.1722482056
2.2093471125
2.2411176522
2.2743526039
2.3067574060
2.3433883270
2.3869762611
2.4353764328
2.4900084461
2.5462696089
2.6018826179
2.6528944417
2.7038423410
2.7556920573
2.8110299246
2.8671816124
2.9178813266
2.9701038854
3.0256480446
3.0831472732
3.1450882214
3.2046722353
3.2656064005
3.3259931339
3.3836920766
3.4426698255
3.5067131527
3.5837378820
3.6524168237
3.7244031915
3.7927124425
3.8608500504
3.9288891237
3.9915806849
4.0473893740
4.1034870386
4.1578518017
4.2164919052
4.2757020453
4.3298852860
4.3833914927
4.4354709067
4.4801162028
4.5175515267
4.5559049305
4.5952548532
4.6314799015
4.6676871975
4.6999755319
4.7326011087
4.7673708802
4.8080032303
4.8480671443
4.8897376530
4.9297165691
4.9707802823
5.0142817903
5.0523956939
5.0967282197
5.1386740193
5.1808650247
5.2166949845
5.2512519268
5.2833570668
5.3162097368
5.3490663848
5.3779777181
5.4103327485
5.4391779609
5.4630751066
5.4875230757
5.5166875039
5.5433853257
5.5705654055
5.5971345644
5.6281030290
5.6597093555
5.6911606552
5.7244298533
5.7552561926
5.7877806863
5.8194452834
5.8442656879
5.8657483639
5.8779209229
5.8878757171
5.8972495755
5.9073122021
5.9188034741
5.9320039250
5.9444862372
5.9610588144
5.9743368723
5.9871779159
6.0018957968
6.0232674928
6.0432519592
6.0591515747
6.0732333435
6.0881012559
6.1066597852
6.1296523322
6.1489128251
6.1672328376
6.1842979281
6.1999668939
6.2152898601
6.2284963883
6.2413364147
6.2505804163
6.2573863753
6.2647346110
6.2715966703
6.2795635165
6.2853665263
6.2869405710
6.2903060460
6.3019054301
6.3167075077
6.3343273273
6.3548407767
6.3771723942
6.4020862437
6.4282999675
6.4547293256
6.4752668961
6.4971288652
6.5129128649
6.5307698773
6.5496235605
6.5699037304
6.5905639396
6.6151751772
6.6363372368
6.6569559901
6.6729160201
6.6881928682
6.7042663043
6.7210726473
6.7379996834
6.7558209719
6.7722819561
6.7876569315
6.8030649069
6.8171536912
6.8295898592
6.8374190045
6.8473203062
6.8595436822
6.8728659881
6.8877345252
6.9014513238
6.9137982512
6.9249967498
6.9354027873
6.9440176435
6.9561090929
6.9688587163
6.9801102152
6.9964926556
7.0150655596
7.0350172965
7.0548886958
7.0726822880
7.0893460285
7.1031721613
7.1181461210
7.1307008208
7.1452198905
7.1589498155
7.1735786430
7.1872665531
7.1998733778
7.2113989377
7.2233340439
7.2355749768
7.2514256238
7.2674853865
7.2827849768
7.2996680353
7.3162653388
7.3351515373
7.3542615077
7.3744877040
7.3953081777
7.4150534865
7.4356045886
7.4641547347
7.4930041716
7.5227948632
7.5474555182
7.5732268301
7.6018006857
7.6293609272
7.6558140721
7.6806058843
7.7034052260
7.7247003974
7.7457277849
7.7666013761
7.7835706408
7.8024214603
7.8207340818
7.8362287652
7.8512494111
7.8682529250
7.8840349089
7.8993501457
7.9130342117
7.9282964046
7.9436255919
7.9599552858
7.9790616180
8.0007075844
8.0207887292
8.0414827488
8.0638488250
8.0858693264
8.1088622975
8.1285036337
8.1453697999
8.1601331741
8.1751487260
8.1911827507
8.2050777538
8.2208567788
8.2372198992
8.2536545577
8.2698208219
8.2851296685
8.3009541044
8.3167193148
8.3321983564
8.3491138176
8.3676196167
8.3856735741
8.4073799097
8.4259714931
8.4462758770
8.4667289587
8.4859090927
8.5066615720
8.5247160618
8.5429503874
8.5595878099
8.5811465736
8.6053267579
8.6239160278
8.6394889990
8.6539474756
8.6675304472
8.6807907091
8.6939872595
8.7064056111
8.7182286879
8.7259473379
8.7344169141
8.7454458531
8.7569933755
8.7705689323
8.7845598916
8.7979614242
8.8086128704
8.8173505146
8.8277824976
8.8388409452
8.8505623906
8.8610770194
8.8678037135
8.8749548680
8.8865062312
8.8990818874
8.9117208402
8.9226972567
8.9353677328
8.9474826165
8.9582326002
8.9674990313
8.9780328207
8.9901903140
9.0046562394
9.0165626642
9.0260349147
9.0368684635
9.0459706570
9.0544089679
9.0666507308
9.0802554172
9.0962028326
9.1133402782
9.1284064344
9.1482791573
9.1712231891
9.1913535235
9.2109576007
9.2340888808
9.2575048419
9.2783515101
9.2980482547
9.3180327206
9.3357116112
9.3521597003
9.3685942662
9.3879867582
9.4071748705
9.4259247643
9.4431300389
9.4623805304
9.4802310939
9.4970259350
9.5135601499
9.5285404515
9.5417663646
9.5549715111
9.5669341287
9.5767516560
9.5920330757
9.6101387908
9.6335195785
9.6536156639
9.6771779310
9.6989888909
9.7168102570
9.7371292208
9.7547907705
9.7730461955
9.7912741427
9.8098954320
9.8269147075
9.8426212315
9.8523541995
9.8623430383
9.8691719333
9.8768666768
9.8848631007
9.8908316291
9.8972079007
9.9039683222
9.9085844638
9.9145510083
9.9224477689
9.9265452799
9.9301886855
9.9328669650
9.9330306466
9.9335062570
9.9351912639
9.9354894658
9.9346216571
9.9353104052
9.9360504158
9.9378828854
9.9405085476
9.9413191117
9.9390513979
9.9380915903
9.9399055042
9.9433189400
9.9437947834
9.9441207783
9.9451138859
9.9447231335
9.9471619410
9.9507284142
9.9534561757
9.9570737030
9.9614678581
9.9664525249
9.9712945641
9.9779486146
9.9810909586
9.9853191844
9.9908419129
9.9976214405
10.0060027908
10.0122191796
10.0194313920
10.0261438216
10.0295296614
10.0331243416
10.0385609366
10.0448766956
10.0495554312
10.0530540767
10.0587456019
10.0662073106
10.0752042451
10.0832507200
10.0908584689
10.0961592266
10.1026984227
10.1099656325
10.1167300877
10.1217515392
10.1282520476
10.1350957710
10.1413334660
10.1454868072
10.1505012411
10.1552355607
10.1601184489
10.1639158293
10.1653853158
10.1651636634
10.1655081134
10.1667453780
10.1669893773
10.1657650444
10.1640794519
10.1629112565
10.1612648831
10.1595561497
10.1580166742
10.1560859574
10.1543432212
10.1552348499
10.1550709164
10.1547285618
10.1534664987
10.1542416963
10.1552295089
10.1558093974
10.1556532251
10.1549400554
10.1549895667
10.1540493742
10.1520369366
10.1490897252
10.1463045153
10.1440810324
10.1431769978
10.1423975332
10.1426301521
10.1411989079
10.1420338178
10.1407332587
10.1397354998
10.1386178381
10.1370615259
10.1349363659
10.1338275484
10.1352788589
10.1379372800
10.1399561632
10.1432478599
10.1460127760
10.1484599883
10.1525323072
10.1562686504
10.1605048392
10.1644682092
10.1705587290
10.1778947690
10.1842103721
10.1896390104
10.2001859372
10.2096967187
10.2191369309
10.2267490859
10.2332219542
10.2399462454
10.2456571841
10.2521141783
10.2558371546
10.2598830725
10.2652429644
10.2715226116
10.2765709874
10.2823643944
10.2857198086
10.2883337799
10.2897101885
10.2892628262
10.2883397003
10.2881694440
10.2880129000
10.2889746007
10.2886954661
10.2888744907
10.2886510012
10.2893751452
10.2890359245
10.2891770630
10.2915235976
10.2936956160
10.2953085775
10.2966227733
10.2964001599
10.2994462164
10.3029186238
10.3070903068
10.3097602024
10.3119477055
10.3117854310
10.3098852167
10.3081413619
10.3057480113
10.3049407367
10.3037544461
10.3027310439
10.3001784998
10.2969198794
10.2948068203
10.2935199144
10.2908033698
10.2889964547
10.2862698061
10.2842839178
10.2818044039
10.2802176068
10.2789385651
10.2775686275
10.2774775760
10.2788241680
10.2814620871
10.2834146235
10.2861121570
10.2881348906
10.2891912078
10.2952148532
10.3040989595
10.3152180740
10.3269163872
10.3379241740
10.3495080238
10.3607887179
10.3717384961
10.3841745434
10.3970667851
10.4101214489
10.4213604386
10.4331921607
10.4451754119
10.4571188859
10.4670771495
10.4767996066
10.4852641579
10.4934513899
10.5000475970
10.5086432008
10.5149348948
10.5212144228
10.5272124201
10.5331179215
10.5381263799
10.5437281760
10.5496176483
10.5555996893
10.5602082645
10.5644619636
10.5683846200
10.5729275074
10.5774699360
10.5809932023
10.5851228545
10.5872557382
10.5899480375
10.5934906658
10.5970804239
10.6006023936
10.6035897462
10.6061263653
10.6086479654
10.6097307814
10.6124055567
10.6164146978
10.6199802330
10.6237657178
10.6257383148
10.6270403534
10.6280750635
10.6275855120
10.6281002645
10.6282497007
10.6290349191
10.6273051565
10.6278627561
10.6280259232
10.6292356957
10.6310482114
10.6326951481
10.6347425367
10.6358622258
10.6371833090
10.6376599470
10.6387707786
10.6412812655
10.6432663747
10.6464493030
