theta1
0.1230942007
0.1740329057
0.1976773760
0.2297393249
0.2683231245
0.2545362766
0.2856637561
0.2736180805
0.2884155917
0.3220821086
0.3483809475
0.3632100999
0.3481819436
0.3753115890
0.4273472429
0.4412917886
0.4504404072
0.5072202136
0.5342419270
0.5702647303
0.5951910792
0.5765794774
0.5849901045
0.6030884311
0.4906542836
0.5764140443
0.5778031168
0.5908172268
0.5890132129
0.6872923175
0.6730781334
0.6468167049
0.8314396887
0.7945720849
0.8602497265
0.8167908319
0.8054140734
0.7946659210
0.8747213275
0.8591146297
0.9730293489
1.0242036719
0.9691771797
0.8988923180
0.9780877509
0.9909319771
1.0169613763
0.9996287932
0.9240546019
0.9123096071
0.9115528464
0.8717629729
0.8612612947
0.9335535017
0.9492149654
0.8719059685
0.9726442204
0.9978219240
1.0029869648
0.8955437468
0.9848350611
1.0430197705
0.9586524193
0.8757042163
0.9591494184
1.0689334259
1.1361512882
1.1050840648
0.9526141876
0.8303060080
0.8983608726
0.8928779582
0.9298637455
0.9807836181
1.0291534934
1.0905828675
1.0002232105
0.9549787813
0.9855797303
1.0293565914
1.0257846337
0.9211153049
0.9498342982
0.9442583505
0.9105795926
0.9633433301
1.0772381915
1.0712856225
0.9699541357
1.0422635915
1.0534026426
1.0747799207
1.1378114211
1.1087540701
1.1206405379
1.0873787670
1.0602706103
1.1276774021
1.3408487689
1.4099607823
1.3362382891
1.0977019507
1.1483396125
1.2244969411
1.2185326319
1.2768340050
1.3550757866
1.4009981179
1.3015742359
1.3656208160
1.3629276981
1.2952974565
1.3661046115
1.4173636476
1.3478706949
1.3967196227
1.4039641532
1.3583957288
1.2760875355
1.3333980969
1.3806563927
1.5284204611
1.4639749622
1.5154883168
1.4577941124
1.6265622159
1.7888994438
1.7594752661
1.7336978737
1.6236889400
1.8668467444
1.9048141826
2.0073941321
1.9355971222
1.9435981307
1.9607779286
1.9177446097
1.9105601057
1.9223531942
2.2718930800
2.1180264509
2.1038586565
1.9427210682
2.0112264337
2.1409129906
2.0063212217
2.0019808274
2.0912303956
2.1447630404
2.2472391664
2.1011725724
2.0644834931
2.0869528352
2.0167022941
1.8225804270
1.8522814130
1.8339899641
1.8848987796
2.0682173970
2.1638607721
2.1798163863
2.0526166352
2.2838162467
2.4893022913
2.5664444824
2.4390196535
2.5216637590
2.4551888235
2.2993205963
2.2716497229
2.2546679395
2.2773986871
1.9997338402
2.0125815948
1.8286388649
1.7979629433
1.7914008469
1.7895912026
1.9190039609
1.8363144262
1.6928797410
1.8310146465
2.1105678437
2.1826211024
2.3135512594
2.2815608140
2.2493491960
2.4212973581
2.3627908892
2.2720154682
2.3271442677
2.2354184702
2.2701527052
2.0793269908
2.0014633000
1.9229338985
1.9869637280
2.0671237555
2.1258549819
1.9917514341
1.8127090438
1.8732501440
1.8818184002
1.9238506253
2.0148188711
1.8147594262
1.9137857329
1.7200549788
1.6784174371
1.8493797823
1.8479374428
1.8512073386
1.7978917299
1.7984559512
1.8882011626
1.8862768895
1.8643750291
1.8471990955
1.9689440187
2.0517603306
2.2652858769
2.2767834222
2.6389808549
2.7446974666
2.8170072793
2.7843135613
2.7579448366
2.8574872859
2.5821358888
2.5030034564
2.2565311968
1.9936953600
1.9863208333
1.8690192712
1.9223997248
1.9761532366
1.8298692491
1.9025488686
1.9396393426
2.1037579204
2.2213163353
2.2626913540
2.1680304958
2.0936772012
2.1337730942
2.2662322583
2.2979690657
2.1982268152
2.4392141261
2.4912069458
2.3016402552
2.1890002921
2.1079974615
2.2317789459
2.2953606851
2.3743799118
2.4132099507
2.1366543951
2.1248422992
2.1637401313
1.9591413949
1.8956772875
2.0164618405
2.0373391569
2.1261031875
2.2157368682
2.2798219453
2.4407022245
2.2443295943
2.2137131728
2.1487584491
2.2216375997
2.4398129934
2.4126428648
2.1884880359
2.2551232590
2.2532042765
2.2263079078
2.2631159425
2.1202627723
2.2420919989
2.2685804100
2.2921627058
2.1438385569
2.0701325641
2.0969501216
2.4119255407
2.2013986037
2.1086967180
2.2950543004
2.2602574131
2.2345251808
2.2555905072
2.3698164605
2.1852360909
2.1928095534
2.2931593900
2.0232589107
1.9203855463
1.8030229853
1.6722282965
1.6120669464
1.5870350296
1.7628890787
1.7334648557
1.7557332646
1.6947345894
1.8352860205
1.7723082449
1.6830474369
1.7710554372
1.9728298155
2.2482362383
2.3503376162
2.4033019405
2.2951659388
2.3013351815
2.3070796071
2.2850905707
2.1473253195
2.1901183651
2.1088125883
1.9396212839
1.8819040579
1.9836306887
1.8859809367
1.9076428601
1.9077854985
1.8819175712
2.0869136842
2.1939247047
1.9494282446
1.8953719474
1.9046910870
1.9249877107
1.9576685959
1.9483896187
2.0656292628
2.1720700700
2.1872127244
1.9925895669
1.7879250220
1.8492688585
1.8757963070
2.1116756275
2.2419506196
2.1522048968
2.4189688007
2.4707865754
2.5494517223
2.3930623240
2.3386840516
2.4133351119
2.2647959255
2.0659272833
2.3767299321
2.2474710995
2.2315780617
2.0697860133
2.0650180576
2.1862681262
2.2418494269
2.1139691797
2.1545306625
2.0198587362
2.0054470973
1.9476007631
1.9083889377
2.1213746095
2.2576209290
2.2707059339
2.3538420645
2.4890280006
2.2094437117
2.2241180187
2.2516238167
2.3849418180
2.3098142796
2.4316316330
2.3959780683
2.3374247453
2.1981055910
2.1395881959
2.3680111855
2.4576607670
2.7330055348
2.7088802092
2.2362559262
2.1042743891
2.2281803835
2.1813003500
2.3163937300
2.3047841956
2.3256738837
2.1278071571
2.0438261950
2.0622462492
2.1285466780
2.1077751867
2.0791772216
1.8532171123
1.9848557440
2.2490182737
2.5175150731
2.5966795824
2.7247211017
2.7187831684
2.6903774433
2.7433644731
2.7518648703
2.5572841660
2.3396631435
2.2738863155
2.2821806136
2.3311124760
2.3882867466
2.5572213164
2.5200396684
2.7288155160
2.2977733186
2.2936846467
2.2676196019
2.1567679351
2.2512128683
2.1818996761
2.3789897488
2.1682579069
2.2064978596
2.2170365276
2.3426939649
2.4957919520
2.2664655856
2.4192282944
2.3681248494
2.7182202212
2.7937037778
2.7897387279
2.7252213490
2.5456350620
2.4654389996
2.5404880103
2.2516851281
2.5940314111
2.2581546160
2.2403272366
2.2910340214
2.2108351753
2.1969174556
1.9629460401
1.9750264801
2.3192820525
2.2333500482
2.1059697555
2.0705775003
2.1865949781
1.9886180407
1.6720032459
1.8128843317
1.8434072447
1.9869856883
2.0930649848
2.1606618829
2.2670463849
2.6890955575
2.7728047597
2.7375930751
2.5364410871
2.5377842166
2.3807487572
2.4381143284
2.3107399147
2.4005047356
2.3600564031
2.3286254865
2.4218368257
2.2185789850
2.1948990479
2.2276119578
2.2750145187
2.1735526637
1.8737799889
1.9898849471
1.9077125508
1.8578552773
2.1104278860
2.1990884263
2.3481196385
2.4721681086
2.2566633527
2.0627945689
2.0648319841
2.1168628619
2.1269057565
2.3083366819
2.2695737535
2.5389091923
2.4304958871
2.1837563068
2.2984538018
2.3098324427
2.3463091992
2.4327991058
2.4066623342
2.3498766197
2.2541929128
2.1150335220
1.9920962929
2.2116464624
2.2750753192
2.3534949842
2.2964238887
2.3347324635
2.5102709969
2.1888122322
2.2543360284
2.3771278332
2.2953825850
2.2714041310
2.1817591938
2.2104962493
2.1496487513
2.2167688382
2.1930017939
2.3309860655
2.0709448091
2.1263505217
2.0281346905
2.0558711268
1.9916981945
1.9775552158
1.9094609061
1.8108091666
1.9895056519
2.0159017352
2.0401372996
1.9861220346
2.0066396711
1.9962552882
2.0964804809
2.1227505749
2.0778910596
2.0216004284
1.8710726064
1.9736114613
2.1671640047
2.0841706822
2.0651490113
2.2013079210
2.2337997429
2.1721444909
2.1791761271
2.2912917992
2.1771629827
2.2414665207
2.2148190898
2.3328637428
2.1178677131
2.0867788527
2.0277008085
2.0149830530
1.9288481849
2.0431656511
1.9660217208
1.8050811120
1.7900518282
1.7466202168
1.6365340577
1.7345068818
1.6905009559
1.6145712942
1.7357977130
1.7400075418
1.7284932991
1.7222931920
1.7083717466
1.7104193997
1.8146942282
1.6930548168
1.7679026070
1.8334703283
1.9042659023
1.9512939054
1.8352169303
1.8463020715
2.0196449302
1.8241246405
1.6991861031
1.7322679797
1.8745940067
1.9002203360
2.0121450756
2.2315473961
2.2721114966
2.1699374972
2.3008502345
2.3496686528
2.1831044401
2.5718945933
2.6464438955
2.6084561964
2.5885437228
2.4693225732
2.4882371917
2.5596312074
2.3944750338
2.4529409272
2.3709508857
2.3686327089
2.3230112220
2.3571887236
2.3534526871
2.4478640160
2.4957757753
2.4991955210
2.3009194566
2.3143443927
2.0568025457
2.0956336345
2.1264478611
1.9608356174
1.9612865289
1.9002165940
1.8528483997
1.9018258823
1.9707814208
2.0593319641
2.1923169690
2.0953722823
1.9992410424
1.7645714636
1.6895824914
1.7139171627
1.4960046321
1.4812910940
1.5060834361
1.6403386568
1.5953822764
1.5913338000
1.6112113316
1.6244888668
1.6113101562
1.4791536959
1.6820124101
1.7036161548
1.7350550680
1.8720250183
1.9485837470
2.2500920380
2.5969603631
2.8074180659
2.6642804248
2.6708109548
2.7108261279
2.4333365825
2.3784715937
2.5113206944
2.4760367095
2.6298239392
2.9119654863
2.9908799696
2.7750686424
2.7631472678
2.4698561101
2.4600578465
2.2100340488
2.1685692705
2.1044121944
2.0655026951
1.9843250157
1.9453587242
2.0012408296
2.1036635675
2.2515619428
2.1200505311
1.9705324055
2.1563423606
2.0596949810
2.0929769127
2.1728709159
2.2061751807
2.3139093534
2.3133473531
2.2183772734
2.2226396793
2.1602668588
2.2608885404
1.9908117756
2.0669950216
2.1716240118
2.2060248552
2.2405698768
2.2636613208
2.2997156140
2.4396935168
2.5136811794
2.6274641235
2.5065899131
2.5056413929
2.5842277223
2.6550475154
2.5252928465
2.3754169172
2.2958710594
2.0789676742
2.0041054733
2.1471123536
2.1599295174
2.0556599796
2.1040043170
2.1408188882
2.0001969408
2.2590666243
