sampled_theta2
13.6183253933
13.2280192128
14.6546439332
13.8453114766
13.3786971620
12.1537431658
10.2960650248
9.2470925309
10.0667107670
10.4712687246
9.0472086621
9.7105741340
9.5819882832
10.9538179545
11.5409237658
13.6665171223
15.7164392509
13.5808454044
13.9702348468
11.1072969194
10.8650333219
10.0841465882
11.0969680125
11.9490760815
8.8242640414
8.2635407412
8.5712078372
9.4090281538
12.0098361129
17.4759278308
17.4781445254
18.1711384237
16.0634034725
14.6908210306
14.4896746250
13.6348336007
12.4180192249
12.3411738316
13.0766340105
10.2878367340
11.0176248965
12.0761040685
12.4212164881
