theta2
0.1287067618
0.1745976748
0.1872405008
0.2269280112
0.2086982576
0.2430239589
0.2652924554
0.2802609768
0.3156115694
0.3266580737
0.3719209132
0.3812445242
0.4052392206
0.4159686394
0.3906650131
0.4243327550
0.4441723184
0.4434309900
0.4759392462
0.5307247953
0.5316713476
0.5659843575
0.5959154466
0.5862929477
0.6537280842
0.6410392307
0.6540433572
0.6729599134
0.6913559286
0.7382721642
0.7852193413
0.8524509264
0.9639014253
1.0388831096
1.1474491892
1.3403759830
1.3122346996
1.3210304008
1.3735681593
1.4086610215
1.4917446527
1.5152953742
1.5073049207
1.4754649889
1.3218818400
1.2123900588
1.2084955289
1.3099470791
1.3788579196
1.3684319012
1.4922002574
1.4270361643
1.4303944912
1.4690755446
1.4249245917
1.3741700536
1.2914051253
1.3270580466
1.2567271312
1.1965885827
1.1257681541
1.2087622521
1.1360048713
1.2626443274
1.3281228948
1.4107657831
1.5362736061
1.5942373684
1.6663592682
1.6858065700
1.6738883315
1.6561379874
1.8137415583
1.9621076120
2.0798358885
2.0716014460
1.9632331888
1.9197232838
2.0441926881
2.2808084337
2.1306859157
2.2106869781
2.6205954624
2.6736763051
2.7349372694
2.8406975796
2.6596489275
2.7613584457
2.5484090860
2.4814320870
2.4512915778
2.7238521895
2.8786745268
2.8552923599
2.9953704788
2.9154699802
3.2176042916
3.4850977166
3.7910063302
4.1415112455
4.1396162096
4.0779145512
4.0213721899
4.1258989458
4.3986464560
4.5142641239
4.8120084031
4.6109134915
4.9657826218
5.5526767330
5.7168644120
5.5887916733
5.2755929519
5.0527915612
5.5979229726
5.5111101754
5.5325867541
5.2604493821
5.5556587336
6.0086215054
6.0282769828
6.9337599321
6.9358853516
6.6089691754
6.8096115587
6.2124351171
6.4619565238
6.4221672703
7.0321462174
8.0098197580
8.7273987567
9.6468021821
9.9727430958
9.9984128208
9.4884788367
9.5818087419
9.8072534736
10.3923177470
10.6161145318
9.9651415984
10.2812621187
10.8573744850
11.2480377300
12.0026438239
11.7847702260
12.1010603569
12.1424562109
11.8654366627
12.1713766617
13.0491688940
15.1374472771
14.0229370333
14.6663310878
14.2440278423
14.3540416687
14.4749454922
13.7714642277
12.8093535624
12.9669180530
12.8018491254
13.5989084706
13.8085346051
13.1075702824
13.1049031838
12.9764947884
11.8465900743
10.7318152901
10.9609233593
11.2060418675
10.7535130620
10.8229275139
10.2212807291
10.3442003147
10.7825413507
11.8780321346
11.8592520955
12.2237471867
12.0059847301
12.2801212287
12.8010517201
11.9128983349
13.1209153925
12.7728095462
12.9018190153
11.8094075934
11.6442862556
11.2549130921
11.4596590299
11.5261162104
10.8422197124
11.5577885294
10.9486135280
10.0513270837
10.2059811132
11.1745865773
10.7494605711
10.8978610361
10.8312588748
11.7598590150
11.9493683413
11.9814205964
12.4115386562
11.9821767349
12.3902529179
12.2790230799
10.9324486048
10.2911796333
8.3976406288
7.9584729084
7.8563859897
8.0204637744
8.3434618823
8.7304994995
8.6032187540
9.5075903363
8.8291193193
8.7608433320
9.1956759419
10.6822972223
10.4198501136
9.5570669695
9.1853042548
9.3887778135
10.2452118134
11.2799828623
10.4825237278
10.3075556638
10.0580734715
9.7724911029
9.7242491162
9.2659978600
9.2073825244
8.3951887792
7.8431748358
7.9842217514
7.8841806098
8.1597392252
7.6606798455
6.6615632002
7.0946545712
9.0857576104
9.8840082314
10.5983236654
11.3396089687
11.8260870584
12.5059793835
12.8768760308
12.9827807718
11.5685843822
11.9407591530
10.4589128026
11.0128800014
11.3007517149
11.7007867040
11.8382570836
12.8910407764
12.0538244759
11.9559755918
10.7906037691
10.6448965199
10.8833597001
11.1075281675
11.1728831352
11.4428198524
11.1179817718
10.8620254265
10.9015863509
10.5788590969
10.1624828870
8.9434591040
9.5206717580
10.1720785893
10.4965331722
10.9468451675
10.6598541461
10.3092032795
10.0157823709
9.8178751547
9.3389476916
10.3296234734
10.5387532560
10.1417814110
11.6163408568
12.2711973773
12.7013105741
12.7182374950
12.1616496665
11.8718395578
11.0850983942
11.4456204776
10.7715637727
11.3702691561
11.1680879112
11.4598251266
11.2115120972
10.9188866792
10.6229646533
10.7680605932
10.8833729835
11.9907690718
12.0854142012
11.8879616509
12.3983517151
12.3452482990
13.0765558789
13.1828024766
13.5637037718
13.7871936129
13.4966085867
13.7858951298
16.3147000466
16.4651790469
16.8174906149
15.2662405390
15.6654187804
16.6025651881
16.3383972611
16.0414609801
15.5644021915
14.9763952295
14.5391552289
14.4955191766
14.4878977412
13.2646431471
13.9100869817
13.7723360484
12.8874955627
12.7630006229
13.4454054904
13.0763076006
12.9533782803
12.4424600660
12.9953444352
13.0482449730
13.4140730372
14.3796829136
15.2737523052
14.7881345352
15.0360613471
15.6459486681
15.5728397905
15.9494654677
14.8458406206
13.9304648037
13.2387338970
13.3555141198
13.7389553064
13.0266438213
13.7119574746
13.9479489365
14.0057850139
13.9441795681
13.6738436775
13.8869799530
13.8976038084
13.8272581322
14.3710179942
14.9741898913
14.8489903299
16.1999543719
15.1189415206
15.7761584781
15.8707445274
15.4482977440
16.0605640267
15.1146048426
15.2167135538
14.6655218606
16.5147716405
17.5278147360
15.5019459101
14.4170613071
14.0325007832
13.7339788572
13.6401286408
13.6426936852
13.3757057816
13.1755286690
11.6435970311
11.9443862958
12.9364426764
13.1565993826
13.9564316448
14.1430973102
13.9441499435
12.9094196595
12.1900811618
12.8649599169
13.1295186120
13.4102046517
12.9617822482
11.4979411250
11.6782074382
13.4261919585
13.8538904321
13.9041071715
13.2693582255
13.9655467388
13.7692063089
13.2474760991
12.6740714796
13.2020823884
13.8775025825
14.8344242119
13.8267582598
12.8622963590
13.4352892876
12.7505634192
12.4972398139
14.0735317372
14.6581768658
15.6505905663
16.1739678375
15.3507289537
17.3755864369
18.6929964104
17.5655726001
17.3858578010
18.9029639665
19.0687925350
18.0339521631
17.5903777235
17.7514773558
16.8138823041
16.3261495039
16.3532847815
17.6491883344
17.6004988050
17.4508793325
16.8241928239
17.7400919082
17.1738239434
16.7523972876
16.6728751876
16.0299913589
15.2950385661
15.3124153924
14.7945980097
13.8768286394
16.3005763022
17.5766534369
19.9444469581
18.5360853992
20.1152622522
19.3830551163
17.6473181694
18.7993870540
17.6495035114
17.9514765803
17.9756224170
18.1894756205
17.5026079728
16.9419700610
14.2613887357
14.3972758471
12.9763191665
13.3856697055
13.5392288307
12.6244176234
12.8239165538
13.0137622131
12.0366257361
12.6710945626
13.5786479277
11.8277904012
11.6243722904
11.1809451870
10.0094699797
10.1560919149
10.7254595024
10.0756443715
9.5258837438
10.2603994890
10.2860754562
10.8064734826
11.1876980863
10.3271476176
8.8573518966
9.4793035788
10.8087702638
11.5817681025
10.1726754796
10.1012503073
10.4247848610
9.7555989644
11.1299835680
11.6840343920
11.2818760702
11.7224269946
12.1102096918
12.4089392713
12.3487358092
13.2517414441
11.5302665668
12.0740627117
12.7245925561
13.3602671105
14.1715338802
13.1079808150
13.6183253933
13.3823585943
11.7258354040
11.8376538130
12.7731682323
13.2280192128
12.4123169442
11.8233687011
12.9443488432
13.8567553337
14.6546439332
14.1869528781
13.9784181963
12.8101471668
13.4573060051
13.8453114766
13.6004244971
12.7128205465
13.4890148558
13.6801445074
13.3786971620
12.3052242255
12.7630213061
12.6265504113
12.7138689441
12.1537431658
10.9368657678
10.0485744897
10.3470332635
10.8200210583
10.2960650248
9.5168686225
9.2690298202
9.5414313184
9.2837478396
9.2470925309
9.3343972544
9.1212217914
9.2184938642
10.6349310974
10.0667107670
9.9698570301
9.4706904139
10.5743987535
10.6916117897
10.4712687246
10.0705392957
9.7655493945
10.1820722591
9.6388239241
9.0472086621
8.5281234780
8.6116538427
8.9167184839
9.6432458728
9.7105741340
10.2717336367
9.3454271516
10.6070786299
9.4150212571
9.5819882832
9.5127273064
9.2639703452
8.9405964628
9.5095633056
10.9538179545
11.6399452286
11.2826440444
12.0096398734
11.7164851499
11.5409237658
12.4737540831
12.2897206355
12.5836048197
12.4354791975
13.6665171223
14.3961177563
13.8219977501
13.3219633317
16.2963095858
15.7164392509
15.6944599707
14.6494111553
14.0004313062
14.1602080051
13.5808454044
14.0294557855
12.4375012411
12.6348369164
13.4168593768
13.9702348468
13.2551126642
13.7062679513
12.2721250352
11.8384187384
11.1072969194
10.0230822485
9.7381566379
10.1865264159
10.1943996250
10.8650333219
10.1212146955
10.3964682628
10.1541103301
10.7260340023
10.0841465882
10.3745658395
11.7135235928
11.6121108084
11.2759891656
11.0969680125
10.1606059415
12.1605867825
12.4280319081
12.8643320272
11.9490760815
11.6572620988
10.2118243502
9.1374529936
9.2304390846
8.8242640414
9.8044304520
9.5670680006
9.6661748590
8.7099435523
8.2635407412
8.9741448392
9.4879168582
8.5875299035
9.1542537617
8.5712078372
9.0331742800
8.7172311436
9.2773618480
9.4693051896
9.4090281538
10.2196598835
11.1352566487
11.9618165534
11.5291328483
12.0098361129
11.5826843736
10.9662905560
14.1623951681
16.0165793192
17.4759278308
17.8723283922
17.4489544080
17.8442588774
17.6706784819
17.4781445254
18.4676053172
18.7899161436
18.9217622069
17.7604207249
18.1711384237
18.2942049392
18.2920378451
17.0096563301
16.8741763686
16.0634034725
15.8970244902
14.8601405260
16.1989329227
14.6863279974
14.6908210306
14.5158805967
14.4661818618
13.8787681502
14.2857279695
14.4896746250
14.5635671245
13.6525622301
13.4229477390
13.2083324013
13.6348336007
13.6436092684
12.9627212358
13.3808973631
12.0333509253
12.4180192249
13.0024779177
13.0417056686
13.0025857545
12.6439515755
12.3411738316
12.3359440465
11.3525425455
12.4499761873
13.3747037487
13.0766340105
13.2357502440
11.9888028028
11.5280510656
11.3451291819
10.2878367340
10.9858532829
10.7322573255
11.1763321340
9.4199308514
11.0176248965
10.7422428397
11.4772862626
11.9034342121
11.7904916648
12.0761040685
11.4252431038
11.5698679871
10.9746430193
11.4252395510
12.4212164881
12.0526939079
12.9095113187
