sampled_beta
43.1240655397
42.4243126472
41.6925071276
40.7484392009
40.5785164243
39.0745464725
40.4503204466
45.1796181254
46.5064082261
47.1163599234
50.0439647294
50.4311655307
43.5799418384
31.2672128722
23.4230623289
23.1471683510
23.9298954600
33.6574403820
28.8234514729
49.9937318398
59.4451790219
55.2805340082
51.8179410888
47.6247470474
42.9193413523
43.9502936974
35.5196991139
23.3084074188
22.9871020267
19.5088701837
46.8023822853
34.8661839537
53.8535985612
37.2176027702
29.2850636531
31.8680754700
43.1042193824
41.7378305611
41.2541878433
58.1848895376
60.2473615283
36.8246889350
40.8353038816
