mean_theta1
0.1230942007
0.1485635532
0.1649348275
0.1811359518
0.1985733864
0.2079005347
0.2190095664
0.2258356306
0.2327889596
0.2417182745
0.2514148812
0.2607311494
0.2674581336
0.2751619518
0.2853076379
0.2950566473
0.3041968685
0.3154759432
0.3269899423
0.3391536817
0.3513459388
0.3615838269
0.3712971433
0.3809551136
0.3853430804
0.3926919637
0.3995479323
0.4063789785
0.4126767107
0.4218305643
0.4299353246
0.4367128677
0.4486742865
0.4588477512
0.4703163791
0.4799406694
0.4887372479
0.4967880025
0.5064786005
0.5152945013
0.5264587659
0.5383098350
0.5483300058
0.5562973311
0.5656704516
0.5749152673
0.5843205037
0.5929727597
0.5997295320
0.6059811335
0.6119727357
0.6169687018
0.6215779960
0.6273553202
0.6332073138
0.6374697897
0.6433500429
0.6494616271
0.6554535819
0.6594550847
0.6647891827
0.6708896760
0.6754573386
0.6785861961
0.6829025533
0.6887515060
0.6954291146
0.7014534521
0.7050934628
0.7068822135
0.7095790960
0.7121249135
0.7151076372
0.7186978532
0.7228372617
0.7276760197
0.7312155936
0.7340843524
0.7372678382
0.7409189476
0.7444358080
0.7465904360
0.7490391572
0.7513631952
0.7532363293
0.7556794340
0.7593755116
0.7629199447
0.7652461716
0.7683241429
0.7714568737
0.7747538633
0.7786577080
0.7821693714
0.7857322258
0.7888743773
0.7916722766
0.7951009003
0.8006135051
0.8067069778
0.8119498621
0.8147513532
0.8179900741
0.8218987940
0.8256762591
0.8299324643
0.8348403458
0.8400825474
0.8443164161
0.8490555470
0.8536850258
0.8576279940
0.8621277871
0.8669982771
0.8711797763
0.8757102923
0.8802252825
0.8842775744
0.8875700951
0.8912853285
0.8953297174
0.9005189858
0.9050999287
0.9100224157
0.9144045893
0.9200566340
0.9268979159
0.9334024265
0.9396062671
0.9448684416
0.9519064439
0.9591254419
0.9670071614
0.9742354446
0.9814159090
0.9886171003
0.9953990529
1.0020306548
1.0086516802
1.0176748331
1.0254787453
1.0330729700
1.0394341455
1.0461827031
1.0537325671
1.0602571469
1.0666634305
1.0735861802
1.0807752867
1.0885517126
1.0952578110
1.1016342957
1.1080742862
1.1139744680
1.1185461194
1.1232495508
1.1277765598
1.1325684725
1.1384530570
1.1448618552
1.1512901442
1.1568538880
1.1637677675
1.1718502951
1.1803023810
1.1878850152
1.1958717143
1.2033676495
1.2098525781
1.2160984437
1.2221719495
1.2283069887
1.2327661034
1.2372478017
1.2406271792
1.2437938596
1.2468876844
1.2499365806
1.2536743872
1.2569112763
1.2593199419
1.2624611215
1.2670955845
1.2720712667
1.2777008883
1.2830979846
1.2882651034
1.2942918707
1.2999453047
1.3050614634
1.3104126823
1.3152304208
1.3201782046
1.3240913427
1.3275650451
1.3306026413
1.3339344234
1.3376373998
1.3415982922
1.3448490579
1.3471767195
1.3497810434
1.3524019171
1.3552031363
1.3584207740
1.3606360102
1.3633082311
1.3650233596
1.3665228528
1.3688221716
1.3710928600
1.3733575510
1.3753506692
1.3773277967
1.3797039519
1.3820491969
1.3842718966
1.3863954159
1.3890554552
1.3920677501
1.3960189633
1.3999863708
1.4055423999
1.4115207707
1.4177673774
1.4238140419
1.4296912701
1.4359535333
1.4409586965
1.4455762824
1.4490869097
1.4514343599
1.4537300100
1.4555047504
1.4574915376
1.4596892566
1.4612511975
1.4631053894
1.4650992553
1.4677603331
1.4708871215
1.4741590398
1.4770144779
1.4795417842
1.4822121160
1.4853991898
1.4886889464
1.4915499862
1.4953558662
1.4993392706
1.5025356888
1.5052597547
1.5076421172
1.5104930496
1.5135709619
1.5169334968
1.5204209539
1.5228094556
1.5251339067
1.5275900845
1.5292435378
1.5306421399
1.5324893631
1.5344016729
1.5366345088
1.5391875252
1.5419614369
1.5453149473
1.5479135147
1.5503794394
1.5525874800
1.5550472231
1.5582881234
1.5614062064
1.5636865039
1.5661917096
1.5686718993
1.5710374965
1.5735180644
1.5754707241
1.5778430418
1.5802924651
1.5828079076
1.5847833676
1.5864863473
1.5882711857
1.5911410615
1.5932600113
1.5950435293
1.5974573595
1.5997350229
1.6019089618
1.6041399569
1.6067442987
1.6087052878
1.6106786131
1.6129765281
1.6143533147
1.6153768338
1.6160023210
1.6161891183
1.6161754687
1.6160792956
1.6165622225
1.6169455099
1.6173990646
1.6176509719
1.6183575792
1.6188558014
1.6190628712
1.6195515932
1.6206838952
1.6226888548
1.6250062075
1.6274769876
1.6295899274
1.6317089976
1.6338328045
1.6358743649
1.6374726491
1.6391942869
1.6406527288
1.6415783281
1.6423200741
1.6433702606
1.6441144652
1.6449203624
1.6457217805
1.6464397008
1.6477744705
1.6494244712
1.6503280970
1.6510639644
1.6518233271
1.6526387432
1.6535465701
1.6544214753
1.6556380664
1.6571614646
1.6587204389
1.6596995273
1.6600744556
1.6606260428
1.6612515377
1.6625571148
1.6642316625
1.6656379254
1.6678026693
1.6701034828
1.6726159064
1.6746684603
1.6765548682
1.6786420643
1.6802978662
1.6813841463
1.6833373648
1.6849175713
1.6864445559
1.6875123594
1.6885609863
1.6899396765
1.6914642891
1.6926282144
1.6938971771
1.6947902225
1.6956390118
1.6963255561
1.6969018153
1.6980521480
1.6995644961
1.7011039609
1.7028586332
1.7049663259
1.7063151959
1.7076960034
1.7091426199
1.7109351908
1.7125195270
1.7144169204
1.7162105024
1.7178409859
1.7190982231
1.7201961082
1.7218831266
1.7237942374
1.7264087744
1.7289474603
1.7302549563
1.7312164459
1.7324907124
1.7336385631
1.7351251834
1.7365746975
1.7380698731
1.7390565497
1.7398261700
1.7406383113
1.7416129554
1.7425306553
1.7433722717
1.7436461990
1.7442462227
1.7454987588
1.7474096903
1.7495066530
1.7519086590
1.7542842721
1.7565786181
1.7589912974
1.7614129403
1.7633493666
1.7647481865
1.7659809664
1.7672278255
1.7685865837
1.7700762475
1.7719638856
1.7737535406
1.7760329248
1.7772751638
1.7785017896
1.7796608366
1.7805523427
1.7816623911
1.7826041259
1.7840040922
1.7849039840
1.7858890164
1.7868940223
1.7881865803
1.7898283561
1.7909316830
1.7923827145
1.7937093092
1.7958346217
1.7981233124
1.8003924552
1.8025039367
1.8041967183
1.8056995417
1.8073657287
1.8083709762
1.8101444761
1.8111535079
1.8121179433
1.8131917461
1.8140813287
1.8149358737
1.8152655177
1.8156205421
1.8167373082
1.8176590178
1.8182954653
1.8188511526
1.8196593808
1.8200299042
1.8197059946
1.8196911002
1.8197427693
1.8201063409
1.8206984421
1.8214342937
1.8223967388
1.8242646242
1.8263044954
1.8282600503
1.8297764979
1.8312893350
1.8324608902
1.8337495146
1.8347622330
1.8359608400
1.8370688645
1.8381059038
1.8393348110
1.8401315424
1.8408752898
1.8416843623
1.8425890182
1.8432785258
1.8433419384
1.8436459695
1.8437786126
1.8438076966
1.8443574289
1.8450873281
1.8461202487
1.8474031336
1.8482400666
1.8486779329
1.8491181652
1.8496623617
1.8502247216
1.8511520737
1.8519973700
1.8533822729
1.8545434673
1.8552045373
1.8560928123
1.8570002916
1.8579769561
1.8591220201
1.8602105695
1.8611821291
1.8619603683
1.8624605128
1.8627162047
1.8634030753
1.8642118616
1.8651712403
1.8660151789
1.8669306424
1.8681847172
1.8688085061
1.8695571032
1.8705407674
1.8713625118
1.8721347929
1.8727313717
1.8733809195
1.8739111841
1.8745679995
1.8751768595
1.8760467244
1.8764179589
1.8768931158
1.8771801017
1.8775185317
1.8777343723
1.8779227135
1.8779821075
1.8778558425
1.8780653169
1.8783234375
1.8786258933
1.8788264458
1.8790644593
1.8792822861
1.8796852512
1.8801353722
1.8805009095
1.8807612407
1.8807433979
1.8809141113
1.8814393404
1.8818106432
1.8821458139
1.8827282265
1.8833677011
1.8838927498
1.8844286543
1.8851657252
1.8856937492
1.8863359383
1.8869277998
1.8877298429
1.8881430168
1.8884989950
1.8887480143
1.8889734340
1.8890445120
1.8893187489
1.8894549887
1.8893053896
1.8891297196
1.8888779360
1.8884328851
1.8881618886
1.8878145056
1.8873351315
1.8870697420
1.8868126403
1.8865363412
1.8862502033
1.8859408495
1.8856361248
1.8855131752
1.8851802023
1.8849776503
1.8848888446
1.8849221958
1.8850362365
1.8849507832
1.8848846039
1.8851149634
1.8850108843
1.8846943174
1.8844350890
1.8844183808
1.8844451638
1.8846612381
1.8852471945
1.8858995795
1.8863777578
1.8870743502
1.8878505151
1.8883450778
1.8894881372
1.8907518363
1.8919480102
1.8931070713
1.8940642399
1.8950496013
1.8961499020
1.8969735799
1.8978910178
1.8986703586
1.8994433230
1.9001388368
1.9008880989
1.9016287938
1.9025213350
1.9034891237
1.9044593295
1.9051039801
1.9057683314
1.9060131195
1.9063199488
1.9066755674
1.9067629223
1.9068507220
1.9068400562
1.9067533922
1.9067454956
1.9068479530
1.9070915377
1.9075464427
1.9078455285
1.9079908313
1.9077631815
1.9074174118
1.9071112406
1.9064617830
1.9057911668
1.9051617058
1.9047453174
1.9042596611
1.9037691817
1.9033113447
1.9028756846
1.9024208242
1.9017615296
1.9014197735
1.9011126251
1.9008551715
1.9008105428
1.9008843808
1.9014232815
1.9024949873
1.9038871767
1.9050552155
1.9062296875
1.9074618413
1.9082659311
1.9089838023
1.9099019988
1.9107636955
1.9118564922
1.9133741083
1.9150066929
1.9163078456
1.9175870593
1.9184200443
1.9192357638
1.9196730545
1.9200467725
1.9203231825
1.9205405171
1.9206358601
1.9206727599
1.9207928315
1.9210649606
1.9215560408
1.9218505430
1.9219226643
1.9222694390
1.9224724310
1.9227239125
1.9230923175
1.9235086158
1.9240818915
1.9246526620
1.9250827127
1.9255177375
1.9258604369
1.9263488161
1.9264426486
1.9266469399
1.9270024944
1.9274068746
1.9278600772
1.9283453391
1.9288812270
1.9296172677
1.9304576475
1.9314590936
1.9322842454
1.9331056740
1.9340371790
1.9350671938
1.9359091705
1.9365352499
1.9370463961
1.9372479889
1.9373428222
1.9376399462
1.9379543586
1.9381206094
1.9383545780
1.9386397390
1.9387263173
1.9391762335
