mean_beta
1.4178349010
1.4410147876
1.4560858769
1.4737718616
1.4883613492
1.4993656825
1.5126015474
1.5223625383
1.5337745934
1.5467738694
1.5627577384
1.5779732678
1.5910230075
1.6050016279
1.6194126532
1.6350309932
1.6506152623
1.6680533261
1.6873933999
1.7106794476
1.7333242695
1.7550611674
1.7773238925
1.7982100619
1.8138508007
1.8333283508
1.8521564302
1.8714411818
1.8902560560
1.9162438681
1.9425887488
1.9694458332
2.0143293458
2.0597874926
2.1159048310
2.1802571929
2.2378679959
2.2919699846
2.3549790797
2.4160327751
2.4914162364
2.5695488941
2.6388627330
2.6963316263
2.7454586622
2.7848207523
2.8234986609
2.8672314383
2.9095231441
2.9486384156
2.9942393064
3.0309631092
3.0656939114
3.1067236749
3.1444752057
3.1729813555
3.2012583525
3.2319236145
3.2574908224
3.2742860025
3.2902818606
3.3124064141
3.3269187486
3.3438576001
3.3674160914
3.3995994422
3.4414611780
3.4844445568
3.5218156499
3.5495566872
3.5814695502
3.6112904461
3.6503680642
3.6999458410
3.7586755330
3.8205107347
3.8676231482
3.9077112277
3.9552192251
4.0171999774
4.0699193747
4.1140836370
4.1750333478
4.2352418250
4.2900312149
4.3553375120
4.4302493596
4.5069834746
4.5600073053
4.6183475697
4.6753457829
4.7450487828
4.8281156032
4.9045270746
4.9865909779
5.0590840406
5.1350178533
5.2293395041
5.3718599715
5.5382525683
5.6871265437
5.7760006948
5.8748926167
5.9916610419
6.1091659969
6.2408287130
6.3942248028
6.5516990766
6.6869838744
6.8402238076
6.9897260245
7.1165190086
7.2612800419
7.4146248888
7.5497397713
7.6962566274
7.8423116993
7.9726896394
8.0784415141
8.1966269138
8.3264643316
8.4918248406
8.6345164189
8.7933761911
8.9308027379
9.1155849332
9.3383421508
9.5504636406
9.7556753897
9.9167496402
10.1419176636
10.3611862490
10.6021433617
10.8178549449
11.0414096527
11.2651891986
11.4693850731
11.6582008669
11.8436728384
12.1290125560
12.3679925391
12.5895152101
12.7576236602
12.9279274374
13.1326725429
13.2950653933
13.4534237644
13.6368410108
13.8249771722
14.0174521337
14.1422027312
14.2737302591
14.3988475274
14.5136612424
14.5854788661
14.6610366195
14.7397102539
14.8406387519
14.9789526296
15.1389847249
15.2870818963
15.4040624589
15.5778061402
15.7879593983
16.0110462147
16.2293083172
16.4764068504
16.7063547268
16.9014380487
17.0959504680
17.2838398594
17.4823680739
17.6194684981
17.7513741654
17.8251862928
17.8917657497
17.9518451258
18.0134278369
18.0979608725
18.1583330279
18.1990960872
18.2536979841
18.3660827621
18.4888125550
18.6507077350
18.8077655089
18.9632398975
19.1432186504
19.3108124725
19.4710264336
19.6287546387
19.7777919117
19.9424715546
20.0694902365
20.1671068922
20.2536182944
20.3501612306
20.4621536557
20.5711166157
20.6517253243
20.6974155466
20.7491288337
20.8067846631
20.8668609453
20.9440642929
20.9992454531
21.0809328254
21.1429931825
21.1998436037
21.2886674948
21.3757102198
21.4607012217
21.5317851709
21.6034086610
21.6830256313
21.7678809836
21.8484732615
21.9212354164
21.9997963835
22.0953165397
22.2320263259
22.3712410119
22.5494526171
22.7328994550
22.9131176827
23.0954330354
23.2748843356
23.4622112624
23.6244689415
23.7772093337
23.9012867718
23.9858239039
24.0734011513
24.1439559095
24.2217257583
24.3068318343
24.3679971197
24.4414104227
24.5145664214
24.6086984517
24.7205203394
24.8318248089
24.9223320069
24.9928882553
25.0633046039
25.1438195542
25.2235603642
25.2881900878
25.3996136092
25.5120240240
25.6162251803
25.6989720608
25.7664523611
25.8462243394
25.9321704694
26.0153272843
26.1120270483
26.1735473622
26.2453538120
26.3234605021
26.3690356291
26.4024697682
26.4529761021
26.5033603534
26.5691383365
26.6489596652
26.7358683582
26.8435485069
26.9314296903
27.0222698033
27.1017310618
27.1848403302
27.2894728415
27.3865854776
27.4593102936
27.5428196714
27.6278189698
27.7104733886
27.7995046047
27.8637486172
27.9408402362
28.0237435054
28.0953665009
28.1420657163
28.1752080614
28.2112697045
28.2889803299
28.3452567676
28.3973072627
28.4679061497
28.5403352230
28.6037488538
28.6710774581
28.7477865383
28.8055644688
28.8665429017
28.9410636313
28.9816012165
29.0073496656
29.0088259288
28.9938298343
28.9732091392
28.9475439878
28.9419304803
28.9286355458
28.9172686687
28.8975860652
28.8915129522
28.8804176074
28.8588798337
28.8352772555
28.8285190056
28.8443962228
28.8801508390
28.9175094533
28.9384361585
28.9614824088
28.9868808569
29.0134248386
29.0309429710
29.0556389601
29.0725123760
29.0726158441
29.0742871503
29.0823968929
29.0813323806
29.0882058505
29.0959024144
29.0963582023
29.1209205876
29.1573774611
29.1716020631
29.1760585238
29.1811317003
29.1859323707
29.1880347967
29.1843652105
29.1941317896
29.2119888488
29.2271963173
29.2257862601
29.2057819078
29.1954821847
29.1922853986
29.2167544273
29.2527543234
29.2771344973
29.3314839325
29.3842384245
29.4411427037
29.4843726080
29.5231323270
29.5702440221
29.6024475617
29.6161664561
29.6582999568
29.6849421537
29.7059632621
29.7137115154
29.7138151982
29.7298337587
29.7463726570
29.7519508935
29.7631336752
29.7602173519
29.7607869152
29.7560616071
29.7507322327
29.7535633204
29.7617094115
29.7816809024
29.8153915747
29.8624265232
29.8884573690
29.9162813335
29.9463024574
29.9892652515
30.0272996722
30.0868506551
30.1409817614
30.1824220278
30.2101400801
30.2272302615
30.2617504564
30.3044505359
30.3738116388
30.4466155271
30.4785862249
30.4970555517
30.5241748990
30.5502996030
30.5984347035
30.6440627103
30.6783652128
30.6934122471
30.7010667176
30.7140682385
30.7282853583
30.7419188032
30.7563126338
30.7540208523
30.7604555688
30.7846071519
30.8221827272
30.8718451894
30.9362381070
30.9958632659
31.0583722606
31.1254821095
31.1816531156
31.2214407427
31.2399625133
31.2510122668
31.2669691861
31.2760344598
31.2831799611
31.3056284393
31.3265441228
31.3525871595
31.3526078423
31.3562089789
31.3599342826
31.3560251034
31.3619965001
31.3655264064
31.3820463886
31.3792109457
31.3789570771
31.3799496826
31.3916495338
31.4086494345
31.4138121871
31.4305594130
31.4443686285
31.4826522633
31.5291413152
31.5751048333
31.6205777048
31.6610734943
31.6821045723
31.7014047715
31.6953752077
31.7134786560
31.7073234368
31.7023291890
31.7062657972
31.7014414389
31.6997285783
31.6835934228
31.6681310372
31.6717128247
31.6727857851
31.6682896377
31.6729639127
31.6850877447
31.6901795657
31.6699130758
31.6591326939
31.6546205342
31.6604068517
31.6732401608
31.6969075430
31.7243913863
31.7725127576
31.8353841879
31.8973957555
31.9507758112
32.0091235940
32.0575997523
32.1068058321
32.1507227157
32.2018754601
32.2477883148
32.2913694186
32.3381612119
32.3690011767
32.4026872812
32.4435712720
32.4859110829
32.5150482511
32.5162623522
32.5343658497
32.5459488234
32.5516284435
32.5809027342
32.6095461315
32.6450675927
32.6904117087
32.7192848719
32.7318892870
32.7429641149
32.7581020007
32.7689754075
32.8019664310
32.8290920550
32.8689029008
32.8984758890
32.9080223845
32.9306410747
32.9510279236
32.9749376844
33.0136333622
33.0499710794
33.0772473233
33.0957563635
33.1093059882
33.1170467909
33.1341552973
33.1503489798
33.1670983095
33.1827584853
33.2017623772
33.2374577850
33.2499380869
33.2644982832
33.2877535420
33.3108498116
33.3281238849
33.3387344907
33.3526571482
33.3682318936
33.3857013329
33.4022992136
33.4270485372
33.4378056761
33.4587133850
33.4768716408
33.4955782774
33.5072336300
33.5203337938
33.5317186272
33.5364347577
33.5536016094
33.5735594727
33.5952530403
33.6127637529
33.6323991196
33.6509087135
33.6703665966
33.6941370440
33.7152013296
33.7342909768
33.7374817866
33.7476814916
33.7722111768
33.7929365612
33.8135611949
33.8412676945
33.8728453266
33.9022473619
33.9326343450
33.9687027944
33.9983098972
34.0297495098
34.0593016107
34.0934881863
34.1180845277
34.1355266388
34.1538933429
34.1707255723
34.1817512694
34.2014651115
34.2169676759
34.2188294854
34.2136053852
34.2027330157
34.1858974557
34.1730073541
34.1583223447
34.1394885552
34.1252868825
34.1119985036
34.0970998452
34.0823408570
34.0633231657
34.0427104094
34.0292761549
34.0105063351
33.9888269786
33.9714839932
33.9577115419
33.9494838367
33.9369555783
33.9246024771
33.9241457897
33.9110291329
33.8955379524
33.8814542283
33.8732559910
33.8646970003
33.8652061400
33.8762225059
33.8962293787
33.9123868208
33.9394142915
33.9732064398
33.9989133623
34.0421163849
34.0880972547
34.1303590577
34.1739655699
34.2115247356
34.2505620534
34.2907225297
34.3254164330
34.3618017835
34.3884601002
34.4153853441
34.4413876246
34.4698737779
34.5017152287
34.5296531699
34.5585139428
34.5853506930
34.6065529635
34.6297584472
34.6444988917
34.6650599888
34.6870475969
34.7003254900
34.7104592447
34.7174817858
34.7209917860
34.7307770825
34.7455283091
34.7640061315
34.7884339567
34.8094263295
34.8237525349
34.8248572120
34.8194899403
34.8167999291
34.7984134467
34.7787078904
34.7606444251
34.7482420001
34.7305000016
34.7104964288
34.6926812518
34.6743912842
34.6565530895
34.6335395510
34.6133812122
34.5908925854
34.5675096049
34.5485593849
34.5333633186
34.5294995859
34.5401438413
34.5590088235
34.5697289899
34.5797495100
34.5907995208
34.5945529671
34.5949676709
34.6002870584
34.6042235703
34.6179648632
34.6418437191
34.6709524386
34.6937905803
34.7202613745
34.7301352280
34.7452056872
34.7489235775
34.7513058984
34.7508019268
34.7504303930
34.7447372955
34.7365885289
34.7308965773
34.7332583936
34.7437590331
34.7485879336
34.7443205077
34.7492731072
34.7519257310
34.7547032165
34.7669128158
34.7791735608
34.7941695325
34.8089302788
34.8192700165
34.8312606766
34.8413432604
34.8564188374
34.8613195952
34.8660827060
34.8725189572
34.8817677527
34.8920077199
34.9084619255
34.9284950559
34.9554843210
34.9889079257
35.0243366266
35.0559902407
35.0859851676
35.1229467576
35.1588387787
35.1908072377
35.2138248429
35.2314314655
35.2387118392
35.2409614521
35.2531477135
35.2653740258
35.2744755261
35.2843589501
35.2921771824
35.2942137243
35.3057091310
