beta
1.4178349010
1.4641946743
1.4862280554
1.5268298158
1.5467192995
1.5543873489
1.5920167370
1.5906894743
1.6250710342
1.6637673538
1.7225964278
1.7453440917
1.7476198841
1.7867236925
1.8211670073
1.8693060943
1.8999635666
1.9645004114
2.0355147279
2.1531143535
2.1862207088
2.2115360221
2.2671038453
2.2785919578
2.1892285326
2.3202671041
2.3416864941
2.3921294738
2.4170725328
2.6698904189
2.7329351723
2.8020154470
3.4506017495
3.5599063377
4.0238943371
4.4325898575
4.3118569048
4.2937435677
4.7493246938
4.7971268946
5.5067546896
5.7729878584
5.5500439665
5.1674940413
4.9070482387
4.5561148099
4.6026824551
4.9226719743
4.9395250254
4.8652867167
5.2742838477
4.9038770526
4.8716956231
5.2813011425
5.1830578703
4.7408195938
4.7847701837
4.9798435484
4.7403888771
4.2652016323
4.2500333442
4.6620041759
4.2266834907
4.4110052428
4.8751595331
5.4915172495
6.2043357379
6.3643309365
6.0630499810
5.4636882643
5.8153699544
5.7285740590
6.4639565630
7.3191235506
8.1046727439
8.4581508556
7.4481665811
6.9944933458
7.6608430246
8.9136794036
8.2874711588
7.6913888902
9.1729096286
9.2325454366
8.8923399617
9.9063727700
10.8726682517
11.1828514755
9.2261044108
9.8106310973
9.8051849724
11.0880217787
12.4702630806
12.0107939061
12.7005978941
11.9459249911
12.4246638739
14.3785396360
19.3388657802
22.0111196511
20.5745240770
14.7522899544
15.9618686545
18.0188088331
18.3296813227
20.0654139014
22.6542103267
23.4014463722
21.2977420366
23.5433765260
23.4349698850
21.1905402396
23.4745157681
24.7425925912
22.9528363822
24.5456950680
24.7847000413
23.2269086349
20.5571627310
22.2606894733
23.9069544663
28.5004464334
26.0428889728
28.3331281684
25.9716945464
32.2133593451
37.4057515699
36.4898928391
36.0227792727
30.6953279572
39.4137607084
39.0853709302
42.4084822425
39.5074955136
40.9977404931
41.4754278942
39.2400240112
37.5259646115
37.4388049144
51.7912332993
45.8251901649
43.8242118324
36.6290235715
37.2813675705
42.6159677402
36.8420286960
36.5737459552
40.5991762194
41.6691290650
42.6962213979
32.8547923621
34.1343869665
33.4166723135
32.0801596260
25.6453929178
26.3724883952
27.0127972217
30.6864129470
36.8325453038
40.5840878693
38.9826293180
34.2379330444
43.7242825127
50.0429404731
52.5972841013
52.2425552265
57.4947633655
55.1076500875
49.6754361245
49.9685493201
49.2250364045
51.4306927612
41.2007414542
40.5710546012
30.6684964655
29.5431707157
28.5258153065
28.9135676985
33.1448412215
28.9649488347
25.5364467757
28.1366413120
38.8201123555
40.9483646653
48.4394208455
47.8634536922
47.8814761618
52.7992454608
50.8184510091
49.7514650840
49.5971136098
48.2439110589
51.5609629943
44.5840958315
39.1047381128
37.1233417128
39.2725767298
42.5246614100
42.1457826882
36.6928583399
29.8354600071
31.1434995374
32.4532622003
33.0623462221
36.6935472070
32.3113832890
37.9085315384
33.9894870838
33.0247312283
39.8528607278
39.6546824686
39.3938026324
36.6015823997
36.8592120479
38.7210572712
40.0117817398
39.2564052684
37.7106230441
39.1260872016
43.0142307546
52.3081792978
53.1376866165
62.1124289545
63.6415443183
63.2820006863
64.1163873921
63.8308781913
65.9854236316
60.6192197823
58.7547591506
52.4390975333
43.5139014106
44.3913225487
40.5832145782
42.4198703705
44.3067596880
38.8030044914
41.8403632203
41.9256941104
47.1062537033
51.5577733797
51.6562019702
46.8250739268
42.1380565982
42.2448936819
44.8699823660
44.8397996308
41.2517318046
53.0326469288
53.5022173034
51.6665142659
46.4684390512
42.7714880507
46.0285348474
47.7624874769
47.2203150868
50.8671666385
41.9842680255
44.7714178550
46.5530932531
38.2185686374
35.1287800668
39.6856355875
39.7544184523
43.9345258669
47.8016117879
49.8535806962
55.5941482123
50.4835868240
51.4582602016
48.5562708756
49.7074520639
55.7495158994
53.8983351379
47.3859098760
50.5078985740
51.0876253185
50.6057473898
52.5501826978
45.7878281084
49.5264935417
51.3195621588
48.2930512234
41.3579436870
37.5876340716
38.4888379835
50.5142192006
44.4965943792
43.3878498437
48.8709844851
49.5447664842
47.0571154261
48.3310298974
51.2235470639
45.7922760131
46.8551806109
50.9991996068
41.0212640225
36.6803874885
29.4502286398
24.4950014825
22.7663799147
21.1966682509
27.2410377196
24.8869754509
25.4503711401
22.8747094088
27.0270672454
25.4630514138
22.2037077622
21.5184780154
26.7267032946
33.7980879925
40.0713456953
40.6481143595
35.5303482722
36.2440975140
37.0381888995
37.4544110239
34.6192271997
36.9583554924
34.4888788702
29.1059325760
29.6141190345
31.7099535051
28.7353658719
31.3289570419
31.6126788187
29.2458566366
37.2019453643
41.1881456883
33.8799453405
30.6556034886
30.8704994726
30.7893562757
29.8923475098
27.9513842324
32.4854689635
35.2476748506
34.3825281507
28.7463667999
22.3842977669
25.6729769016
28.0957877435
37.6341003225
41.6727184654
37.7126746630
48.1907379363
47.7428016623
49.3007361510
44.6148390977
43.1277937168
46.1535606782
40.9702970409
34.4726550885
44.6156926973
39.1695642396
37.2104989624
32.4875862015
29.7510373330
35.4965155384
35.7169149453
31.7712725106
33.8224834212
28.6986756766
29.9686775046
28.0265988365
27.7948518303
30.7954035838
32.7676170609
37.1711325156
42.3220510021
47.3594273657
39.5979628520
40.3224440540
41.2042239228
46.1432758268
44.3662762875
52.5971221708
50.6566710629
45.9297232623
40.7707180214
36.7556795428
43.4829850895
46.7012810789
57.0778362503
58.5489164090
42.8512462572
37.6631543813
41.0736010022
40.7389341561
49.4192589857
48.5302413983
44.1592486592
36.6219437651
33.7245825688
35.8626705289
36.3724819116
36.1680298601
36.4994510424
29.8373082793
33.3407768590
40.4935435759
45.9651395649
50.9354799069
57.0153697609
55.2036777770
56.4995330876
58.5063004625
54.1555946035
47.5343678751
38.8524102203
35.8035107140
37.8571768561
35.0290577812
34.2485630036
40.6441953546
40.0483841558
42.2385764884
31.3612739246
32.8686863437
32.9282871738
29.7063514493
33.8878973013
32.8622067168
38.4030387868
30.1713122772
31.2705551909
31.8047848236
36.4108857042
38.7186067366
33.6389585791
38.6653609738
37.4237589389
48.0977498021
51.7518788889
51.6151987015
51.4922225657
49.3982292851
40.9147478175
40.1934924076
29.0363375938
39.7152027903
28.9805613557
29.4848831318
33.4580564493
29.5497776680
30.9340798609
24.4550437576
24.7255198996
33.2835172223
32.1566909185
29.6360310190
33.7904105002
37.1893074648
34.0069581040
22.4283937016
26.7324981644
29.5880513917
34.3163265783
37.5765623540
42.6075707436
44.4219269599
54.0527076937
61.0077278147
60.7327746945
56.8258817765
59.2575381450
54.7444418505
55.1844572678
52.7916580056
56.2948180498
53.9186557442
52.9052315342
54.5174712338
47.0179844486
48.4372730210
51.9452348925
52.7243406929
46.4717518119
33.0990308745
41.2421481751
38.1289421220
35.2948849371
46.7496594459
46.5015938308
49.9084977432
54.7729961775
46.8093885174
38.8954482876
38.1696297672
40.1908039261
38.1186915562
49.0665410140
46.2291503069
52.5752716028
47.5666780338
37.6526306325
44.1947487899
43.1240655397
44.9298180641
52.4001679425
51.2915051288
46.7971980005
42.4243126472
39.9518664466
37.0338929641
41.8081680518
41.3767396581
41.6925071276
41.1694481369
42.9127511293
51.5135065856
39.6523329699
40.7484392009
45.2642118130
45.2285249272
42.2588197955
38.8350282600
40.5785164243
41.4670994909
42.4872791947
42.0663929505
46.3709447894
39.0745464725
44.4352605189
43.0281141815
43.3539757652
39.6612598264
40.4503204466
39.5656803041
36.0407001025
42.6863666644
44.2111006492
45.1796181254
42.9809949901
44.1569556653
43.5905606674
44.1387076620
46.5064082261
45.0899155288
44.0617901020
35.4669007154
39.2861212981
47.1163599234
45.0882710590
45.0746112023
48.9967229851
51.1773877069
50.0439647294
50.6454750700
53.8424183989
50.3414306692
51.4158552642
50.4311655307
53.0670376391
47.7936503542
43.8507824974
44.4025142133
43.5799418384
40.3561416363
45.2609305522
42.9294088626
35.2670282035
31.2672128722
28.0598442519
24.6569705219
26.8643197173
25.8172370250
23.4230623289
26.0303334578
26.5243341504
25.5750672431
25.6254406001
23.1471683510
22.1903755234
26.2911456036
23.1803202643
21.4581589466
23.9298954600
25.9696897608
29.1691871117
26.6455091974
26.7227444768
33.6574403820
26.2377849112
24.8177061642
25.6143081445
29.0526924796
28.8234514729
34.1655985630
40.3868947874
45.7402980544
43.4937500061
49.9937318398
54.0795347062
49.3202391684
59.8343208876
61.5846573908
59.4451790219
60.3378729031
56.7845833624
57.7510273120
58.5074897786
55.2805340082
56.3749388531
50.5434000367
50.7590083609
50.2507741954
51.8179410888
53.9250002670
51.5997352315
52.2213069555
51.0362785770
47.6247470474
48.9011309058
43.7246126914
47.3512569357
48.2753893522
42.9193413523
40.9933871509
39.0784797992
36.9042119215
40.8270167956
43.9502936974
46.3126451481
50.0802525144
47.9716440895
43.8206095064
35.5196991139
31.4381087702
33.1194028588
23.1781565704
22.3050907674
23.3084074188
26.8727021517
23.4465889635
21.9682205322
23.3265983127
22.9871020267
23.2401084687
19.8818613550
21.6717277300
20.1307055357
19.5088701837
22.3256674572
24.7167044905
32.0296645463
41.4376213073
46.8023822853
41.5378371427
41.1031081107
41.7954065325
37.0455534249
34.8661839537
38.0844858784
37.1865753738
43.6459942593
50.3541309526
53.8535985612
49.7669640908
52.2174563431
41.2666262597
44.7369201227
37.2176027702
36.3355492918
34.4151568280
34.5026173545
30.9417481798
29.2850636531
30.9172890382
36.3180370735
41.8001888147
37.9984379253
31.8680754700
38.0922777596
36.5450994455
36.6350608815
43.0450211844
43.1042193824
44.9914302762
44.8609985593
41.8709710796
43.0208815755
41.7378305611
45.1831890509
38.2232394447
38.1383398427
39.3006597658
41.2541878433
41.9575851452
46.2783179384
48.7914213394
53.6590450463
58.1848895376
59.6472837459
57.0869056464
55.9924492605
60.9221365436
60.2473615283
57.5687285745
51.3491660464
47.5912805715
40.3568145081
36.8246889350
43.8444620033
43.8971505493
41.7092362152
42.2818231745
40.8353038816
36.7401584479
43.4789432837
