      3.474552
      4.608533
      2.123295
      4.508713
      4.850645
      3.356762
      3.703606
      2.685796
      1.674338
      1.086730
      2.700421
      1.131813
      1.596970
      4.968081
      2.661442
      4.970685
      0.245398
      3.490405
      2.467028
      1.651610
      4.406992
      4.646644
      3.464118
      3.224609
      2.472823
      4.735456
      1.582653
      4.350510
      2.989062
      1.895592
      2.142083
      3.706660
      2.136620
      0.612426
      3.911321
      4.060963
      3.527498
      4.423388
      3.280933
      2.782886
      1.832678
      1.310850
      4.547256
      3.621532
      3.010166
      4.162738
      4.514294
      1.573413
      0.190004
      0.043757
      1.257191
      2.677957
      2.806196
      3.523629
      2.654020
      1.106119
      0.651251
      3.733393
      2.763881
      2.320225
      2.834614
      3.778118
      0.423280
      0.551857
      0.224678
      2.059058
      2.606728
      1.080639
      1.205447
      4.307414
      3.774181
      2.677960
      1.253404
      4.019922
      4.142220
      3.805967
      2.871511
      2.823287
      4.786332
      1.536461
      0.458250
      2.597263
      3.337940
      3.588519
      1.073936
      1.953297
      4.087002
      0.480772
      2.972455
      3.964014
      2.726260
      3.619407
      3.881055
      2.248976
      2.605098
      1.528530
      4.638602
      2.089446
      1.329001
      3.649270
      2.970876
      2.416300
      2.093927
      1.052918
      4.448510
      3.236280
      3.173100
      3.719953
      4.716180
      2.520180
      3.412287
      2.694815
      2.380777
      4.524895
      0.680456
      4.503990
      2.765001
      1.708327
      2.193921
      3.898359
      3.209101
      1.112689
      4.015776
      4.242494
      3.114057
      3.472531
      1.062478
      2.365549
      3.418586
      0.662146
      2.589988
      1.276903
      3.581000
      4.170867
      3.179709
      0.657346
      4.181530
      4.598320
      0.657957
      0.253875
      2.551057
      3.217956
      2.050774
      2.395501
      0.233857
      3.819853
      3.995535
      2.425220
      4.415330
      2.031822
      2.137026
      4.778591
      2.133276
      4.557310
      2.445373
      2.498187
      4.415069
      1.762827
      2.574693
      4.457903
      3.048016
      2.213436
      2.228769
      2.588982
      0.930386
      0.151528
      4.257171
      1.406764
      3.210939
      4.021086
      4.420064
      3.121799
      4.965383
      3.017003
      3.096114
      1.244480
      3.660821
      1.855578
      2.699962
      3.596624
      4.045426
      4.965662
      4.204645
      1.622102
      2.956972
      2.458139
      2.198974
      1.651564
      4.121013
      4.989444
      3.886191
      3.120398
      4.349406
      0.692166
      4.893498
      2.965887
      3.958110
      1.420620
      4.163299
      0.536123
      3.216796
      1.321293
      3.792865
      2.447060
      4.284221
      0.838043
      4.735398
      2.251546
      3.179834
      0.920992
      2.654606
      3.803728
      2.251581
      1.560269
      2.892129
      1.327066
      4.395792
      3.173095
      3.074449
      2.500054
      0.453364
      3.354514
      0.633206
      4.335645
      4.608420
      2.887037
      1.776347
      2.684635
      0.878829
      2.583035
      2.238267
      3.402833
      2.180675
      0.719595
      3.522937
      3.442063
      2.700578
      4.021489
      1.018110
      0.560979
      1.616535
      3.951121
      2.421802
      2.884380
      3.626888
      4.669736
      2.527205
      0.556937
      1.079821
      1.572166
      4.337279
      3.013493
      2.223670
      3.813731
      0.929927
      2.077349
      0.705790
      2.039658
      0.718264
      4.177479
      2.563395
      3.478471
      2.350167
      2.624595
      3.794695
      1.073777
      2.951343
      3.837639
      3.513568
      3.322399
      2.157693
      2.539434
      3.131689
      3.023369
      4.731292
      2.317331
      1.529365
      0.669234
      2.942433
      3.718940
      3.001274
      2.097437
      4.660572
      2.645723
      2.099326
      4.101302
      2.566531
      0.707016
      4.817569
      3.480471
      3.379578
      2.419686
      2.402167
      4.290389
      2.368672
      3.051779
      3.753037
      2.555801
      1.343626
      4.047993
      4.321686
      2.847262
      4.485405
      4.370274
      0.803834
      1.788471
      3.150168
      3.240941
      0.208915
      3.458851
      4.231779
      3.573503
      1.265060
      2.208700
      2.449570
      3.018611
      1.061201
      4.011933
      2.437303
      2.051468
      0.502377
      3.742499
      4.224280
      4.229982
      4.361810
      1.836745
      3.358829
      1.835243
      0.869641
      3.154003
      2.466809
      4.688258
      3.678871
      2.635431
      4.709567
      4.695154
      0.940212
      4.341925
      4.249871
      2.138590
      4.220225
      1.627788
      4.477625
      3.507093
      4.595744
      4.715698
      4.999049
      1.326834
      1.257725
      4.334346
      2.710782
      0.347722
      4.295911
      2.977979
      2.306876
      3.829238
      2.300564
      1.318790
      1.837410
      2.546549
      0.825854
      2.294370
      4.977161
      3.319382
      2.503115
      1.236091
      3.324897
      1.931209
      4.580384
      1.609979
      1.737633
      0.456416
      2.432258
      2.157433
      4.831441
      0.492616
      1.178289
      0.294596
      1.294697
      3.299011
      1.885113
      2.917613
      4.585169
      0.947971
      2.811753
      3.673667
      2.291030
      3.020234
      1.926494
      2.882610
      4.617067
      2.376249
      3.075233
      1.435643
      3.736312
      4.569747
      3.234480
      2.877225
      3.131142
      1.873545
      2.201049
      4.003803
      2.275277
      4.620300
      3.736337
      2.264513
      3.266090
      0.141519
      3.339062
      2.389918
      4.718157
      0.696675
      3.104683
      3.139522
      0.460706
      4.652544
      2.535646
      4.930736
      1.842049
      2.125078
      3.464354
      3.603982
      1.998697
      1.712254
      3.207250
      3.803763
      0.744219
      3.076824
      0.344848
      4.184958
      4.143313
      3.825449
      1.712841
      3.185057
      2.769666
      3.106680
      3.833633
      4.582236
      3.351029
      0.822635
      3.707765
      1.639800
      1.469174
      4.414624
      2.378714
      2.334521
      1.277089
      3.022765
      4.425923
      2.270896
      1.450297
      4.678608
      2.666664
      2.289087
      4.996262
      1.601660
      2.150464
      3.994077
      4.094245
      2.522449
      4.909449
      4.314365
      0.905538
      4.214255
      4.798826
      0.983736
      0.214851
      2.463289
      4.231273
      3.955501
      0.597602
      0.863608
      2.519420
      3.038114
      1.392689
      1.915593
      4.455157
      1.743568
      2.833348
      2.245407
      0.072569
      2.362008
      0.614086
      3.359826
      4.684691
      2.698399
      2.209542
      0.132820
      3.594910
      4.711449
      3.690305
      2.092731
      2.508024
      4.837804
      2.088559
      3.451898
      3.664785
      3.537809
      4.882908
      4.090675
      1.840793
      1.409320
      3.060926
      4.189111
      0.977676
      2.691109
      4.048440
      3.832589
      4.041416
      1.553084
      2.380082
      2.840277
      4.714284
      3.899043
      2.179641
      1.050692
      3.966881
      2.641310
      3.728453
      4.054262
      3.337074
      2.310417
      4.619605
      0.108458
      2.528309
      1.699808
      4.659450
      4.293870
      3.164698
      4.699965
      4.911199
      4.237928
      3.208442
      4.849327
      3.072011
      1.537129
      2.878814
      1.522407
      2.757421
      4.894530
      3.206096
      1.537884
      3.167142
      4.080472
      1.602556
      4.743062
      3.216248
      3.167377
      2.645836
      2.966920
      4.772694
      3.961896
      2.756782
      3.259181
      4.065429
      2.348201
      2.723872
      0.889551
      3.936028
      2.010387
      2.936387
      3.931022
      3.158169
      4.514762
      4.583795
      4.132982
      3.636139
      2.416511
      1.690356
      4.773333
      3.853034
      0.323143
      1.849053
      3.602952
      1.603964
      2.876652
      3.567283
      1.252559
      0.458069
      1.978831
      0.421114
      2.731220
      4.932770
      3.157412
      3.681535
      1.225518
      2.825271
      4.976877
      2.209128
      1.069247
      4.822334
      2.888006
      2.780587
      4.991400
      3.397002
      1.070979
      4.419195
      2.030707
      4.526505
      2.858434
      4.817124
      3.061590
      4.789853
      2.191440
      1.661262
      2.781007
      0.694885
      2.425523
      1.163403
      2.528792
      0.193002
      3.382665
      3.517725
      2.140186
      0.954191
      3.087778
      4.673086
      4.926983
      3.858352
      4.360171
      4.326365
      2.198497
      0.657024
      1.222257
      3.566841
      2.786460
      1.909325
      0.360573
      3.124432
      1.329423
      1.216573
      3.520007
      2.267481
      3.701179
      2.987662
      3.614395
      4.845442
      4.133772
      4.393842
      4.863919
      1.677155
      3.580986
      4.191651
      2.581005
      2.232299
      2.904810
      4.494655
      0.491318
      2.129268
      4.496865
      4.042523
      4.068950
      3.787531
      2.129585
      4.139128
      0.562832
      3.863517
      1.290230
      4.378493
      3.507472
      1.414045
      2.857225
      3.900023
      4.916890
      0.740725
      3.022767
      3.129288
      3.667031
      2.231379
      4.834132
      1.205447
      4.514853
      0.833365
      1.427828
      1.234185
      2.994561
      3.005929
      4.189842
      4.471121
      1.015453
      3.062698
      3.629940
      3.608663
      3.656836
      2.006550
      4.228422
      3.148894
      4.070885
      3.662219
      1.541218
      1.204721
      3.412222
      3.213850
      1.928685
      3.615041
      2.114045
      3.761160
      4.939523
      2.693858
      3.287052
      0.077964
      0.657579
      4.344101
      3.205893
      2.111410
      3.389706
      3.763428
      3.793105
      0.651078
      0.380927
      0.268485
      3.183111
      3.827627
      3.652734
      0.081073
      3.845398
      4.964756
      4.067726
      1.087581
      3.090229
      4.141092
      2.622492
      1.994984
      2.114164
      3.895107
      4.750841
      3.169503
      1.777227
      2.291474
      1.076832
      1.881847
      0.473276
      4.597047
      3.293508
      0.539150
      2.234497
      3.640291
      2.013444
      4.402996
      2.685965
      2.204868
      1.383682
      3.301433
      2.187768
      2.317928
      3.912432
      0.697871
      0.318238
      3.859976
      1.735105
      2.562740
      3.820413
      3.875519
      1.392430
      4.819269
      3.367369
      2.078786
      2.001512
      1.378329
      3.953832
      0.722237
      1.984218
      2.450545
      2.714380
      4.177742
      3.229731
      0.845701
      2.468340
      3.531729
      2.964043
      3.993393
      1.433577
      0.828722
      4.356053
      0.421938
      2.853092
      0.268213
      1.905525
      1.379341
      2.249172
      4.310856
      1.079202
      2.693372
      2.905139
      2.104507
      3.298465
      4.695734
      4.585885
      2.985661
      4.356413
      1.744644
      2.867318
      3.331417
      2.240448
      3.210729
      2.343539
      1.837039
      0.869701
      4.000533
      3.142097
      1.988878
      2.675901
      1.377944
      2.154901
      0.708961
      1.455003
      4.708163
      4.163425
      3.994675
      4.752473
      2.186573
      2.105741
      0.213849
      4.418084
      4.980625
      2.712497
      4.681965
      3.672403
      3.224182
      2.757943
      2.268579
      4.718106
      2.205166
      1.017595
      0.144627
      2.136138
      0.975735
      4.912742
      2.995478
      0.186485
      1.537806
      4.276259
      1.361332
      4.285749
      3.407849
      4.782621
      0.348609
      3.540785
      1.868440
      1.313322
      1.090515
      1.198259
      2.035143
      4.569554
      4.331237
      3.355298
      4.967656
      2.572978
      3.462945
      4.494130
      2.508779
      1.965555
      3.898936
      4.460399
      3.435786
      4.018859
      3.101706
      4.739357
      2.491687
      1.502457
      1.268807
      2.073856
      1.378428
      1.066064
      4.705914
      3.190279
      1.845458
      4.881221
      1.363707
      3.948826
      4.170147
      3.427633
      1.802961
      2.583189
      3.915263
      2.336382
      4.357544
      2.725390
      2.736494
      3.355015
      3.584063
      2.012251
      1.972188
      4.237419
      2.932729
      1.810284
      3.208973
      3.913993
      0.840722
      4.488394
      1.133246
      4.133115
      4.639439
      4.337112
      3.437845
      0.369337
      2.035876
      3.450030
      4.357876
      3.649924
      4.477320
      4.494256
      2.517638
      2.775790
      4.637098
      3.919064
      3.064638
      1.625145
      2.120783
      1.506319
      3.634918
      4.304923
      2.546167
      1.119127
      2.154080
      1.860211
      3.818067
      2.889154
      4.373066
      3.993598
      1.714888
      3.729755
      1.633796
      0.889903
      4.350145
      2.269309
      1.585396
      2.727647
      1.476398
      3.107666
      4.351047
      2.824504
      3.942170
      3.363246
      4.608638
      4.097397
      2.811534
      2.572098
      3.357781
      3.843721
      0.940779
      3.511736
      3.889341
      4.131049
      1.361145
      4.740912
      4.991639
      4.922087
      1.056207
      1.036852
      2.512627
      4.591340
      2.782311
      4.610705
      1.725308
      1.389667
      3.047947
      3.521354
      3.927443
      4.989097
      4.662033
      2.350381
      2.561396
      4.729891
      3.153305
      0.253277
      3.293402
      2.560329
      4.772336
      1.645436
      3.673110
      3.033091
      0.863805
      1.425121
      4.734133
      2.712121
      0.199171
      1.569925
      3.217695
      2.636790
      1.368240
      0.742977
      4.311980
      4.634389
      1.711670
      4.622174
      0.387512
      1.060126
      1.325265
      1.306310
      2.602355
      4.076866
      3.635936
      1.061110
      2.386438
      1.828292
      4.412085
      0.585833
      2.694932
      1.068814
      1.266657
      2.896568
      4.751061
      1.275065
      0.943629
      4.323853
      3.351347
      3.818618
      4.757380
      4.032849
      4.568850
      2.984089
      0.226809
      3.514563
      4.242106
      4.123038
      1.099926
      3.879779
      4.479485
      0.702379
      1.043675
      2.070209
      4.756725
      3.604471
      1.359602
      1.580279
      1.193847
      1.426404
      3.983597
      3.942248
      1.011344
      4.233207
      1.999018
      1.525026
      2.377649
      2.612820
      2.386564
      4.166994
      3.421791
      4.020851
      3.922266
      3.227422
      1.990456
      3.009553
      2.132357
      2.714400
      3.225908
      0.434421
      1.264056
      3.654484
      4.663415
      3.670400
      3.999712
      3.356701
      3.566319
      2.555825
      3.899603
      3.750214
      1.840197
      4.030531
      3.999961
      1.113402
      1.251323
      1.912550
      3.117217
      4.658774
      1.961979
      1.299932
      4.583088
      2.709900
      1.377371
      1.580281
      2.117171
      2.096668
      2.599621
      4.988975
      1.856030
      1.506345
      4.067230
      1.883509
      4.333527
      4.652202
      3.646692
      2.589735
      1.913024
      4.790054
      1.574532
      2.943100
      2.506371
      0.332158
      1.693659
      1.507714
      0.402410
      1.525057
      2.526506
      4.749330
      2.533880
      3.943945
      4.136810
      4.476396
      4.107184
      3.860862
      4.917383
      3.160997
      4.347599
      4.035515
      2.612605
      2.151428
      2.426775
      3.543210
      4.301108
      2.482212
      1.988293
      2.251557
      0.868318
      4.513101
      2.349295
      2.239876
      1.641420
      3.270896
      4.321537
      2.215621
      4.115353
      4.057792
      2.338727
      1.414704
      0.959038
      1.755140
      2.552227
      2.604625
      1.503527
      1.767649
      1.898147
      0.880467
      2.359448
      4.642825
      2.941168
      3.051460
      2.755441
      4.462030
      4.411917
      0.041809
      4.113614
      0.241457
      3.702675
      4.455999
      1.197124
      3.530354
      0.424087
      0.250523
      2.528489
      2.913721
      3.022187
      2.671743
      2.845401
      2.464227
      3.939324
      1.277546
      2.634335
      4.691497
      2.669646
      4.823296
      2.274040
      0.849107
      1.871440
      3.525518
      1.756604
      1.170692
      4.916605
      2.532262
      4.257970
      2.959899
      3.056884
      3.856018
      3.746334
      4.206736
      3.770310
      4.915259
      4.453686
      1.044904
      1.828039
      3.393879
      1.712075
      0.796286
      0.576184
      4.095893
      4.017758
      4.247056
      3.908199
      4.149847
      3.587933
      4.171271
      2.403375
      1.072038
      2.811945
      3.731328
      2.609699
      1.295041
      2.873701
      2.486394
      0.848539
      2.287482
      3.889515
      0.474752
      3.611347
      3.808115
      4.523774
      3.650110
      4.155427
      3.637676
      4.218708
      4.206432
      0.433247
      2.297505
      4.731113
      4.594307
      3.171042
      2.260044
      1.736154
      2.420845
      3.239160
      3.296266
      3.120940
      1.647234
      3.689541
      2.502683
      2.600045
      4.491072
      1.076245
      0.095129
      2.357735
      3.432457
      3.506724
      0.756648
      1.640307
      2.344467
      4.161482
      4.112210
      1.898642
      3.702323
      3.050139
      3.114903
      4.328040
      2.753532
      4.888011
      2.753190
      4.126822
      3.049888
      2.615140
      2.347486
      2.720402
      3.302889
      0.808428
      4.121405
      0.050666
      3.371339
      4.738578
      1.262102
      3.594346
      3.702606
      2.142354
      3.048211
      2.927468
      4.212456
      0.144474
      3.333394
      2.693998
      2.632840
      4.020904
      4.074045
      4.349474
      2.751526
      3.650760
      3.021474
      3.625180
      2.585063
      4.679794
      4.952503
      4.590735
      3.492477
      0.728955
      2.116833
      3.616292
      1.408289
      3.753451
      2.777628
      0.700328
      2.239973
      1.016232
      3.063868
      1.934621
      1.518995
      1.192511
      3.588389
      2.101501
      1.334663
      2.434035
      4.456080
      1.301913
      1.076663
      1.582720
      2.232387
      0.260693
      2.776924
      0.373708
      4.317853
      2.650954
      4.520648
      1.846858
      3.721303
      4.018690
      3.687289
      4.614914
      0.640163
      3.165638
      4.081499
      3.985749
      4.204990
      3.851848
      2.517266
      3.632421
      2.932526
      1.845979
      2.263975
      1.448056
      4.107444
      4.897993
      3.763769
      1.178630
      4.961276
      2.381432
      0.821577
      1.912208
      4.185524
      4.921636
      3.401733
      4.350406
      4.289452
      3.186787
      3.405745
      2.657529
      4.987544
      0.961117
      3.098124
      2.849144
      2.091948
      2.778957
      0.620218
      3.527075
      4.727156
      4.795966
      1.246513
      3.318096
      0.989419
      0.803785
      1.430967
      4.081461
      4.275578
      2.742454
      2.327121
      1.433187
      1.721464
      4.300837
      2.815986
      2.756364
      1.237276
      3.694201
      0.909803
      0.564908
      0.134342
      4.666571
      4.553341
      1.800086
      0.746827
      4.428109
      1.391872
      4.618347
      2.599461
      4.092957
      1.525685
      4.476915
      3.999205
      4.431926
      2.666754
      2.869435
      4.291636
      1.241715
      3.503897
      1.891298
      2.721129
      4.916094
      3.836534
      3.913523
      3.613552
      3.615175
      3.466760
      2.113007
      1.383679
      3.884042
      3.547648
      0.257757
      2.369070
      4.003619
      2.042972
      4.662293
      3.484823
      0.702854
      2.056751
      1.188702
      1.307943
      2.965440
      3.704436
      3.779518
      4.139582
      2.794038
      2.796293
      1.149858
      4.395979
      2.969499
      4.103914
      3.234679
      0.916268
      3.550463
      2.686118
      2.661023
      2.387958
      2.318797
      1.010278
      2.439044
      3.083223
      0.565558
      1.272490
      1.161887
      3.891882
      2.378877
      4.619239
      4.863929
      1.084643
      3.702382
      2.042883
      1.240293
      4.061719
      1.953405
      1.872714
      2.511341
      0.849686
      2.445706
      3.031148
      4.834808
      3.093323
      0.328012
      2.663383
      3.531531
      3.918782
      2.089124
      1.321360
      2.421400
      4.330601
      1.258504
      3.970763
      1.535671
      4.036813
      2.209342
      2.737103
      1.277483
      4.275619
      1.849323
      4.851770
      3.406111
      3.898647
      4.906944
      3.475537
      0.708026
      4.069927
      4.360047
      3.767437
      3.701287
      0.904514
      2.376169
      4.316162
      1.002306
      3.259415
      3.278886
      3.152608
      2.335966
      4.292821
      1.788677
      3.772122
      1.617020
      0.921321
      3.040565
      1.698846
      0.188444
      0.947270
      3.158668
      2.850163
      1.410294
      4.850738
      3.092579
      2.780958
      3.058805
      1.583984
      1.689764
      2.992398
      2.288308
      4.528907
      4.791784
      3.733878
      1.470898
      0.058239
      4.314195
      1.763273
      4.043175
      4.163603
      1.660286
      3.242735
      4.454545
      2.578830
      2.887973
      4.149911
      4.575420
      3.228064
      4.489450
      2.524445
      4.417893
      3.169183
      4.206531
      0.705190
      2.503580
      1.818028
      3.166295
      1.459673
      3.234597
      0.477869
      4.678040
      4.981095
      2.565728
      3.394784
      3.848675
      4.513272
      2.397346
      1.020776
      2.709940
      2.356817
      3.406463
      1.716441
      3.428518
      3.844676
      3.308161
      3.583989
      2.538684
      3.835491
      2.484254
      4.104642
      2.816974
      3.030268
      0.439282
      4.404422
      4.476342
      1.758702
      1.279827
      2.255160
      1.991340
      3.519902
      0.830078
      3.884686
      4.926049
      1.131657
      2.654102
      0.737881
      0.711648
      3.425520
      2.885472
      3.400694
      4.780730
      3.448834
      3.118893
      2.289704
      3.222909
      2.194032
      4.580045
      2.986540
      2.238195
      3.729181
      4.723398
      1.455556
      4.124686
      3.191136
      3.330414
      2.347166
      0.864423
      1.201445
      4.123659
      4.934430
      3.099009
      4.543391
      1.515474
      3.397444
      2.244895
      3.517950
      1.157265
      2.117791
      2.325085
      4.656270
      1.690179
      4.626371
      4.180776
      3.725719
      2.285120
      4.779357
      3.416179
      1.891916
      1.377596
      3.471846
      3.735506
      2.093121
      4.506082
      0.752480
      4.435469
      1.563521
      2.010867
      4.987895
      2.505492
      3.956543
      2.019165
      3.019746
      4.245771
      0.976078
      4.775343
      2.974853
      1.162370
      1.903197
      0.914980
      1.111242
      3.882521
      1.063121
      4.505382
      2.882890
      4.293870
      0.548340
      1.552932
      1.383883
      1.779622
      3.323828
      4.444679
      3.950093
      3.459630
      4.480863
      2.026350
      3.701639
      4.243789
      2.441650
      2.749274
      3.834685
      2.903556
      1.645752
      3.727565
      1.716440
      4.663999
      4.602110
      0.626591
      3.234842
      1.856941
      3.635895
      4.663578
      0.550547
      4.174180
      3.477154
      3.320781
      3.308411
      3.951826
      2.023147
      4.018544
      1.655001
      3.241786
      4.343599
      1.340739
      2.317808
      3.394783
      0.198327
      2.649417
      0.932719
      0.464362
      2.960144
      0.914747
      3.516448
      1.566510
      3.661228
      0.763392
      0.697159
      3.754780
      2.606948
      4.760658
      1.731049
      3.850331
      3.347599
      3.964338
      3.500040
      3.976448
      3.863196
      1.919716
      0.661115
      2.748960
      3.597493
      1.176410
      4.752761
      2.561291
      2.417467
      2.043212
      3.300909
      3.770564
      2.764596
      4.651073
      4.589655
      4.193150
      4.464127
      3.363396
      2.957593
      3.398842
      1.832629
      2.992351
      0.586275
      2.630242
      1.910353
      2.456086
      3.321484
      3.065129
      1.363269
      2.602297
      1.857078
      1.625637
      2.485464
      4.475790
      3.933137
      4.588932
      2.346937
      1.056244
      0.898985
      1.592107
      1.152343
      1.748694
      4.182314
      3.607973
      2.233315
      3.452830
      3.357486
      4.681801
      3.107227
      2.163929
      3.940381
      4.753545
      4.187026
      0.919788
      3.300383
      4.482113
      2.704250
      1.849764
      2.781246
      4.953982
      4.097952
      4.770825
      3.504538
      1.657365
      2.589035
      4.134065
      4.371788
      2.417644
      2.925185
      2.886477
      2.948138
      4.666138
      2.979570
      0.472987
      1.411643
      2.037848
      0.932141
      4.419438
      1.517490
      2.823376
      3.120508
      0.496751
      4.144967
      3.658284
      2.018482
      0.700206
      2.267679
      0.216501
      3.291495
      3.867018
      2.228278
      3.235162
      4.747653
      2.803387
      0.698950
      3.823794
      1.662608
      3.678387
      0.809241
      4.179932
      4.848518
      3.854397
      2.786534
      3.727273
      3.166773
      1.650312
      4.170423
      2.456668
      1.569567
      2.063444
      1.227862
      0.792868
      2.660553
      2.274621
      4.677216
      4.330686
      2.418615
      3.033154
      1.557183
      2.822505
      2.449734
      1.573568
      4.478185
      4.220524
      4.025109
      3.052806
      3.179347
      2.556540
      3.066787
      4.394960
      2.494289
      1.436015
      4.116989
      3.848813
      0.836827
      1.037760
      3.286737
      0.425463
      0.214663
      1.861426
      3.029406
      0.658412
      3.997060
      2.815742
      4.945731
      1.107944
      0.177630
      3.626099
      3.048410
      1.748896
      0.799657
      4.351516
      2.919908
      4.008127
      3.662275
      3.815327
      0.244561
      3.651937
      3.625927
      3.427864
      0.729439
      0.912570
      1.563204
      2.727344
      4.948807
      1.572827
      1.148182
      1.602488
      3.749294
      1.788286
      2.794779
      3.273998
      2.550179
      3.187549
      0.797620
      1.431837
      4.273022
      3.764160
      0.169806
      1.998247
      2.126222
      0.790436
      3.696734
      0.163186
      2.518788
      3.041378
      1.619784
      3.688639
      4.461144
      3.877020
      4.995071
      3.079865
      2.133844
      0.138140
      1.510769
      1.232639
      0.953809
      4.559792
      3.234345
      3.607242
      4.525110
      2.040979
      0.893223
      2.227929
      2.317613
      1.911641
      4.080358
      3.769377
      3.245878
      1.884285
      0.462837
      4.860317
      1.818756
      2.870733
      3.706169
      3.321331
      1.684121
      3.254699
      0.866020
      4.642571
      1.089170
      0.651527
      4.164847
      2.853499
      2.465535
      0.836677
      1.626971
      2.494501
      1.073944
      2.208908
      0.957043
      4.098655
      3.021710
      3.194444
      1.778524
      1.739685
      1.661399
      4.529243
      3.210658
      0.794679
      4.607563
      3.219207
      3.509677
      4.686591
      0.731315
      2.195786
      4.072280
      4.542763
      2.570265
      1.607319
      3.962438
      0.785546
      3.049120
      3.220287
      3.922266
      0.654694
      3.859860
      2.248384
      4.262431
      2.156724
      4.239888
      3.523297
      4.929009
      3.681704
      0.963742
      2.206404
      3.646479
      4.663090
      3.307900
      1.008195
      2.121170
      3.008094
      3.718964
      1.363530
      1.965696
      0.506281
      2.646119
      1.061141
      4.379426
      3.736313
      4.953513
      3.917409
      3.267143
      3.203684
      0.407556
      3.791183
      2.926117
      4.069599
      4.134491
      0.569503
      1.171656
      1.160000
      4.515574
      4.291765
      3.066659
      2.195902
      3.976218
      3.881650
      4.236736
      1.300891
      1.303280
      4.145818
      0.369168
      3.489007
      2.822948
      0.745770
      2.530487
      4.873888
      3.739776
      4.205356
      2.099548
      4.272273
      1.052156
      4.594904
      2.393759
      0.432286
      3.926523
      1.979089
      4.658090
      3.242748
      4.053908
      2.535256
      2.292124
      3.208178
      3.424094
      1.420886
      0.844854
      2.609685
      2.708961
      4.937211
      3.778578
      3.833632
      4.267245
      2.664944
      1.924433
      2.514114
      4.102217
      4.453230
      3.717669
      2.241280
      1.684358
      1.812210
      3.180000
      1.376710
      4.178794
      4.406707
      0.689228
      1.759629
      1.591138
      2.782576
      3.421381
      3.387482
      3.637384
      1.067839
      3.385549
      2.288974
      0.800514
      3.023955
      2.462322
      1.011723
      1.937708
      4.573381
      1.644168
      4.550943
      3.667937
      3.127074
      3.095366
      3.466137
      1.655824
      2.010962
      1.592678
      2.426391
      2.899834
      3.187374
      0.947433
      0.843435
      4.470571
      3.086309
      3.376868
      1.446217
      3.764262
      4.671516
      3.442939
      0.563180
      3.819040
      3.189849
      4.599313
      1.017872
      4.217057
      0.835993
      4.082944
      4.605223
      1.165957
      2.912564
      4.294982
      3.233276
      3.979447
      2.498508
      4.750798
      3.477147
      4.337608
      2.433859
      2.208286
      2.014306
      1.470845
      2.381622
      4.353006
      2.440273
      4.824011
      2.065816
      3.582055
      2.651924
      2.159750
      1.031574
      2.039523
      2.753819
      4.577612
      4.122572
      2.306810
      2.117510
      3.540406
      3.685073
      3.254228
      1.570850
      4.432934
      2.330457
      1.613887
      3.153771
      4.140276
      1.626281
      3.786818
      0.938517
      3.775083
      3.963688
      4.573210
      1.515117
      2.460769
      3.089128
      3.945184
      4.728700
      3.213215
      4.066870
      1.716356
      0.968822
      4.791426
      4.427179
      1.542017
      4.267170
      3.872168
      4.162238
      1.343820
      0.976997
      4.698300
      3.779135
      0.621580
      2.662601
      4.261173
      3.569681
      4.916611
      2.360289
      3.283012
      2.240241
      2.212955
      2.094657
      2.234249
      2.156361
      2.093828
      2.702351
      3.924032
      1.131375
      4.636586
      4.773653
      1.166438
      1.820243
      2.202700
      2.214847
      4.687051
      3.402528
      2.332663
      1.424863
      2.183765
      4.014967
      0.264058
      2.556861
      3.540418
      2.362647
      4.201687
      4.632961
      2.566762
      4.623625
      2.049392
      3.325807
      2.220678
      0.339406
      3.047150
      3.171000
      2.765908
      1.814811
      2.556119
      3.384026
      1.942672
      3.837214
      1.265407
      3.880303
      4.064644
      2.420975
      2.311031
      3.439938
      1.420252
      3.336883
      1.153301
      2.782122
      0.642655
      1.003297
      2.734726
      3.453640
      3.123925
      1.389247
      4.916674
      4.000969
      3.751702
      3.030896
      3.165653
      4.220691
      3.939845
      1.619291
      0.585647
      4.842144
      4.874733
      1.949396
      3.515825
      3.236241
      1.565126
      2.262864
      1.815309
      4.565135
      3.613386
      2.578484
      3.044863
      2.711358
      3.214800
      3.311611
      2.914689
      3.359069
      2.287910
      1.930243
      1.835472
      0.408872
      1.596927
      2.459058
      1.005835
      1.911769
      2.858240
      4.224543
      1.159332
      4.779624
      1.980113
      0.294588
      3.764559
      2.037755
      1.762429
      4.401740
      1.377659
      2.546451
      3.843927
      0.956021
      2.001257
      3.422642
      4.451272
      2.459843
      4.430321
      4.534521
      0.538724
      4.024088
      4.158429
      2.868382
      1.435651
      4.810842
      2.301729
      1.642205
      2.089597
      3.874594
      4.351663
      4.595418
      1.331332
      3.535233
      3.116605
      4.720149
      3.065791
      0.789253
      4.137025
      2.740617
      2.373653
      1.734744
      1.029960
      3.407020
      4.912573
      1.701994
      1.324960
      0.814933
      3.027362
      4.803211
      4.984267
      0.868112
      4.004357
      1.628299
      2.151819
      0.859616
      1.335647
      3.046793
      4.565799
      2.059977
      3.867151
      1.675126
      4.900824
      2.935779
      4.786164
      2.970100
      1.831366
      4.914361
      4.702970
      3.444401
      1.936478
      1.425843
      2.922740
      1.753636
      1.419606
      3.824837
      4.557412
      4.811737
      3.765729
      3.957350
      3.954536
      2.839007
      1.738480
      2.780696
      1.735769
      0.802219
      2.240298
      2.324492
      4.318769
      0.926888
      1.232152
      0.397252
      4.824138
      3.129782
      2.242702
      3.441554
      4.899066
      1.575601
      1.966048
      0.485123
      3.527164
      3.905583
      3.616948
      2.870140
      4.965955
      3.982511
      3.782425
      4.794735
      2.134400
      0.279985
      1.068481
      0.456393
      4.243427
      2.513080
      4.108708
      2.459454
      0.134637
      3.967152
      2.612084
      4.735570
      4.524209
      1.737932
      1.579724
      2.360680
      4.223039
      2.028526
      2.762573
      3.505854
      0.984606
      1.039517
      4.609993
      1.134920
      4.505168
      3.310712
      4.979694
      4.825070
      4.887048
      1.305614
      2.759154
      2.424895
      4.516327
      1.615812
      4.479898
      3.851832
      4.352736
      3.063985
      4.705922
      4.879072
      2.967042
      4.390610
      3.125545
      2.088924
      1.118519
      2.473967
      3.447942
      3.619386
      4.490031
      2.481167
      4.060301
      1.923389
      4.703050
      4.647725
      3.448123
      0.835146
      2.683185
      3.096373
      1.542018
      2.635240
      4.692914
      3.070875
      2.895841
      2.512307
      2.475245
      2.071406
      4.452121
      0.438104
      4.226165
      1.815434
      3.962322
      3.163030
      1.567845
      2.616535
      2.386452
      2.280586
      2.062726
      1.620070
      2.443117
      2.269448
      0.421126
      2.169431
      3.607315
      4.172695
      3.391511
      2.949421
      2.348546
      4.977573
      4.219324
      2.878426
      4.536944
      1.183593
      0.392600
      2.980441
      3.633654
      3.940393
      3.237113
      2.532008
      4.621209
      3.152829
      1.994231
      0.274111
      2.285433
      3.275463
      3.939478
      2.779889
      4.241734
      3.666852
      4.703585
      4.832110
      3.010388
      2.998479
      2.738593
      2.657436
      3.002526
      4.504519
      2.895587
      2.505178
      1.222079
      1.766787
      2.692803
      2.093257
      1.208756
      1.612075
      3.260966
      4.060416
      1.476598
      3.918735
      0.708028
      3.938529
      0.501032
      2.510032
      4.656106
      2.417425
      1.810384
      0.136572
      1.771481
      1.920136
      1.835888
      2.655667
      4.924784
      4.008016
      3.605961
      2.792345
      4.449116
      4.312500
      3.404392
      4.048152
      2.211959
      3.928610
      3.904169
      1.519154
      3.295771
      3.433876
      3.860663
      4.712676
      2.380535
      3.678679
      3.900972
      3.716790
      4.598100
      1.663439
      3.099235
      2.503635
      3.170469
      4.085204
      2.810657
      1.917186
      2.801856
      4.966273
      2.605185
      4.823653
      4.817058
      4.638669
      1.471129
      3.075668
      4.530325
      4.349916
      2.671455
      3.867114
      2.135673
      2.291138
      3.602132
      3.589078
      3.881716
      0.466249
      3.440482
      0.768383
      3.425822
      4.737671
      2.599022
      3.536324
      0.927244
      2.098546
      4.708957
      3.541682
      3.929703
      4.212800
      2.560620
      1.799702
      4.251849
      3.939544
      1.237826
      2.833634
      2.868725
      2.503326
      4.572202
      1.053509
      2.698966
      4.984413
      3.723229
      4.857508
      2.641424
      4.183041
      0.824430
      3.908356
      0.854639
      2.071849
      4.645358
      1.596280
      1.737779
      4.309738
      2.897044
      2.769156
      4.130728
      3.742349
      4.499014
      2.547333
      2.976654
      2.936929
      3.440989
      0.822877
      0.784360
      0.970648
      3.865183
      2.475308
      3.128317
      3.744330
      4.516736
      2.933268
      3.750386
      3.632740
      2.938516
      2.973876
      4.302691
      0.946659
      4.585600
      3.667273
      3.934431
      3.032737
      4.207025
      2.583791
      2.629590
      1.047578
      1.806519
      3.022433
      0.635670
      2.100480
      4.991024
      1.808129
      4.339340
      1.875407
      3.466352
      4.667608
      2.437442
      1.666816
      3.293408
      4.198884
      4.010791
      1.839154
      2.701127
      4.816073
      1.539174
      0.804521
      4.471810
      1.466677
      0.605630
      2.246554
      0.514745
      2.211366
      4.347045
      1.179210
      3.607151
      1.746796
      4.861311
      4.831375
      1.893784
      3.726436
      2.200809
      2.096712
      2.358644
      4.014581
      3.201525
      0.895415
      2.498148
      2.712633
      2.852734
      2.904561
      2.513047
      4.098117
      1.718444
      3.306761
      1.667195
      3.402684
      2.372510
      1.335803
      2.145454
      4.992776
      4.270991
      0.673205
      0.964672
      3.593275
      3.338201
      3.567925
      3.892306
      2.428776
      4.233000
      3.369387
      4.580091
      2.249175
      4.402320
      2.713898
      2.748295
      1.747160
      1.611545
      4.737782
      3.832975
      3.696772
      2.813622
      3.073036
      2.728251
      0.957979
      3.546131
      4.347738
      4.778304
      1.344628
      1.621794
      2.709826
      1.275786
      3.378113
      1.302788
      3.491779
      3.556203
      3.938172
      1.844686
      3.094577
      2.948201
      2.596249
      1.755150
      4.871207
      2.823329
      1.948605
      3.675392
      2.013107
      1.707074
      3.685954
      2.551673
      0.062752
      0.102594
      2.660094
      4.596616
      2.086126
      4.211888
      4.743663
      3.986163
      3.436957
      1.602677
      1.969900
      0.340348
      1.475719
      2.116073
      1.105532
      3.502103
      2.720786
      1.327513
      4.581783
      1.615295
      3.125663
      4.316195
      1.097020
      2.124077
      0.331945
      3.935439
      2.544629
      4.290018
      1.179142
      2.875809
      2.625507
      4.102526
      0.534822
      0.660479
      2.242887
      2.937373
      4.398450
      1.457128
      4.982087
      2.598350
      4.087326
      0.648194
      4.164137
      1.715759
      1.392139
      4.308182
      2.090366
      4.126882
      3.181198
      2.081043
      3.621459
      4.546108
      4.558043
      3.551501
      4.898214
      1.894523
      4.732456
      3.515029
      1.453588
      3.149441
      2.753198
      3.323743
      2.190025
      2.925716
      3.413202
      0.055505
      4.809887
      4.269696
      1.881166
      2.656407
      3.881252
      4.469769
      3.866687
      4.367842
      4.980668
      2.490900
      3.142816
      4.935383
      2.125761
      2.522498
      1.144622
      3.289100
      4.823111
      2.626797
      4.282075
      4.667700
      2.766283
      1.806126
      0.988647
      0.262384
      3.633188
      3.721538
      3.436344
      2.724488
      0.853471
      0.974570
      4.852335
      2.795558
      3.414795
      3.132979
      3.542490
      2.270371
      0.903814
      3.184365
      3.829493
      2.602731
      1.277672
      4.677379
      2.263886
      0.243806
      3.788995
      4.652530
      2.148294
      2.632585
      4.264495
      2.269000
      4.727080
      0.868866
      4.590074
      2.178704
      1.188980
      1.763152
      3.423614
      0.441976
      2.079370
      2.223100
      0.799173
      3.247883
      0.272850
      1.645010
      4.791329
      3.924594
      1.643385
      4.180242
      1.709589
      2.777262
      0.667237
      2.518271
      3.176757
      2.027901
      3.945498
      1.904176
      1.694280
      0.244239
      1.579688
      4.731554
      1.943474
      1.558254
      2.108384
      4.640164
      4.703839
      1.544909
      4.547761
      2.020671
      0.814913
      3.587157
      2.342265
      3.347885
      3.635655
      3.785744
      3.599806
      4.913027
      1.301052
      1.623542
      3.510471
      2.343270
      2.176066
      4.192238
      2.159349
      2.487859
      3.637933
      4.038529
      2.970691
      3.919854
      1.232912
      0.770174
      2.027231
      1.986373
      1.861294
      1.710584
      2.285754
      1.743650
      4.806281
      3.660723
      4.359881
      3.306527
      3.656629
      2.789329
      1.530297
      4.626867
      4.557930
      1.115980
      2.490479
      4.971303
      4.211401
      0.642968
      0.689093
      2.788352
      0.528947
      4.765838
      2.250575
      3.517924
      2.527612
      4.277842
      4.715171
      4.926768
      2.913876
      3.928456
      1.350728
      2.490444
      0.957452
      4.620450
      4.746114
      4.336021
      4.006251
      1.759716
      2.948984
      1.601297
      4.955545
      3.274013
      2.454243
      2.005959
      4.928371
      1.080017
      1.504082
      4.421947
      1.231897
      3.864577
      2.814399
      2.700932
      0.621785
      2.277504
      4.393412
      1.452820
      3.952029
      0.634857
      4.834371
      3.800145
      4.078175
      4.106314
      4.772744
      1.728681
      2.172401
      0.884491
      3.426441
      2.142112
      2.768499
      3.201959
      2.859304
      4.213854
      0.808520
      2.814150
      3.282032
      0.118716
      0.931818
      3.430620
      3.278957
      0.621156
      4.369380
      1.604430
      1.419763
      4.607147
      4.843299
      4.956175
      0.874385
      4.817918
      1.245308
      0.798958
      1.547177
      1.632271
      3.162620
      3.424464
      4.127710
      0.641502
      3.223054
      3.792941
      1.274600
      2.839329
      4.816035
      3.999042
      3.758536
      4.647305
      3.137983
      2.215752
      2.518409
      2.218967
      3.082358
      3.403859
      1.286337
      4.464855
      4.833506
      1.562646
      3.505807
      3.821531
      4.660408
      3.237001
      1.869859
      2.948631
      3.192746
      2.111734
      1.346044
      2.541476
      1.032759
      4.200455
      3.985877
      0.629719
      2.325674
      0.563791
      1.989853
      2.265855
      3.778722
      3.221117
      3.026424
      3.384847
      3.705458
      4.620228
      2.616046
      4.570606
      3.194281
      4.421083
      1.874000
      3.205206
      2.790590
      0.832013
      4.937580
      4.485963
      0.538584
      3.483655
      1.067406
      4.207208
      3.527148
      3.268300
      4.624087
      4.004562
      2.084832
      3.111880
      1.973756
      0.677915
      4.422251
      3.143166
      2.995942
      4.150281
      2.996647
      4.771228
      1.541709
      2.221987
      1.495386
      4.122531
      3.497120
      0.635570
      0.135692
      0.865073
      4.536882
      4.049888
      2.897774
      3.854670
      3.095167
      1.427357
      2.248297
      3.785360
      1.532314
      1.809939
      2.953506
      3.657028
      3.437996
      2.609285
      1.068323
      4.976725
      3.212480
      4.703626
      4.456627
      2.168871
      1.560392
      3.628774
      4.109113
      4.400065
      0.644373
      1.643689
      2.214493
      1.141892
      2.836458
      3.493562
      4.083475
      1.137717
      1.868506
      4.373119
      3.516179
      2.326263
      4.587499
      3.584026
      2.191744
      1.395351
      3.119948
      3.111211
      3.883987
      1.301754
      0.401836
      1.802194
      2.269303
      0.305313
      2.300360
      3.607984
      2.168729
      4.513860
      2.422403
      4.921106
      1.914524
      2.103332
      1.378840
      2.287111
      4.217310
      0.522192
      2.811128
      4.550465
      3.313764
      2.032475
      2.439567
      2.683809
      3.484893
      0.921845
      3.993770
      1.773100
      1.714934
      0.952795
      2.535274
      1.588344
      2.112649
      1.063634
      1.357170
      3.146739
      4.695633
      1.651551
      1.431964
      1.757262
      0.527375
      2.541562
      3.176346
      2.015071
      2.933012
      2.925655
      2.232421
      4.584430
      2.374600
      2.647354
      4.559482
      3.291819
      3.391768
      3.543307
      3.084205
      2.306186
      3.288747
      4.957542
      2.639869
      2.792973
      0.919879
      3.040304
      4.435063
      1.976911
      1.562341
      4.493248
      2.562529
      3.283239
      4.384521
      3.853092
      2.362585
      4.930868
      3.948950
      0.401186
      1.056904
      3.103309
      4.510452
      0.948153
      1.558100
      3.320801
      0.509256
      1.426549
      3.102332
      3.044860
      4.777075
      4.658346
      4.338672
      1.291143
      4.581279
      1.040246
      2.212105
      4.523492
      4.846372
      2.832885
      3.414303
      3.301717
      2.734149
      0.978197
      0.875126
      1.981069
      4.818846
      1.947884
      0.039427
      1.805597
      3.849629
      0.793446
      4.178602
      3.719938
      3.736599
      0.923119
      4.983127
      2.659133
      1.310621
      1.443919
      2.993540
      4.090819
      4.323475
      1.535677
      3.103267
      3.986285
      4.529027
      4.815330
      3.882225
      2.017640
      4.585868
      1.418338
      2.124795
      3.007165
      4.044876
      3.949888
      0.963437
      0.980469
      1.795003
      1.213412
      3.600809
      3.777902
      1.744026
      0.882317
      3.390672
      3.098798
      3.696761
      3.648413
      2.340061
      1.563708
      1.158940
      1.391516
      4.418458
      1.537056
      3.587813
      4.986475
      4.498659
      4.678926
      2.866971
      2.206351
      3.413664
      1.922233
      1.630429
      2.600171
      4.091136
      2.319448
      2.315454
      1.932908
      4.435001
      1.887843
      3.574387
      2.826415
      1.973368
      3.892235
      1.609504
      2.523515
      1.834117
      1.612055
      4.641788
      2.434256
      1.194262
      0.420499
      3.210144
      4.458461
      3.037912
      2.624105
      2.507530
      0.613308
      4.047135
      1.506456
      2.860832
      2.424964
      2.511672
      2.785225
      3.682867
      1.856045
      4.385932
      4.371580
      3.047460
      4.695202
      2.176676
      1.828236
      0.718727
      3.687773
      4.204236
      2.146486
      3.442535
      3.466847
      4.761727
      2.423354
      3.258887
      2.085773
      2.727620
      3.726595
      1.452689
      1.874163
      1.006395
      4.318434
      2.187027
      4.699884
      0.797864
      3.768399
      1.134414
      1.283470
      2.389009
      4.364854
      1.782743
      1.502875
      4.753922
      2.726135
