theta1
0.1269329050
0.1113434276
0.1140243273
0.1249771508
0.1433767704
0.1505601532
0.1518916963
0.1574640337
0.1554478107
0.1502544927
0.1963682887
0.1845627234
0.1895077120
0.1784425273
0.1742158787
0.1608249568
0.1515507274
0.1545937122
0.1512969684
0.1589250290
0.1651631376
0.1602506686
0.1828718999
0.1882693755
0.2047893167
0.2054391567
0.2307441318
0.2299624590
0.2481481988
0.2438095040
0.2385849144
0.2701090035
0.2740938399
0.2707132106
0.3084192568
0.3187308679
0.3227904926
0.3204297134
0.3294193829
0.2615194158
0.2601756397
0.2284022316
0.2208751242
0.2384108664
0.2602682664
0.2552538770
0.2662940013
0.2707583369
0.2588888821
0.2660990237
0.2781746243
0.2609571329
0.2841182399
0.2933167723
0.3228378556
0.3086576923
0.3218728858
0.2989892260
0.2910724373
0.2718305256
0.2970764922
0.2940964433
0.3191731224
0.3085439338
0.3097020598
0.3311832272
0.3018206850
0.3254389397
0.3625464778
0.3208272560
0.2642347588
0.2745724527
0.2629277050
0.2514518847
0.2358499826
0.2276813214
0.2156134530
0.2120635772
0.2427374483
0.2257763055
0.2484854228
0.2401708991
0.2135179635
0.2223068095
0.2341192454
0.2160858818
0.2166881414
0.2128829995
0.2100131486
0.2232848105
0.2433144119
0.2468642962
0.2527002048
0.2556737797
0.2478557835
0.2532169701
0.2712561502
0.2906514628
0.2698612832
0.2648088898
0.2730445970
0.2839197682
0.2950649657
0.2862456203
0.2988185917
0.3242791777
0.2968563168
0.2901189249
0.2682516617
0.2704199035
0.2426738412
0.2680151493
0.2940423577
0.2931648269
0.2893536409
0.2754186668
0.2635841806
0.2785075829
0.2787733221
0.2932234315
0.2924100621
0.2823349731
0.2840473075
0.3096034046
0.3156015519
0.3114012855
0.3464190220
0.3478406693
0.3289162880
0.3193501556
0.3033409007
0.3076415566
0.3480021189
0.3360031295
0.3340213874
0.3491502893
0.3606964810
0.3735651217
0.3559739500
0.3727703506
0.3280101894
0.3319582006
0.3427786255
0.3554308741
0.3748390222
0.3725510831
0.4005839778
0.3668727455
0.3297638917
0.3289412176
0.2964215984
0.3285664697
0.3070004198
0.2977354493
0.2905262949
0.3084464924
0.3490879894
0.4029281962
0.4165092186
0.4339225618
0.4286545148
0.4344407557
0.4191517113
0.3881050672
0.3916451825
0.4374749160
0.4538495596
0.4747454743
0.4607587119
0.4825235520
0.5260626802
0.5252866302
0.5163720038
0.5443566545
0.5617440226
0.5957924868
0.6025796517
0.6062041066
0.6183482695
0.6435713911
0.6198389332
0.6188775237
0.5988443406
0.5691782758
0.5969400569
0.5864572622
0.6005204276
0.6235647273
0.6607045179
0.6855770114
0.7683701683
0.7237094061
0.7410405064
0.7424516414
0.7716382080
0.7942505683
0.7493311204
0.8035443570
0.6577597019
0.6104780791
0.6807945460
0.7169697282
0.7657937453
0.8024487339
0.7463220046
0.7932884566
0.8061888502
0.7348611920
0.6700890200
0.6752817659
0.6752897794
0.6231981319
0.6279807920
0.6477156542
0.6882794373
0.7091072097
0.6989554757
0.7751359056
0.8306036504
0.7835454472
0.8422542197
0.9248121769
0.8410746518
0.8701880594
0.8624751490
0.8160561366
0.8137632239
0.8918168755
0.9420774332
0.9227136892
0.9522229987
0.9710328360
0.9822334080
0.9897149364
0.9978973234
1.0406551327
1.0075645985
1.0357901516
1.1245887887
1.1315299108
1.0577143022
1.1082555771
1.1536344829
1.1797166009
1.1863141261
1.1761096897
1.0408654007
1.0512841489
0.9743038562
0.9216330252
1.0291513557
1.0524341910
1.0747944843
1.0645885883
1.0961133596
1.1653969464
1.1889816915
1.1498689846
0.9955678127
0.9717883716
0.9703171126
1.0157004052
1.0556050552
1.0698892786
1.1587265130
1.3431655091
1.3571962444
1.3503948634
1.3642172581
1.3326236952
1.3793851367
1.3713836726
1.2861804418
1.4146501206
1.3830155533
1.3927658500
1.4139482088
1.5714211499
1.5823856678
1.5320066597
1.5885850252
1.4994269782
1.4290138742
1.4842864967
1.3618896394
1.3272914373
1.2168206696
1.1039936385
1.0863454674
1.0461433435
1.1837262767
1.3358721489
1.3526602776
1.2172062365
1.1880812652
1.2508431008
1.3546743321
1.4099532199
1.5286993922
1.6439518860
1.6488557798
1.6945678965
1.8072845888
1.5622174401
1.5634445801
1.3530000508
1.4405998885
1.4254802638
1.3008695072
1.2286127582
1.1907542083
1.2231330913
1.3599736993
1.4249232067
1.4923969488
1.5799084311
1.5320429089
1.4440306094
1.3962348003
1.5491582871
1.6069299493
1.5028818139
1.4727237827
1.4227884210
1.3929406941
1.4070174501
1.3699709864
1.3633234106
1.4129024221
1.5811212199
1.6720016750
1.7357582501
1.7830482133
1.7831946526
1.7269492254
1.8570869117
1.8466147800
1.7493825231
1.8915115551
2.0358063372
2.1045136593
2.0563885172
1.8162925388
1.9323719769
1.9186806451
1.7004254493
1.5359175922
1.6391451006
1.5554151142
1.5068716971
1.6984999781
1.7906293740
1.8246328965
1.6773338689
1.4598968917
1.3418548786
1.3662749213
1.3489509501
1.3866017607
1.3250584643
1.3388937939
1.4943126726
1.5684112625
1.4178179894
1.4919947950
1.4396704902
1.2593830075
1.3603888313
1.4167293022
1.3503587978
1.3599612426
1.4248828020
1.3801002868
1.3182601038
1.3748725639
1.5245976194
1.4912343139
1.5716680268
1.5563996415
1.4106636041
1.4245185067
1.4088361422
1.3144659932
1.2251393495
1.2463420613
1.1999956866
1.1917600404
1.3136518680
1.2437456692
1.3181669121
1.3823367579
1.3276024789
1.3030694476
1.2999221611
1.2784556640
1.2967385951
1.2436561229
1.1619469664
1.1121480060
1.2260085736
1.2699100902
1.3266327117
1.3805277912
1.2929322403
1.3682835958
1.2284689314
1.1807982892
1.1631620798
1.2921113325
1.1939671716
1.1835298557
1.1917883433
1.2680693327
1.1951905448
1.1857517064
1.2384302579
1.3385238246
1.1761551812
1.1639989701
1.1243143721
1.1170788712
1.1191955922
1.1130353591
1.1265501120
1.1209266252
1.2001518284
1.2651598689
1.3763670002
1.2833436960
1.2961535183
1.3138170799
1.2576215758
1.2124895706
1.1451390563
1.1624093663
1.2853972373
1.2193137738
1.3266667417
1.3023486635
1.2910075782
1.3418781522
1.2781282868
1.2216381556
1.4364709935
1.3211887552
1.2641396784
1.2771207071
1.4237067102
1.3961009457
1.3906787700
1.4265555763
1.4392190584
1.4157768482
1.3146399654
1.4437821743
1.4225013993
1.3813415844
1.2062112831
1.1454178895
1.1424222611
1.1961368192
1.1406067017
1.2698063876
1.3317740727
1.2509428173
1.3156338723
1.3083565316
1.3302483434
1.3401657706
1.2386205837
1.1651238823
1.2136281923
1.2228841640
1.3630363311
1.4403904226
1.4532117357
1.3985618473
1.4789470436
1.5932443094
1.6057048580
1.5016946970
1.5354364037
1.6105545853
1.4824977147
1.4972092492
1.5063170530
1.4016955723
1.3845241592
1.3405945157
1.3992613968
1.4550344724
1.3839310826
1.3453587131
1.3620871404
1.2822825835
1.2347918949
1.3094139081
1.5427568141
1.4302542506
1.4016513254
1.4379008813
1.4901417018
1.4712368715
1.5209977271
1.4549180275
1.4468014510
1.5096859977
1.3489405557
1.3081131114
1.4136777930
1.4012109235
1.4768815829
1.4219377898
1.3934298795
1.3819268223
1.3341084122
1.2341976332
1.1795533295
1.1430557345
1.0520979572
0.9983424821
1.2406224477
1.2188359423
1.1834697501
1.1422983725
1.1326199767
1.1758268569
1.1662016767
1.1174695173
1.1854741643
1.2935689338
1.3476411440
1.3392477121
1.4414201824
1.4481729836
1.4651313805
1.3101032767
1.3695086414
1.3587583705
1.2778503599
1.3922458869
1.4188409291
1.4701487591
1.5214425557
1.5641311629
1.2001554175
1.2591383695
1.3410107282
1.4018406065
1.3678106423
1.4217006954
1.5130650653
1.5648059593
1.4643450816
1.4908641938
1.5195062551
1.5413868796
1.4495113665
1.5129657007
1.3290307312
1.2170580770
1.2532135535
1.0860193058
1.0369006001
1.0686157903
1.0047594844
1.0670798374
1.0844950078
1.1051488100
1.0567278934
1.0855200656
1.1683153244
1.1522190099
1.1870588020
1.1722636810
1.1908713177
1.2328979202
1.1372053376
1.1188925524
1.1070986485
1.0528189750
1.0593972582
1.2100950644
1.2026025476
1.2434642111
1.2571654684
1.1911380991
1.1599110879
1.2649410828
1.1023913536
1.1977548191
1.0349593336
1.0740080467
1.1634893944
1.1810969109
1.2002154517
1.1178634537
1.3172133467
1.2282276249
1.1244987510
1.2453275101
1.1548455551
1.0979343566
1.0713621832
1.0879419200
1.0789918160
1.0467677692
0.9625200123
1.0450579404
0.9929815371
1.0529756734
0.8909694076
0.9555513478
0.9792809874
0.9469284853
1.0515597593
1.0337071109
1.0748311798
1.0285560526
1.0340264766
1.0436451127
0.9975864604
1.0356931195
1.1058242473
1.0603492506
1.1249718954
1.2023342552
1.1169006324
1.1978582654
1.1905549516
1.2661787381
1.2471847796
1.2363465060
1.2113979753
1.2040730970
1.2128849713
1.2027230664
1.1959028647
1.3349433815
1.2523476302
1.3422488728
1.2859464648
1.3869297394
1.4599757791
1.5061345522
1.5188046989
1.6065185864
1.6121796508
1.6448756074
1.6187190785
1.6723027504
1.5939786130
1.4141619365
1.2303439626
1.2375179091
1.1907191904
1.2543779138
1.1637094863
1.0983511358
1.1224852588
1.1874991767
1.1976748558
1.1190103996
1.1382229616
1.1002913892
1.1175668781
1.2286109720
1.2289281381
1.2210433780
1.2489430581
1.2064464003
1.2490635836
1.2806030251
1.4155398278
1.3780177435
1.2965089231
1.3305577291
1.2355437791
1.1588000038
1.1080217609
1.0947158545
1.1299279219
1.2054192623
1.2579285444
1.4799156844
1.4963840373
1.5567504244
1.4392428468
1.4764703967
1.4279864135
1.4272223619
1.4836710574
1.6459038089
1.6467304737
1.5820276021
1.4940086310
1.5634905272
1.4932246595
1.5068325380
1.5137702171
1.4925038197
1.4214915256
1.3340440716
1.2147823597
1.3228943655
1.4068312457
1.3765902350
1.3216293097
1.3725454902
1.3073543736
1.3865629915
1.4196454748
1.3693298635
1.3954820520
1.4679885695
1.3500041198
1.3492907102
1.3533042159
1.3122532631
1.3756100136
1.3981592779
1.4214901232
1.3602237496
1.1291643218
1.0708591190
1.0386085133
1.0837081418
1.0724945204
1.0786496631
1.1315502918
1.0680599311
1.0381544103
1.0125548660
1.1774332425
1.2137887748
1.2328648215
1.2875993391
1.3498213562
1.2236097825
1.3762491572
1.2291419966
1.3055721017
1.2711978436
1.3048474027
1.3957936772
1.3460825817
1.3793908765
1.4770176763
1.2731629874
1.3125485833
1.2888789894
1.2616950983
1.4760961817
1.4508551404
1.5104925574
1.4900462273
1.4112496622
1.3799122944
1.3185820049
1.3334369706
1.1778812975
1.3228864433
1.4922477033
1.4256264596
1.2318387912
1.1798282353
1.1243834006
1.1365082878
1.1170979062
1.1733557689
1.0822166342
1.0126735341
1.0083971648
0.9780877961
0.9980842625
0.9821493910
1.1773955049
1.1871126812
1.2365440291
1.1826301592
1.2417919399
1.1912078293
1.2259409849
1.1759630916
1.2210642729
1.2418564132
1.2274066611
1.2360267256
1.3986490162
1.3922772565
1.2395993471
1.1604090890
1.1323497517
1.1835851126
1.1606265422
1.1708465187
1.3856580581
1.4395681742
1.5177749441
1.6527214702
1.5411749952
1.4424726835
1.2816328267
1.3231015588
1.2111095643
1.1132899867
1.1628539914
1.0875093756
1.1098525535
1.1740663406
1.0917545678
1.1979675323
1.2946041819
1.4504499582
1.3570890841
1.3086165303
1.2578713000
1.3377685840
1.4897940628
1.4875564548
1.4165159184
1.4714511123
1.3566729238
1.3358055981
1.2055899688
1.2357053201
1.2066544707
1.1086223201
1.0504324504
1.0706144604
1.1161275249
1.0779410875
1.0725109660
0.9751249151
1.0490236851
1.0344628215
1.0275120594
1.0880216943
1.0621288060
0.9364254330
0.9526449374
0.9848196490
0.9583695316
1.0537291310
0.9680760468
0.9713539417
1.0811884183
1.0539004651
1.1270794278
1.1317265284
1.0828393869
1.0404732322
1.0902047978
1.0457937783
1.1285786128
1.1908208320
1.2364926857
1.3244015528
1.3147065261
1.2829377305
1.3201644700
1.3513542881
1.1993581757
1.2156656280
1.0539377502
0.9905510373
1.0635296608
1.0790703411
1.1250552529
1.2350051058
1.0967513998
0.9219956300
0.9135422441
1.0368441561
1.0426613160
1.0320162347
1.0440920695
1.0332588551
0.9774659822
0.9784293537
0.9938412537
1.0313522193
1.0737069150
1.0807126701
1.0730605454
1.0940153733
1.0774335990
1.1402619845
1.1643448785
1.1992782305
1.2691699864
1.2844076437
1.3206643442
1.1743716785
1.1005893925
1.1111640305
1.2031978283
1.4661090772
1.4993056569
1.4971917530
1.5198397835
1.4233643842
1.4833015825
1.5408780380
1.4228046423
1.5207578568
1.5905624897
1.5095996595
1.3732728504
1.3275578553
1.2698205047
1.1862799508
1.2920821292
1.3185998858
1.3995606712
1.3775895729
1.2856349682
1.2950771721
1.2552581598
1.1954768783
1.2365025925
1.2416258140
1.3034226033
1.1957296020
1.2608581938
1.3379383008
1.1071192815
1.1643697955
1.2114410672
1.3199911562
1.1965182167
1.2336198959
1.2545580922
1.2587643107
1.1966491383
1.1825191860
1.2090404762
1.1870376958
1.1987126410
1.2603795180
1.2530527838
1.1393298020
1.1908226907
1.0952225950
1.2442043660
1.3720063379
1.4146328975
1.5164050826
1.4115591595
1.1756573376
1.0707591133
1.0768411482
1.1954811415
1.2611729054
1.3247689539
1.4136915006
1.4004670855
1.3302350842
1.5034334002
1.5152604717
1.3723170956
1.3794972245
1.4475099038
1.3271236724
1.3825483901
1.4091733996
1.4295595857
1.4136266589
1.3057471978
1.2470282100
1.1311429194
1.0889050945
1.1122579186
1.0376384867
1.0642168508
1.1035709536
1.0305816507
1.0318408563
1.0172570044
1.0313720061
1.1196087562
1.0753702503
1.0714579974
1.1089118292
1.0414046437
1.2006240237
1.1770841106
1.1026469875
1.1699103010
1.1257046976
1.1692331639
1.2092295610
1.2533865831
1.3578606296
1.3981393574
1.3156499942
1.4671518019
1.2887384731
1.3445258091
1.3351085325
1.3158440971
1.2990767791
1.4607032700
1.3040714174
1.2803832703
1.2336458751
1.2396735505
1.2341304580
1.1197401432
1.2029192163
1.0378067073
1.0362805421
0.9942723378
1.0650508019
1.0626118651
1.0309027314
1.0308620891
1.0854255089
1.3470383498
1.4364358337
1.4105952264
1.3619238393
1.2954915511
1.2944252394
1.3001397102
1.3803149711
1.3774582225
1.2022700290
1.2534818639
1.1669993973
1.1976645389
1.1781488530
1.1571806496
1.1997769991
1.1688419929
1.2332746961
1.2317235264
1.1201712005
1.1511654074
1.2163526408
1.0878160575
1.1257512328
1.1304246367
1.0921068584
1.1318662692
1.2001434850
1.1547528448
1.1845642013
1.2009224492
1.0869421451
1.1246515432
1.2009034450
1.1653612916
1.1972185498
1.1778038193
1.1695091980
1.2347052115
1.2341671449
1.2278422129
1.1748202716
1.0472744443
1.1373808464
1.0802495041
1.2877647264
1.3278846398
1.2287133828
1.2388620667
1.1658865858
1.2498203594
1.1688260557
1.0286998977
1.0669563943
1.1561113573
1.1093157925
1.1096604355
1.1691607478
1.1629463874
1.1766133456
1.1579453174
1.2133937487
1.3167504932
1.2857379902
1.3255735620
1.4561949090
1.3624687738
1.4127501397
1.3473195619
1.4894644736
1.6546842651
1.5757983970
1.6914758896
1.5080350135
1.5840155829
1.5845551844
1.5884607466
1.5484943760
1.5278675785
1.4031171996
1.3485717222
1.2972620490
1.1642245623
1.2237961846
1.2135301179
1.3984476497
1.4000799008
1.3340325445
1.4084159575
1.3333981553
1.3946691792
1.3944463267
1.3766658441
1.2949813523
1.2291869626
1.2581512107
1.3114888171
1.2438734715
1.3806382745
1.3437344008
1.3134944194
1.4136866154
1.3666132109
1.3114651031
1.2840685869
1.4171147561
1.3582509979
1.4451301433
1.4074326055
1.3583668006
1.2963645923
1.3939526219
1.1773535612
1.0476722579
1.1584304868
1.2804972640
1.3368356021
1.2741093668
1.3032608952
1.3591389238
1.3192707766
1.3711334050
1.2893261571
1.3821573135
1.4519204134
1.3325117556
1.3082022762
1.4028240382
1.4171129746
1.4514859087
1.3274686695
1.2958448266
1.1371320783
1.0689717575
1.1854571225
1.1381920365
1.1477194760
1.2800043939
1.4384257014
1.3256869379
1.2389309981
1.3234140870
1.3791809651
1.2732192642
1.3415719540
1.2720958525
1.2384465887
1.2782075269
1.2352318868
1.3952703874
1.2590586541
1.2359677227
1.3239550299
1.2920202157
1.2720838881
1.3117637695
1.2721373744
1.3571199988
1.1762778163
1.2070292021
1.1844864882
1.0995530375
1.2082544301
1.2534874389
1.1804639996
1.1687111767
1.1587940678
1.1618743873
1.2543547239
1.2366405689
1.2664921708
1.2268365557
1.3110781677
1.3258552266
1.3238743446
1.3113402001
1.3295669351
1.3602237296
1.4404899833
1.3472338830
1.2660396203
1.2273856799
1.1722825768
1.2019831242
1.2305475289
1.2945672386
1.3477359121
1.3285908569
1.3881911557
1.3793805353
1.3048234841
1.2174320003
1.0904052521
1.1582185564
1.1123909214
1.0655986648
1.0057458139
1.0318140817
1.0191680565
1.0107908525
1.1028461237
1.0652719500
1.0570494890
1.1055642425
1.0410455216
0.9745797259
1.0193845707
1.0488807373
1.0448500409
1.0361224541
0.9323440711
0.9885863866
0.9648380398
0.9969474865
1.0529087022
1.0825932336
1.0538930388
1.0446987481
1.0173044549
1.1051123220
1.0746273137
1.1075499043
1.0975536489
1.1361467044
1.0950387492
1.0253258202
1.1145320053
1.1620930136
1.2293234216
1.2521143950
1.3035976531
1.3095581828
1.3235631622
1.2724338622
1.3113090795
1.3896050564
1.4424013343
1.4578136553
1.4535211564
1.2450897297
1.2059460524
1.3167029050
1.2629636097
1.2431362484
1.3229312151
1.2671745899
1.4290318228
1.4418491622
1.4381372903
1.3171887697
1.2369567583
1.2099460575
1.2789564536
1.2616487196
1.2998545599
1.4293138975
1.3999049715
1.4412862496
1.4349850853
1.3669159908
1.4047844567
1.4285680744
1.5619141685
1.4365280106
1.3882144238
1.3763327765
1.3438880233
1.3431085838
1.3424280645
1.3167424570
1.3452403102
1.2637252206
1.2685255708
1.2914937381
1.2564168038
1.2270420287
1.0524136375
1.0425886563
1.0305824441
1.1725620518
1.2727964108
1.2663928795
1.2508185323
1.2681161919
1.3506185241
1.3279105221
1.3002017930
1.1958972842
1.2260517647
1.2175675507
1.2370921488
1.2021994302
1.2660851785
1.2795903361
1.3276391563
1.3062401295
1.2078693052
1.1674529861
1.1779847417
1.1031395461
1.0915883736
1.2895048724
1.3297387091
1.3151802258
1.2581747084
1.3096219704
1.3142483915
1.2676441747
1.4886438606
1.5794115874
1.4828752144
1.3629448305
1.4897643789
1.4271508451
1.3406476732
1.1905365299
1.3829659024
1.4219677226
1.4122091630
1.2819902732
1.2681464083
1.2190074329
1.1344049493
1.0925685437
1.0393696141
1.1009597886
1.0445488400
1.0755348137
0.9924151243
1.0010466039
0.9455385318
0.9987175972
1.0779332760
0.9956520443
1.0465815447
1.0778251780
1.1082196635
1.1471003514
1.3244316744
1.2465577361
1.3219588809
1.2753471467
1.4098154704
1.4529550834
1.4568680239
1.4413942907
1.5093301087
1.4648360643
1.4872842433
1.5780882323
1.3935823320
1.4084979558
1.4435555119
1.4201539061
1.3642076128
1.3555802575
1.3721357785
1.2799471560
1.2677577285
1.4093030985
1.3413779652
1.3814861084
1.3815894686
1.4009492716
1.3116776395
1.3100805059
1.1516032323
1.2819448190
1.4240346490
1.4947491344
1.6456165607
1.7166180779
1.7037608256
1.6310214393
1.4939428706
1.6411992308
1.5731947392
1.5820160653
1.4541253392
1.3598044751
1.5025100980
1.4615618408
1.5085620999
1.3680536933
1.3343789908
1.3813593627
1.3064394401
1.3605352958
1.3375915149
1.3475326932
1.2629927765
1.3806091349
1.4041518694
1.3127101227
1.3114684670
1.4013930043
1.4554340274
1.4150848821
1.3319913538
1.4139702129
1.3282859721
1.3645954775
1.3706246418
1.4558592222
1.4963225976
1.4265446156
1.2763809855
1.3291423746
1.2015994911
1.2393213792
1.1425601081
1.0995136731
1.0120835265
1.0261692485
0.9407616170
1.0083975247
1.0027333737
0.9600689393
0.9574327804
0.9859485784
1.0342517668
1.0243339644
1.0651685803
1.0806307665
1.2032117211
1.1977518168
1.0971585999
1.1676858268
1.1989294899
1.1328588307
1.1059794399
1.1952848837
1.1987437062
1.2227001782
1.1850675200
1.2114180671
1.2085741351
1.1364986594
1.1082657499
1.2182499425
1.2085370119
1.1482069082
1.1624091687
1.2877389717
1.3400129170
1.3770668322
1.2989190461
1.3142327656
1.3091960967
1.3689089613
1.3570509533
1.3802958107
1.2337422192
1.2698251953
1.2514242636
1.1985960804
1.1821870850
1.2265744934
1.1506425676
1.1385463710
1.2730904470
1.2235761483
1.1639127179
1.2979549984
1.2668986424
1.2695930670
1.4001450623
1.3545817484
1.4964342318
1.5849320086
1.5728765034
1.5331545813
1.4857195709
1.4311959574
1.2158905708
1.1965249321
1.1555878661
1.2396752686
1.3410311836
1.2688421945
1.3290413926
1.3458062651
1.3631257492
1.1347447793
1.1864229939
1.2208268461
1.2133665205
1.1432065528
1.1396795162
1.0939404031
1.1737497420
1.0801456567
1.2077063582
1.2240998711
1.2763309758
1.3482333193
1.4037719697
1.3555963993
1.3152795565
1.2977378833
1.2708856068
1.1147625165
1.0665779205
1.1763368688
1.0948147644
1.1447479811
1.0442139872
1.1761828450
1.1479168999
1.0897075303
1.2555609864
1.2252800966
1.1798117357
1.1301216998
1.1977947013
1.1595381867
1.2095646266
1.2228420546
1.1707041172
1.2506522034
1.2978695816
1.4182649274
1.4738181226
1.4045366118
1.5180918480
1.5088799377
1.5377762769
1.6327661291
1.7396240829
1.6953405497
1.7726293832
1.7687142642
1.7380452082
1.5642186069
1.5743608745
1.5053532644
1.4857367199
1.6334594682
1.6379761825
1.5158694196
1.4873057679
1.3911957162
1.2499893856
1.3054677082
1.3650308377
1.4297701892
1.5661076995
1.5872718287
1.5403442706
1.3734215547
1.3132825742
1.3916481834
1.3063912073
1.3691451656
1.3413180937
1.3290499047
1.2110198018
1.1747187633
1.1319427341
1.1481644816
1.2290655620
1.2918162559
1.2392882540
1.2346434222
1.2860949207
1.2443198410
1.3496343770
1.4915014819
1.3999215036
1.4282728301
1.2935955509
1.2843419905
1.1373378039
1.2335614838
1.1364477540
1.1303360301
1.3075742728
1.3211217560
1.2263472313
1.2661343357
1.3422936386
1.3630953833
1.4419153832
1.3883672808
1.3840187972
1.4272113738
1.4241966841
1.4994624600
1.4716372515
1.5278462838
1.3122636576
1.3635868988
1.2450894369
1.1393561588
1.1855780797
1.2502885223
1.1982793758
1.1761205149
1.0791714285
0.9784593031
1.0339879804
1.0601551861
1.1959377988
1.2273319506
1.2058225291
1.1307067836
1.0634501465
1.1410366783
1.2332374735
1.2497775411
1.1657084523
1.1904258295
1.1824633212
1.1603594878
1.2081200432
1.3307872308
1.2689128982
1.2449085197
1.1378128012
1.2100096132
1.2700576111
1.3813303917
1.3907392008
1.3318308414
1.3516088041
1.3196772005
1.3252100287
1.3162969002
1.2453704918
1.1997659184
1.2463841011
1.3770325448
1.2676976640
1.1761203281
1.1666136735
1.1541757795
1.2450444986
1.1717752898
1.1870130867
1.2297095428
1.2207276948
1.2907850582
1.2504437905
1.2166537722
1.1960486228
1.1418285359
1.2640592344
1.1999428682
1.2111132790
1.2160763169
1.1434322851
1.2105788557
1.2411030187
1.3998075720
1.3460081065
1.0382720868
1.0368963256
1.0296971247
1.0917405120
1.1102663133
1.1060059339
1.0378364380
1.0148484260
0.9745503847
0.9987884885
1.0625344929
1.0925915400
1.1810174889
1.1498848441
1.1535967828
1.0305465689
0.9355389485
0.9386559392
0.9998514935
0.9954176010
1.0172552015
1.0742020108
1.1680433142
1.1890193471
1.1431290455
1.2054487856
1.1704629058
1.1774705304
1.1621741496
1.1854824546
1.3304938781
1.3522148030
1.3750241064
1.3327261107
1.3422737515
1.3202313016
1.3565109906
1.2535982974
1.2281554157
1.2465980350
1.1073889959
1.1994239461
1.1412149407
1.1152336720
1.1296537828
1.1954901308
1.1412183194
1.2957345717
1.1727788757
1.1439398729
1.0753554925
1.1003302338
1.0890552054
1.0686519434
1.0744195990
1.0485823767
1.0302424623
0.9880399036
1.1146513930
1.1358784233
1.1348633149
1.2089217665
1.2823751278
1.2096988651
1.1412351337
1.1737615137
1.2085911864
1.2798012380
1.3697161651
1.2267120355
1.1496765713
1.0946018791
1.2241843178
1.1385417255
1.2303867561
1.1512420348
1.1615938315
1.1819281274
1.1514057097
1.1184916304
1.1252458917
1.0926329536
1.0556533334
1.0338290755
1.1119205463
1.1046352102
1.0296173554
0.9644511354
1.0128709065
1.0205846886
0.9781674658
1.0684335006
1.0530981410
0.9778488257
0.9374549169
0.9655928889
0.9529942414
0.8991583282
0.9102138326
0.8783239781
0.9560303889
0.9630263528
0.9631134379
1.0154709900
1.0701199667
1.0856060822
1.0819598547
1.1623707091
1.1609832898
1.1048140435
1.1174817409
1.0657113314
1.1408539845
1.2112674561
1.2304380739
1.2243882470
1.2725615752
1.4017933562
1.3392868368
1.3522236929
1.2524839512
1.2517535241
1.1874314607
1.1327447706
1.1025764014
1.1727007347
1.1626255516
1.1140958892
1.2170207067
1.1496094902
1.3395888885
1.3202831017
1.2961508806
1.2802357192
1.1349709498
1.1891780554
1.0892853730
1.2303474767
1.2601691196
1.4053825771
1.2967948777
1.2678378255
1.3070005568
1.1121991063
1.0896819871
1.0623161505
1.0177065035
1.0365046507
1.1530019484
1.1273016871
1.1485890258
1.1141737221
1.1111702214
1.1496697318
1.1374522378
1.2359228441
1.4104531931
1.4542664273
1.3961380575
1.4039317934
1.4061239287
1.2782325741
1.2024382976
1.1320586132
1.1785796664
1.2866570962
1.3626966676
1.3272440616
1.2851667114
1.1927816214
1.1540764464
1.1211623006
1.1653474965
1.1621506937
1.0804156928
1.0748719863
1.0471718829
0.9998255626
1.1092820111
1.1803129163
1.2119332813
1.1895405075
1.1969874667
1.2009452868
1.2634217225
1.2276487642
1.3136148113
1.2883464197
1.4099314707
1.4910225576
1.4984034379
1.2759262501
1.2756753519
1.3599271679
1.2608159658
1.2314770175
1.2484066528
1.2465072816
1.2609340584
1.2728853570
1.3210833584
1.2471225284
1.2283378252
1.2303389532
1.2493098671
1.2768228445
1.3644628619
1.4203087604
1.3833418754
1.4438966272
1.4031526217
1.3378833511
1.2413892500
1.2689896708
1.2558521096
1.2709805369
1.1785252485
1.1727811263
1.1777856546
1.0884568192
1.1266915485
1.2239182189
1.3004369124
1.1664496389
0.9988929160
1.0698863296
1.1528213209
1.1890898231
1.1209574607
1.0999877631
1.2850727110
1.1829609516
1.2960408539
1.2279213238
1.2946404524
1.3570078248
1.2705114294
1.2683210337
1.1820859514
1.2516751418
1.2814485949
1.3955002706
1.3098682462
1.3487266008
1.4002010996
1.4357247533
1.4997045001
1.5349604087
1.4098318472
1.4427343538
1.4858761147
1.3207004759
1.3608695731
1.3595076585
1.2748993321
1.2770664464
1.3810575060
1.3174676256
1.3609640705
1.4395631118
1.3617142284
1.4353433466
1.4212212046
1.1691040839
1.1062068338
1.0951013417
1.2676850169
1.3921158212
1.3777610000
1.4432039038
1.4298211404
1.5066824327
1.5114598322
1.4020469082
1.3610928456
1.2787977683
1.3320183047
1.3004908054
1.1537088351
1.1963496310
1.1898940499
1.2583648271
1.2875740887
1.2786604404
1.3603991603
1.2827500669
1.3411446922
1.3354662573
1.2835363000
1.2180597746
1.2307041955
1.1667883655
1.1914247379
1.2513332019
1.2668792743
1.2174767003
1.1589333800
1.1783696506
1.2288495780
1.1121210805
1.1389153638
1.2120251293
1.0888784426
1.1029858088
1.1085496500
1.1093892070
1.2153914792
1.2361941521
1.2762927049
1.1946382035
1.1930747376
1.1791382613
1.2930397535
1.3147422142
1.4206022176
1.3875678162
1.3856067972
1.3609184130
1.3874576672
1.2483023337
1.2566749390
1.3917004163
1.2727077643
1.2823712073
1.2059183767
1.1878818852
1.1869516355
1.2241200921
1.1532804098
1.1506357634
1.1490186628
1.2108638404
1.3214508256
1.2107583229
1.3160659077
1.3734217620
1.4082985172
1.4424554309
1.3493133732
1.2887666408
1.2665771715
1.4064689951
1.3530532538
1.4094789746
1.4262624018
1.5393451698
1.6165370271
1.4925299025
1.5136474273
1.4336476459
1.3724663471
1.3613851241
1.1519403442
1.1958164146
1.1538210626
1.1731790630
1.2268437810
1.1394751068
1.1738247122
1.2489333663
1.2501278968
1.1955948645
1.2616007918
1.2959379915
1.2645888393
1.2460837020
1.3414521809
1.2429248643
1.3029645552
1.3812094073
1.4377520977
1.4176934969
1.4324420631
1.4663588035
1.3832505305
1.3117406058
1.4969589613
1.3386231098
1.2488187762
1.3511008417
1.2677598842
1.2721042169
1.2194063023
1.2592256438
1.2913573677
1.2665446092
1.2639664398
1.1361164239
1.1118412592
1.1343499022
1.1413478050
1.1362824266
1.1651376011
1.3041768799
1.2253221061
1.1159173335
1.1668462366
1.1859035225
1.2160461719
1.2215067573
1.2694211531
1.2542827987
1.2983056588
1.2581507384
1.2942105270
1.1588120837
1.4224868350
1.3636891585
1.2303050839
1.2574713582
1.2072990627
1.2077833120
1.1003656733
1.1715388528
1.2066167903
1.2208344438
1.2108345957
1.2918476011
1.2106219138
1.3582012358
1.3178518883
1.2821797313
1.3160478632
1.3273591575
1.5383808660
1.5697280595
1.5222537244
1.5171457942
1.4509259938
1.3494305731
1.3930752181
1.3558023167
1.4050871191
1.3467622278
1.2866557719
1.2432150601
1.2834163408
1.3945673154
1.3971152239
1.4522312199
1.4187692553
1.3766884449
1.4448337490
1.4518746532
1.4353872510
1.5251494194
1.6320312641
1.6516186984
1.6380507699
1.6391056632
1.8185128746
1.5778931162
1.6320536014
1.5593424571
1.6339232109
1.6022194916
1.6538515068
1.5791659212
1.5123586495
1.6230798039
1.5543626391
1.4117985711
1.3919471861
1.2404837857
1.3534827183
1.3161706095
1.2158797778
1.2336882350
1.3003616129
1.3577900394
1.3289708805
1.3318968311
1.2558335455
1.3020700030
1.3192021274
1.1797197794
1.1355541264
1.1473182484
1.1818092918
1.1229692515
1.0177429914
1.1096640447
1.2007893952
1.1763774988
1.2523284919
1.1442494211
1.2130670240
1.3252780630
1.4573195460
1.5011391858
1.5836544336
1.5990554032
1.5319350918
1.6495229736
1.6872181973
1.6302563623
1.6267574146
1.5258627658
1.6094092465
1.5764856683
1.6309919451
1.5624038690
1.5595050230
1.5031227995
1.5466594890
1.6065640217
1.5515280685
1.5944961477
1.5722969375
1.5864988979
1.4967081662
1.4852072604
1.3102560470
1.2563635334
1.2259986669
1.3622811306
1.4126550408
1.4838157409
1.4764462962
1.4343441458
1.3380108130
1.2322057024
1.3419578627
1.4077891171
1.2829019148
1.2610619259
1.2744984573
1.2734987301
1.2091693013
1.2099772400
1.2217528619
1.2397613643
1.3193575103
1.2448154193
1.2701065105
1.1953185130
1.1798123755
1.3150602652
1.3691215700
1.4439073027
1.3741839531
1.3441366808
1.4007497484
1.4588821909
1.3305848295
1.3806705538
1.3515819004
1.3727132771
1.2412093198
1.1140700350
1.2069842607
1.1694922440
1.1429850428
1.1027949188
1.2638009516
1.2030207080
1.3004812414
1.2751694847
1.3800034889
1.4312117340
1.5842772738
1.6358211511
1.4433337978
1.4345287231
1.5042353632
1.5317808413
1.5461501349
1.4084506277
1.3482001292
1.2577611369
1.2274537102
1.2188981984
1.2372351262
1.2281951509
1.2295935791
1.1661760225
1.2286507755
1.1900763597
1.2373987267
1.4039500436
1.4658000940
1.3680752986
1.2978046722
1.2123262134
1.2705596063
1.2437988860
1.2074234266
1.2460328980
1.3214595761
1.4243934136
1.2264801150
1.2226127656
1.3538459482
1.2491391914
1.2738705262
1.2832663292
1.1864810766
1.1746988492
1.1436406229
1.1420759692
1.2035691551
1.1752388800
1.0706194079
1.0688560599
1.0569137823
1.1081992906
1.0705935055
1.1514862443
1.1381113210
1.1940957079
1.2320696776
1.3513889812
1.2530787250
1.2787721826
1.2474258120
1.3691466206
1.2028593208
1.1947220691
1.2058184517
1.2718161712
1.2032873322
1.2999807298
1.1792452664
1.0855339103
1.3397926136
1.3465596595
1.3470188506
1.2243416849
1.1711404047
1.1863067741
1.3819910353
1.3284727439
1.2599255617
1.3538411383
1.3661391293
1.3877716306
1.4663294618
1.4994413057
1.4541930509
1.4352750002
1.5102490291
1.4227476788
1.3022048658
1.3094566123
1.2571860783
1.3665711607
1.3316952977
1.3226453103
1.3343724545
1.2822878522
1.1988776014
1.0980603843
1.0781108482
1.0655776273
1.0260939413
0.9392488600
1.0172559328
1.1603054764
1.0192002612
1.0468549366
1.0623433784
1.1123841811
1.1225898660
1.1879557820
1.1202170354
1.1606068029
1.1935687674
1.1094323306
1.0366099576
1.0598294904
1.0180695302
1.0972721301
1.1041599345
1.0724360193
1.0593469119
1.1025494557
1.1310730753
1.2925077410
1.3309658323
1.3620562810
1.4274825142
1.2962419065
1.3501021682
1.4958993392
1.5681280983
1.4023396326
1.3853374999
1.2737221186
1.2237614501
1.3020486045
1.4123524609
1.3904116648
1.4545778305
1.4742414154
1.4044878265
1.3055999032
1.3031563137
1.4015472326
1.7013853993
1.6205172169
1.5918664593
1.5327798520
1.5549758661
1.3109853558
1.4122413885
1.5602564035
1.6791047242
1.4923240775
1.7451334365
1.7384612370
1.5247267037
1.4942636278
1.5066073321
1.3518347416
1.3722746302
1.3439989770
1.2798137810
1.3746302890
1.3761172850
1.3005336208
1.2867649953
1.3530102175
1.3884450463
1.3225828260
1.3733353859
1.5020624163
1.4096676860
1.4337957604
1.3365904337
1.4721523229
1.3619803048
1.3608854794
1.3245568005
1.3446188594
1.2574396767
1.1864587190
1.3082225288
1.1920989234
1.2117931230
1.2248459134
1.3363739397
1.3804815284
1.3366945411
1.3862942360
1.3272040364
1.3874784793
1.3408834124
1.4094276360
1.3074676129
1.4349185642
1.3594478775
1.3204336001
1.3088727318
1.3965478097
1.4690741288
1.3698431478
1.2862950056
1.2656819787
1.4293476211
1.4503439475
1.5341083098
1.3348970995
1.3632413830
1.3013217310
1.2563190027
1.2912364911
1.1419598578
1.1499445132
1.1939005215
1.1852053760
1.3311582827
1.2390250385
1.2537263364
1.2769549725
1.3565913456
1.6239540208
1.6261965617
1.5084062727
1.5765198789
1.4747425277
1.4438835122
1.3587986716
1.2984039583
1.3184191385
1.3530886502
1.3094749561
1.2975917873
1.3424625986
1.4329904389
1.4404126672
1.3198483801
1.3863340351
1.3516909874
1.3707868670
1.3498494577
1.2846879882
1.3767331645
1.4519364954
1.4414250571
1.4877590759
1.4611095690
1.4433344147
1.3815226712
1.3676181558
1.2560856868
1.2538665650
1.2831089666
1.2862755122
1.2811578361
1.2488798328
1.2637311570
1.3498128875
1.3295322676
1.4561112067
1.5131588685
1.4242884036
1.3811660622
1.4678081991
1.4126436621
1.4453199505
1.4763145154
1.4890059130
1.4790013204
1.4434673371
1.5435386345
1.4843260417
1.5045420948
1.7285982533
1.6871358376
1.6592298889
1.6104985528
1.9245667536
1.9906673907
1.9526537032
1.9628544757
1.8922375846
1.7644933514
1.7569903406
1.6579837252
1.5962149538
1.4230095554
1.3365311081
1.2753330974
1.2864465735
1.3214739533
1.3322686009
1.3673402570
1.3043285941
1.4774786506
1.5250543228
1.5042728986
1.4426402322
1.4157186653
1.4523384306
1.4921166010
1.5429554089
1.5177057654
1.3386384122
1.2942111122
1.3312922347
1.4379165482
1.4042063641
1.4043828616
1.3433859797
1.2700896506
1.2300358545
1.1965711178
1.2441713799
1.2565255157
1.2888267567
1.2362053759
1.3163429666
1.3351335406
1.4071924111
1.3682227878
1.3976532914
1.4449142849
1.4452781795
1.4588028054
1.5559390971
1.4863466040
1.5089210829
1.5308821162
1.4594078734
1.4859674955
1.5204593947
1.5980273614
1.6378054511
1.4522713277
1.4844574264
1.5288982653
1.5167637329
