sampled_theta1
1.1869516355
1.3160659077
1.3530532538
1.3724663471
1.1738247122
1.3414521809
1.3832505305
1.2194063023
1.1413478050
1.2160461719
1.4224868350
1.2066167903
1.3160478632
1.3930752181
1.3971152239
1.6320312641
1.6339232109
1.3919471861
1.3289708805
1.1818092918
1.2130670240
1.6872181973
1.5595050230
1.4967081662
1.4764462962
1.2744984573
1.2701065105
1.4007497484
1.2069842607
1.3800034889
1.5461501349
1.2295935791
1.2978046722
1.2264801150
1.1436406229
1.0705935055
1.2474258120
1.1792452664
1.3819910353
1.4541930509
1.3316952977
1.0260939413
1.1225898660
1.0180695302
1.3309658323
1.3853374999
1.4044878265
1.5549758661
1.5247267037
1.3761172850
1.4096676860
1.2574396767
1.3366945411
1.3594478775
1.4293476211
1.1419598578
1.3565913456
1.2984039583
1.3198483801
1.4414250571
1.2831089666
1.5131588685
1.4790013204
1.6104985528
1.6579837252
1.3673402570
1.4921166010
1.4043828616
1.2362053759
1.4588028054
1.5980273614
