mean_theta2
0.1096197799
0.1194207320
0.1232559077
0.1235507208
0.1242449111
0.1251790837
0.1257201094
0.1254067270
0.1254821539
0.1264079316
0.1257484726
0.1249358838
0.1241874804
0.1243803817
0.1245544408
0.1256691895
0.1269286079
0.1285763615
0.1301622392
0.1319657059
0.1336598834
0.1359596422
0.1391206544
0.1435498809
0.1478147671
0.1517544404
0.1557165227
0.1594825558
0.1624547122
0.1654802883
0.1681410120
0.1708928817
0.1731955223
0.1757519151
0.1779149139
0.1795130436
0.1807195882
0.1819662929
0.1828696904
0.1839594902
0.1850176834
0.1865583254
0.1882549453
0.1898647102
0.1916664440
0.1928753142
0.1937177755
0.1946201099
0.1957491228
0.1964603076
0.1978990799
0.1992978107
0.2006668279
0.2022588292
0.2038498856
0.2052299619
0.2070331640
0.2094790580
0.2118396688
0.2138024902
0.2158874991
0.2187650194
0.2212802503
0.2239469213
0.2264532353
0.2291881274
0.2323811231
0.2363490141
0.2402925761
0.2439944753
0.2471312064
0.2505017479
0.2540627736
0.2568100686
0.2598030577
0.2623709383
0.2648595942
0.2665810624
0.2679988624
0.2694764768
0.2705753873
0.2717175051
0.2727946637
0.2739738301
0.2751489556
0.2764282201
0.2776187953
0.2783923441
0.2790141054
0.2796394169
0.2803555923
0.2812816976
0.2821694824
0.2831121012
0.2840309842
0.2847695320
0.2852822519
0.2858916597
0.2862413506
0.2866945936
0.2869587282
0.2875025589
0.2880296880
0.2886446237
0.2892103883
0.2897551298
0.2900680473
0.2902617770
0.2902530859
0.2904671428
0.2904138082
0.2902104040
0.2899281748
0.2895662064
0.2892811564
0.2892118773
0.2891189193
0.2892565898
0.2894625852
0.2895203394
0.2895486055
0.2892683149
0.2890494898
0.2888068514
0.2886562538
0.2884372081
0.2884685501
0.2886782445
0.2887267033
0.2887943366
0.2889680867
0.2891019753
0.2892378696
0.2890494841
0.2890388898
0.2892026375
0.2893975653
0.2897652400
0.2902129345
0.2908879374
0.2913698745
0.2920429820
0.2926004443
0.2934712110
0.2943529289
0.2951264290
0.2957672265
0.2961390358
0.2968700808
0.2978039255
0.2984318901
0.2990932681
0.2996120724
0.3000782625
0.3005770011
0.3010929216
0.3018048770
0.3025377700
0.3032857879
0.3039943903
0.3047867563
0.3057216450
0.3063878045
0.3071220945
0.3076326353
0.3083686749
0.3090588907
0.3097869635
0.3104199210
0.3111600139
0.3120139433
0.3129496626
0.3142507661
0.3156112695
0.3168335157
0.3180221645
0.3193104609
0.3208958031
0.3227783754
0.3246680171
0.3263122354
0.3283446377
0.3306971894
0.3333187666
0.3363912185
0.3394374455
0.3424595104
0.3458284709
0.3493213160
0.3530981816
0.3574357791
0.3619247973
0.3664628172
0.3717147464
0.3771393476
0.3825212971
0.3879394340
0.3937698767
0.4001777373
0.4065155672
0.4134947304
0.4220828611
0.4302109258
0.4380340530
0.4465123707
0.4553254959
0.4630020635
0.4701045741
0.4772637749
0.4847320819
0.4923510835
0.5003744212
0.5082437997
0.5168270000
0.5262504705
0.5350359585
0.5440394035
0.5527672798
0.5620411974
0.5706332771
0.5796810020
0.5893877196
0.5992574024
0.6087345332
0.6181405315
0.6275715998
0.6377250288
0.6487222989
0.6602490412
0.6731028828
0.6855739698
0.6984650872
0.7137112484
0.7293730701
0.7447555778
0.7587818550
0.7724243110
0.7861164421
0.7978840034
0.8108858304
0.8224124293
0.8334091119
0.8440420156
0.8563007698
0.8693507244
0.8824659331
0.8973496251
0.9103659389
0.9240483746
0.9380169660
0.9522595513
0.9657977206
0.9798880048
0.9956551461
1.0093493918
1.0238909363
1.0390601435
1.0536129875
1.0678071472
1.0822295559
1.0964557469
1.1099383827
1.1225731369
1.1353118293
1.1475554020
1.1592061115
1.1727822215
1.1867903742
1.2006599407
1.2143532941
1.2269537103
1.2391754766
1.2504414598
1.2616641204
1.2725464321
1.2836736362
1.2963132501
1.3091526086
1.3209987486
1.3323180412
1.3452649003
1.3570652598
1.3688557186
1.3802325352
1.3920023533
1.4042974906
1.4153256759
1.4251928246
1.4354840461
1.4461305428
1.4565757740
1.4672732585
1.4791524208
1.4902935191
1.5012008573
1.5121431153
1.5236992590
1.5353554142
1.5457739310
1.5565471698
1.5674178893
1.5780186771
1.5881630234
1.5977592253
1.6076757051
1.6158999774
1.6247840084
1.6326579379
1.6399808893
1.6469529711
1.6537981844
1.6607864693
1.6679969821
1.6748720640
1.6818190117
1.6885730517
1.6955233851
1.7023939478
1.7088673217
1.7164907113
1.7244723005
1.7323394456
1.7410145013
1.7502033893
1.7584048139
1.7674289595
1.7770724033
1.7860602884
1.7957592448
1.8052243314
1.8145808414
1.8235952739
1.8331016089
1.8419229125
1.8507535965
1.8598282306
1.8688018592
1.8770895914
1.8855497422
1.8940039774
1.9016800461
1.9091061147
1.9165158849
1.9252058921
1.9340924557
1.9420895060
1.9495966687
1.9578096267
1.9664038321
1.9749305424
1.9832512522
1.9912694205
1.9995834487
2.0080311698
2.0158976198
2.0222079238
2.0279668368
2.0335409299
2.0397979944
2.0466616204
2.0543068746
2.0620525167
2.0699666885
2.0768541562
2.0841131303
2.0920666894
2.0997633671
2.1072161489
2.1148288464
2.1224999740
2.1301664329
2.1377835447
2.1450575614
2.1517830339
2.1591082619
2.1665620724
2.1736858898
2.1807386512
2.1880165025
2.1940239061
2.2000472804
2.2061946943
2.2132569779
2.2202383050
2.2271715796
2.2340719185
2.2411039919
2.2470165926
2.2527933793
2.2584181014
2.2637850382
2.2692655432
2.2749363213
2.2805130777
2.2858665198
2.2913044197
2.2972622726
2.3040177901
2.3101630205
2.3168528596
2.3234815743
2.3300911889
2.3359277238
2.3418279950
2.3477478708
2.3536696833
2.3593672594
2.3654001302
2.3710983364
2.3763792588
2.3815984878
2.3878016409
2.3939399901
2.3995307008
2.4048575358
2.4102273920
2.4158228039
2.4216546968
2.4270030539
2.4324524857
2.4380085790
2.4439192942
2.4493363576
2.4543659377
2.4595048703
2.4643635837
2.4689279194
2.4747514126
2.4801031706
2.4857779094
2.4914148377
2.4970895016
2.5026810432
2.5081666369
2.5128651135
2.5182783405
2.5227783198
2.5277389135
2.5331756169
2.5380693822
2.5430491287
2.5477079918
2.5523429582
2.5571205553
2.5625904315
2.5674477862
2.5726059701
2.5779305976
2.5832836491
2.5885336819
2.5929848349
2.5979650657
2.6028301094
2.6073343559
2.6121011889
2.6165113266
2.6210939769
2.6258744732
2.6307763513
2.6358208733
2.6408000365
2.6459021744
2.6502921521
2.6549694222
2.6581887325
2.6612461736
2.6643308735
2.6674852304
2.6713125014
2.6752309971
2.6792671232
2.6831668261
2.6875117941
2.6914875956
2.6957774333
2.6997501713
2.7036010144
2.7076870629
2.7115790048
2.7157808579
2.7202678656
2.7246538228
2.7290314781
2.7333995481
2.7374435598
2.7418966768
2.7462743855
2.7508741683
2.7551408685
2.7594318382
2.7638221765
2.7681911130
2.7719062813
2.7759282462
2.7800446159
2.7840275135
2.7879430708
2.7923741824
2.7963600120
2.8001566697
2.8031556584
2.8062783504
2.8090135264
2.8121454759
2.8159839743
2.8188902971
2.8219661398
2.8244024911
2.8276094994
2.8313812478
2.8351454617
2.8393616609
2.8431645924
2.8467666413
2.8504085002
2.8536482482
2.8570949828
2.8606767774
2.8642881881
2.8682542942
2.8720576863
2.8751387664
2.8775979674
2.8804656397
2.8834536101
2.8866677051
2.8904183604
2.8941545692
2.8977971546
2.9010884560
2.9040853261
2.9072983783
2.9107716214
2.9142504892
2.9175646018
2.9208531845
2.9241697006
2.9279338625
2.9312800268
2.9343821402
2.9380974617
2.9414233052
2.9450244147
2.9485502507
2.9521691497
2.9550140439
2.9577049731
2.9601217421
2.9627099456
2.9652827575
2.9673370885
2.9697802428
2.9724145153
2.9752318873
2.9774940363
2.9799219566
2.9828564713
2.9860421434
2.9895739068
2.9924536034
2.9952198134
2.9982707111
3.0008980813
3.0037848537
3.0067923096
3.0095990362
3.0124311795
3.0154073371
3.0188114905
3.0216923013
3.0245436920
3.0276361304
3.0307632234
3.0341662417
3.0373313088
3.0401417286
3.0421519958
3.0440533105
3.0463365579
3.0485059895
3.0509927736
3.0536875952
3.0559553695
3.0586003582
3.0617801050
3.0650512301
3.0682939270
3.0707378595
3.0728430673
3.0752168717
3.0775923883
3.0800054066
3.0823568090
3.0845422910
3.0864112108
3.0887605599
3.0912716233
3.0939323317
3.0960462114
3.0985243132
3.1008570337
3.1029130156
3.1055132341
3.1072604258
3.1099559015
3.1124641343
3.1152655289
3.1179787095
3.1206296357
3.1227966233
3.1252166191
3.1276680339
3.1305304355
3.1335678397
3.1362763312
3.1386688112
3.1414499268
3.1435439023
3.1454873515
3.1475810665
3.1501715089
3.1529585465
3.1551378316
3.1576057563
3.1598760716
3.1613500274
3.1637587818
3.1660257938
3.1687621001
3.1710823779
3.1735025678
3.1761099873
3.1789353484
3.1814896906
3.1843243005
3.1867520145
3.1891572000
3.1911061612
3.1935317218
3.1951486221
3.1971379067
3.1998431780
3.2026211891
3.2049816567
3.2075785405
3.2098729295
3.2124926641
3.2150854431
3.2175744469
3.2197466145
3.2216868800
3.2232105448
3.2245454233
3.2270550344
3.2294645669
3.2309072299
3.2327126550
3.2344335457
3.2366127644
3.2385543423
3.2407600422
3.2428717434
3.2446996749
3.2462239541
3.2472875657
3.2483559767
3.2497774038
3.2521353395
3.2540004090
3.2557147881
3.2580465270
3.2605966347
3.2631599884
3.2655816737
3.2679065977
3.2695815918
3.2712632088
3.2732555065
3.2754315517
3.2774410209
3.2796079752
3.2817005066
3.2834650786
3.2854443224
3.2876859933
3.2901179966
3.2925337593
3.2939395394
3.2957240349
3.2972764628
3.2988831964
3.3006303808
3.3028498628
3.3050630453
3.3071770490
3.3092814923
3.3115336972
3.3130513712
3.3144617014
3.3161147231
3.3170311940
3.3184114294
3.3196913696
3.3203574650
3.3204714582
3.3205515640
3.3204642823
3.3202801130
3.3202716185
3.3205069062
3.3211353304
3.3219807144
3.3229845438
3.3241318133
3.3255877771
3.3272624159
3.3284754212
3.3297781014
3.3310366793
3.3320488367
3.3331747084
3.3345197812
3.3362357712
3.3380716615
3.3392586247
3.3405279164
3.3415447856
3.3428223219
3.3442942116
3.3459340760
3.3477472643
3.3498436434
3.3520809040
3.3540855207
3.3561894410
3.3581387046
3.3602169142
3.3623295832
3.3640040052
3.3654156138
3.3667483034
3.3684274503
3.3701329662
3.3718967439
3.3736800145
3.3750416027
3.3768672311
3.3788203153
3.3801509002
3.3820402207
3.3837944044
3.3856737749
3.3875324099
3.3895208259
3.3916007969
3.3936517584
3.3954160261
3.3965623330
3.3982387552
3.3998762233
3.4019230213
3.4039473886
3.4055542966
3.4073428303
3.4090110713
3.4104723798
3.4123722516
3.4141134934
3.4155695044
3.4171633725
3.4186064472
3.4202850802
3.4222793152
3.4234892646
3.4245773303
3.4253108573
3.4262497323
3.4271818099
3.4282779084
3.4291914958
3.4299479246
3.4306248086
3.4312113136
3.4323041587
3.4338006204
3.4357115941
3.4373298524
3.4383508122
3.4397587927
3.4415141633
3.4430758763
3.4449826419
3.4468922160
3.4485045941
3.4499013549
3.4510522150
3.4516959236
3.4525611326
3.4535071798
3.4550424646
3.4565627067
3.4581387756
3.4598201561
3.4612144861
3.4622323800
3.4628088379
3.4633555209
3.4641715405
3.4654221896
3.4671935647
3.4689656935
3.4708143278
3.4722966811
3.4741426108
3.4756523089
3.4772070896
3.4786673392
3.4802545693
3.4816958210
3.4832749025
3.4845086787
3.4857437651
3.4875103354
3.4891088540
3.4901297710
3.4911537182
3.4920093190
3.4928411458
3.4933602000
3.4939474554
3.4944944643
3.4951282300
3.4959053108
3.4966630556
3.4976166599
3.4983172306
3.4989314587
3.4993379040
3.4999311510
3.5007400634
3.5017912406
3.5028152908
3.5039510086
3.5051039129
3.5065570363
3.5070833602
3.5073512323
3.5077031201
3.5080412763
3.5084169591
3.5088222786
3.5090207566
3.5094087525
3.5099961686
3.5102652663
3.5106782505
3.5109839420
3.5115421257
3.5122317859
3.5130518375
3.5133385565
3.5135415843
3.5133478518
3.5130832928
3.5125988992
3.5121610694
3.5116150895
3.5111854466
3.5108434127
3.5107573937
3.5106577119
3.5112566340
3.5118720420
3.5126934944
3.5134064120
3.5138679531
3.5146998509
3.5153386978
3.5161294823
3.5172793825
3.5184989454
3.5200660069
3.5216097446
3.5232369962
3.5247147190
3.5259333945
3.5273100873
3.5285067761
3.5301062331
3.5315652272
3.5325769669
3.5334180848
3.5343166733
3.5354763916
3.5369593382
3.5384232960
3.5400500435
3.5416203555
3.5430545539
3.5442625973
3.5458743298
3.5472667638
3.5488719039
3.5503302545
3.5518719850
3.5532830704
3.5545606891
3.5558103355
3.5572465415
3.5587876378
3.5597425208
3.5606334362
3.5618365353
3.5634049673
3.5648955568
3.5664364489
3.5677943321
3.5692461048
3.5707624769
3.5721468637
3.5736368873
3.5749283699
3.5763158363
3.5776420440
3.5787790715
3.5800206250
3.5811344753
3.5824019958
3.5835439485
3.5850662142
3.5864813030
3.5878553128
3.5888903393
3.5896870175
3.5903166056
3.5914438174
3.5923546912
3.5932608847
3.5946352953
3.5958451666
3.5972224389
3.5986208217
3.5997861916
3.6009397317
3.6019074618
3.6030795807
3.6044011082
3.6056523041
3.6070508902
3.6083832603
3.6096571267
3.6099339136
3.6102567983
3.6107452254
3.6115375701
3.6129196627
3.6138891291
3.6143465119
3.6149868805
3.6156782110
3.6168497783
3.6181695211
3.6195015145
3.6206776805
3.6218278444
3.6227933830
3.6236608833
3.6242362604
3.6246479293
3.6251234992
3.6256414727
3.6260821441
3.6263562840
3.6266597270
3.6268121661
3.6271994234
3.6275146446
3.6278412354
3.6283934868
3.6290278947
3.6299068547
3.6311244160
3.6322838590
3.6335219370
3.6346319639
3.6355893551
3.6364210181
3.6371751668
3.6380087990
3.6388032258
3.6397522921
3.6405491708
3.6415070109
3.6428074774
3.6441128383
3.6453856594
3.6463363565
3.6474197024
3.6485474977
3.6497098030
3.6506202881
3.6514175874
3.6525116987
3.6533348497
3.6539777424
3.6549299968
3.6560008574
3.6565581815
3.6566661906
3.6569696429
3.6570453922
3.6576193751
3.6578756846
3.6580821256
3.6584895513
3.6594048204
3.6602780662
3.6612225264
3.6623798261
3.6634359423
3.6644818416
3.6656374022
3.6667352373
3.6679196910
3.6687088323
3.6695405009
3.6704430343
3.6716085348
3.6724553343
3.6731037284
3.6738085601
3.6745434442
3.6754312348
3.6764743814
3.6775722455
3.6784934053
3.6795060364
3.6807697541
3.6818703522
3.6828473726
3.6839752599
3.6850930656
3.6862756642
3.6874532699
3.6886300952
3.6898602516
3.6907954444
3.6917976286
3.6927668088
3.6937777869
3.6946241208
3.6953808379
3.6962336527
3.6973677152
3.6984492818
3.6996140661
3.7008059513
3.7016795837
3.7024134460
3.7030987003
3.7040611670
3.7049992863
3.7061402161
3.7072325214
3.7078186123
3.7083321496
3.7091825680
3.7099988103
3.7109233548
3.7116763555
3.7128742111
3.7139459771
3.7150504673
3.7158220010
3.7162750044
3.7170499537
3.7178642381
3.7186312606
3.7195013242
3.7203195571
3.7210143840
3.7219569469
3.7228976789
3.7236648927
3.7244096765
3.7253620830
3.7261819893
3.7267850611
3.7277847872
3.7287125103
3.7298776826
3.7309298518
3.7320158163
3.7330559013
3.7340108563
3.7348552679
3.7354953415
3.7359333353
3.7361819460
3.7367132113
3.7371186284
3.7380813772
3.7391791236
3.7402464105
3.7412358986
3.7421784206
3.7431566008
3.7440128900
3.7448156692
3.7453833256
3.7460724684
3.7469025989
3.7477616364
3.7487435805
3.7496820155
3.7501965724
3.7510359357
3.7520450210
3.7531471233
3.7541595414
3.7552146737
3.7561927761
3.7570562010
3.7577384913
3.7583767734
3.7590370678
3.7594595582
3.7601252203
3.7605647047
3.7608978089
3.7612764058
3.7617674386
3.7622701546
3.7630610875
3.7641395107
3.7650754766
3.7661084910
3.7671722457
3.7681740612
3.7691402715
3.7699240498
3.7708658747
3.7716274314
3.7723101970
3.7727679916
3.7736981950
3.7747501684
3.7755470498
3.7761103653
3.7769511062
3.7775083839
3.7781227224
3.7788815746
3.7797227118
3.7806669392
3.7815887815
3.7823302076
3.7832002705
3.7839028484
3.7847205154
3.7855068653
3.7863703623
3.7872128252
3.7877874667
3.7884633469
3.7892249502
3.7902348958
3.7911015222
3.7920018129
3.7929432486
3.7937654806
3.7944465783
3.7953771412
3.7960492803
3.7967214919
3.7974572841
3.7978970316
3.7982023123
3.7985115514
3.7990049049
3.7993666502
3.7998059365
3.8006822756
3.8014787496
3.8021141829
3.8027826751
3.8036047742
3.8043476311
3.8052495776
3.8058785851
3.8067903699
3.8077286554
3.8086739773
3.8093944356
3.8102199736
3.8111901281
3.8119309972
3.8124853330
3.8131502762
3.8135129612
3.8137079009
3.8141545460
3.8144890890
3.8147303588
3.8146413476
3.8147223812
3.8150200055
3.8153758765
3.8158805161
3.8167980335
3.8176999342
3.8185721584
3.8189562905
3.8191714654
3.8195229657
3.8197257983
3.8200458652
3.8204558916
3.8209518765
3.8212983271
3.8215385980
3.8215739156
3.8217320066
3.8219965354
3.8218627542
3.8217279544
3.8216823500
3.8218925155
3.8223656719
3.8231153171
3.8235955905
3.8238893715
3.8241713796
3.8245866148
3.8250599815
3.8256000774
3.8265132208
3.8273900735
3.8281335794
3.8288024401
3.8294920321
3.8304207758
3.8311505673
3.8320095452
3.8327874025
3.8332315920
3.8336657089
3.8344964187
3.8348181125
3.8353344830
3.8359315413
3.8362526526
3.8366733492
3.8370984417
3.8379472912
3.8387713482
3.8396775297
3.8405782608
3.8413624495
3.8419958169
3.8428312750
3.8434251891
3.8442523248
3.8451116190
3.8459848811
3.8467666676
3.8473159552
3.8481007022
3.8489219553
3.8497521628
3.8506385606
3.8514675145
3.8521492211
3.8528903034
3.8536467369
3.8543465881
3.8552328486
3.8558728930
3.8566495340
3.8574451982
3.8583369545
3.8588312101
3.8595700578
3.8603562638
3.8611799621
3.8618412582
3.8624342185
3.8631990502
3.8640503842
3.8648212983
3.8654792281
3.8660536623
3.8663644703
3.8666877789
3.8670731181
3.8675886804
3.8683839899
3.8688570896
3.8691721743
3.8697111798
3.8703809850
3.8709179999
3.8715994694
3.8721957686
3.8726200429
3.8729926606
3.8733523615
3.8740692522
3.8747430277
3.8752911589
3.8759393671
3.8766424683
3.8774924752
3.8781063071
3.8787832050
3.8796053362
3.8804190084
3.8811440607
3.8817515536
3.8823004905
3.8830807481
3.8835546709
3.8841454229
3.8848320319
3.8853938673
3.8860006884
3.8866753628
3.8872298389
3.8880517250
3.8886113757
3.8893799915
3.8900899297
3.8908136790
3.8914027307
3.8920047649
3.8927165071
3.8933647255
3.8940923938
3.8947865008
3.8955646779
3.8961167159
3.8964383022
3.8969231355
3.8972180871
3.8977954573
3.8983867350
3.8992029839
3.8999691074
3.9007591834
3.9015156774
3.9020054945
3.9026182805
3.9033888235
3.9040031428
3.9046039600
3.9049792880
3.9053600894
3.9054489165
3.9056773003
3.9058863184
3.9063117307
3.9068022793
3.9075750434
3.9082611406
3.9089833808
3.9096164921
3.9102587942
3.9109360948
3.9116489376
3.9121325335
3.9124531044
3.9129077454
3.9133674622
3.9138258804
3.9143471107
3.9148630986
3.9151868277
3.9159682676
3.9166121373
3.9171625478
3.9178338772
3.9184118318
3.9187922884
3.9194636823
3.9201852127
3.9207940601
3.9210549120
3.9213329518
3.9219858418
3.9226983547
3.9232877350
3.9239057413
3.9244834127
3.9249816706
3.9255079256
3.9260760054
3.9265021200
3.9272493118
3.9277911749
3.9285569922
3.9292716236
3.9298263906
3.9303827642
3.9310011628
3.9316983279
3.9323771055
3.9329700219
3.9334384529
3.9341931137
3.9349174390
3.9356216621
3.9360806385
3.9368071444
3.9374761534
3.9379335033
3.9384432527
3.9388788054
3.9395094605
3.9400050746
3.9403862970
3.9407691888
3.9411753967
3.9414401975
3.9416161206
3.9420712863
3.9424731471
3.9427917497
3.9430736296
3.9438060004
3.9443601537
3.9446488020
3.9451533628
3.9457549948
3.9464830299
3.9468832969
3.9473893800
3.9477187828
3.9482756992
3.9486516846
3.9488228582
3.9490895861
3.9494372706
3.9499302471
3.9506351431
3.9512899479
3.9519640442
3.9526661729
3.9531862002
3.9538911159
3.9544929333
3.9550155707
3.9555645431
3.9559522129
3.9561801557
3.9561848362
3.9564549413
3.9567860741
3.9571670023
3.9574544657
3.9575600261
3.9578130949
3.9579814404
3.9581785441
3.9585221776
3.9590418596
3.9597411787
3.9601902344
3.9604341454
3.9607998840
3.9612981770
3.9616520802
3.9620526641
3.9627424508
3.9633079875
3.9638061361
3.9644404083
3.9649780051
3.9655917073
3.9661638662
3.9668620770
3.9675193739
3.9679106585
3.9684694324
3.9689963845
3.9696427948
3.9700347684
3.9703382980
3.9705799366
3.9710081214
3.9715059344
3.9721670611
3.9727547723
3.9734063999
3.9737997847
3.9741631607
3.9746975291
3.9753328110
3.9759204420
3.9764891916
3.9770095950
3.9776725512
3.9778886681
3.9783294121
3.9787132565
3.9790156425
3.9792295849
3.9794963081
3.9797979087
3.9799901003
3.9801619845
3.9802569552
3.9803532506
3.9805617021
3.9806542145
3.9812442198
3.9819081428
3.9825783559
3.9831440307
3.9835434348
3.9840181876
3.9845616201
3.9849226146
3.9853220782
3.9855488982
3.9856282572
3.9858557053
3.9863690724
3.9868170582
3.9871755673
3.9875546701
3.9881921953
3.9887977494
3.9891678367
3.9895768889
3.9902158242
3.9905441618
3.9909470952
3.9914267453
3.9920096561
3.9921671365
3.9927655149
3.9930918669
3.9934198685
3.9934840581
3.9935782168
3.9939084527
3.9945022552
3.9950713920
3.9956170640
3.9961275086
3.9965800122
3.9970556518
3.9976872690
3.9983155218
3.9986813225
3.9991660807
3.9995424128
4.0001155376
4.0006244892
4.0009888609
4.0014230960
4.0020515809
4.0026354915
4.0030033674
4.0034155222
4.0037082986
4.0042778236
4.0047043182
4.0052596328
4.0057244958
4.0063423097
4.0068300367
4.0074332964
4.0078921686
4.0082820842
4.0086845924
4.0090432410
4.0091587983
4.0092648244
4.0093487290
4.0092651571
4.0092020951
4.0093278616
4.0096759730
4.0102749280
4.0107213920
4.0112711533
4.0117289330
4.0122061884
4.0127292198
4.0131692718
4.0137295724
4.0142955926
4.0147156927
4.0147440325
4.0150213665
4.0151845948
4.0157962613
4.0164116944
4.0169023005
4.0173480275
4.0177770168
4.0183510490
4.0188455539
4.0191663895
4.0197630598
4.0202312134
4.0206336057
4.0208693945
4.0210021306
4.0209622740
4.0208821527
4.0206765286
4.0206369169
4.0204610763
4.0203045343
4.0204146927
4.0204831647
4.0205908868
4.0206300118
4.0208819135
4.0210796195
4.0213966755
4.0216139137
4.0219132919
4.0220686937
4.0222569973
4.0224589247
4.0228982514
4.0233567815
4.0238329081
4.0243057879
4.0248464884
4.0253428481
4.0257622616
4.0261032347
4.0263501472
4.0266276182
4.0269836298
4.0274884916
4.0277980119
4.0281712937
4.0287176185
4.0292819159
4.0296983963
4.0300284110
4.0304637687
4.0305825959
4.0306915572
4.0308784805
4.0312409234
4.0317360216
4.0321507125
4.0324701181
4.0329796438
4.0333908859
4.0338869929
4.0343828914
4.0349104524
4.0353100140
4.0356955740
4.0360966856
4.0364619400
4.0370311607
4.0375311018
4.0380167569
4.0384789702
4.0388595966
4.0392374206
4.0395106742
4.0397452048
4.0399345395
4.0401380598
4.0405269873
4.0409897577
4.0413163708
4.0416006035
4.0420507192
4.0424417514
4.0428921228
4.0434348070
4.0438101707
4.0441655593
4.0443824835
4.0448172094
4.0451375836
4.0454009442
4.0457985083
4.0460535199
4.0464122433
4.0468788771
4.0473739282
4.0477647057
4.0482126808
4.0484163207
4.0486247759
4.0487348885
4.0488519366
4.0491759967
4.0494908541
4.0495850850
4.0497159786
4.0501008061
4.0504298144
4.0506917756
4.0510741938
4.0515451583
4.0520918855
4.0523872915
4.0525878933
4.0531371519
4.0535948148
4.0540528118
4.0545528236
4.0549094283
4.0552177312
4.0552836009
4.0554214694
4.0554282377
4.0553698919
4.0552835718
4.0551760378
4.0550301221
4.0549509279
4.0549111296
4.0548133018
4.0548276902
4.0552190178
4.0556511559
4.0561815425
4.0566280526
4.0571718147
4.0574081470
4.0576098557
4.0578829747
4.0583156564
4.0584491538
4.0586221085
4.0588435342
4.0589508142
4.0591217930
4.0593737483
4.0594429067
4.0594430530
4.0594983399
4.0596735372
4.0599308421
4.0599996073
4.0600910599
4.0602621721
4.0604415307
4.0606899154
4.0609797441
4.0612376735
4.0614157979
4.0616440135
4.0617282519
4.0619731268
4.0619933294
4.0619648395
4.0620483652
4.0621301743
4.0623542887
4.0626867890
4.0630152935
4.0632307636
4.0633965425
4.0635477809
4.0637684201
4.0638159633
4.0639427419
4.0641841680
4.0646950939
4.0650928684
4.0652242464
4.0654189547
4.0654414162
4.0654431892
4.0655446458
4.0656426390
4.0659831235
4.0661351917
4.0662792753
4.0667240405
4.0671706992
4.0674145811
4.0675167864
4.0675889684
4.0675392159
4.0676398135
4.0677410581
4.0677644544
4.0678738140
4.0679918869
4.0681369622
4.0684063834
4.0686054281
4.0689200351
4.0690816471
4.0693612492
4.0697100194
4.0700702764
4.0704477979
4.0708501182
4.0709932559
4.0710226322
4.0709879867
4.0711254595
4.0712529448
4.0717055378
4.0720478851
4.0724941156
4.0729666860
4.0733154179
4.0737092247
4.0739444614
4.0742136994
4.0745174881
4.0748352516
4.0751888237
4.0754921141
4.0758547502
4.0762855186
4.0767796679
4.0771141840
4.0774779865
4.0778919415
4.0782229033
4.0785482480
4.0788867096
4.0792993351
4.0796510028
4.0800565729
4.0802210776
4.0802723474
4.0803850219
4.0805251557
4.0806124143
4.0804289994
4.0805483383
4.0806609893
4.0806726968
4.0806438865
4.0807627026
4.0807410551
4.0806035797
4.0805152410
4.0806341150
4.0805819771
4.0803989328
4.0802096549
4.0800375618
4.0798249091
4.0797574638
4.0796760179
4.0796033215
4.0795036619
4.0797229578
4.0800329112
4.0802657458
4.0805172981
4.0807808391
4.0812210957
4.0815043035
4.0817600473
4.0820803822
4.0825055558
4.0828079840
4.0832919530
4.0836864188
4.0841361031
4.0845835578
4.0849093362
4.0852918455
4.0855747051
4.0859377402
4.0861496863
4.0865290416
4.0869174300
4.0873199660
4.0875042200
4.0877267712
4.0879421632
4.0880794172
4.0880768303
4.0881360091
4.0885056030
4.0888749586
4.0891293740
4.0893656308
4.0896231967
4.0900703941
4.0905329582
4.0910076512
4.0914298007
4.0918571432
4.0921013895
4.0924489823
4.0926805812
4.0928951914
4.0932967863
4.0936799045
4.0941421541
4.0945661287
4.0949070494
4.0953587378
4.0957400926
4.0958496116
4.0960388159
4.0964899759
4.0969394808
4.0972628486
4.0976270187
4.0980878445
4.0985343766
4.0989187061
4.0993576282
4.0998036435
4.1000541857
4.1003880048
4.1008244724
4.1011774522
4.1015471680
4.1018805470
4.1022269912
4.1025214755
4.1029054361
4.1032536870
4.1036050924
4.1039815102
4.1042652309
4.1047234939
4.1050594684
4.1053832085
4.1056579965
4.1058721615
4.1061180652
4.1063902555
4.1068156466
4.1071371680
4.1073631662
4.1076318890
4.1079759313
4.1083029281
4.1086043950
4.1089629606
4.1094159349
4.1098175262
4.1102652481
4.1106697405
4.1111116422
4.1114988632
4.1117509762
4.1120451901
4.1123872210
4.1128188141
4.1132677509
4.1137186703
4.1139778620
4.1140368026
4.1140719836
4.1142508985
4.1146187770
4.1149694341
4.1151215126
4.1152486659
4.1156225994
4.1159261793
4.1160834226
4.1162206088
4.1166008687
4.1168856056
4.1171257679
4.1174104396
4.1175464523
4.1177093404
4.1179877877
4.1181362183
4.1184415411
4.1188534673
4.1192884721
4.1196749546
4.1199239899
4.1202190609
4.1205617675
4.1208574642
4.1211853933
4.1215681254
4.1218854490
4.1222737617
4.1226771762
4.1230576670
4.1234158059
4.1236146741
4.1238123921
4.1240021104
4.1242046437
4.1243051361
4.1245419146
4.1249033802
4.1252235090
4.1254438907
4.1256087376
4.1260265196
4.1264317371
4.1267845180
4.1271161138
4.1273827189
4.1277408452
4.1281559587
4.1285332498
4.1289203748
4.1293128780
4.1297330969
4.1300144328
4.1301497873
4.1303803820
4.1306779279
4.1311045943
4.1314178380
4.1317551268
4.1321048763
4.1323195315
4.1324104626
4.1324929688
4.1326952857
4.1329862670
4.1333608648
4.1337426207
4.1341576962
4.1345786110
4.1349110198
4.1352728180
4.1356531579
4.1360769255
4.1364645178
4.1367236369
4.1370931067
4.1375070214
4.1379137732
4.1382296818
4.1385167369
4.1389360488
4.1391968084
4.1395062641
4.1398566731
4.1401896314
4.1404264331
4.1407523550
4.1409892390
4.1413683906
4.1415665490
4.1418915306
4.1422160439
4.1424982229
4.1427210174
4.1430168917
4.1434153209
4.1437709762
4.1439658051
4.1442552069
4.1445114022
4.1448351419
4.1450952732
4.1452755185
4.1454018291
4.1455650893
4.1457176408
4.1459369201
4.1461509690
4.1463651426
4.1465127365
4.1468637715
4.1471525872
4.1473852309
4.1476846093
4.1479915398
4.1482647627
4.1486240060
4.1489720861
4.1493426496
4.1496082148
4.1498693187
4.1501023236
4.1504357332
4.1506684632
4.1507995774
4.1510588807
4.1514220333
4.1517581442
4.1519377677
4.1522522625
4.1525645195
4.1528284186
4.1531350539
4.1533824060
4.1536093617
4.1539748638
4.1543304009
4.1546574344
4.1548614077
4.1550960866
4.1553030915
4.1556729321
4.1559711991
4.1561847746
4.1563978456
4.1565799133
4.1567556171
4.1568614561
4.1571891083
4.1575655347
4.1577859869
4.1581447159
4.1583875998
4.1586762102
4.1590484805
4.1594088863
4.1597787905
4.1601544984
4.1604332676
4.1607987192
4.1611536082
4.1615298457
4.1617540783
4.1620480441
4.1623189722
4.1626390968
4.1629250824
4.1632105084
4.1634221460
4.1635723976
4.1639051528
4.1642258728
4.1645272557
4.1649014355
4.1651270560
4.1654405943
4.1657320542
4.1661195748
4.1664675483
4.1667022411
4.1670014237
4.1673845760
4.1676812800
4.1679482149
4.1682377321
4.1684119429
4.1685206564
4.1687118558
4.1688874286
4.1691878177
4.1695597618
4.1697572984
4.1700188255
4.1701391937
4.1705133074
4.1708656806
4.1711153355
4.1712745469
4.1715495727
4.1718659865
4.1721982612
4.1724189563
4.1726208240
4.1729600162
4.1732523301
4.1733452026
4.1735179790
4.1736119034
4.1737210750
4.1739626794
4.1741709607
4.1743804645
4.1745482978
4.1747498445
4.1748950912
4.1751470586
4.1754324489
4.1756748262
4.1759952578
4.1761756964
4.1763519208
4.1764862203
4.1764903078
4.1765180231
4.1765177198
4.1765383285
4.1766314021
4.1768076951
4.1771207184
4.1774776344
4.1777239566
4.1777723059
4.1780701759
4.1783888630
4.1785055200
4.1785686346
4.1785394869
4.1786688437
4.1787804989
4.1790371709
4.1793646041
4.1795896225
4.1799051088
4.1802613671
4.1805984481
4.1808626718
4.1810997446
4.1814668538
4.1817122257
4.1819319673
4.1821067574
4.1824635711
4.1826534642
4.1830198683
4.1832437866
4.1835548958
4.1838944079
4.1841489222
4.1843652996
4.1846567452
4.1849357980
4.1850970113
4.1854345241
4.1856690802
4.1859391851
4.1859761969
4.1861555604
4.1864268941
4.1867161575
4.1868757739
4.1869498605
4.1871834630
4.1873522537
4.1876000229
4.1877729707
4.1880603298
4.1883338298
4.1885353437
4.1886452891
4.1888970637
4.1892114579
4.1895221820
4.1897363601
4.1900735170
4.1903767091
4.1905577108
4.1909119382
4.1912072271
4.1915273713
4.1918660236
4.1921673061
4.1924781002
4.1927023009
4.1930060912
4.1933162516
4.1935833548
4.1937100286
4.1939800521
4.1941325537
4.1943778350
4.1945744767
4.1948208568
4.1950180450
4.1952306185
4.1954895968
4.1956689212
4.1958345708
4.1961475236
4.1964370592
4.1967466352
4.1970284989
4.1972649007
4.1975725202
4.1977948567
4.1979852402
4.1982794400
4.1984246280
4.1986714578
4.1989047850
4.1990652478
4.1994065890
4.1996538169
4.1998857831
4.2001680734
4.2004434617
4.2007732637
4.2009477658
4.2011231483
4.2012850674
4.2014365954
4.2014884872
4.2018013524
4.2020857227
4.2024209015
4.2026291653
4.2028126712
4.2029381771
4.2032227926
4.2035155407
4.2038419594
4.2041372869
4.2043670636
4.2046035299
4.2047940157
4.2049898231
4.2051601520
4.2052944454
4.2054544595
4.2055602074
4.2056129632
4.2056841816
4.2058794107
4.2061526976
4.2064026699
4.2067092127
4.2068886438
4.2069837442
4.2070556206
4.2070998452
4.2072641729
4.2075071751
4.2075578955
4.2076809299
4.2077779343
4.2077382783
4.2079267042
4.2081455477
4.2084046035
4.2086890402
4.2087453603
4.2087650187
4.2088628245
4.2089789721
4.2092155849
4.2093690012
4.2095335932
4.2097850115
4.2100037140
4.2102901333
4.2104295963
4.2105190209
4.2105708027
4.2106657689
4.2106814368
4.2108602409
4.2109830610
4.2112349759
4.2115171795
4.2117959193
4.2119702395
4.2120588989
4.2121794787
4.2122852872
4.2125559249
4.2127292887
4.2129973152
4.2131087989
4.2131147729
4.2130571745
4.2131951417
4.2134056282
4.2136110808
4.2139150358
4.2142110824
4.2144976171
4.2148232115
4.2150378739
4.2152428593
4.2154901464
4.2157585254
4.2160009002
4.2162579800
4.2163534403
4.2166621286
4.2167488805
4.2169512328
4.2171921612
4.2174660804
4.2174259608
4.2176021033
4.2177782786
4.2179670154
4.2182369517
4.2184950592
4.2188025418
4.2191055926
4.2194248268
4.2196354986
4.2199176916
4.2201606940
4.2203704702
4.2204583655
4.2207063949
4.2210182094
4.2213427613
4.2216230683
4.2218925957
4.2221613553
4.2224653687
4.2227758677
4.2229396278
4.2231345422
4.2234049901
4.2236630889
4.2239629752
4.2242605266
4.2245541790
4.2248229784
4.2250587968
4.2253016609
4.2255994534
4.2258938605
4.2262084449
4.2265008573
4.2267993821
4.2269960417
4.2272128307
4.2274665311
4.2276435467
4.2277026700
4.2278542254
4.2280523041
4.2282693089
4.2284366400
4.2287399377
4.2289058467
4.2291046907
4.2293219895
4.2295875007
4.2297832941
4.2300334255
4.2303136125
4.2306046990
4.2307755058
4.2309529004
4.2310207599
4.2311469193
4.2313106098
4.2313795149
4.2315500452
4.2316925242
4.2318412233
4.2317781845
4.2318141178
4.2318498145
4.2319892164
4.2321545545
4.2324436276
4.2326400676
4.2329152137
4.2331764016
4.2333849101
4.2335312383
4.2337386023
4.2339700006
4.2341594729
4.2343985925
4.2345413108
4.2347695995
4.2350159992
4.2352694905
4.2354879112
4.2355823487
4.2357736132
4.2360692409
4.2362201857
4.2363744020
4.2365788258
4.2367450832
4.2368650668
4.2371495826
4.2374564415
4.2376890722
4.2378369287
4.2381292970
4.2384315985
4.2386561081
4.2388424372
4.2390813082
4.2392403552
4.2394480197
4.2396182470
4.2397644874
4.2399411443
4.2402181153
4.2405187524
4.2408182016
4.2409138351
4.2410586666
4.2411877757
4.2413728053
4.2415846722
4.2416940956
4.2418630161
4.2419419160
4.2420785924
4.2422903035
4.2425873788
4.2428873537
4.2431721689
4.2434106107
4.2435511884
4.2438435116
4.2440984119
4.2443021162
4.2444707224
4.2446426436
4.2448521253
4.2450297185
4.2452112423
4.2452926246
4.2452837294
4.2452695979
4.2452427734
4.2452489765
4.2452076878
4.2453263535
4.2454862984
4.2457600693
4.2460548360
4.2462990132
4.2464782221
4.2467729330
4.2470413126
4.2471236259
4.2472383238
4.2473044503
4.2474694878
4.2477133872
4.2479707540
4.2481170828
4.2483121588
4.2484442144
4.2485710007
4.2487359544
4.2487117722
4.2488516398
4.2489327872
4.2492063235
4.2494823385
4.2496704804
4.2498971110
4.2501350607
4.2504084216
4.2506708588
4.2509105917
4.2510979891
4.2512657852
4.2513662780
4.2515782612
4.2518697203
4.2521338737
4.2523255741
4.2525736838
4.2528077485
4.2530802781
4.2533142640
4.2534708748
4.2536726453
4.2537948385
4.2539409435
4.2540539862
4.2543161744
