mean_beta
1.4238288942
1.4155179226
1.4135033343
1.4150996871
1.4189580047
1.4224265549
1.4250422845
1.4274919849
1.4292435886
1.4302864584
1.4337743344
1.4360921805
1.4382685431
1.4397296671
1.4408155065
1.4412762931
1.4412902950
1.4415006738
1.4415608005
1.4419910904
1.4426350558
1.4431951380
1.4448504391
1.4471056653
1.4498563861
1.4524190324
1.4557537003
1.4588672818
1.4620308347
1.4649914397
1.4675371323
1.4708655486
1.4739295822
1.4769534583
1.4805131507
1.4838000634
1.4867855395
1.4896385918
1.4923197995
1.4937901558
1.4951753750
1.4961524773
1.4970374312
1.4982231424
1.4999071754
1.5011522851
1.5023608822
1.5036422607
1.5048236101
1.5058707342
1.5074910245
1.5087781867
1.5103987415
1.5122710773
1.5145734462
1.5164750830
1.5188292144
1.5211982796
1.5233512234
1.5249234557
1.5269620369
1.5294308064
1.5320721934
1.5346079649
1.5370329959
1.5399539611
1.5426435743
1.5462811608
1.5506133343
1.5539172413
1.5558074655
1.5580144421
1.5601121058
1.5615558261
1.5628638478
1.5638255232
1.5645572607
1.5648843438
1.5655149618
1.5659423228
1.5664889276
1.5669516297
1.5670365534
1.5672957485
1.5677136849
1.5679516861
1.5681640252
1.5681409725
1.5680223350
1.5680685315
1.5683930884
1.5688700773
1.5693935181
1.5699798081
1.5704634345
1.5709090069
1.5714147903
1.5721703488
1.5725577134
1.5729516877
1.5733124441
1.5739386582
1.5746558739
1.5753357302
1.5760994067
1.5770798838
1.5776469403
1.5780741906
1.5781944084
1.5784578797
1.5783432826
1.5783467631
1.5784902521
1.5785732263
1.5786715469
1.5787934601
1.5788116611
1.5790737020
1.5793753800
1.5796931544
1.5799819695
1.5800101054
1.5800827015
1.5803025103
1.5806154841
1.5808497592
1.5814800494
1.5822441354
1.5827517299
1.5832014328
1.5836064934
1.5840106132
1.5846820438
1.5850324245
1.5854906377
1.5861667585
1.5869342855
1.5879173109
1.5888315607
1.5900417213
1.5907657834
1.5916500047
1.5925242167
1.5937261078
1.5950837995
1.5963262241
1.5976552430
1.5985140726
1.5993755386
1.6003702234
1.6009076714
1.6016990590
1.6022354787
1.6026715282
1.6030771241
1.6036152735
1.6045758375
1.6059361997
1.6073986506
1.6089365057
1.6105081839
1.6122514771
1.6136163851
1.6148173202
1.6158424215
1.6173760254
1.6189648027
1.6207229006
1.6222758642
1.6240767889
1.6262897038
1.6285855144
1.6312562235
1.6342149864
1.6371074383
1.6401846456
1.6434433240
1.6471678217
1.6514521472
1.6559574007
1.6598419285
1.6643335968
1.6691226869
1.6739621872
1.6798538262
1.6855448743
1.6913860655
1.6981349864
1.7056714298
1.7141535835
1.7252949566
1.7359607861
1.7470717774
1.7598723452
1.7737851362
1.7881259152
1.8014560840
1.8172189527
1.8298081615
1.8407182983
1.8549981647
1.8732160867
1.8929587380
1.9136742713
1.9329763936
1.9551800177
1.9756524421
1.9919415520
2.0056452004
2.0199203601
2.0343275296
2.0466576232
2.0590367475
2.0727919605
2.0891868937
2.1061952391
2.1227263862
2.1432090528
2.1676744437
2.1882725311
2.2129186762
2.2439339829
2.2694982198
2.2963266193
2.3224362099
2.3454347746
2.3688744205
2.3988760951
2.4334732763
2.4672656337
2.5033517814
2.5413455201
2.5811693668
2.6215038907
2.6624167666
2.7073456190
2.7482098976
2.7918154344
2.8412124659
2.8934854724
2.9360399619
2.9817232115
3.0298355900
3.0843777921
3.1409711916
3.1963825902
3.2377396504
3.2794568276
3.3129404893
3.3407685299
3.3795928391
3.4205991548
3.4638818584
3.5054237396
3.5503802241
3.6031895687
3.6585410962
3.7087592941
3.7412406715
3.7708830237
3.8001773054
3.8341488274
3.8721004632
3.9113160521
3.9594675887
4.0237516143
4.0935716821
4.1629527508
4.2332221270
4.2995595679
4.3682914405
4.4351147205
4.4918487554
4.5587008390
4.6218362429
4.6863405079
4.7565732551
4.8399223627
4.9196831413
4.9937753028
5.0779923745
5.1513569039
5.2189506019
5.2892994253
5.3503992213
5.4086239349
5.4541597902
5.4875577474
5.5193102158
5.5470362523
5.5879857318
5.6432610794
5.7017425783
5.7457149830
5.7863659664
5.8330761299
5.8903096020
5.9525915059
6.0205357438
6.0967971113
6.1736163566
6.2514375874
6.3316280256
6.3971501993
6.4640362514
6.5110935070
6.5660514699
6.6157861213
6.6559771605
6.6902903415
6.7216117234
6.7554353246
6.7983896036
6.8429759360
6.8907604946
6.9404577788
6.9896812312
7.0348222969
7.0757422663
7.1293644384
7.1873475748
7.2399040181
7.2940482250
7.3462172352
7.3933359534
7.4435756167
7.4918534442
7.5382877987
7.5898318641
7.6526535017
7.7200459103
7.7886802380
7.8620152178
7.9313630450
7.9982425108
8.0719073629
8.1444299162
8.2088493872
8.2795393422
8.3547355707
8.4255495826
8.4930796878
8.5537840630
8.6270167661
8.7009506002
8.7607869041
8.8104114154
8.8682986223
8.9228672612
8.9739517222
9.0349292916
9.0981293559
9.1643251456
9.2244566377
9.2697193520
9.3028879594
9.3355220827
9.3664822717
9.4019018056
9.4349821239
9.4703460766
9.5166991794
9.5679323243
9.6067463721
9.6510884118
9.6936851737
9.7217435439
9.7574109809
9.7973293794
9.8322523144
9.8677727208
9.9078922205
9.9440529407
9.9747167284
10.0103377825
10.0561677202
10.0988902596
10.1458113611
10.1925877534
10.2268624827
10.2618919808
10.2963115410
10.3259090091
10.3483301612
10.3723095577
10.3924919145
10.4119384456
10.4394050094
10.4617777688
10.4888004371
10.5188713575
10.5459970994
10.5718973767
10.5973355537
10.6208802202
10.6456977797
10.6675677257
10.6834526116
10.6954691538
10.7162046378
10.7402122048
10.7683622909
10.7988996984
10.8236543837
10.8534210822
10.8733949079
10.8896880983
10.9047182626
10.9287815274
10.9455333116
10.9614503604
10.9783334890
11.0008028990
11.0175867007
11.0334837471
11.0530207418
11.0794990962
11.0946766495
11.1087789151
11.1200394599
11.1307416402
11.1415143410
11.1518274356
11.1629670582
11.1737023872
11.1896486188
11.2093186215
11.2379584115
11.2597467414
11.2826306638
11.3066089771
11.3266192787
11.3433114629
11.3551369779
11.3678889416
11.3893880819
11.4055645453
11.4290588948
11.4514954883
11.4725223420
11.4967789743
11.5165432428
11.5326332372
11.5616089176
11.5848515708
11.6036942622
11.6235873179
11.6528883451
11.6804883792
11.7075102321
11.7346526763
11.7637908382
11.7912985394
11.8122303136
11.8408789368
11.8674008714
11.8921053548
11.9061550389
11.9161290126
11.9258496289
11.9391369235
11.9486296070
11.9662289802
11.9879021706
12.0023560225
12.0194395670
12.0362480224
12.0542320227
12.0745336130
12.0893245308
12.0997395009
12.1129566421
12.1270694554
12.1487239826
12.1750262918
12.2009290788
12.2238682661
12.2511891761
12.2821430525
12.3149159657
12.3443324604
12.3748952266
12.4084439439
12.4363936574
12.4639396975
12.4931295627
12.5167806502
12.5397739852
12.5597179549
12.5828952456
12.6091280156
12.6314749359
12.6504987330
12.6709475731
12.6869598524
12.6999952180
12.7172483079
12.7474372806
12.7710587822
12.7927707951
12.8134912685
12.8365876141
12.8572739815
12.8813960479
12.9054707255
12.9259630820
12.9493463794
12.9643134982
12.9796520555
13.0013711595
13.0224148950
13.0481320995
13.0701666764
13.0903113201
13.1099353028
13.1263159148
13.1377477503
13.1461416934
13.1524126429
13.1534017094
13.1514954242
13.1627734411
13.1719290162
13.1799093328
13.1857842191
13.1912274632
13.1992425871
13.2066686358
13.2112619289
13.2195919890
13.2332439384
13.2499041231
13.2665800017
13.2881238009
13.3094620096
13.3313867780
13.3461402878
13.3645635190
13.3817249813
13.3944083277
13.4137919277
13.4336144814
13.4563678188
13.4810261441
13.5076223233
13.5157490085
13.5266057320
13.5404572692
13.5572127859
13.5725493840
13.5878997454
13.6077608944
13.6300164025
13.6497363556
13.6680049729
13.6878652635
13.7106218537
13.7307472594
13.7544324994
13.7684333711
13.7767955724
13.7872539569
13.7888391060
13.7879632522
13.7886870098
13.7862409996
13.7868933584
13.7884313896
13.7909905985
13.7911060732
13.7926809446
13.7985913161
13.8036357087
13.8105516490
13.8166284312
13.8235314312
13.8314177270
13.8349008385
13.8378718180
13.8402031937
13.8400401667
13.8402044741
13.8474629068
13.8547391558
13.8644006255
13.8747913229
13.8816485001
13.8866141262
13.8959585896
13.8980726748
13.9047625640
13.9036515638
13.9043860082
13.9092672470
13.9145567541
13.9212909605
13.9241429232
13.9366764009
13.9443503058
13.9474691217
13.9561989415
13.9604691488
13.9622831518
13.9625660760
13.9638845870
13.9647694103
13.9640762573
13.9595627148
13.9588278538
13.9557861445
13.9554540230
13.9481275786
13.9433082755
13.9394611132
13.9343564132
13.9339957924
13.9327350274
13.9334154267
13.9320017289
13.9308515451
13.9301042969
13.9272057840
13.9261468533
13.9283294265
13.9283849093
13.9308288045
13.9375405260
13.9401810299
13.9467883047
13.9528535311
13.9624619174
13.9713279025
13.9797539036
13.9868493081
13.9936489566
14.0007118458
14.0072704386
14.0131403717
14.0256289483
14.0332607482
14.0451350816
14.0556644061
14.0708155521
14.0879026703
14.1072738676
14.1260263095
14.1486604146
14.1713168864
14.1944097440
14.2152976294
14.2361456016
14.2529740631
14.2646698948
14.2720369288
14.2796620114
14.2842227269
14.2918766792
14.2956814066
14.2968511269
14.2990293706
14.3041971636
14.3097514640
14.3117088831
14.3142473541
14.3147912807
14.3159840351
14.3218981825
14.3289308918
14.3352012274
14.3423820260
14.3483365372
14.3563012696
14.3656916626
14.3806022304
14.3938338687
14.4026637703
14.4127235723
14.4195809046
14.4231994394
14.4245584443
14.4253442123
14.4276590636
14.4329979206
14.4407187353
14.4573215342
14.4749783101
14.4945447283
14.5069459406
14.5218315835
14.5344450810
14.5472099171
14.5620923822
14.5832353992
14.6043387356
14.6232937949
14.6396130169
14.6585165218
14.6725627397
14.6864347425
14.7015407029
14.7125625062
14.7240785995
14.7326858992
14.7358653803
14.7394171164
14.7441528926
14.7474527487
14.7493818596
14.7530584577
14.7568598451
14.7641588888
14.7731962050
14.7817247215
14.7914819096
14.8043392123
14.8143352949
14.8230088981
14.8320725895
14.8397318012
14.8483661751
14.8580142049
14.8691058549
14.8794242788
14.8809359692
14.8799190046
14.8777550736
14.8770881826
14.8761956100
14.8756171935
14.8771645292
14.8762148878
14.8740281750
14.8707960696
14.8743194058
14.8793740064
14.8851336291
14.8931872507
14.9037137695
14.9088503015
14.9187989899
14.9236945205
14.9318749280
14.9388103147
14.9470662164
14.9585418848
14.9673525935
14.9783277862
14.9927874341
14.9991054207
15.0077070825
15.0152340476
15.0218342370
15.0359128629
15.0495168871
15.0652290538
15.0801988670
15.0919086850
15.1008797165
15.1092249432
15.1180093853
15.1211219791
15.1300336606
15.1435823978
15.1556969329
15.1607363878
15.1636428602
15.1645284826
15.1658854965
15.1664308664
15.1691635231
15.1684029498
15.1650745452
15.1614961896
15.1570423302
15.1532716684
15.1489010172
15.1511532543
15.1537100901
15.1581569312
15.1605309929
15.1643962373
15.1665870013
15.1695523854
15.1719436670
15.1763532536
15.1818090583
15.1865354672
15.1907815193
15.2009075899
15.2116326651
15.2167130487
15.2188940433
15.2199748216
15.2229877194
15.2250401757
15.2272605560
15.2343001908
15.2434461045
15.2545323595
15.2711826517
15.2853198658
15.2970182785
15.3035887477
15.3111719533
15.3144650651
15.3140235625
15.3150009545
15.3140281827
15.3140806605
15.3166132128
15.3160383983
15.3194828881
15.3262108450
15.3386848246
15.3474966605
15.3547569070
15.3601350200
15.3684066942
15.3808071278
15.3935792698
15.4033601148
15.4145187736
15.4235926493
15.4317108404
15.4346920701
15.4386341777
15.4413858282
15.4410162792
15.4385651529
15.4367917767
15.4363372811
15.4348410100
15.4332996617
15.4287310494
15.4265406757
15.4237857197
15.4207761783
15.4193494115
15.4173813450
15.4117209113
15.4065394553
15.4023637481
15.3973668155
15.3954378976
15.3906829555
15.3860620382
15.3843173374
15.3819413828
15.3815679211
15.3813926607
15.3799106244
15.3769976105
15.3757089442
15.3733560413
15.3729097501
15.3744045684
15.3767266021
15.3819115356
15.3872995758
15.3922197573
15.3962482575
15.4004792583
15.4002585662
15.4000460625
15.3961044781
15.3910111247
15.3870871069
15.3838013587
15.3816687818
15.3825310693
15.3805067425
15.3746923846
15.3686632633
15.3662408474
15.3639531480
15.3611975707
15.3590180835
15.3564317146
15.3522651878
15.3481199526
15.3444409578
15.3418664945
15.3407050662
15.3397591310
15.3385941854
15.3381372144
15.3371363126
15.3381952754
15.3401390754
15.3432661142
15.3481866893
15.3531870697
15.3592855902
15.3614113593
15.3611459490
15.3612387114
15.3644913040
15.3761344685
15.3882652360
15.3995773400
15.4127094633
15.4226888637
15.4347959914
15.4479238645
15.4581505597
15.4706138246
15.4840665809
15.4956844264
15.5041919497
15.5114003351
15.5160386279
15.5181281188
15.5237996062
15.5307001705
15.5400119424
15.5487263447
15.5543361584
15.5603242558
15.5650331902
15.5676932314
15.5717490351
15.5758587619
15.5820108828
15.5846345308
15.5891781343
15.5961597226
15.5958577784
15.5974201638
15.6004214322
15.6071690186
15.6098016471
15.6136353581
15.6178198582
15.6217390786
15.6236690501
15.6257177581
15.6283890035
15.6304016328
15.6330547099
15.6375756517
15.6419833370
15.6426775235
15.6449801468
15.6442708843
15.6480156739
15.6557016659
15.6648396568
15.6762956654
15.6854691876
15.6872859121
15.6857673300
15.6839977350
15.6852562257
15.6884803132
15.6940162355
15.7031630726
15.7109946856
15.7156368903
15.7242534247
15.7333000382
15.7408496152
15.7488521974
15.7587111164
15.7649761229
15.7727117215
15.7806443344
15.7887196719
15.7953807987
15.7992723134
15.8020176374
15.8018835529
15.8005466752
15.7996038645
15.7968240934
15.7945450274
15.7935477017
15.7906150186
15.7877293578
15.7845903586
15.7818634817
15.7817199346
15.7802905588
15.7787561927
15.7783470129
15.7759409071
15.7782192509
15.7797112760
15.7790348075
15.7803232954
15.7803238075
15.7816714246
15.7840252487
15.7878006934
15.7949647872
15.8032481745
15.8091360519
15.8181751036
15.8230576722
15.8295475895
15.8358203931
15.8411539914
15.8458318752
15.8551251908
15.8599645784
15.8638334238
15.8669487576
15.8703379439
15.8728862630
15.8718651810
15.8731376960
15.8702032164
15.8676034494
15.8638090307
15.8616835202
15.8596932048
15.8570067035
15.8543272227
15.8531797066
15.8596794316
15.8682259613
15.8761253441
15.8829923488
15.8879493409
15.8929551503
15.8975562116
15.9041676707
15.9108835066
15.9131363398
15.9165971068
15.9175139569
15.9193050687
15.9206030041
15.9214269394
15.9235421166
15.9247689959
15.9277437257
15.9307474567
15.9305203690
15.9312200181
15.9337559684
15.9326111439
15.9325660752
15.9326521646
15.9316232836
15.9317525235
15.9339031875
15.9346657000
15.9362997570
15.9383808421
15.9372296643
15.9371183145
15.9390330938
15.9400511736
15.9420790686
15.9435286116
15.9447433190
15.9478727742
15.9507818269
15.9533654188
15.9545063723
15.9522656723
15.9525222572
15.9511580728
15.9557223305
15.9604175847
15.9626803744
15.9656677502
15.9666545299
15.9700023802
15.9710247806
15.9682161494
15.9664938069
15.9672821181
15.9667204398
15.9659907558
15.9670408579
15.9679452101
15.9691871885
15.9699780652
15.9722372036
15.9769060808
15.9811984601
15.9865130218
15.9943303875
16.0001251206
16.0075385401
16.0131385356
16.0208887798
16.0330443278
16.0435796894
16.0570577413
16.0667324362
16.0779932057
16.0890782853
16.0998798763
16.1095336007
16.1179626527
16.1234833860
16.1273365659
16.1310437940
16.1314700109
16.1339378911
16.1361679722
16.1432946302
16.1503061940
16.1556254614
16.1627915160
16.1679433959
16.1743837768
16.1801391939
16.1858874352
16.1900281675
16.1925069981
16.1958414665
16.2005248268
16.2029271809
16.2090927735
16.2146636488
16.2195389134
16.2267988914
16.2329832533
16.2376634110
16.2415091888
16.2479869513
16.2531366624
16.2600613882
16.2654506515
16.2706501105
16.2739792721
16.2787807315
16.2793732575
16.2769803007
16.2772812930
16.2808943975
16.2862534166
16.2898479579
16.2942784428
16.3001701233
16.3049721000
16.3110065807
16.3147882395
16.3210285689
16.3283154095
16.3329118417
16.3364702795
16.3431335151
16.3503455593
16.3576933683
16.3618853591
16.3658409288
16.3656087513
16.3637280599
16.3648279183
16.3647346680
16.3648990719
16.3685276768
16.3754206080
16.3801140783
16.3824893578
16.3870432852
16.3928034482
16.3961740603
16.4011760464
16.4041335956
16.4064434221
16.4098101444
16.4122623039
16.4185053152
16.4215138864
16.4239454404
16.4284632673
16.4320190793
16.4353634511
16.4393455343
16.4424143831
16.4475125822
16.4480541531
16.4490754632
16.4496207865
16.4484131950
16.4495586591
16.4518157016
16.4527458154
16.4533537117
16.4536455479
16.4540305349
16.4568050679
16.4590742825
16.4622045405
16.4641229647
16.4683629793
16.4729860503
16.4775617767
16.4815492580
16.4861061646
16.4915713874
16.4983110476
16.5027188457
16.5055592141
16.5070767319
16.5071506482
16.5082433725
16.5097722883
16.5123233873
16.5144517862
16.5170253165
16.5213467101
16.5257285239
16.5291180792
16.5309195859
16.5294975719
16.5297837724
16.5287870766
16.5266423770
16.5232730224
16.5204133045
16.5173375699
16.5141026086
16.5129730601
16.5109283374
16.5086486223
16.5071523730
16.5044881613
16.5004912535
16.4971401545
16.4943354928
16.4915762602
16.4888666298
16.4840247776
16.4803192795
16.4761633452
16.4726857441
16.4703981454
16.4688289231
16.4666383769
16.4642528483
16.4611718490
16.4601951174
16.4585063728
16.4576007318
16.4564615069
16.4562463484
16.4550505538
16.4521940755
16.4514685776
16.4517245479
16.4534345865
16.4560716229
16.4590258311
16.4625435759
16.4665024603
16.4688598754
16.4721919318
16.4769534294
16.4838390047
16.4909620461
16.4981807784
16.5006291646
16.5020786755
16.5059150293
16.5087549450
16.5109240567
16.5151546662
16.5180979618
16.5247038240
16.5313587962
16.5372841085
16.5413059369
16.5434760340
16.5449945789
16.5482010879
16.5509565225
16.5544464369
16.5607206843
16.5664408087
16.5728231634
16.5795014883
16.5842995834
16.5901321637
16.5964747778
16.6055268107
16.6111678861
16.6165601402
16.6217846315
16.6263528870
16.6306591681
16.6348201941
16.6386985756
16.6433078250
16.6459761609
16.6486515387
16.6517141691
16.6536014147
16.6549364413
16.6526647305
16.6502014786
16.6474273810
16.6478106709
16.6500189540
16.6524923277
16.6547676788
16.6572696025
16.6617124559
16.6655386855
16.6684837094
16.6692487576
16.6706111537
16.6721399013
16.6740869829
16.6751594592
16.6777268092
16.6806433023
16.6847688540
16.6881456954
16.6894154031
16.6897748602
16.6903822752
16.6892545736
16.6878742386
16.6907997428
16.6948782742
16.6981787763
16.7004869218
16.7040080957
16.7074415160
16.7099613128
16.7168812176
16.7246860077
16.7318935260
16.7362487138
16.7434300662
16.7493166321
16.7534941493
16.7542745157
16.7590761980
16.7648489246
16.7702897565
16.7731786215
16.7757307164
16.7772120189
16.7767227985
16.7752531581
16.7727175044
16.7714095263
16.7689821955
16.7672214057
16.7636372186
16.7602555559
16.7557632211
16.7523472771
16.7506540972
16.7472317066
16.7448311724
16.7431459003
16.7421252487
16.7418544724
16.7450647338
16.7462111888
16.7489757621
16.7509055928
16.7556751068
16.7613307986
16.7678238028
16.7738277252
16.7810971105
16.7873577058
16.7940105899
16.8021661527
16.8072922224
16.8121599315
16.8170175305
16.8219810609
16.8260099113
16.8298784677
16.8341840824
16.8367124191
16.8386895867
16.8441941719
16.8481258807
16.8526457657
16.8574041106
16.8623273422
16.8652001077
16.8685049377
16.8683639621
16.8710115468
16.8753098581
16.8805910547
16.8894323923
16.8994099056
16.9085960656
16.9170697143
16.9234757177
16.9314762393
16.9387879441
16.9463859814
16.9516524703
16.9559869194
16.9623612611
16.9686863509
16.9756912772
16.9798525673
16.9833797023
16.9879031621
16.9910405493
16.9952556048
16.9988876655
17.0024752833
17.0047025725
17.0093638324
17.0144433229
17.0173607816
17.0205975225
17.0255476061
17.0308617186
17.0356861004
17.0388926625
17.0439762479
17.0472220565
17.0508545721
17.0545871640
17.0597028145
17.0647782604
17.0686076408
17.0707824578
17.0738344175
17.0743912786
17.0756000576
17.0751179781
17.0737384379
17.0706229143
17.0677711086
17.0632843916
17.0600239120
17.0567481387
17.0526585135
17.0485661969
17.0449532960
17.0423002202
17.0394296861
17.0373575583
17.0356119689
17.0363896394
17.0371303789
17.0357307277
17.0358234381
17.0365884050
17.0359354719
17.0347130000
17.0353794619
17.0360836088
17.0372926593
17.0376311584
17.0382797057
17.0384502617
17.0377585872
17.0365631905
17.0375391888
17.0382200422
17.0375708835
17.0373551994
17.0391741608
17.0418743515
17.0455618097
17.0482393685
17.0514065252
17.0541664710
17.0574240192
17.0608347451
17.0649384652
17.0661537418
17.0681013785
17.0699397209
17.0706324083
17.0709627913
17.0722573944
17.0719598411
17.0714200878
17.0736208017
17.0748659711
17.0748512366
17.0772847151
17.0793440224
17.0814249757
17.0861307540
17.0895299883
17.0946722357
17.1004701287
17.1070523364
17.1134188021
17.1195918543
17.1246841164
17.1257165968
17.1262285831
17.1259334752
17.1273932543
17.1309276926
17.1330005337
17.1362182483
17.1396698890
17.1436456714
17.1428473604
17.1431867394
17.1441404255
17.1448647719
17.1442202537
17.1435563762
17.1420620094
17.1419433088
17.1401386214
17.1404463014
17.1410208193
17.1426731550
17.1450593457
17.1496283338
17.1534282446
17.1564478858
17.1590289304
17.1609099060
17.1598522842
17.1578550046
17.1579426688
17.1564964658
17.1558971573
17.1534267820
17.1533934543
17.1529999807
17.1514687206
17.1530182381
17.1540392855
17.1542958872
17.1535511648
17.1540530161
17.1538563789
17.1547166665
17.1556365184
17.1556496170
17.1572370330
17.1598141367
17.1633057649
17.1689891136
17.1728741325
17.1782420865
17.1822541308
17.1866844404
17.1932573022
17.2022641564
17.2106780798
17.2197283197
17.2285330108
17.2367196623
17.2431917785
17.2503679551
17.2565325966
17.2615822507
17.2688722951
17.2756694975
17.2818075184
17.2873357341
17.2910364813
17.2924718935
17.2951193329
17.2988229658
17.3030863025
17.3092544165
17.3150869686
17.3215147636
17.3250571989
17.3277575067
17.3316700605
17.3342917148
17.3378735853
17.3411305743
17.3439729834
17.3446160984
17.3445944843
17.3437604446
17.3430299704
17.3435935986
17.3450373867
17.3452854778
17.3455284132
17.3469965300
17.3481933875
17.3515730517
17.3568713879
17.3610459154
17.3654653761
17.3676763990
17.3697628581
17.3690438804
17.3701926183
17.3694626550
17.3686112199
17.3700867491
17.3724224367
17.3730332602
17.3748247177
17.3780527240
17.3814750810
17.3860348395
17.3897395425
17.3936417877
17.3980921278
17.4020237428
17.4078129013
17.4128381954
17.4183750886
17.4204467895
17.4229525435
17.4233638557
17.4221880560
17.4213620819
17.4218432985
17.4212619111
17.4204422770
17.4185528394
17.4150234069
17.4123970572
17.4101592528
17.4103684967
17.4110286403
17.4114737284
17.4105362743
17.4084660034
17.4076553296
17.4083970143
17.4094244937
17.4092227146
17.4094836496
17.4096027936
17.4093106311
17.4099276019
17.4127460507
17.4143943305
17.4155383977
17.4147503555
17.4152271445
17.4168166587
17.4204867258
17.4238621725
17.4264904887
17.4297127860
17.4323885811
17.4349747415
17.4372672365
17.4384941502
17.4385820937
17.4393629786
17.4421733568
17.4437099578
17.4436967562
17.4434896379
17.4430212267
17.4442845148
17.4441698296
17.4443582532
17.4453320534
17.4461519962
17.4481195728
17.4493800165
17.4500605592
17.4503532283
17.4497009505
17.4512945278
17.4517134409
17.4523268150
17.4529807692
17.4523480990
17.4528121860
17.4537276329
17.4568141158
17.4592341583
17.4567646020
17.4542583449
17.4516582222
17.4501083988
17.4488992015
17.4476155503
17.4451408431
17.4422487266
17.4387559673
17.4356620180
17.4336238318
17.4321172547
17.4321344347
17.4315848726
17.4311586481
17.4286087183
17.4245426159
17.4204914640
17.4174000002
17.4142728018
17.4114913956
17.4096695055
17.4093982798
17.4093449718
17.4085854287
17.4090382751
17.4088885450
17.4086372962
17.4081956097
17.4083429509
17.4108316508
17.4134938876
17.4167570639
17.4194975429
17.4224842850
17.4247417930
17.4272932013
17.4287083366
17.4296275723
17.4308705764
17.4296397094
17.4300014918
17.4293446806
17.4281037652
17.4271544576
17.4270213998
17.4260062323
17.4269065325
17.4262294464
17.4250919885
17.4231161253
17.4215477467
17.4197469610
17.4177689101
17.4160014518
17.4137938608
17.4112515949
17.4080585024
17.4069705950
17.4062122464
17.4054171529
17.4058850007
17.4077223070
17.4080287494
17.4073163378
17.4071663475
17.4074158847
17.4088217682
17.4116693271
17.4121110654
17.4113321766
17.4098031292
17.4103898000
17.4096921578
17.4101857884
17.4095542965
17.4091670809
17.4091075704
17.4086184947
17.4076077492
17.4066979905
17.4052290786
17.4031881436
17.4007755516
17.3996498118
17.3982578806
17.3957347888
17.3923087203
17.3895952171
17.3870203370
17.3837800619
17.3819733161
17.3799152164
17.3767053433
17.3729160571
17.3695275154
17.3659691435
17.3616693740
17.3574993956
17.3528182742
17.3492638284
17.3458709402
17.3424780281
17.3398346331
17.3379746032
17.3364175798
17.3348050007
17.3345940122
17.3342341348
17.3330029330
17.3320506801
17.3302313967
17.3296290998
17.3299581448
17.3305041641
17.3307012875
17.3318813138
17.3346419254
17.3364291340
17.3386439606
17.3395797827
17.3405557176
17.3407128374
17.3399556732
17.3387581958
17.3385903565
17.3383578681
17.3373553766
17.3380572974
17.3376481023
17.3403463729
17.3422483085
17.3435376455
17.3444480030
17.3436851979
17.3437242708
17.3423074765
17.3432084895
17.3446711124
17.3484582163
17.3504105837
17.3519538219
17.3538699829
17.3528237160
17.3514250918
17.3495926018
17.3470591533
17.3448278440
17.3444734435
17.3436986702
17.3432774311
17.3422861188
17.3412490690
17.3408502975
17.3402388658
17.3412123102
17.3447685117
17.3490847661
17.3524737589
17.3560836015
17.3590690313
17.3601822544
17.3603919236
17.3595968472
17.3594302188
17.3598932333
17.3622223731
17.3641031668
17.3651905946
17.3650228006
17.3645363654
17.3634223850
17.3626830217
17.3620063075
17.3604343601
17.3586585855
17.3563749995
17.3534929561
17.3520046353
17.3512605443
17.3512564309
17.3509444150
17.3507441744
17.3505293940
17.3517745263
17.3525891143
17.3545635799
17.3562149846
17.3595148317
17.3643111662
17.3686844968
17.3701539940
17.3717050016
17.3746583500
17.3759605760
17.3769152509
17.3781051202
17.3792940725
17.3807159352
17.3822228062
17.3845253962
17.3855920189
17.3864357186
17.3871683455
17.3883537510
17.3899777220
17.3929408825
17.3960826862
17.3989057593
17.4024089597
17.4051945510
17.4067931400
17.4074163316
17.4088871531
17.4101521994
17.4115182132
17.4114884120
17.4113855498
17.4114233530
17.4100098760
17.4092105555
17.4099957136
17.4120004148
17.4117942118
17.4090517844
17.4073785560
17.4069513423
17.4071686963
17.4062930599
17.4050719838
17.4068312308
17.4069327567
17.4088830408
17.4097112136
17.4111239629
17.4135088583
17.4150475877
17.4165490951
17.4166254176
17.4178086141
17.4195225798
17.4229505611
17.4250358917
17.4277649265
17.4312514146
17.4347296733
17.4391931580
17.4443816447
17.4478056058
17.4516879955
17.4559814887
17.4581562237
17.4607994947
17.4635822998
17.4650765920
17.4666053720
17.4696716043
17.4716950852
17.4745912377
17.4783236981
17.4810193262
17.4845264588
17.4876859644
17.4874929026
17.4863605469
17.4850499646
17.4863940520
17.4892448477
17.4920239711
17.4958022577
17.4993692774
17.5037359226
17.5083441404
17.5117932354
17.5145803652
17.5161732187
17.5185384143
17.5204614964
17.5200605603
17.5202645112
17.5203978915
17.5215982621
17.5233099691
17.5248922189
17.5277184235
17.5291777358
17.5309296780
17.5325443575
17.5338827389
17.5344750672
17.5352524478
17.5349420901
17.5349515286
17.5360567628
17.5373349211
17.5377406513
17.5373067312
17.5372845237
17.5379854075
17.5369309326
17.5362869289
17.5365912787
17.5351806727
17.5340007525
17.5328669768
17.5317867197
17.5323504453
17.5332453189
17.5347322665
17.5349041398
17.5350805244
17.5350644442
17.5367023110
17.5386872015
17.5421987757
17.5451459924
17.5481980089
17.5509280025
17.5539871404
17.5550183517
17.5560090178
17.5587046785
17.5598959626
17.5612360251
17.5614011156
17.5614547034
17.5615503291
17.5621902730
17.5617325549
17.5612046717
17.5607202031
17.5611930881
17.5632805486
17.5637254257
17.5656142693
17.5684233315
17.5717954861
17.5755314288
17.5780445811
17.5796841728
17.5810057841
17.5840669439
17.5861227711
17.5890832267
17.5924147714
17.5974046121
17.6027334763
17.6069261256
17.6113853055
17.6145513696
17.6166720056
17.6186467599
17.6181412849
17.6183173554
17.6178851932
17.6177475898
17.6184351130
17.6177816280
17.6176469966
17.6186459268
17.6196718776
17.6198788323
17.6210788895
17.6226443645
17.6238758266
17.6248508259
17.6272296486
17.6281043720
17.6297984061
17.6327452644
17.6360670494
17.6392789269
17.6427617756
17.6466004824
17.6492199632
17.6510704921
17.6549237454
17.6572084969
17.6580344564
17.6604126957
17.6616328583
17.6628733391
17.6633194667
17.6643908087
17.6660059166
17.6672277695
17.6682458986
17.6675304752
17.6664616403
17.6657248990
17.6650818588
17.6643388427
17.6639556949
17.6654362319
17.6658859246
17.6648729923
17.6645768886
17.6645485113
17.6648696695
17.6654254504
17.6666272602
17.6675602994
17.6691711667
17.6702281284
17.6717491165
17.6713756753
17.6746819498
17.6772669270
17.6778931719
17.6788933653
17.6791718718
17.6795117249
17.6782859156
17.6779931012
17.6782805178
17.6788217549
17.6792069222
17.6805490177
17.6809215777
17.6833335137
17.6851426443
17.6865227269
17.6882803862
17.6901463560
17.6947857369
17.6997045432
17.7040462699
17.7078911442
17.7111932509
17.7132772055
17.7162109076
17.7185439768
17.7212815313
17.7233392920
17.7245945096
17.7252802605
17.7263551715
17.7292208499
17.7322025429
17.7354531716
17.7386721731
17.7411388853
17.7445001406
17.7481426549
17.7515587456
17.7560177431
17.7615416939
17.7667939298
17.7723215510
17.7778100372
17.7847776556
17.7891717284
17.7943208935
17.7987440889
17.8040190687
17.8088736033
17.8141428494
17.8184711138
17.8219740471
17.8271935148
17.8317346204
17.8346881277
17.8375292966
17.8381798761
17.8404291389
17.8421597696
17.8425490480
17.8431849921
17.8446301681
17.8469057964
17.8489049217
17.8508415677
17.8517305272
17.8532635782
17.8548337375
17.8545630665
17.8537638981
17.8531173861
17.8529942459
17.8520339764
17.8496711695
17.8485361015
17.8485524692
17.8483630445
17.8492597389
17.8486030338
17.8488200683
17.8506323056
17.8541126532
17.8581097269
17.8624615405
17.8668449641
17.8711726822
17.8763672717
17.8807309554
17.8851855364
17.8891869194
17.8925555304
17.8971823614
17.9013928322
17.9060239084
17.9099339645
17.9139676755
17.9172903164
17.9214146433
17.9261903418
17.9303141542
17.9351227030
17.9391475979
17.9432590313
17.9464633807
17.9489972452
17.9500728010
17.9505036128
17.9506372931
17.9524304833
17.9549810008
17.9586625160
17.9623753515
17.9653426030
17.9667510606
17.9672774233
17.9692893512
17.9715974823
17.9724514956
17.9728532434
17.9737377764
17.9745787898
17.9747647638
17.9749905629
17.9753242334
17.9759582334
17.9777043297
17.9784169548
17.9794210485
17.9794081984
17.9792125255
17.9807699696
17.9829287913
17.9857592009
17.9882140073
17.9900188115
17.9928183788
17.9959433033
17.9977740999
18.0002767211
18.0022834128
18.0044617008
18.0050867501
18.0039755553
18.0040518350
18.0037020994
18.0029786106
18.0017191046
18.0022906586
18.0023331788
18.0037221558
18.0047983040
18.0069147113
18.0092560931
18.0135246086
18.0178639652
18.0208721839
18.0235722291
18.0273110287
18.0312659019
18.0350714884
18.0373116053
18.0392448263
18.0400873442
18.0405166643
18.0407762648
18.0413487462
18.0417841879
18.0421516679
18.0417422865
18.0421799249
18.0420994087
18.0426731247
18.0453458667
18.0487300187
18.0508335624
18.0521904317
18.0524075854
18.0533757438
18.0538497530
18.0539855581
18.0545204599
18.0561035577
18.0587407147
18.0591140831
18.0594006195
18.0613083972
18.0619855241
18.0628908699
18.0638890460
18.0637503804
18.0634489349
18.0627296109
18.0619900744
18.0620561185
18.0617656769
18.0600931608
18.0584010798
18.0565427526
18.0553453304
18.0536754625
18.0530611714
18.0522513118
18.0522252996
18.0526742506
18.0545839555
18.0553289964
18.0564019362
18.0570956483
18.0590833261
18.0591036899
18.0590113525
18.0590489504
18.0597129790
18.0598048298
18.0611526028
18.0609209917
18.0594540142
18.0611324553
18.0627584853
18.0646877727
18.0650527850
18.0647105076
18.0645696448
18.0668080008
18.0684403872
18.0691817274
18.0710340769
18.0729651094
18.0750278090
18.0779136557
18.0808699596
18.0832471870
18.0855380257
18.0889284735
18.0916898803
18.0930068662
18.0944731868
18.0951555749
18.0968852360
18.0982032191
18.0993577171
18.1009113142
18.1019681122
18.1017969553
18.1004742802
18.0989025456
18.0971197724
18.0949251999
18.0917202610
18.0894066758
18.0889136529
18.0866477840
18.0846937824
18.0829454407
18.0818093726
18.0808284837
18.0806439534
18.0796232187
18.0791362659
18.0790629661
18.0779134431
18.0758702844
18.0741010202
18.0718396589
18.0705226825
18.0692437918
18.0676422858
18.0658799089
18.0646554516
18.0637964810
18.0650224049
18.0665602776
18.0682251298
18.0706001582
18.0716229895
18.0735344718
18.0766895435
18.0808061908
18.0829129891
18.0845186647
18.0849252005
18.0851614017
18.0864132358
18.0888715297
18.0912912927
18.0944015452
18.0976889312
18.1003005411
18.1015918702
18.1028404371
18.1052701206
18.1103728518
18.1147732062
18.1190110312
18.1221049098
18.1262113658
18.1273241078
18.1297483903
18.1336540888
18.1386086507
18.1407687655
18.1456068233
18.1504045521
18.1538048737
18.1572034087
18.1606804267
18.1626073768
18.1647695363
18.1666123922
18.1675602854
18.1697148416
18.1718181767
18.1730068819
18.1738444059
18.1756932186
18.1780459805
18.1796207443
18.1817486150
18.1851974193
18.1877061913
18.1905448269
18.1922711034
18.1951058127
18.1969473224
18.1989064702
18.2004237999
18.2022286833
18.2029521407
18.2027647164
18.2040959551
18.2039671150
18.2040880941
18.2043942964
18.2060893829
18.2083297392
18.2100239528
18.2123049967
18.2137563207
18.2158999476
18.2175900042
18.2198621664
18.2208317966
18.2232714677
18.2250722983
18.2264700698
18.2276616186
18.2300527715
18.2328369709
18.2347442692
18.2357404275
18.2365300457
18.2390315684
18.2418775064
18.2456003313
18.2472475825
18.2490189793
18.2501298752
18.2505725056
18.2514901427
18.2507074666
18.2499672335
18.2498143430
18.2495396342
18.2509254819
18.2509279659
18.2512854960
18.2518801808
18.2535071798
18.2574430772
18.2619465346
18.2651426411
18.2691877587
18.2722733622
18.2749197670
18.2765728866
18.2776748206
18.2790363195
18.2807155136
18.2819810424
18.2829783561
18.2846043859
18.2872282702
18.2899417600
18.2912952659
18.2930718918
18.2947307344
18.2967658688
18.2983241796
18.2991889470
18.3011335590
18.3037105789
18.3060466029
18.3092885884
18.3123156189
18.3149897733
18.3168487110
18.3188289121
18.3194764916
18.3200518370
18.3209307047
18.3219019454
18.3227229053
18.3232241499
18.3238615718
18.3253932478
18.3267690407
18.3296620229
18.3331680145
18.3357731208
18.3374790036
18.3400988393
18.3421846956
18.3447279822
18.3476300071
18.3502861360
18.3530730141
18.3552524827
18.3584219180
18.3613860218
18.3647775900
18.3699712765
18.3748068983
18.3792318729
18.3828633372
18.3891420929
18.3954784368
18.4012769546
18.4068605587
18.4121611292
18.4170619418
18.4217319406
18.4258455848
18.4290657761
18.4307166553
18.4316599000
18.4320222345
18.4325681611
18.4332977663
18.4345400854
18.4362206464
18.4373787252
18.4404541129
18.4438253438
18.4468019011
18.4495201325
18.4519062165
18.4541142261
18.4567516160
18.4595385340
18.4625613467
18.4640674679
18.4650788025
18.4663498754
18.4687781527
18.4707241348
18.4726559427
18.4740822991
18.4743856566
18.4745481488
18.4742803526
18.4746993880
18.4752684773
18.4761409517
18.4764410449
18.4776792919
18.4791692570
18.4814311394
18.4832405469
18.4852506056
18.4876508865
18.4898404123
18.4924872795
18.4962301059
18.4992673446
18.5022824608
18.5056662520
18.5083679254
18.5114158114
18.5146599543
18.5181870554
18.5221858977
18.5244874410
18.5271316252
18.5299835945
18.5332704967
