mean_posterior
-12.2567744709
-12.8543955669
-13.5721578775
-14.4442605733
-15.9966932582
-17.3653485364
-18.3407317971
-18.9734062286
-19.5265113465
-20.1063985312
-20.6230135354
-20.8923550764
-21.1262850729
-21.5308727557
-21.8573183036
-22.2665578113
-22.5989130531
-22.9985616799
-23.3444634155
-23.7547235685
-24.1691290027
-24.5857209333
-25.1266937218
-25.6892070233
-26.2497550976
-26.7684741969
-27.2907997161
-27.7764985508
-28.2340715679
-28.6632139665
-29.0571679183
-29.4499211329
-29.8147725743
-30.1644057300
-30.4986782204
-30.8054719134
-31.0871758573
-31.3570695152
-31.6045275088
-31.8339792685
-32.0523781567
-32.2565417680
-32.4497248508
-32.6460314078
-32.8476933065
-33.0296766398
-33.1999579654
-33.3669644305
-33.5296368098
-33.6789879227
-33.8410399915
-33.9927005987
-34.1443948255
-34.2953002034
-34.4440321378
-34.5847458672
-34.7260657568
-34.8651172771
-34.9984706558
-35.1223820474
-35.2472092059
-35.3715885722
-35.4930622154
-35.6109950195
-35.7250589039
-35.8381598862
-35.9483389975
-36.0615395472
-36.1731719148
-36.2794228417
-36.3731558869
-36.4678415225
-36.5591584584
-36.6417472512
-36.7187653343
-36.7891289428
-36.8520897674
-36.9088784278
-36.9754693017
-37.0349959503
-37.0988506214
-37.1592109024
-37.2077388566
-37.2595974839
-37.3145962859
-37.3619896599
-37.4083243180
-37.4501225997
-37.4888650235
-37.5325471330
-37.5819660720
-37.6322195270
-37.6825589207
-37.7327225116
-37.7802403263
-37.8271405257
-37.8748484607
-37.9241903443
-37.9688940015
-38.0127082416
-38.0555451213
-38.1004692631
-38.1453877646
-38.1892592896
-38.2330343564
-38.2770376804
-38.3177155652
-38.3563695732
-38.3903900722
-38.4260195983
-38.4541975053
-38.4839565606
-38.5142174795
-38.5422718023
-38.5709418135
-38.6010477114
-38.6289998218
-38.6604375816
-38.6919240285
-38.7227588629
-38.7527560569
-38.7773179067
-38.8026071066
-38.8284600680
-38.8554967918
-38.8808680594
-38.9097064105
-38.9396372317
-38.9675731961
-38.9950612307
-39.0224840032
-39.0493718163
-39.0766542083
-39.0997563260
-39.1247864847
-39.1511579960
-39.1773980049
-39.2043183001
-39.2313850207
-39.2591387709
-39.2854377332
-39.3123340084
-39.3385071768
-39.3658290838
-39.3928569777
-39.4190762312
-39.4440897482
-39.4678238332
-39.4927237200
-39.5182209039
-39.5410738945
-39.5648060340
-39.5870966531
-39.6085324963
-39.6295091295
-39.6510765434
-39.6739702162
-39.6964537335
-39.7185809503
-39.7399841060
-39.7616878682
-39.7838552714
-39.8046438338
-39.8259392099
-39.8459206031
-39.8661244553
-39.8855845156
-39.9046251291
-39.9232812366
-39.9418643117
-39.9599549924
-39.9784067227
-39.9995840974
-40.0204909685
-40.0397180690
-40.0577621408
-40.0763316763
-40.0974472346
-40.1214222732
-40.1447349808
-40.1659479440
-40.1917023222
-40.2222998805
-40.2574732755
-40.2988656158
-40.3401380377
-40.3808012257
-40.4264508731
-40.4732029241
-40.5239286588
-40.5809806016
-40.6422831458
-40.7039082107
-40.7767127327
-40.8513117637
-40.9245771937
-40.9998313256
-41.0795390095
-41.1680547825
-41.2544494239
-41.3489987764
-41.4582825295
-41.5647614763
-41.6683402042
-41.7765540881
-41.8882329205
-41.9896288303
-42.0846121555
-42.1780566582
-42.2737855565
-42.3702166395
-42.4649812673
-42.5588690552
-42.6573272727
-42.7622810633
-42.8654446952
-42.9683335063
-43.0737771319
-43.1841826164
-43.2881830484
-43.3965777478
-43.5104873586
-43.6225640827
-43.7329892637
-43.8422820481
-43.9493626310
-44.0589456581
-44.1755410158
-44.2958242085
-44.4189640883
-44.5418234731
-44.6661944575
-44.7959708633
-44.9260474700
-45.0553177003
-45.1830841303
-45.3075976152
-45.4327610571
-45.5520359747
-45.6761342635
-45.7925668420
-45.9064759088
-46.0176939096
-46.1366640609
-46.2584024379
-46.3797400249
-46.5007783876
-46.6176976762
-46.7312299706
-46.8403634483
-46.9566960321
-47.0721953987
-47.1890873468
-47.3072127092
-47.4227884149
-47.5417023566
-47.6618060365
-47.7788973613
-47.8870576698
-47.9929618635
-48.0978703194
-48.2044064052
-48.3109980214
-48.4177909176
-48.5255135330
-48.6303562536
-48.7418614078
-48.8541824208
-48.9654949492
-49.0759065970
-49.1818986036
-49.2861613208
-49.3873468263
-49.4856673923
-49.5828564656
-49.6806046982
-49.7836083751
-49.8832412714
-49.9777215553
-50.0711065424
-50.1696871515
-50.2657058247
-50.3630089364
-50.4569694884
-50.5544176223
-50.6532058247
-50.7475319131
-50.8362251289
-50.9250037472
-51.0124573749
-51.1030436986
-51.1943736989
-51.2889335543
-51.3804781877
-51.4705530891
-51.5611160277
-51.6531260537
-51.7446396637
-51.8288005923
-51.9107611762
-51.9928103270
-52.0718161556
-52.1441232354
-52.2222857289
-52.3017686428
-52.3785056588
-52.4561446718
-52.5287478108
-52.6012731697
-52.6728488738
-52.7438618794
-52.8150976861
-52.8848418426
-52.9504614469
-53.0139986586
-53.0726390204
-53.1344759610
-53.1989072389
-53.2622627411
-53.3273446281
-53.3923300398
-53.4600861211
-53.5324932817
-53.6077887924
-53.6793910156
-53.7538092641
-53.8303902651
-53.9046689733
-53.9804988560
-54.0521462412
-54.1206308543
-54.1853475332
-54.2508725862
-54.3128319757
-54.3765693765
-54.4372547297
-54.4976711581
-54.5575615318
-54.6135787036
-54.6648441058
-54.7092588459
-54.7536229359
-54.8059576627
-54.8617012704
-54.9188578212
-54.9781869936
-55.0398176020
-55.1017877636
-55.1673473003
-55.2334381537
-55.2938139867
-55.3498000353
-55.4061829149
-55.4673672392
-55.5309268308
-55.5898012110
-55.6454626635
-55.7003658669
-55.7577702959
-55.8183074643
-55.8811526621
-55.9423478624
-56.0025394955
-56.0613411445
-56.1201512476
-56.1821460645
-56.2436025788
-56.3042939222
-56.3648414994
-56.4257947611
-56.4864929549
-56.5463903620
-56.6054006720
-56.6628111713
-56.7216275973
-56.7788102591
-56.8351825923
-56.8895051763
-56.9449493820
-56.9977453055
-57.0502344116
-57.1033541923
-57.1600403665
-57.2157574516
-57.2713823360
-57.3261602279
-57.3808463506
-57.4331237242
-57.4848627216
-57.5357545213
-57.5847298177
-57.6346987227
-57.6853819406
-57.7355910217
-57.7849285318
-57.8343487301
-57.8852349430
-57.9365658697
-57.9854857611
-58.0374015541
-58.0894313938
-58.1414481401
-58.1906944649
-58.2404053825
-58.2897553350
-58.3388954267
-58.3867855569
-58.4349263541
-58.4832613016
-58.5297731661
-58.5758531721
-58.6241048962
-58.6728979379
-58.7195612724
-58.7653137916
-58.8114908814
-58.8582522712
-58.9044933284
-58.9493623694
-58.9935328599
-59.0375689821
-59.0820673942
-59.1254388686
-59.1681865197
-59.2108956527
-59.2539643121
-59.2962267856
-59.3420358610
-59.3864913384
-59.4316931428
-59.4766896052
-59.5213989842
-59.5653283284
-59.6077899758
-59.6487739993
-59.6924425369
-59.7331653294
-59.7752760030
-59.8186472415
-59.8603671329
-59.9021237729
-59.9428832654
-59.9832522550
-60.0231136447
-60.0658156927
-60.1066414017
-60.1481805258
-60.1897126625
-60.2314196048
-60.2727341040
-60.3107799704
-60.3505841361
-60.3901284020
-60.4290068615
-60.4676949779
-60.5051868313
-60.5436558416
-60.5823819406
-60.6202918110
-60.6582509824
-60.6968929880
-60.7346421134
-60.7722352493
-60.8105608009
-60.8439349634
-60.8760289079
-60.9082530003
-60.9404907914
-60.9754231443
-61.0108175375
-61.0458496085
-61.0808712619
-61.1170351345
-61.1519224672
-61.1871264746
-61.2208093568
-61.2546263884
-61.2882615056
-61.3188202642
-61.3505744069
-61.3852823335
-61.4190115361
-61.4513131333
-61.4856142118
-61.5183377697
-61.5524961343
-61.5874251091
-61.6230490406
-61.6577568197
-61.6921670044
-61.7263409662
-61.7609246205
-61.7934866291
-61.8269182717
-61.8606588267
-61.8937446451
-61.9267596018
-61.9594761064
-61.9918666178
-62.0237711037
-62.0517430524
-62.0793732775
-62.1052844677
-62.1322865640
-62.1634514568
-62.1905666497
-62.2173643741
-62.2434852372
-62.2732542679
-62.3042752651
-62.3353082847
-62.3671324262
-62.3979863115
-62.4283016203
-62.4587780000
-62.4880585496
-62.5179771844
-62.5476987871
-62.5768972578
-62.6045217737
-62.6301608218
-62.6586714675
-62.6849320818
-62.7123863429
-62.7397067294
-62.7673540904
-62.7966448717
-62.8256896492
-62.8536586131
-62.8818285933
-62.9094496137
-62.9375437609
-62.9664733556
-62.9946564713
-63.0220775342
-63.0491383798
-63.0773817928
-63.1067550752
-63.1348090184
-63.1622086693
-63.1911406468
-63.2185208577
-63.2463421742
-63.2732130893
-63.2998112785
-63.3258043032
-63.3514400307
-63.3755813143
-63.3997984141
-63.4242665445
-63.4454810210
-63.4671730543
-63.4888846498
-63.5131050707
-63.5341338456
-63.5555033388
-63.5789799049
-63.6047170556
-63.6309963053
-63.6564130010
-63.6813663914
-63.7072035646
-63.7302083837
-63.7525481780
-63.7757654554
-63.7969916016
-63.8197630457
-63.8430787202
-63.8674076130
-63.8898348189
-63.9127668572
-63.9374159280
-63.9618521136
-63.9871963776
-64.0118451103
-64.0358611334
-64.0575291299
-64.0784378861
-64.1002108664
-64.1214863218
-64.1424795852
-64.1639171963
-64.1861615514
-64.2094020100
-64.2341499209
-64.2591249187
-64.2834018423
-64.3055474720
-64.3269817482
-64.3481326709
-64.3702326806
-64.3900618478
-64.4105294697
-64.4317056914
-64.4519481800
-64.4737384599
-64.4950371059
-64.5178689341
-64.5388897144
-64.5600508958
-64.5817164422
-64.6020589711
-64.6228795001
-64.6413403530
-64.6620339168
-64.6821870160
-64.7020275246
-64.7192779217
-64.7387772606
-64.7562284242
-64.7754603642
-64.7896500933
-64.8065171621
-64.8242691483
-64.8406282325
-64.8595595558
-64.8785465710
-64.8972813609
-64.9147936143
-64.9326546941
-64.9514523322
-64.9691818820
-64.9870912348
-65.0067959115
-65.0252795811
-65.0426443744
-65.0632101173
-65.0825037940
-65.1036694166
-65.1237921213
-65.1445024957
-65.1655914796
-65.1870625853
-65.2077118177
-65.2288312810
-65.2491030742
-65.2692035196
-65.2880108855
-65.3083881917
-65.3260808370
-65.3448330938
-65.3658561684
-65.3869861098
-65.4061536276
-65.4257376356
-65.4439101836
-65.4623045539
-65.4804825538
-65.4977006195
-65.5137843556
-65.5277323723
-65.5406733971
-65.5554154104
-65.5752326481
-65.5948159349
-65.6113221817
-65.6291361510
-65.6463350990
-65.6638075646
-65.6811000674
-65.6996203477
-65.7179513325
-65.7348224307
-65.7510434382
-65.7654611429
-65.7799829584
-65.7960936840
-65.8149865052
-65.8325084863
-65.8495724246
-65.8681317815
-65.8874124430
-65.9068277118
-65.9256343114
-65.9442804687
-65.9609491859
-65.9774709715
-65.9950881612
-66.0125570721
-66.0290174004
-66.0455141494
-66.0623599970
-66.0790427182
-66.0964816737
-66.1138372007
-66.1317241759
-66.1489160813
-66.1629622070
-66.1783552341
-66.1932028397
-66.2082868853
-66.2233605941
-66.2384542781
-66.2534932890
-66.2689451090
-66.2853654700
-66.3016034936
-66.3153466304
-66.3283303920
-66.3424381764
-66.3527578534
-66.3666238341
-66.3808002146
-66.3927141047
-66.4001684630
-66.4059684169
-66.4109375244
-66.4160348429
-66.4216827201
-66.4301259968
-66.4400779877
-66.4508894756
-66.4631986727
-66.4759537843
-66.4894026290
-66.5048152006
-66.5182722444
-66.5320860935
-66.5459531643
-66.5581060274
-66.5705884161
-66.5838916410
-66.5992332161
-66.6142152240
-66.6269788215
-66.6394548415
-66.6518387202
-66.6647686374
-66.6781971540
-66.6926118189
-66.7064565625
-66.7200764724
-66.7332098572
-66.7487451067
-66.7647508257
-66.7804930639
-66.7967125655
-66.8130082382
-66.8279144116
-66.8415837365
-66.8554088303
-66.8703448433
-66.8853459925
-66.9004993249
-66.9153858404
-66.9289180352
-66.9439923049
-66.9588626898
-66.9724810656
-66.9878491896
-67.0027969807
-67.0180191534
-67.0324331308
-67.0475016975
-67.0624182002
-67.0773785836
-67.0918413320
-67.1039629118
-67.1184558143
-67.1327634871
-67.1475617614
-67.1629915301
-67.1760379854
-67.1903517029
-67.2045837642
-67.2179844683
-67.2317404201
-67.2453378807
-67.2581100106
-67.2716940817
-67.2839552612
-67.2953358568
-67.3069165291
-67.3168741203
-67.3270070816
-67.3360991784
-67.3476647638
-67.3592093846
-67.3713776182
-67.3828035918
-67.3935635527
-67.4040370913
-67.4140312753
-67.4259551124
-67.4392227177
-67.4535727626
-67.4671389086
-67.4788488807
-67.4914256023
-67.5052847771
-67.5186555737
-67.5322012639
-67.5453950880
-67.5585248513
-67.5709568670
-67.5827772259
-67.5916974504
-67.6012259418
-67.6102152543
-67.6205262804
-67.6321121327
-67.6448263939
-67.6583617003
-67.6709803130
-67.6823451546
-67.6918008768
-67.7012781592
-67.7112961642
-67.7226260415
-67.7356364840
-67.7476239391
-67.7609374096
-67.7737083432
-67.7871275784
-67.7998333220
-67.8127566639
-67.8253496029
-67.8382975283
-67.8498113657
-67.8618983341
-67.8731249341
-67.8838643471
-67.8972160050
-67.9100878926
-67.9210818903
-67.9321123592
-67.9425039855
-67.9523673917
-67.9607649520
-67.9695431109
-67.9784773182
-67.9874287036
-67.9967277137
-68.0046074377
-68.0140306783
-68.0226500171
-68.0309417387
-68.0391030556
-68.0476772174
-68.0547784897
-68.0625620246
-68.0709587182
-68.0789436570
-68.0886838824
-68.0971889144
-68.1043311237
-68.1118045771
-68.1193995002
-68.1273027127
-68.1353581801
-68.1433005025
-68.1501761118
-68.1580683182
-68.1662387898
-68.1737604962
-68.1819312580
-68.1894365440
-68.1977106371
-68.2066818272
-68.2163579142
-68.2231319583
-68.2290704229
-68.2337749196
-68.2378598879
-68.2412231508
-68.2447379535
-68.2476574202
-68.2512894727
-68.2553364339
-68.2603907658
-68.2658829842
-68.2719021526
-68.2777561386
-68.2861294226
-68.2943040842
-68.3016621783
-68.3101074949
-68.3179406218
-68.3252678612
-68.3331406374
-68.3413915301
-68.3507400869
-68.3607574761
-68.3709703544
-68.3808525928
-68.3905728911
-68.4003345990
-68.4104422735
-68.4215385009
-68.4326178837
-68.4426442179
-68.4520007925
-68.4614533426
-68.4716203086
-68.4817110711
-68.4918872800
-68.5032044947
-68.5143768357
-68.5248110827
-68.5343165439
-68.5452470999
-68.5559836426
-68.5671113416
-68.5772524249
-68.5884577115
-68.5985569405
-68.6074112707
-68.6169152186
-68.6279060865
-68.6392442203
-68.6488067478
-68.6580259349
-68.6683595290
-68.6797010723
-68.6906964442
-68.7018896288
-68.7126044271
-68.7235620302
-68.7345568965
-68.7449471631
-68.7557721698
-68.7661398688
-68.7768595552
-68.7870625069
-68.7970096020
-68.8072333652
-68.8162222382
-68.8260221151
-68.8357936548
-68.8467714752
-68.8570523650
-68.8674333236
-68.8769585888
-68.8856754361
-68.8937557843
-68.9032450478
-68.9122528635
-68.9211580734
-68.9312463531
-68.9411870604
-68.9515142923
-68.9611117803
-68.9706368757
-68.9793115760
-68.9884615630
-68.9981123005
-69.0080933293
-69.0171664684
-69.0273893084
-69.0370665686
-69.0455142190
-69.0516966719
-69.0583619599
-69.0656235643
-69.0739377978
-69.0840181935
-69.0926636327
-69.0994222383
-69.1056217421
-69.1119675216
-69.1214473507
-69.1313730861
-69.1410602074
-69.1506213512
-69.1599471743
-69.1684411859
-69.1763774060
-69.1830371495
-69.1896199205
-69.1967043033
-69.2037859998
-69.2103667983
-69.2164956242
-69.2222311732
-69.2276516587
-69.2341091438
-69.2397834166
-69.2454929212
-69.2516028999
-69.2580566827
-69.2659414004
-69.2739590188
-69.2818285095
-69.2902595845
-69.2976134167
-69.3061278757
-69.3141902559
-69.3215615015
-69.3295723360
-69.3371998565
-69.3454795668
-69.3534979373
-69.3620723914
-69.3716226833
-69.3810877357
-69.3905612084
-69.3983422039
-69.4072571773
-69.4162554913
-69.4253622074
-69.4336786322
-69.4416171220
-69.4499786121
-69.4579809838
-69.4653486435
-69.4737222897
-69.4824177086
-69.4894837915
-69.4946380275
-69.5006788328
-69.5053145175
-69.5113443508
-69.5161164090
-69.5213645730
-69.5272094635
-69.5337602752
-69.5402357105
-69.5474976191
-69.5563773599
-69.5645922815
-69.5728898017
-69.5817072451
-69.5903981389
-69.5993107539
-69.6070029066
-69.6145854483
-69.6224451857
-69.6309675085
-69.6388295909
-69.6458679219
-69.6531713922
-69.6604849690
-69.6680721064
-69.6762463592
-69.6843413094
-69.6923134035
-69.7005112300
-69.7084229235
-69.7163452148
-69.7243692829
-69.7316865453
-69.7393828283
-69.7472182903
-69.7546227671
-69.7624404683
-69.7708723766
-69.7784028798
-69.7862547985
-69.7941037888
-69.8011336231
-69.8082092929
-69.8154760592
-69.8228245881
-69.8309629175
-69.8388658776
-69.8468573904
-69.8552696975
-69.8628989694
-69.8700995961
-69.8769926995
-69.8833432234
-69.8905961231
-69.8975933190
-69.9058470500
-69.9123651801
-69.9187737643
-69.9262650093
-69.9333815716
-69.9410805942
-69.9480360019
-69.9542802225
-69.9609239226
-69.9685247281
-69.9750904240
-69.9808622653
-69.9878223854
-69.9948348296
-70.0017931435
-70.0088835987
-70.0161028477
-70.0229604067
-70.0306397707
-70.0382949374
-70.0447733151
-70.0516481888
-70.0590824404
-70.0662660094
-70.0717071547
-70.0775993564
-70.0838496429
-70.0901651969
-70.0974274387
-70.1042864745
-70.1109439233
-70.1171931421
-70.1232683930
-70.1285337525
-70.1337775536
-70.1384133910
-70.1445652892
-70.1502320519
-70.1576575550
-70.1653212585
-70.1730638114
-70.1805418025
-70.1880117091
-70.1954075774
-70.2025912095
-70.2093986572
-70.2152377106
-70.2216692658
-70.2287747421
-70.2358648339
-70.2433312996
-70.2507300362
-70.2567704462
-70.2637089081
-70.2712676064
-70.2790728673
-70.2864685405
-70.2941072281
-70.3015591691
-70.3086709321
-70.3147950672
-70.3210082604
-70.3268601362
-70.3318462132
-70.3381464306
-70.3437363612
-70.3483487698
-70.3537360439
-70.3586444684
-70.3643509727
-70.3711650783
-70.3787828945
-70.3859780628
-70.3934490842
-70.4009887591
-70.4083696338
-70.4155890696
-70.4223292180
-70.4294321158
-70.4355795464
-70.4419143842
-70.4474463365
-70.4544235021
-70.4617420402
-70.4680064128
-70.4738779464
-70.4807201383
-70.4863353744
-70.4915498070
-70.4978969540
-70.5041284091
-70.5106128673
-70.5176203322
-70.5236848348
-70.5305468643
-70.5368711643
-70.5435616303
-70.5500249644
-70.5568235960
-70.5635476815
-70.5694583900
-70.5756608177
-70.5821495702
-70.5891560126
-70.5957999863
-70.6026132805
-70.6094495435
-70.6160759157
-70.6222758713
-70.6291590546
-70.6352982353
-70.6414517499
-70.6477064771
-70.6529741386
-70.6578312995
-70.6626723287
-70.6676776008
-70.6727229529
-70.6780503039
-70.6843941323
-70.6904987319
-70.6961775929
-70.7019444818
-70.7084175617
-70.7146381530
-70.7213211177
-70.7271923627
-70.7339382576
-70.7407502020
-70.7475738034
-70.7537418169
-70.7602109126
-70.7670628114
-70.7728993083
-70.7783892865
-70.7843581078
-70.7893033270
-70.7935766957
-70.7987685433
-70.8035920811
-70.8079081481
-70.8101395926
-70.8134904953
-70.8176107854
-70.8220601455
-70.8274084370
-70.8338198782
-70.8392808734
-70.8452639081
-70.8498640465
-70.8536970638
-70.8573063348
-70.8608350928
-70.8645151226
-70.8682779938
-70.8730628975
-70.8772064369
-70.8810112168
-70.8844160473
-70.8878651800
-70.8908932306
-70.8932534578
-70.8957625207
-70.8985782242
-70.9021037467
-70.9048076218
-70.9086902439
-70.9119029233
-70.9152190217
-70.9190429115
-70.9234148117
-70.9276641066
-70.9319418693
-70.9363635055
-70.9417689114
-70.9466719211
-70.9517396927
-70.9567563154
-70.9624832605
-70.9675344496
-70.9719704956
-70.9772591672
-70.9820917835
-70.9870448320
-70.9931494941
-70.9975919283
-71.0027763071
-71.0082157807
-71.0127113812
-71.0175168571
-71.0220466635
-71.0279972992
-71.0337937339
-71.0398865879
-71.0460642552
-71.0518392789
-71.0573624852
-71.0634207968
-71.0688014919
-71.0748854769
-71.0809898505
-71.0870184138
-71.0926837678
-71.0974535110
-71.1033912276
-71.1092970126
-71.1151150359
-71.1212622312
-71.1272328893
-71.1328462470
-71.1383786564
-71.1440601776
-71.1493823311
-71.1553737468
-71.1607332399
-71.1664485826
-71.1721469897
-71.1775543893
-71.1820396742
-71.1876566359
-71.1934482379
-71.1993890368
-71.2048325561
-71.2100427594
-71.2158121699
-71.2218063692
-71.2275330501
-71.2329647802
-71.2381502701
-71.2424354698
-71.2467681062
-71.2504895753
-71.2543554463
-71.2584558472
-71.2631204434
-71.2673785309
-71.2724141284
-71.2778002776
-71.2828200257
-71.2882333903
-71.2933995061
-71.2980020059
-71.3024033084
-71.3068007751
-71.3121749008
-71.3174978094
-71.3223977954
-71.3276946220
-71.3331495878
-71.3390129994
-71.3442068659
-71.3494150067
-71.3547104589
-71.3600476180
-71.3646993853
-71.3690542089
-71.3740241088
-71.3796605932
-71.3843439121
-71.3894103489
-71.3947716827
-71.3997427126
-71.4048491231
-71.4096476626
-71.4133413444
-71.4187089730
-71.4235625547
-71.4287011813
-71.4338812704
-71.4392923621
-71.4441298013
-71.4490587078
-71.4542460023
-71.4592391455
-71.4646264919
-71.4699039975
-71.4752377107
-71.4796777885
-71.4833304684
-71.4868705807
-71.4904993071
-71.4942269986
-71.4982738668
-71.5015953394
-71.5049960111
-71.5075528565
-71.5109055146
-71.5147777364
-71.5179432530
-71.5219046057
-71.5259766977
-71.5302738634
-71.5343024135
-71.5384924230
-71.5416319243
-71.5451917002
-71.5487865510
-71.5528451148
-71.5569688808
-71.5621484882
-71.5670802448
-71.5718444863
-71.5764764648
-71.5810342043
-71.5852160269
-71.5903629488
-71.5946386234
-71.5980197156
-71.6021207946
-71.6064484299
-71.6107917739
-71.6153176253
-71.6199475644
-71.6239353680
-71.6292229868
-71.6342007947
-71.6387864803
-71.6437776413
-71.6483962938
-71.6525136460
-71.6575639524
-71.6622241451
-71.6670809951
-71.6702413087
-71.6730379933
-71.6766119875
-71.6799534448
-71.6827877115
-71.6863002773
-71.6904895689
-71.6933400433
-71.6968188222
-71.7004312744
-71.7041752366
-71.7093633523
-71.7133422443
-71.7183525732
-71.7229862779
-71.7275478303
-71.7321702469
-71.7369079851
-71.7419410918
-71.7468970744
-71.7516148675
-71.7558976166
-71.7609885230
-71.7660348660
-71.7709702993
-71.7752631487
-71.7803383322
-71.7851563151
-71.7889798322
-71.7931877042
-71.7973522828
-71.8019946090
-71.8063645533
-71.8102324669
-71.8140842652
-71.8176642718
-71.8203182802
-71.8229542121
-71.8272048802
-71.8312224103
-71.8349697449
-71.8386331063
-71.8430450632
-71.8468529232
-71.8494299812
-71.8524853651
-71.8545099071
-71.8575895196
-71.8602356354
-71.8624646208
-71.8644642911
-71.8670866852
-71.8700082311
-71.8724402643
-71.8753985374
-71.8786387926
-71.8828216157
-71.8874405144
-71.8913333397
-71.8957371086
-71.9003429546
-71.9042501631
-71.9082685077
-71.9126455103
-71.9168542843
-71.9211948055
-71.9250126693
-71.9283952197
-71.9309120930
-71.9342274428
-71.9375527514
-71.9414134061
-71.9449707123
-71.9478087639
-71.9511505414
-71.9542330400
-71.9572912850
-71.9608438306
-71.9651537347
-71.9699546606
-71.9740329271
-71.9771789881
-71.9808671646
-71.9849807898
-71.9887352879
-71.9926538054
-71.9973074973
-72.0015213788
-72.0055181612
-72.0099688946
-72.0138953137
-72.0178871137
-72.0222768007
-72.0268332941
-72.0310379311
-72.0348838699
-72.0392158648
-72.0434624760
-72.0479744391
-72.0517180597
-72.0544514812
-72.0562509456
-72.0591054813
-72.0625201037
-72.0668056177
-72.0710226299
-72.0754071248
-72.0791250427
-72.0826230909
-72.0868003396
-72.0913175330
-72.0956716763
-72.0999980693
-72.1041584842
-72.1087231143
-72.1117248246
-72.1154989141
-72.1192106169
-72.1226666307
-72.1256802781
-72.1288236077
-72.1318167175
-72.1348422681
-72.1374380617
-72.1401576927
-72.1428784520
-72.1459935488
-72.1484039934
-72.1526346088
-72.1571567249
-72.1616939714
-72.1659473031
-72.1697072969
-72.1731420368
-72.1763169027
-72.1797930198
-72.1829448427
-72.1859444219
-72.1880381199
-72.1911269352
-72.1948062502
-72.1979953408
-72.2015926157
-72.2052141341
-72.2092732205
-72.2129907449
-72.2165190175
-72.2200097301
-72.2241859062
-72.2276372901
-72.2311485565
-72.2350597443
-72.2392888902
-72.2416390300
-72.2456141322
-72.2487953545
-72.2514196552
-72.2526882309
-72.2539242175
-72.2558005654
-72.2582758707
-72.2609274229
-72.2629386106
-72.2647969734
-72.2665711155
-72.2696053688
-72.2732420418
-72.2771806024
-72.2801479956
-72.2827982279
-72.2848800005
-72.2885603182
-72.2921148607
-72.2954651046
-72.2991905213
-72.3034751640
-72.3076232743
-72.3108396724
-72.3135553780
-72.3155411291
-72.3190761754
-72.3226874227
-72.3267644232
-72.3304616403
-72.3346917838
-72.3385096224
-72.3427010801
-72.3464746512
-72.3499670273
-72.3533778027
-72.3565001725
-72.3590319461
-72.3616226680
-72.3640369606
-72.3657869482
-72.3676413504
-72.3702397874
-72.3736444158
-72.3777837811
-72.3810119087
-72.3849301546
-72.3884498806
-72.3922451991
-72.3961564655
-72.3994337971
-72.4033392594
-72.4068313058
-72.4100223118
-72.4121041242
-72.4152076853
-72.4179636572
-72.4220387156
-72.4261836233
-72.4299445733
-72.4333426431
-72.4368403534
-72.4408199190
-72.4444389370
-72.4473951965
-72.4511281554
-72.4544874059
-72.4573086977
-72.4602396317
-72.4625897281
-72.4644698993
-72.4661993000
-72.4673603918
-72.4692242493
-72.4705129688
-72.4719152170
-72.4740597162
-72.4753888243
-72.4772474312
-72.4790931511
-72.4820410991
-72.4848547907
-72.4880038501
-72.4906512946
-72.4931023940
-72.4956112801
-72.4983829757
-72.5012015319
-72.5045033388
-72.5079396458
-72.5113810244
-72.5147182770
-72.5183811970
-72.5221038264
-72.5255959235
-72.5288391417
-72.5315574570
-72.5345618065
-72.5378591572
-72.5415350849
-72.5444884670
-72.5478042460
-72.5516334148
-72.5555164882
-72.5589717966
-72.5621496536
-72.5656221603
-72.5680794699
-72.5705051392
-72.5729702159
-72.5762540765
-72.5796450381
-72.5828283431
-72.5857438666
-72.5893747773
-72.5925628062
-72.5959854883
-72.5995411291
-72.6031384793
-72.6065163127
-72.6098255832
-72.6131129558
-72.6162555354
-72.6195672319
-72.6231811802
-72.6266031545
-72.6300066107
-72.6332250422
-72.6361839647
-72.6390947300
-72.6419179272
-72.6442689282
-72.6468568341
-72.6491220947
-72.6514684570
-72.6535650277
-72.6560373682
-72.6589275652
-72.6616863588
-72.6640148699
-72.6662123178
-72.6678058391
-72.6696364286
-72.6717744984
-72.6745078303
-72.6774411966
-72.6801248949
-72.6831267693
-72.6850899315
-72.6861797138
-72.6873846510
-72.6893554849
-72.6911734127
-72.6932752937
-72.6954388536
-72.6980187399
-72.7003338306
-72.7025731320
-72.7055537576
-72.7084104027
-72.7106464240
-72.7129686941
-72.7160330225
-72.7190695665
-72.7218219414
-72.7249635291
-72.7284374601
-72.7321158527
-72.7350385061
-72.7375255608
-72.7411193429
-72.7444484290
-72.7478150154
-72.7506768453
-72.7536855427
-72.7563754711
-72.7583307780
-72.7605428764
-72.7624402029
-72.7640336047
-72.7653493032
-72.7667644220
-72.7679997992
-72.7693392168
-72.7708937207
-72.7722107763
-72.7738058118
-72.7762439750
-72.7785356942
-72.7807686660
-72.7824843282
-72.7854163456
-72.7878809694
-72.7902525921
-72.7930215415
-72.7963185146
-72.7986524597
-72.8009617965
-72.8034992005
-72.8057355268
-72.8081910885
-72.8107935527
-72.8128890947
-72.8146664483
-72.8164589250
-72.8189249703
-72.8214199324
-72.8235031903
-72.8255795138
-72.8279194187
-72.8303293589
-72.8328404328
-72.8353056369
-72.8377303692
-72.8398128862
-72.8417805270
-72.8433026654
-72.8456280256
-72.8473272173
-72.8485405335
-72.8495056953
-72.8508697464
-72.8525578946
-72.8539951756
-72.8562141520
-72.8581239658
-72.8593395920
-72.8601214454
-72.8612906626
-72.8620771203
-72.8623777988
-72.8629244891
-72.8631402018
-72.8643783278
-72.8653938818
-72.8664989153
-72.8677343476
-72.8692186964
-72.8710445919
-72.8728424653
-72.8755611052
-72.8777926807
-72.8798073576
-72.8825006848
-72.8848421682
-72.8872461185
-72.8893874277
-72.8914212557
-72.8929562939
-72.8950690917
-72.8968338386
-72.8984520056
-72.9004287214
-72.9026174181
-72.9049034041
-72.9074991120
-72.9097399171
-72.9120910690
-72.9143461521
-72.9168862727
-72.9193587436
-72.9222424440
-72.9249399297
-72.9280153396
-72.9301978630
-72.9319419876
-72.9334240715
-72.9354890057
-72.9376505730
-72.9401200266
-72.9429662146
-72.9461177980
-72.9493069615
-72.9522194306
-72.9552423173
-72.9577761935
-72.9600487494
-72.9622643867
-72.9643248435
-72.9660790368
-72.9679218669
-72.9705647018
-72.9732069092
-72.9760625092
-72.9784600000
-72.9808924491
-72.9836093664
-72.9861081492
-72.9888835903
-72.9915752575
-72.9944134786
-72.9971853131
-73.0001253479
-73.0021131638
-73.0039435433
-73.0060263283
-73.0080367846
-73.0100011761
-73.0106429786
-73.0125646530
-73.0145504475
-73.0161843748
-73.0177298618
-73.0197327188
-73.0212062832
-73.0222846175
-73.0235690654
-73.0252918863
-73.0265153729
-73.0271934742
-73.0276438669
-73.0285179130
-73.0292219423
-73.0305820883
-73.0318886221
-73.0332294082
-73.0344480905
-73.0368776856
-73.0395433763
-73.0419881432
-73.0445141795
-73.0468684907
-73.0496430577
-73.0517498635
-73.0542851559
-73.0570152194
-73.0600273612
-73.0626935604
-73.0657533558
-73.0686461839
-73.0716626321
-73.0746975321
-73.0774286673
-73.0803266961
-73.0829121889
-73.0856803106
-73.0880363239
-73.0908769585
-73.0937706407
-73.0966853226
-73.0986452573
-73.1008826020
-73.1028902608
-73.1046965269
-73.1060603389
-73.1078766355
-73.1106992730
-73.1135048618
-73.1159933085
-73.1183034402
-73.1206497740
-73.1234159012
-73.1257267837
-73.1282904962
-73.1311478619
-73.1341274145
-73.1364116161
-73.1378545283
-73.1396742047
-73.1418378011
-73.1445401536
-73.1469133204
-73.1492811730
-73.1522277615
-73.1547746989
-73.1577952826
-73.1605479629
-73.1624814893
-73.1646151951
-73.1675989166
-73.1705736378
-73.1730654803
-73.1758069783
-73.1788194622
-73.1817717131
-73.1846026218
-73.1875753557
-73.1905139776
-73.1926612268
-73.1949206065
-73.1974543348
-73.2000628680
-73.2026472137
-73.2049526523
-73.2076571464
-73.2101511543
-73.2129377301
-73.2156351266
-73.2183407467
-73.2210709225
-73.2235718867
-73.2265656334
-73.2290210937
-73.2316010544
-73.2338295856
-73.2358530244
-73.2380795369
-73.2401094081
-73.2423248539
-73.2449236450
-73.2470758318
-73.2494238626
-73.2518867352
-73.2543221422
-73.2563935366
-73.2586824533
-73.2615944249
-73.2643995155
-73.2673125419
-73.2701396566
-73.2730560961
-73.2754977182
-73.2777840616
-73.2801561262
-73.2827751224
-73.2856467690
-73.2885474145
-73.2914777967
-73.2938699217
-73.2954277491
-73.2968911983
-73.2990159494
-73.3016122761
-73.3041943652
-73.3061251774
-73.3080301646
-73.3106984014
-73.3132003163
-73.3152271128
-73.3170891516
-73.3195798614
-73.3219809306
-73.3239177169
-73.3260614139
-73.3280071284
-73.3296660064
-73.3316260283
-73.3333377694
-73.3353765978
-73.3380308795
-73.3407828328
-73.3434884712
-73.3457144629
-73.3480468879
-73.3504410839
-73.3529026664
-73.3554557050
-73.3580525850
-73.3604910455
-73.3631637808
-73.3659072591
-73.3685499168
-73.3711314766
-73.3732783880
-73.3752533781
-73.3773694896
-73.3795244835
-73.3813164856
-73.3834698824
-73.3859018638
-73.3883362444
-73.3903467763
-73.3922106775
-73.3945908156
-73.3971745349
-73.3997690506
-73.4021915848
-73.4045243759
-73.4070915579
-73.4097852705
-73.4122848082
-73.4149573050
-73.4176372498
-73.4203559910
-73.4225934702
-73.4243851613
-73.4264189264
-73.4286641274
-73.4310442925
-73.4326236670
-73.4348198783
-73.4369911023
-73.4388834428
-73.4404272163
-73.4419635390
-73.4438912541
-73.4461524722
-73.4484403047
-73.4508160156
-73.4534197065
-73.4557134966
-73.4579913147
-73.4605184592
-73.4630888975
-73.4656103293
-73.4682121738
-73.4704898019
-73.4730495659
-73.4756783168
-73.4783681320
-73.4807621116
-73.4831161303
-73.4858120598
-73.4878579295
-73.4901377155
-73.4925269533
-73.4947634513
-73.4968504977
-73.4993071640
-73.5010462157
-73.5036449150
-73.5057051338
-73.5081341169
-73.5105603933
-73.5128746897
-73.5149687851
-73.5173072634
-73.5199334536
-73.5224289875
-73.5244740612
-73.5264775035
-73.5283080805
-73.5303645564
-73.5323269248
-73.5340936717
-73.5358048017
-73.5377217237
-73.5396034410
-73.5413704384
-73.5433078946
-73.5452939447
-73.5471459726
-73.5495328900
-73.5518370765
-73.5539715000
-73.5563142467
-73.5586517573
-73.5609154838
-73.5631142541
-73.5654774015
-73.5679953101
-73.5701824866
-73.5723885290
-73.5744495223
-73.5767467413
-73.5784442805
-73.5801554144
-73.5822754757
-73.5846622455
-73.5869655820
-73.5889181912
-73.5911705059
-73.5935010007
-73.5957101012
-73.5980411601
-73.6001964811
-73.6022754159
-73.6043551656
-73.6062777027
-73.6082607064
-73.6097334259
-73.6115795721
-73.6135561567
-73.6160110580
-73.6182855197
-73.6201719743
-73.6221694359
-73.6241119714
-73.6260258666
-73.6277016467
-73.6300119707
-73.6324716197
-73.6342451948
-73.6366121654
-73.6386588347
-73.6407197370
-73.6430604289
-73.6453960660
-73.6475212114
-73.6492619570
-73.6504708914
-73.6521411166
-73.6537602161
-73.6546250374
-73.6559176954
-73.6572916781
-73.6588795424
-73.6603655503
-73.6618371269
-73.6630684382
-73.6642939915
-73.6655189130
-73.6671090543
-73.6689286050
-73.6710985385
-73.6735343298
-73.6755601770
-73.6778494865
-73.6800914091
-73.6824441067
-73.6847552209
-73.6868263331
-73.6890612255
-73.6915482193
-73.6937924897
-73.6959340179
-73.6981609144
-73.7000139304
-73.7016057894
-73.7032874690
-73.7049718277
-73.7070366930
-73.7089900825
-73.7100517082
-73.7117595641
-73.7134120034
-73.7155928583
-73.7179241135
-73.7197505784
-73.7215286439
-73.7236924134
-73.7257853574
-73.7278130822
-73.7290488413
-73.7301225519
-73.7320761434
-73.7333520277
-73.7333830584
-73.7341582363
-73.7345228076
-73.7354673162
-73.7366861288
-73.7378934757
-73.7388536782
-73.7399269875
-73.7411762162
-73.7423944254
-73.7439269651
-73.7453610146
-73.7468308061
-73.7484695378
-73.7495587700
-73.7505618053
-73.7517511601
-73.7523190380
-73.7535853485
-73.7548034514
-73.7561130411
-73.7575476547
-73.7592010063
-73.7611904674
-73.7633580895
-73.7652280165
-73.7665212575
-73.7686527088
-73.7709040246
-73.7723143267
-73.7737491914
-73.7748307086
-73.7765086094
-73.7781245652
-73.7801065691
-73.7822455747
-73.7841700772
-73.7863426166
-73.7886876937
-73.7909149314
-73.7929926802
-73.7948894410
-73.7970051583
-73.7990327607
-73.8009220857
-73.8024614317
-73.8047809077
-73.8065978016
-73.8089156747
-73.8106099491
-73.8128182601
-73.8150751884
-73.8170964677
-73.8189593860
-73.8210565300
-73.8227381135
-73.8244461283
-73.8264537225
-73.8281697913
-73.8297777839
-73.8310980605
-73.8328433001
-73.8349278886
-73.8370483401
-73.8386762819
-73.8397920570
-73.8410605921
-73.8417759660
-73.8435924611
-73.8451346178
-73.8469286450
-73.8485743337
-73.8498499588
-73.8511959216
-73.8531905475
-73.8553419464
-73.8574337276
-73.8592794283
-73.8614450923
-73.8635179211
-73.8652859990
-73.8672813643
-73.8693337071
-73.8713443945
-73.8735060570
-73.8755793079
-73.8775578078
-73.8794246407
-73.8815686264
-73.8836103252
-73.8856395412
-73.8872458391
-73.8891858684
-73.8908712029
-73.8928427972
-73.8944886208
-73.8964054943
-73.8981899815
-73.9000253007
-73.9020021348
-73.9037722117
-73.9054984364
-73.9074610032
-73.9093410099
-73.9111450251
-73.9128935190
-73.9147322708
-73.9166439808
-73.9179532433
-73.9192000476
-73.9205274508
-73.9218695675
-73.9232127099
-73.9248950889
-73.9263758931
-73.9284002430
-73.9303068395
-73.9321930515
-73.9342122877
-73.9362379508
-73.9383559216
-73.9400143028
-73.9416844684
-73.9433036966
-73.9449128200
-73.9462266957
-73.9482085326
-73.9502595379
-73.9522105526
-73.9535538844
-73.9552777104
-73.9567809748
-73.9588201104
-73.9607998068
-73.9627011612
-73.9645914772
-73.9664133825
-73.9683127128
-73.9700736385
-73.9718151489
-73.9734470367
-73.9748974791
-73.9762395857
-73.9772140504
-73.9780996564
-73.9791398951
-73.9804859020
-73.9823780522
-73.9843133208
-73.9864031802
-73.9881190631
-73.9894487688
-73.9907487504
-73.9919497792
-73.9935918610
-73.9954953623
-73.9967650238
-73.9979750338
-73.9990446844
-73.9997331106
-74.0006761805
-74.0009584535
-74.0019268663
-74.0036855510
-74.0043706617
-74.0051248383
-74.0061182640
-74.0073610142
-74.0088858429
-74.0104267879
-74.0118007792
-74.0134903209
-74.0151996904
-74.0167439016
-74.0176686853
-74.0186261843
-74.0192883971
-74.0204190003
-74.0213763385
-74.0225596123
-74.0235758339
-74.0250267078
-74.0266528612
-74.0286327787
-74.0302902302
-74.0315801203
-74.0328439083
-74.0342887702
-74.0362349297
-74.0375135782
-74.0389484275
-74.0402375707
-74.0410967545
-74.0419060168
-74.0434369115
-74.0452156284
-74.0468503377
-74.0488529357
-74.0507221376
-74.0525114764
-74.0545606521
-74.0563458694
-74.0581013351
-74.0598999061
-74.0607974749
-74.0619131958
-74.0632074339
-74.0639731186
-74.0656113153
-74.0669566021
-74.0685709722
-74.0699098876
-74.0709294339
-74.0711352176
-74.0713612918
-74.0716199139
-74.0728564259
-74.0745229987
-74.0761078875
-74.0781347161
-74.0801351645
-74.0821948174
-74.0839498293
-74.0858830051
-74.0876900406
-74.0894425663
-74.0908007527
-74.0926444886
-74.0946487313
-74.0967143427
-74.0986367211
-74.1002714411
-74.1021092630
-74.1040222112
-74.1060469829
-74.1073388584
-74.1089930114
-74.1108902872
-74.1127684431
-74.1147578475
-74.1166973592
-74.1184790440
-74.1203834467
-74.1220612441
-74.1237969849
-74.1256767552
-74.1276466696
-74.1296496137
-74.1316120790
-74.1335604735
-74.1352416029
-74.1369235817
-74.1387704276
-74.1402671576
-74.1414785074
-74.1428131711
-74.1444652079
-74.1462067501
-74.1477969679
-74.1497401781
-74.1510366353
-74.1526743896
-74.1544133478
-74.1562642131
-74.1577815413
-74.1594528744
-74.1610159880
-74.1629578099
-74.1645016765
-74.1661172700
-74.1673798551
-74.1688317535
-74.1701878389
-74.1713355905
-74.1728377767
-74.1742518894
-74.1757497782
-74.1765126853
-74.1776561377
-74.1787869153
-74.1802177129
-74.1809342630
-74.1822163692
-74.1835094859
-74.1849081048
-74.1865507502
-74.1880695047
-74.1895183476
-74.1912092327
-74.1929675404
-74.1945720064
-74.1963513842
-74.1978395307
-74.1995750848
-74.2012500813
-74.2029346519
-74.2046484334
-74.2058386414
-74.2074443498
-74.2093560717
-74.2108238641
-74.2123438690
-74.2139611223
-74.2152831356
-74.2164393454
-74.2181230292
-74.2199418696
-74.2215380512
-74.2229415522
-74.2248379126
-74.2267183039
-74.2284122368
-74.2300198174
-74.2317735898
-74.2332979867
-74.2349401240
-74.2364908319
-74.2379297372
-74.2394911308
-74.2412096630
-74.2428795699
-74.2447268307
-74.2459175143
-74.2470952763
-74.2483519793
-74.2497533476
-74.2511808589
-74.2521325848
-74.2533775211
-74.2543332208
-74.2552187127
-74.2566218992
-74.2582946571
-74.2592220086
-74.2602438812
-74.2611619203
-74.2618030345
-74.2618734240
-74.2614599199
-74.2609251230
-74.2601430765
-74.2596990000
-74.2600355961
-74.2602372886
-74.2608900970
-74.2612888758
-74.2618857598
-74.2626889035
-74.2635318171
-74.2644981667
-74.2652050503
-74.2665497647
-74.2679978528
-74.2698239355
-74.2715448609
-74.2729567702
-74.2741635358
-74.2759493215
-74.2776917549
-74.2786290598
-74.2795882081
-74.2801241577
-74.2812250038
-74.2829621490
-74.2847333629
-74.2861667309
-74.2876078807
-74.2888777578
-74.2901257618
-74.2916083833
-74.2924534726
-74.2938576242
-74.2950552356
-74.2968066476
-74.2985803266
-74.3001525373
-74.3017827910
-74.3034965330
-74.3053051711
-74.3070262519
-74.3087189724
-74.3102000463
-74.3115105894
-74.3125388045
-74.3139862224
-74.3154800695
-74.3170551341
-74.3182873486
-74.3196837286
-74.3212092648
-74.3228134569
-74.3241827193
-74.3249477588
-74.3257746012
-74.3268735456
-74.3279827924
-74.3287959742
-74.3302830332
