sampled_theta2
4.8474731555
4.6624591930
4.4028892362
4.3163641985
4.8100334099
4.9672807596
4.6251594053
4.6005638745
4.6817463064
4.4521797929
4.8726305961
4.6922249182
4.6715849037
4.9334477167
4.9522016721
4.9562795250
4.8435442365
4.9637752029
4.9884799199
4.8153245900
4.5150119908
4.3745998666
4.6131138196
4.4696620878
4.9594804939
4.4631244522
4.7640043700
4.9946049925
4.5434743277
4.5429801153
4.6397249373
4.5972686136
4.8780531828
4.7523790657
4.8997935682
4.7611965926
4.9550304186
4.9716562004
4.7335426940
4.3275314412
4.3737369890
4.6463936894
4.7617064509
4.3318955205
4.6217969715
4.2272073812
4.9855050893
4.9497968897
4.6677267852
4.8011792677
4.8669156734
4.9404669086
4.9326768706
4.7079971640
4.7057569485
4.6305516254
4.5731055671
4.7428171286
4.7734578494
4.5333446319
4.7007520694
4.9882031758
4.6633196934
4.5954171140
4.7010174625
4.6483874691
4.5370799253
4.5699741778
4.8262187914
4.7923474067
4.6542378553
