posterior
-12.2567744709
-13.4520166630
-15.0076824985
-17.0605686607
-22.2064239981
-24.2086249274
-24.1930313608
-23.4021272494
-23.9513522894
-25.3253831941
-25.7891635773
-23.8551120276
-23.9334450305
-26.7905126314
-26.4275559743
-28.4051504281
-27.9165969214
-29.7925883355
-29.5706946568
-31.5496664739
-32.4572376883
-33.3341514747
-37.0280950689
-38.6270129590
-39.7029088790
-39.7364516799
-40.8712632162
-40.8903670868
-41.0461160469
-41.1083435262
-40.8757864713
-41.6252707874
-41.4900186988
-41.7022998680
-41.8639428929
-41.5432511686
-41.2285178379
-41.3431348589
-41.0079312657
-40.7825978962
-40.7883336855
-40.6272498318
-40.5634143252
-41.0872133615
-41.7208168487
-41.2189266363
-41.0328989459
-41.2162682881
-41.3379110152
-40.9971924584
-41.9436434290
-41.7273915667
-42.0324946174
-42.2932852351
-42.4755565952
-42.3240009801
-42.6399795772
-42.7910539363
-42.7329666188
-42.4331541492
-42.7368387170
-42.9587299162
-43.0244280917
-43.0407616819
-43.0251475018
-43.1897237399
-43.2201603424
-43.6459763791
-43.7641729121
-43.6107367957
-42.9344690517
-43.1905216457
-43.1339778452
-42.6707291228
-42.4181034884
-42.0663995788
-41.6371124406
-41.2816052760
-42.1695574644
-41.7376011875
-42.2072243107
-42.0483936610
-41.1870311083
-41.5638635496
-41.9344956548
-41.3904264442
-41.3931049195
-41.0865731073
-40.8981983138
-41.4202548803
-42.0296705836
-42.2052839281
-42.3137831434
-42.3979364679
-42.2469149046
-42.2826594645
-42.4548102252
-42.7103530521
-42.3498524072
-42.3503180132
-42.3392330942
-42.6378075837
-42.7270749103
-42.7080263741
-42.7856412995
-42.8973867003
-42.6295713575
-42.4923484302
-42.0646039550
-42.3096379512
-41.5537672667
-41.7872117058
-41.9034403942
-41.7124102787
-41.8393230960
-42.0632259693
-41.8714446189
-42.3386554824
-42.4073247671
-42.3921041474
-42.3524193403
-41.7493017292
-41.8878894990
-42.0083743183
-42.2080505453
-42.0522765093
-42.5433386538
-42.7408515228
-42.5433766307
-42.5410176974
-42.5874444286
-42.5716753388
-42.6779299513
-42.1723379696
-42.4788277612
-42.7113120162
-42.7460392167
-42.8923987428
-42.9665924689
-43.1169100365
-42.9672924622
-43.1047088177
-43.0550970811
-43.2728617841
-43.2848737023
-43.2208679885
-43.0960632331
-42.9567343306
-43.1779069536
-43.3173013061
-42.9690224850
-43.1483591071
-42.9752707487
-42.8882165121
-42.8599106471
-42.9940256875
-43.2453831800
-43.2263659478
-43.2146812086
-43.1430858637
-43.2342898153
-43.3528071897
-43.1723909376
-43.2970855144
-43.1228690914
-43.1997600568
-43.1159545273
-43.0844075834
-43.0575073053
-43.0824040095
-43.0353707016
-43.1336526022
-43.6420925453
-43.6373796753
-43.3852335461
-43.2154747089
-43.3445699320
-43.8349010592
-44.3889791283
-44.3177096432
-43.9842813289
-44.8532447715
-45.7910554857
-46.6942045693
-47.9150562364
-47.9755360812
-47.9441542023
-48.9629349236
-49.2625885209
-50.1110925086
-51.4208497423
-52.3510690837
-52.5359206719
-54.8279854709
-55.3235237928
-55.2113360358
-55.7496411829
-56.7819527362
-58.6941778402
-58.4469830543
-60.2588692742
-63.4243169152
-63.0735087197
-62.6948219614
-63.8521864023
-64.7823935779
-62.8771862355
-61.7461604700
-61.6145132364
-62.2811252898
-62.6207440654
-62.4603177492
-62.4630800799
-63.6289276007
-65.2223922548
-65.0456255503
-65.1923167112
-65.9550438749
-67.2525782351
-66.0642776574
-67.2434116139
-68.6845113633
-68.5035968146
-68.3578046332
-68.3238657507
-68.0424937937
-68.8247097718
-70.6426872321
-71.7203921285
-72.6179965748
-72.7994819611
-73.3958918714
-74.9040969917
-75.2338968350
-75.3045515854
-75.2081952000
-74.6927800364
-75.0964968034
-73.9394663509
-75.3356252953
-73.7363856721
-73.3585610012
-72.9324501229
-75.0464108093
-75.9625664403
-76.1074488393
-76.2762156106
-75.4967619624
-74.8872389774
-74.0145993996
-76.0398419646
-76.0625364242
-76.6458582661
-77.1929294016
-76.7790176549
-77.8647574996
-78.4083480783
-77.8713678529
-75.7924172434
-75.4221480552
-75.3740688297
-76.0103248109
-76.2380014723
-76.5043226093
-76.9642840075
-76.4136772099
-78.4022324334
-78.8438928806
-78.7972525495
-78.7766398582
-77.7997403817
-77.5413576928
-76.9098043303
-76.3271819127
-76.2126625448
-76.5613686614
-78.2126231841
-77.4815535608
-76.2432404647
-76.1255179544
-77.7722576925
-77.2469529874
-77.8024864402
-77.0478057072
-78.2296876569
-78.8078434966
-77.7247932091
-76.2911780487
-76.4932458264
-76.2865557831
-77.3730775628
-77.7714037835
-78.9004113543
-78.2030557596
-77.9525740977
-78.2771829338
-78.8880937314
-78.9241818323
-76.9087573213
-76.4169757767
-76.6075555624
-75.8525705524
-73.9808613316
-75.9055212544
-76.4645744780
-75.7832955424
-76.2136826555
-74.8179114900
-74.9390837093
-74.7897414190
-74.7578936350
-74.9694335711
-74.6450186745
-73.4893975728
-72.9646831253
-71.5443530010
-72.6749491994
-73.6236223223
-73.4093124334
-74.0884665926
-74.1876617943
-75.2097882074
-76.8475990077
-77.9282387356
-76.8785113208
-77.9397400326
-78.7957965805
-78.1938065803
-78.8527003544
-77.6241359822
-76.7205531901
-75.6065682272
-76.0051901810
-74.9453086936
-75.6648612603
-74.7668480502
-74.7975911019
-74.7406174387
-73.5473827763
-72.0438154721
-69.8102704782
-69.8817776079
-72.7044342304
-73.9817587229
-74.5807112884
-75.4467514910
-76.3640081003
-76.6054338478
-77.9820660476
-78.2991459972
-76.4253555394
-75.0009031064
-75.2529565060
-77.0654337247
-78.0310222571
-76.4902061823
-75.4609397708
-75.3008094738
-76.3085558887
-77.5511509007
-78.5054238792
-78.0338151510
-77.7919106808
-77.4063397404
-77.5270287608
-78.8102542343
-78.7366868439
-78.5780169453
-78.6463498952
-78.9175483227
-78.9448246649
-78.7683283991
-78.5572359859
-78.0769274344
-78.7189709006
-78.2223084546
-78.0311798700
-77.3691193379
-77.9028591507
-77.0074003031
-76.9960947021
-77.3419906464
-78.8141589348
-78.5554010307
-78.6313379659
-78.4156485820
-78.4896897220
-77.6644673019
-77.5595937009
-77.3326646029
-76.6850954237
-77.1725405713
-77.5532033713
-77.4677598935
-77.2239075265
-77.3553270523
-78.0361752264
-78.3149438013
-77.4556025228
-78.7518029483
-78.9013673026
-79.0001633932
-77.9877170355
-78.2739051796
-78.2271361427
-78.2406325734
-77.8301784249
-78.0282307915
-78.2039198904
-77.5531257295
-77.4686556550
-78.4555635062
-78.7756311154
-77.9915184275
-77.7068567063
-77.9749831791
-78.3109903993
-78.1870142144
-77.7046214729
-77.5009684087
-77.5327402778
-77.8158988944
-77.4282010897
-77.2504429115
-77.3195680659
-77.5581445364
-77.3000405189
-78.9025110275
-78.4134356866
-78.8232672360
-78.8251684171
-78.7911413271
-78.5428050243
-77.9936833061
-77.4358401933
-78.6882563819
-77.4883028796
-78.1776403664
-78.8152497090
-78.1753994434
-78.2750453987
-77.9178194577
-77.8263456296
-77.6817093116
-79.0255249726
-78.2740819231
-78.6746298937
-78.7545777332
-78.9161297575
-78.8229442601
-77.4314198642
-78.3022628587
-78.2641365861
-78.0409490018
-78.0320998379
-77.5639801301
-78.0855245204
-78.2802091881
-77.9830124440
-78.0815106620
-78.4722155506
-78.1369889468
-78.1402640265
-78.5552911773
-76.3295463842
-75.7997130793
-75.9246800856
-75.9955392396
-77.3237642708
-77.6107879645
-77.5109229762
-77.5760700309
-78.1863829840
-77.6536308479
-77.8738259612
-77.2201783934
-77.3515334576
-77.3322123815
-75.9259069125
-76.5608087342
-78.0450871222
-77.6427579931
-77.0206829452
-78.0530351440
-77.3565397766
-78.1193029713
-78.5629068604
-78.9719036965
-78.5951530104
-78.5187473490
-78.4715822179
-78.7414988906
-77.8139948707
-78.3087180623
-78.5284930031
-78.2712247465
-78.3021781414
-78.2195788953
-78.1223412714
-77.9441095728
-76.0377174316
-75.9221160221
-75.1127019354
-75.7143410300
-77.8705574205
-75.8837390607
-75.7770129331
-75.4867628120
-77.3959218556
-78.0939628549
-78.1621482829
-78.6292687130
-78.1951756269
-77.9800550211
-78.1236371451
-77.5675416286
-77.9559927086
-77.9137674183
-77.7017050748
-76.9416454847
-75.9624658688
-77.5127178612
-76.3929727684
-77.0709648581
-77.0555892709
-77.2822185951
-78.2035958367
-78.1322874403
-77.6212715089
-77.7837481257
-77.5485904222
-77.8555359536
-78.3570177293
-78.0162571545
-77.6649251018
-77.5266907512
-78.2158512034
-78.8802077243
-78.2278304517
-77.9306205114
-78.8144084512
-78.0312150075
-78.3254957152
-77.8641199419
-77.7692262025
-77.4920028123
-77.3485472074
-76.5808634737
-76.6707691105
-76.8572701142
-75.1134430830
-75.4194833885
-75.4736853724
-76.9069978739
-75.1840751247
-75.4155720397
-76.6319506611
-77.9403100180
-78.2948176057
-77.8643459195
-77.6552650249
-78.2018577204
-76.6589166906
-76.3298523816
-76.8703098965
-75.7897642144
-76.7084004401
-77.0630661196
-77.6862187503
-76.6509149977
-76.9840286671
-78.0120353529
-77.9393502903
-78.5094596411
-78.1602176624
-77.8450744172
-76.5382951211
-76.1427902317
-76.6849934795
-76.4399749866
-76.3185723450
-76.6191692634
-77.1323762004
-77.7585893822
-78.6869299064
-78.8694985824
-78.5096791258
-77.3050320534
-76.9303361615
-76.8060261539
-77.4092384211
-76.1090996762
-76.5273616399
-76.9892051162
-76.4759864374
-77.4389550103
-77.1890300726
-78.1484703711
-77.1093163601
-77.2355985558
-77.5810442555
-76.8279188855
-77.1568379361
-75.7732346536
-77.1609464416
-76.8748120587
-76.7253757425
-75.1902689350
-76.5943753067
-75.3839870814
-76.5069437389
-73.4595745533
-75.1291632840
-75.7062367145
-74.8851058940
-76.5023234242
-76.5745479430
-76.4566467238
-75.7373662022
-75.9886630608
-76.6059879686
-75.9792322944
-76.1267087072
-77.2828094890
-76.5590893944
-75.8956402001
-77.9373651809
-77.1796390920
-78.3956804092
-77.7809733697
-78.1920383829
-78.4727403136
-78.7568013820
-78.2786759449
-78.6185709753
-78.1216917481
-78.0530867967
-77.2683030019
-78.3091095146
-76.6316812137
-77.3462774045
-78.8416469851
-78.9524085298
-77.7308675399
-78.0378388244
-77.1652036135
-77.3450677775
-77.2416485180
-76.6550071698
-75.9521290753
-74.5939432359
-73.9652805126
-75.1672081097
-78.5158888524
-78.4022855117
-76.4229138166
-77.3151000004
-76.9460439504
-77.1606899443
-77.0768594312
-77.9230053419
-77.8347322446
-76.9034894781
-76.5055714279
-75.3388170176
-75.4369902933
-76.5258369392
-78.4164982516
-77.5371918201
-77.2653471366
-78.3029009002
-78.8247363493
-78.9538883364
-78.5824758725
-78.5117904899
-77.2123332535
-77.1461980644
-77.9219255459
-77.8564786583
-77.2055803234
-77.2633034674
-77.5343822391
-77.4566585461
-78.0072883236
-77.9850176382
-78.3843022280
-77.9425631481
-75.8126505875
-76.7687578931
-76.4232030777
-76.6162783513
-76.6392933508
-76.6832836600
-76.6755278100
-76.9925082039
-77.6975163819
-77.6032679001
-75.8943129382
-75.3909960108
-76.2037794834
-73.5765317527
-76.0866763255
-76.3326192647
-74.7681789078
-71.6480366833
-70.4949358822
-69.9191274453
-70.0198390108
-70.4203797905
-72.4164091594
-73.5059915460
-74.1378574070
-75.2273469880
-75.5703483385
-76.0918777293
-77.5248039092
-76.1535155743
-76.4366159173
-76.5025100030
-75.2960145816
-75.5579083353
-76.1755167850
-77.6758504277
-77.4462069305
-75.8678233926
-75.6845693436
-75.6425346511
-76.0648184751
-76.4541572181
-77.2009025332
-76.8131193685
-76.6762306223
-76.3468475623
-78.1360829660
-78.5129485492
-78.3510381704
-78.7342657111
-78.8229190467
-77.8286703541
-76.9432148956
-77.0859782169
-77.9379305016
-78.0161986969
-78.1594252917
-77.9909533786
-77.0104031685
-78.1893974751
-78.0670402091
-77.1590261515
-78.4985740483
-78.2136403274
-78.4498708371
-77.8717441442
-78.3941324089
-78.3094612243
-78.3724681144
-78.0256791228
-76.2799987535
-78.1040759128
-77.9922871389
-78.3942502371
-78.9050455088
-77.1174369299
-78.1117181537
-78.0778785862
-77.4695231105
-77.7687995630
-77.6745901346
-77.0671057321
-77.7178447728
-76.7250635270
-76.0697750348
-76.2471955373
-75.0140921491
-75.1699190718
-74.3824742022
-76.3225590603
-76.3293797792
-76.8382633205
-76.2836369986
-75.7863330779
-75.5838707207
-75.2294831622
-76.7623195959
-77.8410252257
-78.7183580341
-78.1301296724
-76.6945969215
-77.4018822633
-78.4401736975
-78.0815848669
-78.2468422215
-77.9949037458
-77.9704271479
-77.4419773578
-76.9799625265
-74.6921961771
-75.1954335697
-74.7836866028
-75.8590361251
-76.9007939694
-77.8289496331
-78.5136774758
-77.8037263269
-76.8196777634
-75.3036572254
-75.3399677996
-75.7958261833
-76.8771669430
-78.2610844388
-77.4574626054
-78.5581619376
-78.1437064242
-78.6969658448
-78.1423085981
-78.3452802575
-78.1011878845
-78.4167525789
-77.2681303392
-77.7611254118
-77.0789369669
-76.7009224312
-78.8722788300
-78.5036513194
-76.9801360177
-77.0322492076
-76.5259873475
-76.1094042534
-74.9139449090
-75.2466368234
-75.3938693894
-75.4260299631
-75.7335041404
-74.5684174973
-75.8730133560
-75.2197979048
-74.9628209701
-74.8701253586
-75.2328247666
-74.0127459877
-74.6007313520
-75.1325779859
-74.8022621186
-76.2996939001
-75.2754359772
-74.1394979390
-74.4343461814
-74.5522993624
-74.8292269096
-74.9744500025
-74.8942745356
-74.0013195814
-74.8822282284
-75.1356510755
-74.5972977353
-75.1679326002
-74.6139613518
-75.2886084465
-75.9039628906
-76.5281166368
-74.0488098953
-73.3420884863
-72.2890510448
-71.7631875008
-71.1470822980
-71.2850423032
-70.7759155854
-71.4002790060
-71.7680987315
-72.6526052345
-73.0441129602
-73.5145978845
-73.3824318565
-75.5960064101
-75.4389583060
-74.7399944682
-75.7082048506
-75.1875929346
-74.7585840401
-75.2533109282
-75.6021770761
-76.5868186577
-77.1960947871
-77.3889418904
-77.1167512725
-76.9930369221
-77.0492078184
-77.3759495063
-78.2749884560
-78.2821892435
-77.3660816129
-76.7887087845
-76.8931280068
-77.5507209488
-77.5028527893
-77.5995941712
-78.6434289028
-78.5359667004
-77.8947649104
-77.0797261256
-78.3827475009
-78.2296086527
-78.6042957947
-77.7346506373
-78.7180368088
-77.7383592076
-76.6294344348
-77.2369960080
-78.6076141222
-78.9456077764
-77.3507067889
-77.0567054040
-78.0925973216
-79.0345301271
-78.7404664107
-78.9436535201
-78.5273596208
-78.7716841151
-78.8278441544
-78.2936021910
-78.7147783139
-78.3147906194
-78.6604104034
-78.2043869671
-77.9881254928
-78.2642142938
-77.1399186831
-77.9105079528
-77.9037825181
-79.0451666442
-78.4182798071
-78.5321058530
-77.7545056873
-77.0184940040
-76.4408009565
-77.7757064689
-77.3435683170
-77.2653398281
-78.3940526316
-78.2755112259
-78.6591123131
-77.9923480095
-77.9432766941
-77.1595540096
-77.6260492399
-78.1180592307
-78.4501466065
-77.6094291859
-78.7186416421
-78.2207864888
-77.0707821144
-74.9312093851
-75.4037161526
-75.9859324893
-77.0057166275
-78.7107960381
-77.3577034861
-75.5674077979
-75.0447463732
-75.1975701136
-78.2220832887
-78.6700047858
-78.4600708651
-78.3580029057
-78.1500405661
-77.3651624060
-76.8427660450
-75.6230091166
-75.5617422341
-76.0614712206
-76.0730315955
-75.6003221246
-75.1737144131
-74.8029203624
-74.5072045172
-75.5301571947
-74.7778736735
-74.8236788660
-75.2271621203
-75.5763100320
-76.9929647082
-77.1392426769
-77.0096683293
-77.5780063192
-76.5337843504
-77.6928699451
-77.2636971157
-76.5969809928
-77.2442767878
-76.8808176363
-77.5423927374
-77.2997031119
-77.8679308250
-78.8550626225
-78.7893497376
-78.8166665733
-77.1482137335
-78.2954856565
-78.3965728335
-78.5229715913
-77.7501035084
-77.3880453314
-77.8281917726
-77.4843597764
-76.8624789537
-77.8892367075
-78.2300091249
-76.6050292436
-74.6901079917
-75.5958513221
-74.1873560919
-75.6075058152
-74.3454393594
-74.8377546886
-75.4539284179
-76.1828340973
-76.1192780404
-76.9328586533
-78.5959535191
-77.9355973380
-78.0363604619
-78.5843168696
-78.4724915963
-78.7169159927
-77.4837671905
-77.3866907416
-77.6865357286
-78.3833930602
-77.7210502423
-76.8883105156
-77.1757458599
-77.2007826684
-77.4979978978
-78.1202494576
-78.0545198147
-77.9434307975
-78.1934595015
-77.9128490937
-77.9396836031
-78.0613760414
-77.3416393783
-77.7512135039
-77.9117695993
-77.4774921675
-77.9241204976
-78.5822164752
-77.6553092987
-78.0072136051
-78.0198456232
-77.1754298638
-77.2376625572
-77.4528474122
-77.5534770008
-78.4006237912
-78.1685858767
-78.2779033749
-78.7386659864
-77.9270393083
-77.4883627037
-77.1767892342
-76.6148985091
-77.5859227143
-77.3286153674
-78.6795631157
-76.8476555613
-76.7439159199
-77.9119321837
-77.5267535345
-78.1636367947
-77.3833668416
-76.6355962649
-77.0763266934
-78.1165882422
-77.0200821696
-76.1798197859
-77.4699514566
-77.5402248304
-77.4958971948
-77.6523943136
-77.8056724747
-77.4291242013
-78.3320322544
-78.3211852306
-77.0608564568
-77.5040111924
-78.1252455064
-77.8676218830
-75.9862321293
-76.4883147571
-76.8904116445
-76.9741190460
-78.0205333330
-77.5943535398
-77.3875354594
-76.9538384886
-76.7756681225
-75.8993677223
-75.8862274102
-75.2285628226
-76.9055014449
-76.3836710073
-78.3331364636
-78.6107225394
-78.7130996792
-78.4362438971
-78.4422585832
-78.3752379220
-78.1548719341
-77.7520507183
-76.6907478785
-77.3606955053
-78.1229589320
-78.1200469608
-78.5535076043
-78.4929226130
-76.9918276143
-78.0070323771
-78.7143336319
-79.0053545113
-78.5622268735
-78.8494373037
-78.6551850932
-78.2880689894
-77.1921987444
-77.3046374669
-76.9102204426
-75.9461688314
-77.4384914893
-76.6491780447
-75.5557580712
-76.4413558466
-75.9100725582
-76.8241138356
-78.0915467192
-79.0173864559
-78.5524940881
-78.8805294067
-78.9735990816
-78.8078050198
-78.6385264406
-78.1060984283
-78.5338385379
-77.4559453253
-77.6826339805
-76.7759997595
-78.4432781011
-78.8487866205
-77.6532418804
-77.2143984961
-78.3423986354
-76.9438568813
-76.4933617611
-77.8098103056
-77.6889960323
-77.9936776978
-78.6112422871
-77.5342497892
-78.4699150818
-77.8604104859
-78.2978117612
-78.0474925284
-78.4500348987
-78.3769349859
-77.4436124065
-77.7952865992
-78.1415462915
-78.7586678670
-78.3493172739
-78.5605409459
-78.6010409829
-78.3689313151
-77.8824239625
-78.6962498870
-77.8365571963
-77.8656778820
-77.9970108423
-76.8477440670
-76.3747097799
-76.3654047102
-76.5688933475
-76.6262384777
-76.9696517685
-78.1827993625
-77.9122400202
-77.4199490766
-77.5357077873
-78.3854903237
-78.0984800043
-78.6606832450
-77.7081026302
-78.7615531668
-78.8537760543
-78.8813066160
-78.1121819876
-78.4843110914
-78.9550819526
-77.7533495107
-77.3498932086
-77.9350060223
-76.7186212083
-75.9216190437
-77.0341775718
-76.6014845279
-76.0001366909
-73.4967987845
-74.8513283233
-75.7866805958
-76.1924378187
-77.2881445941
-78.5852522014
-77.4470851262
-78.0907188772
-76.4252318384
-75.5031470027
-75.2389614039
-75.1482759874
-75.3394313532
-75.4476922164
-76.7010756647
-75.9281809936
-75.5228426948
-75.0417140323
-75.1027053328
-74.5941991769
-73.7821714890
-73.9693646218
-74.3506307260
-75.2279197733
-74.2251663522
-75.6804327789
-74.8634985179
-74.9973362478
-75.6300750780
-76.3139677126
-76.1712940330
-76.2149788902
-76.4015057465
-77.6282560003
-77.0165980456
-77.2307086238
-77.1773684565
-78.0696221499
-77.2411113473
-76.4859756002
-77.5563666734
-76.9986991294
-77.1585432101
-78.6056631850
-76.5417497921
-77.4780653778
-77.8075578395
-76.6367075425
-77.0339727388
-76.6978940858
-78.4900944518
-78.3083192973
-78.6925111777
-78.8113920884
-78.3168190551
-78.0110791717
-78.6968934824
-77.8538580573
-78.7528744420
-78.7908137436
-78.7071224942
-78.2593564813
-77.1359484367
-78.6264781226
-78.5978323761
-78.4981866847
-78.9282001952
-78.7159393582
-78.2730373141
-78.1811357961
-78.3823182075
-77.9351280460
-78.8004201205
-78.0048059894
-78.4706565634
-78.4604096600
-78.0990257884
-76.9276896476
-78.3886014992
-78.6240736018
-78.8273748552
-78.1997549233
-77.9103641846
-78.6410434948
-78.9423350370
-78.6092247406
-78.2398966547
-77.9326177354
-76.7789134597
-76.8488669819
-76.0660704904
-76.2606584249
-76.5725754697
-77.3131017349
-76.7943760890
-77.8136553086
-78.2797941319
-77.8135123985
-78.3364340181
-78.0248484094
-77.2996617765
-77.0461030485
-77.0498922567
-78.3361572704
-78.2798622602
-77.7364793853
-78.2665374571
-78.4846097368
-79.0318090402
-78.1637536236
-78.1929120294
-78.3182301309
-78.3837490060
-77.4910768244
-77.1087117169
-77.9293220505
-78.8198200727
-77.5710082279
-78.0872397596
-78.4878162720
-77.9813862734
-78.1708431198
-77.7725109998
-76.3148570471
-78.5469198345
-77.8739726238
-78.2630745509
-78.3285798394
-78.6468664639
-77.8924362700
-78.0242200396
-78.3792841015
-78.1300784740
-78.6675085812
-78.5312064909
-78.6170798061
-77.4293820327
-76.3815741471
-76.2377013529
-76.3638788604
-76.5042443644
-76.9413115468
-75.9722974071
-76.0857007841
-74.9541805130
-76.0336413128
-76.7422771794
-75.7945561296
-76.8776534714
-77.0355171156
-77.3486362508
-76.9929878237
-77.2201452955
-75.8019351524
-76.3793673895
-76.4341888270
-77.0724918985
-77.1694143643
-78.6167737611
-78.2890644942
-78.0702699642
-77.8991271265
-77.8069062663
-77.3017676070
-78.6313520279
-77.4480371929
-76.2301159770
-77.2247000946
-77.5439641035
-77.5742031635
-77.8338373399
-77.9861139200
-77.1111530858
-78.9102741051
-78.4936200694
-77.9624469257
-78.5315798252
-78.0267553733
-77.3426943465
-78.6421377348
-78.1119307840
-78.3938182991
-76.0504359276
-75.5520395401
-76.6373159567
-76.3212376118
-75.6224184906
-76.5722792700
-77.5219835104
-75.6640508817
-76.5462365676
-76.7398021138
-76.9307463979
-78.9571610020
-77.2758333197
-78.7278026104
-78.2101729693
-78.1182826631
-78.2127982956
-78.3839546869
-78.8084229899
-78.7100526542
-78.3848318944
-77.7817256062
-78.9289847925
-78.8763320849
-78.7299312175
-77.8324736706
-78.9464974694
-78.5929660861
-77.1954330464
-77.7473266765
-77.6943954924
-78.3801708776
-78.0029456069
-77.2988017921
-77.2836378765
-76.9048537024
-75.5943181087
-75.5738853941
-77.8801562123
-77.5562028059
-77.1786688270
-77.0662498963
-78.1433195166
-77.2882848482
-75.5346229935
-76.2247396960
-74.7536539935
-76.2706743091
-75.6547655941
-75.0610586959
-74.7359908840
-75.6354669137
-76.0711913229
-75.3721360583
-76.1353117938
-76.5478465264
-77.9144524729
-78.5525113745
-77.5125731038
-78.2591831355
-78.5603962085
-77.5579809155
-77.7268314437
-78.2549223000
-78.0195765983
-78.2192911302
-77.4685508328
-76.8432409642
-75.5904459287
-76.7580613679
-76.7792020342
-77.5663872723
-77.1315232004
-76.0885261226
-76.8301456253
-76.4577634524
-76.4284455732
-77.1582179298
-78.2748533280
-79.0033111424
-77.9527716866
-76.5924504476
-77.3951102006
-78.0278963235
-77.5078473887
-77.7567931091
-78.8475419255
-78.2085688960
-77.8967753703
-78.5748007067
-77.8092898102
-77.9137757256
-78.5102342284
-78.7658869843
-78.2539007606
-77.7307192776
-78.4592322471
-78.3411869442
-78.7437276565
-77.6109946470
-76.1163158589
-74.7320543969
-76.3066546451
-77.1468928162
-78.4522215714
-78.3585877822
-78.6170735238
-77.6299763887
-77.3087071188
-78.3317871505
-78.8490388961
-78.6138241554
-78.5809347639
-78.3406205174
-78.9556681700
-76.6172920930
-77.7841813063
-77.6978998653
-77.3205114927
-76.6612195071
-76.8626780842
-76.6424331888
-76.6973724889
-76.0544906788
-76.2468004150
-76.2539458601
-76.8560199238
-75.7954066064
-78.5577863918
-79.0081625510
-79.0401595860
-78.6182516179
-77.8773777874
-77.3905119742
-77.0021130544
-77.4669671501
-76.9800193758
-76.7543034976
-75.3788339099
-76.9015702629
-77.8094409155
-77.0677366274
-77.6982286808
-77.7425158524
-78.4196754092
-77.9045204641
-77.6218326861
-77.5712722020
-78.6304399600
-77.5255116681
-77.6244537445
-78.2465552772
-78.7437153167
-75.8585041991
-78.3672715967
-77.1510588295
-76.2980913882
-74.2101005508
-74.1622875170
-75.1547581046
-76.0850977480
-76.3628787059
-75.3762572161
-75.1434009699
-75.0164912730
-76.9757323125
-77.9173585861
-78.3937652362
-76.8914769849
-76.4039094674
-75.5241181359
-78.0188149857
-77.8300921198
-77.5184952742
-78.1108405895
-78.9918023781
-78.7869716345
-77.3380698747
-76.5609188460
-75.4232416686
-77.8549587012
-77.9815119267
-78.7195012008
-78.1313952421
-78.9760171749
-78.3363339998
-78.9316725911
-78.2823020183
-77.8469669645
-77.7253490131
-77.2773549957
-76.3516389875
-76.4497818025
-76.1762049671
-75.1307673637
-75.2994511739
-76.4809671251
-77.7631712647
-78.9345383929
-77.4975941042
-78.5992682493
-77.9742549971
-78.4192108976
-78.6111588204
-77.6103911130
-78.6169296648
-77.9661692366
-77.4932948835
-75.7305130386
-77.3653876286
-76.8164948243
-78.9299070029
-79.0497461350
-78.4437035449
-77.8702543111
-78.0366746721
-78.8160839775
-78.2457247314
-77.1892354554
-78.4425271406
-77.8494437825
-76.9911245471
-77.1731815498
-76.2438949131
-75.4915455264
-75.2522637908
-74.3390403566
-75.4756264795
-74.5505062135
-74.7365459447
-75.9395704875
-74.6245566465
-75.4844734477
-75.4673136451
-77.2577167585
-77.0458489965
-77.5957781516
-76.7874537508
-76.4736877512
-76.5725512209
-77.0051600435
-77.0869923816
-77.8798449636
-78.1056837326
-78.1208281661
-77.9577772447
-78.4962667554
-78.6011576485
-78.2316824845
-77.8315009634
-76.9787212435
-77.4526819750
-77.9389195529
-78.5663805601
-77.3880352120
-77.9889975866
-78.8391286192
-78.9354059871
-78.2394987579
-77.7897244237
-78.2813682711
-76.6152682969
-76.5680082331
-76.6378817229
-77.9946240508
-78.1781226108
-77.8416481815
-77.4051042473
-78.5949010428
-77.8687507291
-78.2639470160
-78.4912378181
-78.5675451651
-78.2103418796
-78.1032146215
-78.0734389699
-77.8392227455
-78.1269185307
-78.6367911509
-78.3241904106
-78.3001645162
-77.9983504534
-77.5716667264
-77.4971618686
-77.3566573898
-76.5727914688
-76.9738356256
-76.4389029592
-76.5792789940
-76.1653209137
-76.7996800562
-77.5057879140
-77.2909420051
-76.5735851118
-76.3579246791
-75.3465152209
-75.7486879042
-76.2701459760
-77.2774388083
-77.6201634959
-77.2048401815
-77.7472888428
-75.9989077072
-74.5268221017
-74.7237284888
-76.0220356476
-75.7671071311
-76.2517598206
-76.3605093064
-77.0709261667
-76.6267275337
-76.5026676987
-77.7666559604
-77.5618504452
-76.5118826808
-76.6631500672
-77.9315200140
-77.8903039044
-77.4118689126
-78.0813704154
-78.6549639020
-79.0111320084
-77.7269305030
-76.9879019613
-78.8864866730
-78.4405147969
-78.5114109031
-77.6529915012
-77.9105929668
-77.3696026619
-76.1136373032
-76.5587158691
-76.0220471302
-75.5030913079
-75.0283507704
-75.2021839323
-74.8953192697
-75.0771558026
-75.4508583763
-75.0441317429
-75.5268369787
-76.9869518303
-76.7386264255
-76.6415769887
-75.7505799916
-77.8607383318
-77.0566095352
-76.9002746088
-77.5943798960
-78.5165668220
-76.8503811869
-76.8122796910
-77.2135074969
-76.6947068867
-77.0808684803
-77.3416836847
-76.4633233081
-75.9125937110
-75.9425383537
-77.1221739615
-77.1776236928
-76.4629548585
-76.4549929846
-76.9204130095
-77.0477247786
-77.2297308350
-77.1543432430
-77.0882860619
-76.4925476201
-76.2949902275
-75.5161776873
-76.9312858110
-75.8345063224
-74.9827637414
-74.5481903638
-75.2529638417
-75.8270750310
-75.3879215315
-76.7704884820
-76.2289453729
-75.0061355195
-74.2416562721
-74.9284667681
-74.2533206968
-73.3945787735
-73.8311129680
-73.2453831250
-75.0595757928
-74.6669867072
-74.8279333648
-75.0618620213
-75.5069066274
-76.1174867921
-76.0712591459
-77.7147401094
-76.8522286182
-76.4699616370
-77.6847032097
-77.0620485221
-77.1782973349
-76.7137656648
-76.5258719403
-75.6376046163
-76.6748643456
-76.0557308212
-75.7965890454
-76.4427034685
-76.8269504945
-77.0059622809
-77.5667948208
-76.9342258700
-77.1371110028
-76.9689856590
-77.4865631210
-77.3698064680
-78.1157869013
-77.7858091741
-78.4729792407
-76.8674700646
-76.0800870476
-75.6100675601
-76.6668251074
-76.8457642614
-77.4073614653
-78.0945665097
-78.6536353952
-78.7280712411
-78.2325259536
-78.4387587502
-77.5567614611
-77.0870102292
-76.9880774123
-76.7102352871
-76.1569567482
-76.3218726115
-77.7831669821
-77.7873089077
-78.1818212830
-77.3514830789
-77.4201121318
-77.9447003500
-77.5513844096
-78.0623898993
-77.9146345411
-78.1883581480
-78.0724141871
-78.3862691037
-76.6457796694
-76.3608595885
-76.8279367706
-76.6992345421
-76.6185883372
-74.1902761050
-76.5465237513
-76.6684123423
-76.0242445904
-75.8645168564
-76.7109983104
-75.7384588667
-75.0118114082
-75.3946599602
-76.2073420136
-75.2875187288
-74.2810027497
-73.8608704210
-74.6463771381
-74.3330842259
-75.5509326080
-75.4542023863
-75.5203875125
-75.2963225054
-77.5486357933
-77.9923966556
-77.5868099070
-77.7429416331
-77.4282416633
-78.2158867239
-76.9767291095
-77.7800701290
-78.1485836708
-78.6806840730
-78.0404874623
-78.7814510376
-78.4753419052
-78.7124208457
-78.7529954766
-78.1901136307
-78.5083346245
-77.9281257013
-78.2759085167
-77.5079172898
-78.4227480840
-78.5281058357
-78.5733726162
-76.7833225298
-77.3093279783
-76.8813040515
-76.5058956338
-75.6754822568
-76.5315955722
-78.4341937528
-78.4076508642
-77.8141805904
-77.4821422135
-77.5552207724
-78.3541624415
-77.4979164291
-77.9813982476
-78.5429984760
-78.7803796478
-77.4672578264
-75.8750589236
-76.5934200834
-77.2505073911
-78.2790097979
-77.6583034010
-77.6529368812
-78.7595855835
-78.0041436306
-78.9120072760
-78.4071565961
-76.8497162346
-77.2357259178
-78.8635232991
-78.8522909848
-77.9349765893
-78.4175511939
-78.9417010708
-78.8323799173
-78.6057929431
-78.8833334320
-78.8238522131
-77.3110851098
-77.5306702608
-78.0622126067
-78.2110553034
-78.1697596295
-77.6383109935
-78.4111037363
-78.0111164217
-78.5798827409
-78.4135181574
-78.4347763630
-78.4875799062
-78.0504329029
-79.0074904888
-77.9729703155
-78.2186650915
-77.5438089917
-77.1512071699
-77.5486077396
-77.1719698728
-77.5358587199
-78.2839795815
-77.4223182781
-77.8069517015
-78.0347852847
-77.9863180238
-77.2831842372
-77.7106253849
-78.9282911525
-78.7259108317
-78.9418879626
-78.7801862380
-78.9601130991
-78.0391025429
-77.7407262959
-77.9127983297
-78.4002937108
-78.8997158666
-78.9622101141
-79.0262357308
-77.9776505341
-76.3472117907
-76.1652515965
-77.4656527326
-78.3956053654
-78.3728353302
-77.0982402719
-77.0513300685
-78.5564518626
-78.2344669875
-77.3039625264
-76.9834435667
-78.2262782059
-78.0544884014
-77.1432602469
-77.5555756358
-77.1688474787
-76.6059499654
-77.2046293346
-76.7174499374
-77.3681792712
-78.5908543059
-78.7896504228
-78.7033580780
-77.7576301144
-77.9732456366
-78.1005259581
-78.2391438270
-78.4257904043
-78.5180531499
-78.2081504826
-78.6792342916
-78.8254291254
-78.6300813948
-78.5135985640
-77.6520727448
-77.3133838010
-77.5990118166
-77.6808922533
-76.9599448344
-77.6859565413
-78.2474326719
-78.2570974500
-77.4134211216
-77.1237409718
-78.1620074937
-78.5749478757
-78.6017730827
-78.2617951535
-78.0864361838
-78.5619929469
-78.8214539765
-78.4363554952
-78.7893483162
-78.8096862475
-78.8931820608
-77.9288764829
-77.0346427213
-77.5264894993
-77.9572345373
-78.2342175145
-76.6213806121
-77.8711666836
-77.8250347997
-77.2651960121
-76.5634810548
-76.5514806819
-77.3475143030
-78.0273803160
-78.0858768356
-78.2687577068
-78.7363085427
-78.1121073907
-78.0842399387
-78.5956761164
-78.6887899203
-78.5942025995
-78.7629657318
-78.1077406466
-78.6872886587
-78.8330727029
-78.9629014560
-78.3644804615
-78.2876682328
-78.9909001015
-77.6675697293
-78.1500203701
-78.3785182412
-78.0706383661
-77.7690344223
-78.5305598343
-77.0643630361
-78.8309784106
-77.7312140832
-78.4924072629
-78.4917059394
-78.2664395319
-77.8183348756
-78.3252185719
-78.9220066175
-78.6582378071
-77.7352807356
-77.6535686802
-77.3011272363
-77.7708179621
-77.5806928553
-77.1806592955
-77.0692882988
-77.4980825594
-77.4291131375
-77.1955210058
-77.5519048040
-77.6564176084
-77.3826958795
-78.4952256904
-78.3284157270
-77.9807658398
-78.4175135374
-78.4113237426
-78.2626754042
-78.1321589805
-78.4784608050
-78.8052452649
-78.1216968192
-78.1653688771
-77.8674985668
-78.3641511100
-77.1178134664
-77.1495806262
-78.0068435102
-78.5682376372
-78.3986354969
-77.6698714013
-78.3007606253
-78.4688959706
-78.2193575471
-78.4792784750
-78.1155939434
-77.9597227720
-77.9655901875
-77.6397605213
-77.7705854773
-76.7024444353
-77.4903327895
-77.7683370704
-78.7786682996
-78.4037530519
-77.5911587952
-77.8288236602
-77.7170342770
-77.6605168575
-77.1619219847
-78.5047955744
-78.8247905678
-77.3800359160
-78.6380211343
-77.9653177185
-77.9995279386
-78.5959644909
-78.5899398783
-78.1485792619
-77.3379018999
-76.2134117277
-77.1946886867
-77.0894894641
-75.4906407212
-76.4015231542
-76.5770049182
-77.0346789687
-76.8211045310
-76.7933519852
-76.2845303297
-76.2747223554
-76.2758266708
-77.0572903134
-77.5500302830
-78.3017365823
-78.8739488914
-78.0027697807
-78.5701038019
-78.4733218773
-78.7148644341
-78.6305394709
-78.1210775156
-78.4762008736
-79.0211758905
-78.5055082523
-78.2895119672
-78.4770808824
-77.6784392615
-77.1209188722
-77.3172169490
-77.3263429597
-78.1485620285
-77.9126842339
-75.9957318740
-77.3904812263
-77.2744185691
-78.4175160816
-78.7464414998
-77.6612619255
-77.5603720104
-78.3974346151
-78.2486373312
-78.1117541921
-76.4019956977
-76.0536322757
-77.9616017393
-76.4969173306
-73.8006266584
-75.4147440101
-74.5252779412
-75.7850509592
-76.3827281629
-76.3602509853
-75.8253738244
-76.0733014252
-76.4582486196
-76.3932175664
-77.0802658373
-76.8687207891
-76.9495065263
-77.3209047817
-76.1251740820
-75.9391848033
-76.3481126507
-74.9925644974
-76.5204738076
-76.4175762319
-76.6201858897
-76.8964820880
-77.3783876421
-78.1181104026
-78.5126179489
-77.8641080992
-76.6025987942
-78.4450568430
-78.7125422354
-76.8693377409
-76.9261469412
-76.1520053816
-77.4662125331
-77.3332274494
-78.1424970042
-78.4923359740
-78.0238491113
-78.5746194726
-78.9595825988
-78.7042012956
-78.3785843584
-77.9829373485
-78.4706246077
-78.2800340253
-77.9782195789
-77.2074947744
-78.9377814152
-77.8292009880
-78.9430043903
-77.5651222085
-78.7086437642
-78.8209420334
-78.3023151775
-77.9546380732
-78.4788132708
-77.5592166606
-77.6213631426
-78.2913432744
-77.6464228372
-77.4091691997
-76.7713541797
-77.7212371587
-78.4814755395
-78.5656552277
-77.4706144988
-76.3302019863
-76.6736994728
-75.4399213772
-77.9034590052
-77.2933968490
-77.8601674593
-77.5316257356
-76.7059745902
-76.8661525336
-78.3231472605
-78.6787781335
-78.5492990509
-78.0010317693
-78.7233609015
-78.5190912833
-77.8381570220
-78.3528625323
-78.4850527997
-78.3953910508
-78.7394082035
-78.5445402960
-78.3351181728
-78.0872660604
-78.7162562281
-78.4896828405
-78.4655802445
-77.5142663043
-78.2717122218
-77.6997271512
-78.3506175051
-77.6173414762
-78.2342903911
-77.9382689568
-78.0570232745
-78.3815082543
-77.9165364756
-77.8205761190
-78.3605250796
-78.1769561913
-78.0080635896
-77.8854716501
-78.0942149346
-78.2638725634
-76.8965255538
-76.7569265837
-76.9430244340
-76.9792115731
-76.9842342524
-77.7607191872
-77.3040900955
-78.5479668076
-78.2830666623
-78.2403013577
-78.5481669852
-78.5669037928
-78.7821549917
-77.7343906029
-77.7646934973
-77.6513362971
-77.6314145843
-76.9576295894
-78.4925606058
-78.6552657591
-78.4297892522
-77.0378438169
-77.9149060149
-77.4112825932
-78.6467926426
-78.5141015500
-78.3377176437
-78.3160988926
-78.1622614188
-78.3443696459
-78.0290074963
-77.9877379912
-77.7382123101
-77.3225184176
-77.0751638471
-76.2282274232
-76.0247350594
-76.3841718945
-77.0937997537
-78.3608135798
-78.4644603244
-78.8265174459
-77.9638197102
-77.0717065857
-77.0054062066
-76.7783364392
-77.8048638582
-78.4154254202
-76.9461885053
-76.8100383266
-76.4859823441
-75.6010125745
-76.1951997091
-74.6580899627
-76.2573602674
-78.1014209131
-75.6013636959
-75.7638647580
-76.3237804326
-76.9079399688
-77.5693608644
-77.6100742484
-77.2228185123
-77.9636388148
-78.0134149868
-77.6301979882
-76.1825873313
-76.2610887768
-75.5708530752
-76.6705528650
-76.2663344720
-76.7985199406
-76.4086479668
-77.4316786224
-77.8464871138
-78.6814388716
-77.9269587335
-77.0654016221
-77.0065372161
-77.4354936801
-78.6194403742
-77.0500094573
-77.4208884169
-77.0800372205
-76.0679111505
-75.9517650978
-77.6578793805
-78.2465449077
-77.9096683583
-78.7829946043
-78.4713847569
-78.2860870266
-78.9049595353
-78.2837403807
-78.2167996502
-78.3225130919
-76.1889331096
-76.7084032919
-77.1344343044
-75.8817087798
-77.9563282713
-77.2633582078
-77.9059285741
-77.2538506908
-76.4964301189
-74.5609004301
-74.6096440934
-74.6876575436
-77.0194646997
-78.0476325438
-77.8560677359
-78.9141477084
-78.8552054291
-79.0006460113
-78.2766732293
-78.7061730266
-78.4083119621
-78.2814840844
-77.3409409268
-78.5065480365
-78.8948101445
-79.0459191916
-78.7065777533
-78.0203301109
-78.5110439222
-78.6950979505
-78.9675237701
-77.2104238922
-78.0839225512
-78.6719414379
-78.6297332331
-78.9012648056
-78.7851019877
-78.4087760317
-78.7080895716
-78.1655530354
-78.3086681986
-78.6596825624
-78.8810502678
-78.9647566651
-78.8709657089
-78.8408815168
-78.1985313729
-78.2039482837
-78.6062906332
-77.7623537983
-77.0741564187
-77.3753686084
-78.1473503596
-78.3677051385
-78.0040751180
-78.8639682004
-77.2975380777
-78.1291418978
-78.3783428901
-78.6538667690
-77.8464065140
-78.2241350396
-77.9640713479
-78.8893521169
-77.9238170069
-78.1017029082
-77.2442997537
-77.7085600546
-77.4776802430
-76.9718495328
-77.8396741164
-77.6275151398
-77.8350922436
-76.0410576027
-76.9733973009
-76.9446687915
-77.6813795640
-75.9350488304
-77.3220943466
-77.3516453851
-77.6129230741
-78.2143173557
-77.9135741830
-77.7449790333
-78.3423319515
-78.5113712663
-78.1367451501
-78.5700619328
-77.8571917851
-78.4690380425
-78.3234165959
-78.3503474618
-78.4256923557
-77.1385110240
-78.1655155514
-78.9236622745
-77.8318677211
-77.9637159424
-78.2069596175
-77.4806559939
-77.0734336657
-78.3801893453
-78.7179342205
-78.1704913355
-77.6966066648
-78.9202261794
-78.8844474400
-78.4259780692
-78.2152121241
-78.5811291770
-78.0153266451
-78.3107248247
-78.0868986848
-77.8121704723
-78.1195542498
-78.5134806096
-78.3959381216
-78.8407117555
-77.2095288696
-77.1797225880
-77.3787992877
-77.7419631905
-77.8099664513
-76.6257369934
-77.3594934859
-76.6397597366
-76.4662919598
-77.7617818658
-78.4385165053
-76.5776009266
-76.8159471575
-76.5580958272
-75.8665118205
-74.4381286141
-73.2256322984
-72.9207239596
-72.2995527151
-73.1459550451
-75.1045552791
-74.7664854745
-75.9000918423
-75.2630212536
-75.7618553383
-76.2817920739
-76.3834595667
-76.6958337050
-76.0444310159
-77.6525407238
-77.9157318473
-78.8715522606
-78.6099977770
-77.8337921408
-77.3188330077
-78.7832725566
-78.6773358841
-76.6462612504
-76.7033560032
-75.6350048930
-77.0652647911
-78.6779394464
-78.7676755938
-77.9154546910
-77.9380403128
-77.5067462504
-77.4538159698
-78.0515365016
-76.4364449028
-77.8575945517
-77.3357904587
-78.7453930732
-78.8054987683
-78.2967121574
-78.4475180136
-78.6632560593
-78.9082892500
-78.6888978651
-78.6200780600
-78.0839762883
-77.6520850408
-76.9344872708
-78.0063493061
-78.1277779263
-78.3381949389
-77.4653632530
-77.8874346377
-78.2204798998
-78.4247326007
-77.8267558896
-76.2826839261
-76.4424911273
-77.1412700231
-77.1698731050
-76.4129809755
-78.1431022807
