mean_theta1
0.1269329050
0.1191381663
0.1174335533
0.1193194527
0.1241309162
0.1285357890
0.1318723472
0.1350713080
0.1373353639
0.1386272768
0.1438764597
0.1472669816
0.1505162686
0.1525110014
0.1539579932
0.1543871784
0.1542203283
0.1542410719
0.1540861191
0.1543280646
0.1548440204
0.1550897772
0.1562976955
0.1576298489
0.1595162276
0.1612824941
0.1638551473
0.1662161228
0.1690413668
0.1715336380
0.1736965824
0.1767094706
0.1796605121
0.1823385326
0.1859408390
0.1896294509
0.1932283980
0.1965758010
0.1999820467
0.2015204809
0.2029510946
0.2035570740
0.2039598194
0.2047427977
0.2059766970
0.2070479401
0.2083084946
0.2096095329
0.2106152339
0.2117249097
0.2130278453
0.2139495624
0.2152734997
0.2167187455
0.2186481839
0.2202554965
0.2220382577
0.2233649986
0.2245125823
0.2253012147
0.2264778585
0.2275684809
0.2290225228
0.2302650449
0.2314871528
0.2329976994
0.2340249081
0.2353692321
0.2372123806
0.2384068788
0.2387706518
0.2392678990
0.2395920059
0.2397522746
0.2397002440
0.2395421003
0.2392313386
0.2388830340
0.2389318241
0.2387673801
0.2388873559
0.2389030089
0.2385971650
0.2384032321
0.2383528323
0.2380939143
0.2378478709
0.2375641792
0.2372546170
0.2370993970
0.2371676938
0.2372730917
0.2374389746
0.2376329619
0.2377405706
0.2379017831
0.2382456425
0.2387803958
0.2390943441
0.2393514896
0.2396850847
0.2401187581
0.2406522164
0.2410906145
0.2416404048
0.2424200159
0.2429287663
0.2433657122
0.2435940237
0.2438378953
0.2438274084
0.2440433703
0.2444858393
0.2449128479
0.2452992896
0.2455589394
0.2457130013
0.2459909215
0.2462664038
0.2466577124
0.2470358310
0.2473251682
0.2476237222
0.2481235583
0.2486633823
0.2491613022
0.2499271110
0.2506920607
0.2512984500
0.2518219247
0.2522151993
0.2526350959
0.2533521412
0.2539689396
0.2545619207
0.2552574235
0.2560270516
0.2568787768
0.2575916917
0.2584143964
0.2589079836
0.2594224217
0.2600053322
0.2606680096
0.2614553959
0.2622163253
0.2631576018
0.2638583798
0.2643006987
0.2647316355
0.2649415028
0.2653600881
0.2656322471
0.2658407095
0.2659999713
0.2662720644
0.2667995544
0.2676611280
0.2685972796
0.2696305626
0.2706182890
0.2716295388
0.2725345828
0.2732392809
0.2739568924
0.2749419407
0.2760132438
0.2771961738
0.2782823426
0.2794837615
0.2809257435
0.2823464463
0.2836991952
0.2851972266
0.2867774940
0.2885332610
0.2903075344
0.2920822342
0.2939049495
0.2958475408
0.2976375485
0.2994026033
0.3010388970
0.3024961762
0.3040877648
0.3056058804
0.3071829635
0.3088658452
0.3107274255
0.3127003180
0.3150860241
0.3172142709
0.3194102617
0.3215908874
0.3238988224
0.3262985762
0.3284459495
0.3308454364
0.3324882216
0.3338781709
0.3356041230
0.3374920716
0.3396019320
0.3418707889
0.3438437217
0.3460254922
0.3482485036
0.3501072185
0.3516382319
0.3531793916
0.3547059811
0.3559724535
0.3572494879
0.3586068065
0.3601401676
0.3617557557
0.3633096715
0.3651987826
0.3673239190
0.3692158351
0.3713562802
0.3738493248
0.3759445057
0.3781509501
0.3803035021
0.3822316111
0.3841326314
0.3863593167
0.3887860334
0.3911074579
0.3935365296
0.3960257378
0.3985416505
0.4010680321
0.4036077312
0.4063070846
0.4088440361
0.4114782635
0.4144619895
0.4174497726
0.4201064718
0.4229500632
0.4259569950
0.4290461737
0.4321370633
0.4351613422
0.4376135854
0.4400880635
0.4422335084
0.4441511065
0.4464817848
0.4488863578
0.4513603030
0.4537745876
0.4562935631
0.4590634982
0.4619036468
0.4645701792
0.4666203631
0.4685633170
0.4704857453
0.4725667173
0.4747835931
0.4770377813
0.4796101916
0.4828566402
0.4861313203
0.4893561843
0.4926084559
0.4957196235
0.4989803818
0.5021877469
0.5050595150
0.5083791887
0.5115596846
0.5147524606
0.5179986546
0.5217879442
0.5255893697
0.5291837172
0.5329538286
0.5363810383
0.5395352180
0.5428618070
0.5457355888
0.5484683016
0.5507970555
0.5527178770
0.5545643392
0.5562594392
0.5584156826
0.5610782048
0.5637798501
0.5660023888
0.5681111308
0.5704176577
0.5730582526
0.5758666249
0.5790533566
0.5826030184
0.5861453863
0.5898156596
0.5938337088
0.5970191816
0.6001877895
0.6026479603
0.6053774454
0.6080401169
0.6102822832
0.6122768976
0.6141369533
0.6160888640
0.6184654929
0.6210338295
0.6238000616
0.6268257210
0.6296812958
0.6322421427
0.6346371040
0.6374949827
0.6405150293
0.6431931870
0.6457613932
0.6481596248
0.6504512588
0.6527720140
0.6549652830
0.6571249115
0.6594221076
0.6622151352
0.6652658498
0.6684902245
0.6718372455
0.6751646629
0.6783043183
0.6818125998
0.6852689861
0.6884172510
0.6919662017
0.6959186727
0.7000494498
0.7040153535
0.7072581442
0.7108195216
0.7143205683
0.7171705824
0.7195300839
0.7221726558
0.7245601700
0.7267953458
0.7295637350
0.7325781261
0.7356717656
0.7383318281
0.7403644057
0.7420539857
0.7438025037
0.7454928625
0.7472786812
0.7488836250
0.7505180022
0.7525726836
0.7548201728
0.7566415954
0.7586562617
0.7605169563
0.7618762643
0.7635026572
0.7652729191
0.7668542323
0.7684529035
0.7702175000
0.7718525745
0.7733135572
0.7749177145
0.7769115441
0.7788062994
0.7809038172
0.7829499803
0.7846018583
0.7862814295
0.7879111539
0.7892859707
0.7904210056
0.7916052161
0.7926632225
0.7936944804
0.7950345768
0.7961880758
0.7975264830
0.7990221615
0.8003705807
0.8016497126
0.8029143635
0.8041182655
0.8053622563
0.8064662711
0.8073594386
0.8081233197
0.8091680329
0.8103170156
0.8116013830
0.8130131110
0.8142010297
0.8155691348
0.8165861293
0.8174809995
0.8183282571
0.8194866509
0.8204000180
0.8212835456
0.8221828291
0.8232624574
0.8241608345
0.8250321378
0.8260258832
0.8272548951
0.8280895848
0.8288912778
0.8295946661
0.8302775265
0.8309621664
0.8316290061
0.8323245748
0.8330036384
0.8338654886
0.8348755457
0.8361407127
0.8371831439
0.8382505169
0.8393539196
0.8403221317
0.8411816408
0.8418820035
0.8426188480
0.8436343948
0.8444940730
0.8455949239
0.8466353652
0.8476453020
0.8487660114
0.8497374193
0.8505769243
0.8518965056
0.8529510949
0.8538730424
0.8548199052
0.8560897418
0.8572924394
0.8584777423
0.8597373384
0.8610193776
0.8622440078
0.8632404747
0.8645163905
0.8657400418
0.8668682728
0.8676091964
0.8682144441
0.8688105480
0.8695205833
0.8701073498
0.8709706307
0.8719637415
0.8727787503
0.8737290832
0.8746597629
0.8756332428
0.8766237173
0.8773939234
0.8780048150
0.8787158815
0.8794435100
0.8804637480
0.8816425410
0.8828433166
0.8839244875
0.8851693046
0.8866475405
0.8881455766
0.8894211465
0.8907614271
0.8922516821
0.8934711987
0.8947160194
0.8959744578
0.8970128995
0.8980118980
0.8989169749
0.8999380860
0.9010686285
0.9020500562
0.9029492624
0.9038786913
0.9046431437
0.9053087661
0.9061218550
0.9074002384
0.9084480420
0.9094344486
0.9104892718
0.9116439579
0.9127564687
0.9139632966
0.9150344941
0.9160854169
0.9172562267
0.9181059990
0.9188722213
0.9198424283
0.9207844410
0.9218705682
0.9228453581
0.9237608922
0.9246505348
0.9254440578
0.9260412601
0.9265306656
0.9269478623
0.9271885355
0.9273251074
0.9279252939
0.9284815284
0.9289681472
0.9293744904
0.9297608887
0.9302278070
0.9306747273
0.9310278365
0.9315079239
0.9321897714
0.9329706950
0.9337329408
0.9346836660
0.9356434591
0.9366313097
0.9373267882
0.9381301002
0.9389104866
0.9395381531
0.9403749511
0.9412577297
0.9422317463
0.9432964720
0.9444356183
0.9449039695
0.9454784383
0.9462002125
0.9470301586
0.9477952140
0.9486552966
0.9496777780
0.9507901256
0.9517171201
0.9526885562
0.9537080125
0.9547630913
0.9556497369
0.9566467244
0.9573116958
0.9577747018
0.9583003937
0.9585272479
0.9586662078
0.9588608088
0.9589419019
0.9591326213
0.9593533298
0.9596095608
0.9597799439
0.9600001542
0.9603643416
0.9606991665
0.9610935213
0.9614607737
0.9618590559
0.9623287940
0.9626313485
0.9629012297
0.9631498460
0.9633041818
0.9634692902
0.9638923190
0.9643010694
0.9647782713
0.9652772256
0.9656619971
0.9659923527
0.9664999057
0.9667302302
0.9671211347
0.9672357263
0.9674157808
0.9677458711
0.9681044442
0.9684938922
0.9687440925
0.9693268170
0.9697590387
0.9700169382
0.9704750257
0.9707812891
0.9709921565
0.9711583320
0.9713513628
0.9715289873
0.9716529391
0.9716379179
0.9717584762
0.9717932681
0.9719261362
0.9717938540
0.9717673572
0.9717795944
0.9717391861
0.9718687649
0.9719689892
0.9721354328
0.9722265809
0.9723262581
0.9724411033
0.9724815299
0.9725829931
0.9727965208
0.9729366051
0.9731794730
0.9735449511
0.9737732245
0.9741294805
0.9744730130
0.9749353042
0.9753660787
0.9757783700
0.9761500098
0.9765089438
0.9768806042
0.9772351450
0.9775778843
0.9781371418
0.9785655957
0.9791329643
0.9796108669
0.9802443333
0.9809892579
0.9818034366
0.9826347079
0.9835989798
0.9845690117
0.9855864332
0.9865604835
0.9876138510
0.9885438583
0.9891956471
0.9895643754
0.9899429304
0.9902489918
0.9906510145
0.9909140213
0.9910770518
0.9912761552
0.9915730130
0.9918843451
0.9920760888
0.9922961895
0.9924585883
0.9926464385
0.9930002085
0.9933533940
0.9936937378
0.9940747069
0.9943912072
0.9947701839
0.9951948984
0.9958185556
0.9963847766
0.9968287472
0.9973216999
0.9976730599
0.9979103603
0.9980722888
0.9982142030
0.9984073316
0.9987104238
0.9990893976
0.9997913338
1.0005152299
1.0013248881
1.0019613968
1.0026500891
1.0032665185
1.0038800581
1.0045733977
1.0054988384
1.0064228033
1.0072510116
1.0079503760
1.0087474207
1.0094415142
1.0101530893
1.0108725424
1.0115596055
1.0121435541
1.0126014496
1.0128886384
1.0133283628
1.0138857324
1.0143987515
1.0148326929
1.0153372244
1.0157485161
1.0162700555
1.0168365940
1.0173309745
1.0178605978
1.0184901474
1.0189531558
1.0194138776
1.0198789059
1.0202855462
1.0207790524
1.0213024646
1.0218567412
1.0223247453
1.0224723138
1.0225390542
1.0225611885
1.0226452971
1.0227137713
1.0227905009
1.0229394869
1.0230012112
1.0230219123
1.0230076325
1.0232180217
1.0234773016
1.0237617955
1.0241197840
1.0245611141
1.0248304628
1.0253053529
1.0255804361
1.0259577833
1.0262878507
1.0266622587
1.0271577371
1.0275852503
1.0280562083
1.0286564242
1.0289828682
1.0293609558
1.0297065191
1.0300150146
1.0306074198
1.0311647775
1.0317996488
1.0324057950
1.0329062493
1.0333640409
1.0337398222
1.0341341605
1.0343230529
1.0347017450
1.0353014121
1.0358123088
1.0360685525
1.0362562283
1.0363711269
1.0365015138
1.0366063206
1.0367839172
1.0368428442
1.0368115368
1.0367747783
1.0366989553
1.0366491299
1.0365788983
1.0367601294
1.0369533846
1.0372095986
1.0373960352
1.0376577457
1.0378541013
1.0380943144
1.0382701675
1.0385030262
1.0387617455
1.0390014468
1.0392514789
1.0397069891
1.0401532805
1.0404054247
1.0405569445
1.0406726984
1.0408526888
1.0410033478
1.0411664673
1.0415987027
1.0420974113
1.0426927524
1.0434552883
1.0440766612
1.0445734144
1.0448686316
1.0452146924
1.0454207730
1.0455049780
1.0456503919
1.0457021975
1.0457814934
1.0459398698
1.0459963614
1.0461835180
1.0464890785
1.0469853449
1.0473658403
1.0476860004
1.0479432652
1.0482975749
1.0488366426
1.0493716668
1.0498188583
1.0503317929
1.0507040179
1.0510500150
1.0512373361
1.0514606630
1.0516483217
1.0517171309
1.0517155812
1.0517383510
1.0518158349
1.0518472355
1.0518720419
1.0517800189
1.0517767180
1.0517560075
1.0517270423
1.0517703533
1.0517826995
1.0516453694
1.0515276519
1.0514484262
1.0513380124
1.0513408454
1.0512423072
1.0511478765
1.0511833435
1.0511865477
1.0512759386
1.0513705863
1.0514075649
1.0513947312
1.0514402295
1.0514336178
1.0515238458
1.0516865760
1.0519022190
1.0522198173
1.0525253897
1.0527933111
1.0531038467
1.0534498449
1.0536189159
1.0538064700
1.0538066218
1.0537335784
1.0537448772
1.0537740540
1.0538560807
1.0540642980
1.0541133073
1.0539617962
1.0538009490
1.0537815477
1.0537688388
1.0537440071
1.0537330015
1.0537096824
1.0536229432
1.0535374960
1.0534697363
1.0534446598
1.0534676069
1.0534984271
1.0535205312
1.0535662364
1.0535931444
1.0536907444
1.0538152147
1.0539786563
1.0542201730
1.0544782307
1.0547763114
1.0549100870
1.0549611253
1.0550238518
1.0551890402
1.0556466349
1.0561401377
1.0566301950
1.0571443011
1.0575503101
1.0580217954
1.0585559284
1.0589584132
1.0594681256
1.0600536762
1.0605487709
1.0608928018
1.0611858403
1.0614148575
1.0615517710
1.0618042686
1.0620852266
1.0624540523
1.0627980867
1.0630410931
1.0632938557
1.0635027396
1.0636461897
1.0638338731
1.0640267060
1.0642860732
1.0644283281
1.0646406847
1.0649358225
1.0649813279
1.0650884275
1.0652459654
1.0655198849
1.0656605920
1.0658408059
1.0660430752
1.0662494149
1.0663888798
1.0665129507
1.0666650611
1.0667933902
1.0669338793
1.0671396725
1.0673372422
1.0674136674
1.0675445360
1.0675738559
1.0677607665
1.0680823792
1.0684483248
1.0689208531
1.0692819050
1.0693938792
1.0693953147
1.0694031360
1.0695354319
1.0697363097
1.0700033596
1.0703628661
1.0707078026
1.0709787079
1.0714296512
1.0718919750
1.0722045922
1.0725240232
1.0729134166
1.0731771202
1.0734977122
1.0738452026
1.0742130561
1.0745636900
1.0748022695
1.0749798220
1.0750376625
1.0750519294
1.0750901678
1.0750517164
1.0750406037
1.0750698356
1.0750243001
1.0749801453
1.0749211839
1.0748767460
1.0749223444
1.0749228005
1.0749192758
1.0749538210
1.0749197610
1.0750472501
1.0751506309
1.0751784612
1.0752742467
1.0753251865
1.0754199474
1.0755548361
1.0757339214
1.0760177511
1.0763414914
1.0765817610
1.0769735063
1.0771856956
1.0774533034
1.0777109586
1.0779488538
1.0781695404
1.0785509299
1.0787755519
1.0789761566
1.0791299039
1.0792893315
1.0794429437
1.0794828815
1.0796050957
1.0795637521
1.0795209821
1.0794368275
1.0794226401
1.0794060777
1.0793583382
1.0793106526
1.0793166594
1.0795793892
1.0799292485
1.0802531133
1.0805287206
1.0807388505
1.0809475286
1.0811613746
1.0814529473
1.0817411706
1.0818584165
1.0820252032
1.0821077024
1.0822197847
1.0823127392
1.0823852154
1.0824987471
1.0825821705
1.0827276266
1.0828713064
1.0829072408
1.0829729368
1.0831011865
1.0831057157
1.0831466423
1.0831919711
1.0832005103
1.0832470804
1.0833588361
1.0834270252
1.0835235301
1.0836354452
1.0836385944
1.0836776172
1.0837890486
1.0838665151
1.0839740598
1.0840629979
1.0841439129
1.0842863550
1.0844280192
1.0845634434
1.0846485914
1.0846133660
1.0846630529
1.0846589009
1.0848497898
1.0850779916
1.0852127339
1.0853567352
1.0854321377
1.0855859152
1.0856637098
1.0856105223
1.0855931210
1.0856588417
1.0856808686
1.0857031752
1.0857807380
1.0858523867
1.0859365805
1.0860033171
1.0861212712
1.0863346192
1.0865189107
1.0867396444
1.0870804703
1.0873342844
1.0876339307
1.0878728319
1.0882419419
1.0887620910
1.0892089133
1.0897609453
1.0901439802
1.0905958298
1.0910473465
1.0915016054
1.0919185696
1.0923159707
1.0925990319
1.0928319461
1.0930177916
1.0930824663
1.0932010812
1.0933101738
1.0935865664
1.0938639359
1.0940810866
1.0943650386
1.0945807724
1.0948513661
1.0951212715
1.0953746870
1.0955541894
1.0956742547
1.0958201048
1.0960135296
1.0961460206
1.0964007138
1.0966219425
1.0968157517
1.0970986721
1.0973390954
1.0975299385
1.0976960460
1.0979802263
1.0982115781
1.0985196763
1.0987937783
1.0990238962
1.0991986887
1.0994595329
1.0995284047
1.0994825954
1.0995346235
1.0996942026
1.0999031377
1.1000564883
1.1002352081
1.1004627157
1.1006548211
1.1008920831
1.1010572312
1.1013033784
1.1016101300
1.1018119671
1.1019922206
1.1022547266
1.1025292325
1.1028332017
1.1030287069
1.1031963731
1.1032258567
1.1031961223
1.1032674675
1.1032977314
1.1033361918
1.1034890189
1.1037785061
1.1039701369
1.1040865829
1.1042756583
1.1045124415
1.1046576281
1.1048613377
1.1050050100
1.1051195521
1.1052679981
1.1053793639
1.1056275583
1.1057588081
1.1058700978
1.1060563360
1.1062150082
1.1063564139
1.1065313776
1.1066723189
1.1068852846
1.1069442417
1.1070292035
1.1070949009
1.1070885095
1.1071741708
1.1072979553
1.1073598031
1.1074116202
1.1074549809
1.1075008657
1.1076245842
1.1077331835
1.1078667066
1.1079666813
1.1081372199
1.1083198693
1.1085005520
1.1086704344
1.1088552850
1.1090654593
1.1093423386
1.1095409125
1.1096714369
1.1097695321
1.1098215829
1.1098982564
1.1099985468
1.1101518430
1.1103490082
1.1105299716
1.1107600140
1.1109823820
1.1111427138
1.1112305562
1.1112133594
1.1112521425
1.1112530813
1.1112154747
1.1111286684
1.1110634426
1.1109879329
1.1109056692
1.1108990576
1.1108616584
1.1108175862
1.1108132872
1.1107562408
1.1106449855
1.1105704872
1.1105201693
1.1104666484
1.1104061075
1.1102612238
1.1101623012
1.1100442474
1.1099524480
1.1099061838
1.1098840502
1.1098387133
1.1097860111
1.1097112483
1.1097075335
1.1096792202
1.1096775030
1.1096677336
1.1096890532
1.1096772669
1.1096094603
1.1096134142
1.1096555326
1.1097514972
1.1098655701
1.1100206798
1.1101803098
1.1103508797
1.1104803389
1.1106406172
1.1108630769
1.1111272508
1.1114032750
1.1116754452
1.1117814979
1.1118562910
1.1120188677
1.1121385701
1.1122423717
1.1124091879
1.1125316289
1.1127818267
1.1130417535
1.1132983404
1.1134591372
1.1135564561
1.1136323534
1.1137624274
1.1138786902
1.1140247828
1.1142722625
1.1144962882
1.1147523932
1.1150031627
1.1152002776
1.1154266921
1.1156713338
1.1160196889
1.1162696954
1.1164816554
1.1166840317
1.1168608441
1.1170367755
1.1172119047
1.1173668197
1.1175436029
1.1176569219
1.1177737838
1.1179082420
1.1180153638
1.1180996194
1.1180488966
1.1179906711
1.1179232785
1.1179653731
1.1180845656
1.1181986489
1.1183005858
1.1184156515
1.1185938579
1.1187543768
1.1188934169
1.1189523785
1.1190343215
1.1191096527
1.1191997844
1.1192631430
1.1193751354
1.1194972506
1.1196557745
1.1197977717
1.1198647463
1.1199009076
1.1199450107
1.1199322600
1.1199107711
1.1200392514
1.1201979944
1.1203454847
1.1204496641
1.1205925434
1.1207386988
1.1208494872
1.1211266495
1.1214717436
1.1217436800
1.1219250343
1.1222013974
1.1224303384
1.1225940424
1.1226449738
1.1228399707
1.1230638687
1.1232801330
1.1233987504
1.1235068517
1.1235781208
1.1235861945
1.1235630815
1.1235003909
1.1234836196
1.1234249321
1.1233893525
1.1232921185
1.1232014319
1.1230697322
1.1229776195
1.1229442780
1.1228501269
1.1227937570
1.1227605453
1.1227498140
1.1227677717
1.1229163818
1.1230074284
1.1231538239
1.1232657307
1.1234762743
1.1237181823
1.1239626063
1.1241953275
1.1244774775
1.1247266419
1.1249918633
1.1253230741
1.1255190268
1.1257255807
1.1259574042
1.1261718331
1.1263452022
1.1265120400
1.1266906754
1.1268020537
1.1269044180
1.1271093517
1.1272647314
1.1274489498
1.1276329762
1.1278307449
1.1279636783
1.1280952656
1.1281122389
1.1282232292
1.1284365035
1.1287004175
1.1290725673
1.1294952619
1.1299081056
1.1302681008
1.1305291739
1.1308955082
1.1312125686
1.1315354937
1.1317664099
1.1319295272
1.1321944168
1.1324296793
1.1326981535
1.1328660248
1.1330096549
1.1331865421
1.1333098538
1.1334714651
1.1336165397
1.1337684688
1.1338601823
1.1340351816
1.1342266179
1.1343530227
1.1344783698
1.1346671354
1.1348938258
1.1350917008
1.1352306561
1.1354272285
1.1355631402
1.1357244306
1.1358897368
1.1361147505
1.1363678833
1.1365716590
1.1366697709
1.1368047446
1.1368501509
1.1369219095
1.1369258550
1.1368996927
1.1368124696
1.1367352048
1.1365984472
1.1365090463
1.1364158228
1.1362930186
1.1361685508
1.1360640863
1.1359933342
1.1359157929
1.1358666970
1.1358283919
1.1358750886
1.1359179395
1.1358911165
1.1359131045
1.1359566542
1.1359545148
1.1359338281
1.1359747598
1.1360180189
1.1360777174
1.1361114337
1.1361632264
1.1362129934
1.1362131896
1.1361940081
1.1362502879
1.1362998333
1.1363079888
1.1363258541
1.1364294198
1.1365685746
1.1367328494
1.1368435567
1.1369645589
1.1370819628
1.1372398831
1.1373895162
1.1375547586
1.1376201478
1.1377099610
1.1377871601
1.1378284145
1.1378584881
1.1379185938
1.1379272086
1.1379276275
1.1380190155
1.1380768244
1.1380942693
1.1382021375
1.1382889187
1.1383773986
1.1385536731
1.1386990486
1.1389396237
1.1392393498
1.1395305769
1.1397947541
1.1400267627
1.1402219163
1.1402725986
1.1403102508
1.1403204699
1.1403868835
1.1405209145
1.1406065762
1.1407322832
1.1408689992
1.1410170717
1.1410128957
1.1410431087
1.1410961564
1.1411441765
1.1411455460
1.1411445732
1.1411132707
1.1411348985
1.1410945083
1.1411385929
1.1411934615
1.1412827791
1.1414194703
1.1415926403
1.1417338037
1.1418482044
1.1419508985
1.1420357798
1.1420178369
1.1419682380
1.1419908192
1.1419598435
1.1419616729
1.1418975761
1.1419200435
1.1419239707
1.1418897977
1.1419641411
1.1420185960
1.1420432813
1.1420354996
1.1420718722
1.1420832583
1.1421272201
1.1421797688
1.1421983273
1.1422688435
1.1423699485
1.1425491011
1.1427640713
1.1429338330
1.1431769685
1.1434138227
1.1436690735
1.1439854364
1.1443704646
1.1447263884
1.1451317487
1.1455340600
1.1459160788
1.1461856036
1.1464613121
1.1466922593
1.1469102943
1.1472229866
1.1475381781
1.1477745909
1.1479923787
1.1481482783
1.1482135193
1.1483141942
1.1484528484
1.1486327189
1.1488994760
1.1491794073
1.1494290339
1.1495718863
1.1496762270
1.1498303493
1.1499300061
1.1500694560
1.1501910381
1.1503046714
1.1503432207
1.1503586874
1.1503470096
1.1503456265
1.1503954808
1.1504849876
1.1505411566
1.1505943186
1.1506799160
1.1507390321
1.1508645181
1.1510792955
1.1512360959
1.1514105523
1.1515000331
1.1515835815
1.1515746275
1.1516261268
1.1516165986
1.1516032482
1.1517010357
1.1518071890
1.1518538640
1.1519253787
1.1520444333
1.1521763401
1.1523573139
1.1525046360
1.1526490616
1.1528202351
1.1529893170
1.1532050537
1.1534032069
1.1536360695
1.1537346572
1.1538650002
1.1539216262
1.1539125905
1.1539322219
1.1539919222
1.1540193448
1.1540330213
1.1539867247
1.1538782405
1.1538041885
1.1537463804
1.1537724084
1.1538177596
1.1538498020
1.1538355513
1.1537799295
1.1537720924
1.1538209340
1.1538798754
1.1538871367
1.1539095531
1.1539270600
1.1539310014
1.1539641851
1.1540724000
1.1541426388
1.1541981192
1.1541881098
1.1542221889
1.1542928633
1.1544313008
1.1545753032
1.1546832542
1.1548031115
1.1549033999
1.1550069298
1.1551049188
1.1551597249
1.1551867917
1.1552420963
1.1553765148
1.1554445470
1.1554570626
1.1554638119
1.1554630332
1.1555171609
1.1555269787
1.1555459805
1.1555907113
1.1556299741
1.1557113928
1.1557684261
1.1558050599
1.1558292593
1.1558208454
1.1558858535
1.1559122982
1.1559454122
1.1559814619
1.1559739429
1.1560066405
1.1560575659
1.1562033494
1.1563168011
1.1562462846
1.1561750309
1.1560995667
1.1560611892
1.1560338979
1.1560041016
1.1559337637
1.1558498343
1.1557420463
1.1556487881
1.1555934946
1.1555561047
1.1555712063
1.1555678356
1.1555666679
1.1554926477
1.1553624976
1.1552343447
1.1551425109
1.1550481666
1.1549668248
1.1549191760
1.1549269142
1.1549470041
1.1549400441
1.1549697727
1.1549788863
1.1549921089
1.1549963286
1.1550142301
1.1551172111
1.1552328108
1.1553616451
1.1554655493
1.1555749218
1.1556712684
1.1557887185
1.1558458837
1.1558881206
1.1559410744
1.1559127476
1.1559381186
1.1559295387
1.1559058369
1.1558905563
1.1559135927
1.1559050490
1.1559862980
1.1559960498
1.1559890526
1.1559422814
1.1559100425
1.1558713085
1.1558208051
1.1557736979
1.1557117018
1.1556391762
1.1555423540
1.1555187449
1.1555074118
1.1554955063
1.1555262995
1.1555993691
1.1556305145
1.1556222318
1.1556326626
1.1556630986
1.1557344014
1.1558572382
1.1558978892
1.1558943220
1.1558591974
1.1558983297
1.1558883946
1.1559310138
1.1559283329
1.1559315703
1.1559464170
1.1559438253
1.1559224607
1.1559049712
1.1558689187
1.1558118484
1.1557424216
1.1557174945
1.1556884540
1.1556168227
1.1555082675
1.1554273155
1.1553508308
1.1552503867
1.1552011986
1.1551433826
1.1550430462
1.1549199760
1.1548129510
1.1546989292
1.1545546375
1.1544167476
1.1542610269
1.1541492847
1.1540416099
1.1539341053
1.1538561857
1.1538090899
1.1537707521
1.1537304089
1.1537352603
1.1537393276
1.1537118878
1.1536915794
1.1536422907
1.1536351304
1.1536673813
1.1537103179
1.1537498249
1.1538162002
1.1539546575
1.1540580795
1.1541686013
1.1542234036
1.1542777380
1.1542961977
1.1542842047
1.1542554462
1.1542656993
1.1542703436
1.1542480369
1.1542828719
1.1542802799
1.1543830008
1.1544749123
1.1545533596
1.1546229127
1.1546120432
1.1546311510
1.1545950484
1.1546368775
1.1546951182
1.1548333904
1.1549116492
1.1549738675
1.1550575826
1.1550339951
1.1549980479
1.1549470958
1.1548716889
1.1548066878
1.1548056973
1.1547906100
1.1547872100
1.1547649561
1.1547410816
1.1547383058
1.1547288496
1.1547732421
1.1549129580
1.1550764497
1.1552080336
1.1553437258
1.1554804652
1.1555473601
1.1555728999
1.1555600995
1.1555726237
1.1556439040
1.1557564327
1.1558495819
1.1559197866
1.1559397876
1.1559387771
1.1559199281
1.1559250351
1.1559284058
1.1558875439
1.1558437281
1.1557849865
1.1557007297
1.1556756656
1.1556889614
1.1557192982
1.1557375306
1.1557597558
1.1557840884
1.1558420204
1.1558806469
1.1559654502
1.1560365845
1.1561729405
1.1563526773
1.1565361809
1.1566001971
1.1566640101
1.1567728817
1.1568285792
1.1568685196
1.1569174704
1.1569653538
1.1570208926
1.1570827530
1.1571702667
1.1572182412
1.1572561514
1.1572950874
1.1573440836
1.1574076699
1.1575178057
1.1576575138
1.1577774311
1.1579293797
1.1580595406
1.1581549379
1.1581990706
1.1582577831
1.1583094751
1.1583691209
1.1583797855
1.1583874013
1.1583976540
1.1583607070
1.1583439862
1.1583785900
1.1584535153
1.1584577304
1.1583736604
1.1583270636
1.1583241659
1.1583403498
1.1583206953
1.1582900422
1.1583566297
1.1583695453
1.1584417758
1.1584782098
1.1585495736
1.1586535329
1.1587120973
1.1587694541
1.1587816489
1.1588302080
1.1588942719
1.1590178260
1.1590965579
1.1591954781
1.1593211328
1.1594651680
1.1596423760
1.1598377524
1.1599678222
1.1601148666
1.1602841812
1.1603675144
1.1604716172
1.1605749052
1.1606342021
1.1606945610
1.1608087387
1.1608898671
1.1609934251
1.1611375378
1.1612412486
1.1613829034
1.1615171174
1.1615210342
1.1614924924
1.1614582525
1.1615130085
1.1616318147
1.1617431068
1.1618879657
1.1620257914
1.1622029927
1.1623824669
1.1625055612
1.1626075053
1.1626671207
1.1627539674
1.1628245655
1.1628198956
1.1628370639
1.1628509109
1.1628997671
1.1629635065
1.1630226260
1.1631234312
1.1631844964
1.1632752924
1.1633631001
1.1634243505
1.1634521831
1.1634864255
1.1634881058
1.1635023157
1.1635469679
1.1635994742
1.1636268369
1.1636244545
1.1636319355
1.1636650074
1.1636388827
1.1636263581
1.1636508638
1.1636130235
1.1635823573
1.1635545349
1.1635271648
1.1635533589
1.1635900277
1.1636468908
1.1636625193
1.1636773440
1.1636851329
1.1637502661
1.1638262560
1.1639554190
1.1640678435
1.1641791696
1.1642779839
1.1643900219
1.1644321254
1.1644783856
1.1645922813
1.1646464474
1.1647053982
1.1647260253
1.1647376091
1.1647487161
1.1647783869
1.1647726437
1.1647655858
1.1647577281
1.1647807237
1.1648588244
1.1648816941
1.1649569851
1.1650607505
1.1651817643
1.1653196428
1.1654110910
1.1654723704
1.1655225714
1.1656421478
1.1657351097
1.1658559544
1.1659849963
1.1661699196
1.1663928736
1.1665542477
1.1667259060
1.1668578496
1.1669594348
1.1670554475
1.1670479869
1.1670621795
1.1670556504
1.1670586683
1.1670881191
1.1670745233
1.1670778453
1.1671181087
1.1671589198
1.1671728932
1.1672192724
1.1672824627
1.1673302087
1.1673688323
1.1674541673
1.1674911446
1.1675574881
1.1676620656
1.1677942036
1.1679164038
1.1680456929
1.1681914248
1.1682964341
1.1683664410
1.1685267301
1.1686096635
1.1686487517
1.1687376227
1.1687858322
1.1688361088
1.1688607051
1.1689046356
1.1689641364
1.1690115286
1.1690576232
1.1690416401
1.1690138999
1.1689970972
1.1689837012
1.1689678652
1.1689660113
1.1690314253
1.1690586452
1.1690329606
1.1690319043
1.1690400509
1.1690627372
1.1690880358
1.1691364125
1.1691774469
1.1692396473
1.1692824548
1.1693425742
1.1693375090
1.1694592154
1.1695525503
1.1695817302
1.1696239240
1.1696420023
1.1696602955
1.1696270766
1.1696279926
1.1696457075
1.1696702115
1.1696899074
1.1697483281
1.1697678661
1.1698578964
1.1699285717
1.1699821522
1.1700518400
1.1701268554
1.1703023816
1.1704926749
1.1706601802
1.1708250948
1.1709583493
1.1710432148
1.1711487434
1.1712364648
1.1713475050
1.1714307583
1.1714854191
1.1715194303
1.1715724620
1.1716780967
1.1717848378
1.1719175621
1.1720343320
1.1721310952
1.1722599717
1.1723920523
1.1725162238
1.1726826387
1.1728993126
1.1731250171
1.1733441150
1.1735635034
1.1738671519
1.1740572818
1.1742727081
1.1744537470
1.1746696631
1.1748704850
1.1750953587
1.1752849742
1.1754430763
1.1756529388
1.1758304035
1.1759409272
1.1760420538
1.1760722090
1.1761551886
1.1762206470
1.1762391793
1.1762660121
1.1763239466
1.1764086251
1.1764797829
1.1765522384
1.1765891821
1.1766476269
1.1767139930
1.1767153917
1.1766962469
1.1766825891
1.1766849714
1.1766600221
1.1765862445
1.1765551901
1.1765664305
1.1765663429
1.1766014505
1.1765864657
1.1766033549
1.1766721539
1.1768019631
1.1769519109
1.1771398511
1.1773347313
1.1774984433
1.1777162673
1.1779512774
1.1781598090
1.1783665360
1.1785265988
1.1787249794
1.1789080262
1.1791159765
1.1792922008
1.1794669309
1.1796156015
1.1797841249
1.1799799853
1.1801504202
1.1803403999
1.1805200317
1.1807060046
1.1808506943
1.1809899879
1.1810491215
1.1810835588
1.1811040867
1.1811868538
1.1812925470
1.1814306224
1.1815652098
1.1816804761
1.1817517297
1.1817747156
1.1818476587
1.1819504996
1.1819964284
1.1820323836
1.1820744136
1.1821159512
1.1821282370
1.1821408784
1.1821588512
1.1821849748
1.1822471564
1.1822755063
1.1823152848
1.1823211713
1.1823200361
1.1823800724
1.1824644944
1.1825826339
1.1826691747
1.1827420720
1.1828404509
1.1829649623
1.1830315177
1.1831205844
1.1831964679
1.1832817974
1.1833078674
1.1832767213
1.1832873811
1.1832811811
1.1832630786
1.1832269456
1.1832631099
1.1832719738
1.1833245340
1.1833657016
1.1834538009
1.1835647539
1.1837441239
1.1839463955
1.1840624006
1.1841743658
1.1843173779
1.1844725648
1.1846340280
1.1847339015
1.1848068124
1.1848393378
1.1848583281
1.1848734907
1.1848968039
1.1849160733
1.1849359477
1.1849276062
1.1849470387
1.1849493174
1.1849726076
1.1850698013
1.1851943489
1.1852754491
1.1853253291
1.1853372922
1.1853750346
1.1854008973
1.1854106418
1.1854374540
1.1854975875
1.1856031535
1.1856212087
1.1856375405
1.1857117719
1.1857397505
1.1857786089
1.1858215739
1.1858218645
1.1858169666
1.1857984031
1.1857791675
1.1857869907
1.1857823542
1.1857317554
1.1856804266
1.1856239004
1.1855899273
1.1855394903
1.1855245612
1.1855037842
1.1855075476
1.1855279338
1.1856005207
1.1856300387
1.1856707655
1.1856977563
1.1857779000
1.1857853592
1.1857892599
1.1857979987
1.1858355121
1.1858431197
1.1858928528
1.1858899575
1.1858462675
1.1859132589
1.1859831356
1.1860531511
1.1860697910
1.1860633057
1.1860634114
1.1861484494
1.1862101953
1.1862421621
1.1863148101
1.1863927236
1.1864799383
1.1866010853
1.1867364554
1.1868521373
1.1869595402
1.1870992504
1.1872010424
1.1872506986
1.1873034418
1.1873335896
1.1874108805
1.1874730721
1.1875313108
1.1875945499
1.1876353133
1.1876401508
1.1876016218
1.1875545493
1.1875021312
1.1874327978
1.1873262353
1.1872532438
1.1872416832
1.1871696242
1.1871094808
1.1870560249
1.1870240455
1.1869964624
1.1869968729
1.1869683100
1.1869570396
1.1869598652
1.1869267479
1.1868625648
1.1868083467
1.1867363591
1.1866982081
1.1866630255
1.1866143561
1.1865601536
1.1865243892
1.1865007929
1.1865458830
1.1866072861
1.1866818500
1.1867841443
1.1868306232
1.1868999235
1.1870310221
1.1871926409
1.1872838435
1.1873677645
1.1874043399
1.1874197324
1.1874682423
1.1875633710
1.1876491419
1.1877619605
1.1878829911
1.1879744627
1.1880241146
1.1880726936
1.1881627293
1.1883790963
1.1885612026
1.1887310869
1.1888759495
1.1890300320
1.1890813384
1.1891751819
1.1893311640
1.1895369512
1.1896641192
1.1898973137
1.1901275126
1.1902678646
1.1903953262
1.1905278542
1.1905954315
1.1906715116
1.1907356922
1.1907729633
1.1908498589
1.1909273118
1.1909731147
1.1910131280
1.1910807677
1.1911631401
1.1912179669
1.1912939124
1.1914234533
1.1915143884
1.1916152969
1.1916756529
1.1917923723
1.1918631659
1.1919334455
1.1919885674
1.1920519784
1.1920791328
1.1920767997
1.1921249929
1.1921249821
1.1921331364
1.1921466933
1.1922064395
1.1922844002
1.1923441726
1.1924244167
1.1924801568
1.1925607680
1.1926220583
1.1927116104
1.1927589911
1.1928589331
1.1929276579
1.1929802377
1.1930280087
1.1931118653
1.1932255235
1.1932982356
1.1933365059
1.1933662654
1.1934632972
1.1935688791
1.1937087885
1.1937667713
1.1938363422
1.1938804478
1.1939060584
1.1939459643
1.1939246585
1.1939066412
1.1939066387
1.1939030770
1.1939592371
1.1939776689
1.1940020960
1.1940359958
1.1941023991
1.1942779204
1.1944542137
1.1945823051
1.1947380709
1.1948522186
1.1949536984
1.1950204377
1.1950625319
1.1951127381
1.1951770082
1.1952234897
1.1952651028
1.1953249149
1.1954214484
1.1955209170
1.1955713746
1.1956487631
1.1957120406
1.1957830073
1.1958454329
1.1958814161
1.1959546355
1.1960582299
1.1961574883
1.1962754024
1.1963824494
1.1964822280
1.1965569616
1.1966260214
1.1966500164
1.1966730969
1.1967079501
1.1967440515
1.1967780619
1.1967990453
1.1968259906
1.1968875547
1.1969409114
1.1970451214
1.1971721768
1.1972634248
1.1973372812
1.1974458605
1.1975322159
1.1976316093
1.1977433507
1.1978600892
1.1979727259
1.1980710417
1.1982093394
1.1983238319
1.1984463192
1.1986582952
1.1988535300
1.1990374598
1.1992017813
1.1994913482
1.1998070609
1.2001073587
1.2004114844
1.2006872222
1.2009118461
1.2011333031
1.2013151703
1.2014723131
1.2015604345
1.2016141008
1.2016434008
1.2016770930
1.2017246692
1.2017764929
1.2018421928
1.2018828459
1.2019921226
1.2021201694
1.2022398813
1.2023350893
1.2024195642
1.2025184637
1.2026330199
1.2027675879
1.2028920694
1.2029457028
1.2029817476
1.2030324032
1.2031250962
1.2032044182
1.2032837472
1.2033389708
1.2033652713
1.2033757757
1.2033730967
1.2033891527
1.2034100561
1.2034436450
1.2034565230
1.2035008792
1.2035525810
1.2036325338
1.2036971296
1.2037732207
1.2038677858
1.2039624195
1.2040622786
1.2042001073
1.2043105797
1.2044298010
1.2045575210
1.2046571888
1.2047671615
1.2048905270
1.2050440961
1.2052130775
1.2053095092
1.2054184238
1.2055445860
1.2056659190
