sampled_beta
17.7527060827
21.3565234591
21.7286144985
21.9067186679
17.3442106114
22.4776492460
23.0112970815
18.5801116486
16.3384899447
18.3299883865
24.5484267932
18.2781188593
21.3705765891
23.8857865038
24.0265565901
29.4667935760
29.0239011651
23.9034249975
22.1330303393
17.5881197132
18.3173976803
27.3368334015
26.6872891052
24.9415581934
26.0971979857
19.9188260536
20.1954557659
24.1938600294
18.1736218134
22.7286194374
26.5557795545
18.8678791582
21.1119307061
18.9040467897
16.4291446228
14.2480465906
19.6436152340
17.5293735972
23.2217418934
23.5770196665
21.1546061143
12.9881549566
15.7904529732
12.7734702746
21.6820990627
21.8723075126
24.2819812260
27.8790445120
26.2567712900
23.2008923219
24.2062502239
19.9443139872
22.3015499513
22.5884849488
24.3202331441
16.3417604262
22.2347738329
20.9829226584
21.6249803369
24.0783620168
20.4996436305
27.0525691189
25.3063336739
27.4724185505
28.7552062317
22.6695538524
25.1214358831
23.3697890052
19.2395779769
25.2446454467
27.5440387280
