beta
1.4238288942
1.4072069511
1.4094741576
1.4198887454
1.4343912751
1.4397693062
1.4407366621
1.4446398879
1.4432564179
1.4396722868
1.4686530946
1.4615884877
1.4643848938
1.4587242797
1.4560172579
1.4481880915
1.4415143259
1.4450771133
1.4426430805
1.4501665999
1.4555143620
1.4549568640
1.4812670635
1.4989758694
1.5158736842
1.5164851911
1.5424550636
1.5429339835
1.5506103172
1.5508489842
1.5439079103
1.5740464531
1.5719786574
1.5767413696
1.6015426931
1.5988420060
1.5942626800
1.5952015284
1.5942056902
1.5511340530
1.5505841414
1.5362136711
1.5342054953
1.5492087266
1.5740046247
1.5571822222
1.5579563501
1.5638670479
1.5615283846
1.5571798156
1.5885055396
1.5744234587
1.5946675911
1.6115048738
1.6389013680
1.6210651022
1.6506605768
1.6562349916
1.6482219661
1.6176851600
1.6492769096
1.6800257441
1.6958381900
1.6943615725
1.6922349770
1.7298166984
1.7201580430
1.7899994584
1.8452011333
1.7818868227
1.6881231597
1.7147097853
1.7111438913
1.6669474050
1.6596574579
1.6359511731
1.6201693108
1.5900697410
1.6147031662
1.5997038452
1.6102173111
1.6044304956
1.5740002988
1.5888089474
1.6028203355
1.5881817902
1.5864251900
1.5661353825
1.5575822363
1.5721800243
1.5976032051
1.6122760670
1.6175500762
1.6245047746
1.6159243206
1.6132383819
1.6199699957
1.6454595223
1.6105194442
1.6119551438
1.6093880850
1.6371862816
1.6478118720
1.6453609386
1.6555217596
1.6800299794
1.6377549292
1.6237899669
1.5911779367
1.6071762506
1.5657375984
1.5787330980
1.5945610220
1.5879493077
1.5898800991
1.5928134809
1.5809229723
1.6097324843
1.6149733930
1.6175083026
1.6146397784
1.5834145495
1.5889394281
1.6073389927
1.6194242369
1.6101341464
1.6608966199
1.6792830557
1.6477238245
1.6412131037
1.6362643680
1.6369503157
1.6733108766
1.6316330567
1.6468912105
1.6774430626
1.6913179635
1.7225917822
1.7149980437
1.7582540476
1.6921344702
1.7163252120
1.7166623192
1.7655965270
1.7905914165
1.7764777852
1.7916919982
1.7247620307
1.7268725072
1.7485782600
1.6815248666
1.7211985900
1.6837712745
1.6693870985
1.6655388896
1.6870284373
1.7544238222
1.8195130601
1.8384658929
1.8534554664
1.8619767025
1.8929216734
1.8347314813
1.8105697464
1.7839590240
1.8704206682
1.8827018476
1.9143252424
1.8831737515
1.9284330695
2.0024852371
2.0211691154
2.0906182000
2.1460809578
2.1403940788
2.1786959088
2.2169707258
2.3064039152
2.4140620863
2.4623977818
2.3590569314
2.4773255522
2.5407370861
2.5595907392
2.7639154158
2.7383887740
2.7778476167
2.9601831958
3.1225227849
3.3172806326
3.8421558623
3.7731342125
3.8803821115
4.2303819340
4.4728665873
4.5845778113
4.4141691702
4.9225040880
4.3224715027
4.0118355160
4.7109714478
5.5350184129
5.8809742955
6.1189275405
5.8706093467
6.5069229583
6.1929718550
5.3637873064
4.8560040718
5.0034287318
5.0598331208
4.6483073899
4.6834110890
5.0026523283
5.5977026093
5.7629894870
5.6934541572
6.5879477094
7.5011296626
6.6992536741
7.6350706054
9.0983167580
7.9447587965
8.2790597131
8.1709845159
7.5201118274
7.6662343945
9.2092562350
10.3216305880
10.2057154667
10.8031657565
11.3178991506
11.8203018108
12.0194479702
12.2360297191
13.2656259400
12.3921796403
13.1263276648
14.5977059583
15.3867340145
13.1491174434
13.9913863797
14.6730311861
16.3381328823
16.9497606880
16.7721752396
13.4115764576
13.5835995997
11.6168885855
10.2699506536
13.0856701244
13.7131844006
14.3711231661
14.0155196716
14.9693272927
17.0695724495
17.8285321354
16.6148361622
12.1214360216
11.4482522545
11.4166905319
12.7007160740
13.8154290419
14.2250159431
16.6714732461
21.0590184046
22.6657097051
22.6876980973
23.0654149529
22.1443311658
22.9258970517
22.5442235915
19.9235062461
22.8093196784
21.9209368973
22.4250133970
24.1408114705
27.9276251725
27.0931795985
25.6654883536
28.6587724567
25.7667896636
24.2803734400
25.1980164481
22.7027412746
22.0026673271
18.4774143786
15.0727714656
14.6640211245
13.5598607959
17.4633347962
21.7283872372
22.7783402445
18.6296295712
17.7377550789
19.6125743661
22.8314173446
24.4503169637
26.2679186222
28.8989460081
29.2193899305
29.6756280600
30.5491403825
26.2503688166
26.7973960829
20.8635564918
23.3831881039
21.8843241112
19.0348172252
17.2930632816
16.4312401064
17.2745752938
20.2001246431
20.7984979959
21.8951118877
22.5951022884
22.5442922047
21.3445401076
20.0882925329
24.2348373441
25.7419512259
24.1105223095
24.7284828543
24.1968075428
22.6598006405
23.7714661749
23.2304252332
22.7223217082
24.4962853040
28.3209722940
29.9595407374
30.5066427149
32.2092284975
31.0241895036
30.3359840931
32.7496328067
32.5120078266
29.9182111247
32.1727441386
33.8462570110
32.5023136429
31.5208455708
29.3146803834
33.7458339019
34.1341895309
29.4043117668
25.9804923096
28.9551594408
27.9127535738
26.8024286385
30.3770785617
31.2813519302
32.4652431333
30.4508733495
25.2927202065
21.0777435756
20.9532699929
20.4192697427
22.0820949330
21.3108163795
22.2013690713
26.2501692847
28.1143307722
23.6962457317
25.7915908481
25.2415032601
19.9911070474
22.8473603556
24.4873000198
22.7188153591
23.0103230662
24.7922266017
23.3958408671
21.4123095587
23.3326120205
27.2423943229
26.1625650908
27.8350666441
27.8740640155
23.2169848800
23.5731012596
23.4101639969
21.6321418037
18.9356314183
19.5803978416
18.1626992821
17.9182994294
21.0689651991
19.1424084321
21.0006183941
22.2465303087
21.1521622114
20.7248060584
20.5945391091
19.8974788400
20.4486337801
19.3280663447
16.9897522824
15.4780529479
18.9896627903
20.3432390037
22.0565467817
23.0749375241
20.7997925592
22.8791672908
18.9627943264
17.5047233993
17.0219951033
20.7465935837
17.7970130453
17.4874403776
17.9172993291
20.2581998131
17.9492967984
17.6148609914
19.1608735077
22.0944945620
17.4237163511
17.0035259469
15.8382077368
15.6256573460
15.6768213713
15.5039533635
15.8750274197
15.7254818891
17.9667970429
19.5887397774
23.4671487413
20.5851519208
21.0998333935
21.6172836832
19.9510592608
18.5543350427
16.4755850029
16.9022411825
20.7415140919
18.4585025884
21.6960896160
21.2787234728
20.7033110860
22.1696971879
20.2325856555
18.6444107680
24.3978353222
21.9045896259
19.9886919329
20.4958901459
24.7504475237
24.0453036578
23.8403221854
23.9487525426
24.9051018765
24.2247794400
21.2943240358
24.8473538961
23.9348811062
23.1573497608
18.3268606970
16.4842089485
16.3876125462
18.0512924216
16.3247566783
20.0971394093
22.0225893150
18.7089433370
19.9632877522
19.8689882166
20.4527601611
21.5756778881
19.0262649923
16.9947754378
18.3382301221
18.7883173348
22.3913153502
24.6423208581
24.5047528969
23.1429214207
25.2832632587
27.0780959972
28.0131413739
26.4642499164
27.0755857601
28.5789257112
25.9361052708
25.7962230689
26.6502142099
24.0112091486
23.7375281435
22.2923752026
23.9165903958
25.4631852928
23.6038127897
22.0102069027
22.7522257817
20.5970257907
19.1525011923
21.2747809273
27.7513566966
24.5345665852
23.6270652108
23.1737279713
24.4078567627
23.2418304315
25.0147954238
25.0391082529
23.2746030910
24.7812948826
20.5526427567
20.7716391287
24.0563951024
23.7547199859
26.1896236358
24.3518700314
23.4245135505
23.1966624204
21.5623310962
19.0365748543
17.4858102785
16.4007644938
13.6667272255
12.1602270737
19.0386202645
17.9511392075
17.3536149490
16.2642246230
16.0489306195
17.4151977648
17.1201962974
15.6365206608
17.6261938184
20.4687771041
22.0964622062
22.1381474015
24.7709687998
24.7040654172
25.0611378715
21.2540215599
23.2578386797
22.6145916700
20.2307320501
23.8809359134
24.1576160375
25.7886766896
26.8704967838
27.9759438014
17.9447924444
19.4543768002
21.1172480789
22.7392359802
21.9923417332
22.0305984831
24.5512539967
25.9150568674
24.5548704693
23.7888189222
24.7103265330
26.3632860339
24.9405982384
26.9707963830
21.5949206582
18.4596282961
19.6544076672
14.6796929227
13.2948575468
14.1968863193
12.4042452126
14.1561284563
14.6604950911
15.2446212407
13.8568111953
14.6903576191
17.1734134384
16.6890283093
17.7733853903
17.3047014484
17.7927564178
18.3739240880
15.8446561664
15.5550980250
15.1900697164
13.7454844750
13.9356670940
18.0718707063
18.0967923261
19.5066989312
19.9533493032
17.8999543856
16.8014366271
19.3905030825
15.1432688168
17.8517972220
13.2470504365
14.3391771141
16.8038418332
17.0565239481
17.9281437828
15.6239126940
21.4191625857
18.5333454250
15.8156398469
19.1940908571
16.5268637157
15.0543129666
14.1331693407
14.7602652771
14.5000874568
13.5440255628
11.2198424043
13.5120323905
12.1033851601
13.7528599097
9.4716700649
10.9938947461
11.5811506420
10.8000705914
13.7122140421
13.1561037877
14.3532217899
13.0583364795
13.2188877832
13.4668103977
12.1272292644
13.2674919803
15.2880725393
13.9630061807
15.4582632969
18.1390781992
15.5957769681
18.0961568687
17.7678809296
20.0157453049
19.5657644830
19.3049865942
18.4782403780
18.3046260650
18.4856465337
18.1785354176
17.7522877563
21.9933408166
18.9099809276
21.6447084171
20.8049614424
23.7978512942
25.0749196461
26.5823249050
26.2213513672
28.7702922829
28.8300541918
29.1585814187
27.7715352861
27.7873274888
25.2083025405
21.8903521637
19.0827101456
19.2664659774
17.2714914384
19.3128693263
16.7953873179
15.0665270775
15.7344920124
17.7149405240
17.9811440471
15.6075203422
15.9972535895
14.6759585664
15.1091656923
18.2607203677
19.0197480056
18.5237853962
19.1463362828
18.3378590375
19.7006367039
20.6760357894
24.4154143490
23.3119580932
20.3628473031
21.2131497238
19.0619948957
16.8765660375
15.3473227750
14.9596664465
16.0040727816
18.0740983804
19.7140351805
25.8136359823
26.5698698004
27.9171076294
23.0265788185
24.7631538827
23.2251448758
23.3549468027
24.8458757590
29.2142031484
29.2289509031
27.7781049291
25.9814722983
27.8153559303
24.4627766073
24.3690927004
25.2606070632
22.4278247969
22.7968600101
20.7750102690
16.9710405826
17.2398393252
18.0828751424
17.0771511602
16.1132632862
17.3560898663
17.4520435250
19.9464799185
21.1987280511
20.8540284753
21.7483570131
23.9844533397
21.9615343093
21.0333088225
21.3307393354
20.3390457962
21.0564810009
21.8045956814
22.8661854977
22.3293263192
15.9738881170
14.1436366472
13.3089050698
14.3929253660
14.2272952890
14.4545299769
16.0051722531
14.1829767194
13.2755410783
12.5048949208
17.4569248242
18.5894508636
19.1184563263
20.8206527672
22.6617580597
18.6996109781
22.2708797015
18.5463871451
20.9935569043
20.0848672474
21.0812011506
23.4964392273
21.5313305695
23.1658214959
25.7941443947
19.7249594009
21.4503517758
20.6604579142
19.9785764267
25.6230395880
25.2933470981
26.9122027607
26.3824078061
23.9445311037
21.8919505845
21.4349067946
21.7854009368
17.4866932074
21.9118233279
25.4677201556
24.3990871819
19.0108799192
17.3870942891
15.8429152372
16.2067151631
15.5852749564
17.2705764504
14.5827615527
12.5988745626
12.3990057283
11.7142089699
12.2347794587
11.7616462879
16.8988892483
17.1403715121
18.6177993302
17.0099250444
18.1792868703
16.8775736941
17.4884827918
17.0443170910
18.6334691845
19.4646157674
18.9014928618
18.5324245397
23.1802512185
23.6737169575
19.2302160701
16.9440608222
16.0759511871
17.6122156715
16.8546904706
16.9924629171
20.8378495343
22.5327393061
24.1013638404
28.5747661331
26.5950911372
24.6674468159
20.5731050844
21.4004860762
17.9621268870
14.9586140405
16.1027788794
14.5290013424
15.3564827084
17.3654480564
14.8504386602
18.1129640615
20.7893118860
25.4800302161
22.5203310683
21.2718577982
19.7486752283
22.1263645666
25.5243618093
25.8539635784
23.4236529460
24.5757776884
22.8823184616
22.1129821175
17.8912253812
18.6908729523
17.7142490732
15.1353992642
13.4090326075
13.9666628726
15.0591059678
14.1914397494
14.1508978342
11.6230769830
13.5997690669
13.1233973971
12.9047996071
14.2251456106
13.7681416342
10.6626170145
11.0541163633
11.8905940236
11.1899496180
13.7693600894
11.3775117757
11.4813869127
13.9083004853
13.3695078248
15.0648723766
15.2325966316
14.1201797650
12.8980227658
14.2777652535
13.3663298899
14.9917770292
16.6524742117
17.3643874472
19.8253995874
20.0102380193
19.6186557241
18.8607584183
19.0433709607
15.2100219632
15.2166553544
11.9905755458
10.9852604890
11.9888876366
12.5350577270
13.5305920028
16.1318588957
13.6193423851
10.3103867054
10.1112694764
13.2514717487
13.3645039224
12.9500673860
13.4497873495
13.0881861561
11.6940546620
11.7044581693
12.1069255940
13.0737643340
14.3163252532
14.5044983646
14.3087822855
14.9337178410
14.4503373580
16.2774952365
17.0662334677
18.1232036373
19.7274985293
19.8085260354
20.7991658219
17.2597232423
15.1238691039
15.4442610581
18.2788143018
25.8200529527
26.2816944723
25.5691588625
27.2316204542
24.4141286407
26.3554251435
27.3023932777
24.7030830207
26.7498685908
27.6722637629
26.0330702805
23.2290231085
22.0638226503
19.7368850972
17.4216542781
20.6961961357
21.8309154087
24.0509714457
23.5224044797
20.6929254315
21.0514096412
19.8878349058
18.0122711274
19.3030884838
19.3609170779
21.2542663789
18.0062615929
19.7874677943
22.0541289441
15.3162573777
17.0457514836
18.3855985261
21.8756767972
18.0581461018
19.1828203424
19.5177738830
19.2783717556
17.4262623984
17.5412597287
18.1286747109
17.5162352728
18.1216410738
19.8827400068
19.7852075009
16.2959069936
17.8140512845
14.9754363688
19.1830970804
22.9189640693
24.3093790729
26.5251357863
24.3819682410
17.4113574856
14.2431143546
14.0011128723
16.8833393512
18.7610356719
20.9752861967
24.4383924242
23.1980167102
20.1582268652
23.9788932980
24.4090024305
22.9884435234
23.4393336710
25.2429912233
21.7981773943
23.2298287996
23.4356157806
23.5894956333
22.2366904399
19.5662585938
18.4622365286
15.6718216112
14.5024384314
14.8831918475
13.0921068267
13.5747347511
14.8211551375
12.9283162937
12.9684387328
12.7146491447
13.1122509795
15.6410437980
14.3780729680
14.2720086340
15.3761233231
13.4083327151
18.0223879423
17.2508480054
15.1113603816
17.0533493293
15.7808302646
17.1158124262
18.1166649346
19.5330418237
22.9089099555
24.0369350723
21.6675740716
24.8210705968
20.6909785605
22.3064851020
22.1023512062
21.1747522143
20.5283935700
25.1670274513
20.7138703403
19.7481541880
18.9978592102
19.2798593691
18.4390436580
14.8426144986
17.1571053671
12.9063788161
13.2392389632
12.0238573030
13.7085413886
13.8415133681
13.1302078907
13.1319747898
14.6861558481
22.4763993893
24.5771398134
23.9334957400
22.8942042157
20.9539951943
21.0138982353
20.6090429116
22.6809132628
22.8013311038
18.2267960435
19.4742656111
16.8609527082
17.7641502458
17.2587743585
16.7717282135
18.1085201351
17.1933621706
19.0065890779
19.0426127716
15.6950304907
16.6574557266
18.5686083088
14.7419937582
15.8856495481
16.0223572508
14.8585004577
16.0666789674
18.1813470669
16.7322537275
17.6471574920
18.1193579515
14.7296441756
15.8202010306
17.9514661656
17.0110710733
18.0774525386
17.4713469653
17.2262596571
19.2525774581
19.0256505043
18.6868055826
17.1627762006
13.5771236814
16.2247587608
14.5023943107
20.8075281960
20.9561681119
18.3725513697
19.1502103669
17.0195484498
19.5455065594
17.0639707798
12.9629807668
14.1218649549
16.8123516981
15.3640397041
15.1823101200
17.0959006453
16.9410281189
17.3067979179
16.8225431312
18.4098476193
21.0192934610
20.6212604808
21.7368687309
24.4605374921
22.2816157602
24.0510987239
22.0947336595
24.4454041982
29.2582805869
27.5165884491
30.7481343374
26.6218244708
28.3747535377
28.2050702897
27.9168204363
26.6803618224
25.3562036016
22.1797278352
20.3581281399
20.2052875006
16.6003085589
18.8510740005
18.5937172989
24.0039984520
23.8910725916
22.0334159724
24.0884479167
21.8710744463
23.3103257782
22.5628967486
22.5664352715
20.7903817988
18.9489666538
19.9071047422
21.4177881660
18.8815520793
23.0898941278
22.4373313340
21.6700847290
24.3507142480
23.1594685723
21.4841202186
20.5564718517
23.5225142225
22.0414120266
24.0503778411
22.3337611218
22.1304403915
20.0292736116
21.6996283311
16.9489276527
13.5705462517
16.6180045127
20.3745417548
22.3633810961
20.3696523946
21.3273092221
22.9990108345
21.7696216821
23.1842800668
20.6258792116
23.4412444320
24.6498873861
21.5866338250
20.4073231747
23.9725382420
24.6153482313
24.7856302664
21.1742907720
20.9107905380
16.0986046343
14.1990522435
17.6318648583
16.2572169989
16.5546212115
20.5595664001
24.3436490494
21.8104591589
19.1330630198
21.6650452220
23.0745925215
20.3094546175
22.2134839471
19.8437632619
19.0950815531
20.3320415598
19.2714803026
23.7040995161
19.9355250817
19.2664320562
21.7143206728
20.5958749330
20.3549671929
21.1103292228
20.0452428019
22.4378965745
17.0849414497
17.6511575307
17.0920116562
15.0246627962
17.8012062179
19.1173829547
17.5521403679
17.1724949530
16.7991796206
16.9102401272
19.7474012490
19.1526319862
20.1809510716
18.7451293041
21.5139803080
21.9790636367
21.9318276983
21.2386143974
21.9270526344
23.0225126760
24.5589446524
21.7788531552
19.9083205441
18.3265805923
16.5958501672
17.8206053300
18.3475290422
19.5812954651
19.0770441369
19.6181292179
21.7329475084
21.8145776881
20.6237009168
18.7089412427
14.8088605150
16.8763726938
15.3207917630
13.9251217634
12.4328765088
13.0458559948
12.7772443080
12.5771547652
15.1371829729
14.0184113075
13.7273961812
14.6802320284
13.2488214650
11.6122730344
12.3953949958
13.0586248565
13.1087571356
13.1641500503
10.5382302954
11.9262621592
11.3643641098
12.1917587879
13.6520765368
14.5339778747
13.7635043210
13.5181250179
12.6530567314
15.2519782150
14.3678404747
15.3355115802
15.0438226390
16.1892346638
14.9698736451
12.9015915901
15.5489490856
16.7704076391
18.5841426628
19.7444559979
20.1458776474
20.8562068614
21.4151079536
19.4179861673
20.6439265496
22.4431099065
25.1183504484
25.4303790257
25.5649085488
19.5782505561
18.3255634248
21.3358844213
20.0870487130
19.2461739217
21.8541838942
20.2354803444
24.8745136738
24.9498986090
24.0387294036
21.6369625487
19.2951591263
18.4720280322
20.6204676278
20.0531138130
20.9936176080
24.5478375493
23.8538792895
24.7103255083
25.1010440554
22.7114670398
24.0441697717
24.7086781240
28.1921289576
23.8373855073
23.5294299440
23.3248068544
22.4919930462
22.1642303696
21.9858995762
21.6301756461
22.5800209551
20.0854611676
20.0998889312
20.6055699890
19.0919227020
18.3811258932
13.7130708798
13.4602903808
13.0521967728
17.1449377055
19.5163704346
19.8654047491
19.6127241454
19.9122723350
22.4463076004
21.6511158517
20.5087948880
17.6676366385
18.4499004214
18.6702129909
19.2208697120
18.0790309509
20.0409553461
20.5041656821
22.0974927185
21.1219385318
18.3578112448
17.1624609846
17.4897404327
15.2040714838
14.8685927812
20.5495397057
22.0785397852
21.0581420215
19.7518553136
21.3625211902
21.2532899426
20.0486920897
25.8926749828
27.0816425192
26.3034777688
22.5242933396
26.2946287616
24.5843358183
22.3179470296
17.7945029911
23.1645203831
24.4714389193
24.0392411304
20.6355911102
20.1904337705
18.7606759978
16.1211674413
14.8044654613
13.3698702232
15.0147949141
13.5066496350
14.3989590339
11.9393215071
12.2051558881
10.7000958940
12.1442388328
14.4648611966
12.1235819323
13.4993089516
14.4629727381
15.3601629910
16.3749526651
21.0981791397
18.3019506531
20.5032663058
19.3735454754
23.2422141574
24.4587273544
25.6112955713
24.9571739462
26.6965386069
25.3330703305
25.8818502752
27.9508204992
23.8197555679
23.4760536692
23.4719282124
23.6269811707
22.3535926439
22.1414064540
22.7500986290
20.3131754691
19.5592721693
24.4240079286
22.2660206340
23.0855671967
23.4239201402
23.6613101665
20.8353619737
21.4390848259
16.6732537953
20.5379163028
22.8327693627
24.2056106507
29.1612089807
30.7581758708
29.6773585183
28.7039150804
25.8406324166
28.0762027993
27.1313044442
27.5456480930
24.3036709502
23.0112122435
25.8736910077
25.8174869980
26.7825881060
22.8098199966
21.9284229135
23.3343172965
21.3959321150
22.9174087002
22.1055648857
22.0502535415
20.1407257816
23.5770789939
24.1765250433
21.1338950106
21.5908756510
24.0200156908
24.5450168500
23.8621863043
21.5793846145
24.2474167175
21.6497786059
22.2053942154
22.3548677136
24.3290422182
24.2820623098
22.5178158801
20.1677219046
21.4228770039
17.8684752047
18.8005277146
16.3867084823
15.1023754946
12.6154241230
12.9868371725
10.6383055717
12.3877567306
12.3592892565
11.1840462620
11.1719996294
11.8532146288
13.2271772074
12.9087311036
14.0534936217
14.5202175693
18.1577905677
18.1060174384
15.0146344138
17.1697900066
18.1427304354
16.0911413338
15.2645737191
18.0010827115
18.0570966072
18.7916249169
17.5291318883
17.9806188602
17.2864387379
16.0313722016
15.2960656116
18.4595687060
18.0309043099
16.0904482767
16.7224563880
19.6966767702
20.9895531786
22.4403132063
20.9681854137
21.6912911065
21.1002470334
21.8362472559
22.0677803321
23.0933033239
18.8526103628
19.9330749807
19.7759796674
18.0909610049
17.5579473114
18.9817969459
16.6327711435
16.2742044721
20.3262760153
18.9164714790
17.0530442063
20.6812662716
20.1312375426
20.1674786974
24.0695057619
22.1373928270
24.7360519460
25.7219369333
26.9013774466
26.5930862930
26.3174395421
24.7172469465
18.6661773412
17.8906241390
16.6850422641
19.3097629493
22.4184475281
20.2360435884
21.9563547574
22.3136793208
23.1073192068
15.9445825871
17.6529340367
18.5775306242
18.2342816760
16.1742203589
16.1437568558
14.8900513433
16.9629427285
14.4168652809
17.6050431525
18.0091173465
19.6410048159
20.7553658003
24.0670763553
22.9102931181
21.7342239289
21.0744736353
20.0162307993
15.5533248215
14.1219899250
17.2912799234
14.9553755186
16.2431502672
13.3885748982
17.1025687248
16.5525593019
14.8132345151
19.5206809620
18.7152207884
17.5468964446
16.0133811594
17.9228891492
16.8524116625
18.4743978062
18.5676092042
17.1757689999
19.5970954838
21.1233995864
22.5369215968
25.9213460781
23.1596882488
25.4556271592
23.3728384635
24.0270824964
27.3483287846
31.1268607702
30.2270176219
31.2294996506
30.8669995029
29.9260294441
27.2814441257
28.3877939460
26.8302208261
25.1087447022
28.6048914377
27.8521163318
26.8387061739
25.9002957090
23.0605013515
19.5317149127
21.4277722919
23.0838976333
23.9666814578
26.9561847420
26.4430309932
27.3874417127
22.8760533308
21.5618401401
23.4704669844
21.4502890068
22.9649920576
22.4611173576
21.8150824888
18.3568790209
17.3105523681
16.0293138630
16.1910721537
18.2329988361
19.6247788360
17.7372694891
17.7296093042
19.6695571848
19.2428188836
22.7049611799
25.7547341708
23.9818466099
24.3791494316
20.8787808407
20.6851463140
16.2258693270
19.1978345664
16.2073611059
16.0122751925
19.7220803096
21.0978441642
18.3479075265
20.2357823627
22.5364067399
22.8538240106
24.6816483283
23.3209691355
23.6450385718
24.5319873187
23.7083341590
26.6994123643
25.4834604888
26.3161624535
20.7517418183
21.4547107637
18.0855764178
15.5279747173
16.0898918497
18.1980456526
16.4829027182
16.0967332345
14.3652215713
11.7079311328
13.1629632986
13.7871538674
17.7493435971
18.4811213616
18.1334067314
15.8890482992
14.0463459866
16.0903103802
18.6143763113
19.0811334945
17.0807263125
17.8345468662
17.6038074177
16.9327937197
18.4168238750
22.0152729138
20.1076835378
19.2860882306
16.1255134498
18.1957306197
20.0204409616
23.4357267840
22.9595946291
21.7395574988
22.7207248051
21.8287199861
21.6866225386
21.2084214375
19.4579940676
17.5834250054
18.7262613163
22.0764870355
19.9791016294
17.4219009825
17.1013300894
16.6687375275
19.5337630983
17.2543657279
17.7563877323
19.0589190017
18.8056171690
20.7123291823
19.5417165060
18.5804420707
17.9367692705
16.3649629067
20.1030071315
18.1492037253
18.4742081435
18.5431224606
16.3970542091
18.2273733977
18.9825239555
22.6143269360
21.5055453065
13.3251969037
13.2587838519
13.0964528145
14.8526042778
15.4210753338
15.2936489313
13.2901074183
12.5834930529
11.5674275844
12.2316393213
14.0033564268
14.8950413367
17.4610828527
16.5050231804
16.7121178284
13.1243271973
10.5568956637
10.5740448476
12.1897345850
12.1230532325
12.7025706628
14.3233877302
16.9496705642
17.3189347289
16.1196407627
18.1779713850
17.1544970750
16.9815144985
16.6568868184
17.6591176089
21.6490876926
21.9499452962
22.9804726018
22.0947548566
22.5208530330
21.2805654254
21.7876498902
19.8485897067
19.0024399554
19.5588934881
15.3211645659
18.0500965708
16.3029135039
15.2986929002
15.7971932562
17.1984282175
15.6809331970
18.9754228957
16.2609643765
15.4663893751
14.0187038078
14.7176631450
14.3133916199
14.0036530749
14.3636009140
13.5990765426
13.0156738789
11.8840085931
15.5238028269
16.0927523895
16.0275201195
18.2171332004
20.5954486102
17.9400128483
16.1698573326
17.1464832653
17.8413611365
19.8550589734
22.3692694173
18.1816191421
16.0537289917
14.7431444098
18.4341304596
16.1916087408
18.2725585692
16.3057064971
16.7319268651
17.3049641992
16.5522469447
15.6367817270
15.8118908727
14.8287577215
13.8213471056
13.1642639992
15.4217251286
14.9512426951
12.9576164137
11.3624280764
12.6111160897
12.8500816494
11.6711751025
14.1948737076
13.7473692546
11.7080693497
10.6772473946
11.3785858283
11.0712092054
9.7510773829
9.9724676490
9.0578712118
11.0472312851
11.3268873767
11.3200590313
12.6451650325
14.0327015429
14.5680299966
14.4660268242
16.9590344367
16.6932924901
15.1390012363
15.6341837366
14.0846299444
16.2545290278
17.9176325374
18.3062406098
17.6831579860
19.4429484606
22.2761366067
20.5373197478
21.3076132759
19.0175088283
19.0913828967
17.6227427558
15.9800889113
15.1868911717
17.0368153199
16.9201112970
15.5328706157
18.6022167485
16.6002785034
22.2053282427
20.7733402203
19.6707909022
18.9885536601
15.9652962768
17.4143680402
14.7793267282
18.9740418647
19.9934811870
24.2106905806
20.8900525788
20.1513880862
20.8317021385
15.4528029940
14.8101249731
14.0181257888
12.7387162581
13.2838448981
16.6991102117
15.9320617612
16.5753584562
15.5341324591
15.4486331622
16.6126935116
16.2231532086
19.1206686989
23.8490611206
25.2478302682
23.5577194797
23.9693152413
22.8313618963
19.4018334335
17.7451349288
15.8998366036
17.0533338191
18.2109138504
21.6455104358
20.8247637159
19.3671451363
17.0559462085
16.4680362460
15.3092426430
15.9985577723
16.1127917418
14.4570475607
14.0770271470
13.1340244151
12.0217127631
14.5971227312
15.9732040985
17.3436343492
16.7724669103
16.9792977483
16.9518970209
19.6639852566
18.8660935584
21.0250952244
20.4278277114
23.5005302271
26.2950860150
25.5161994217
20.1092968106
20.2643341628
22.8856063376
19.8072166597
19.1602478672
19.6019708212
19.6026348663
20.0410211451
20.2030853753
21.6972764411
19.3844429623
18.9683725835
18.7615765034
19.6133598479
20.4397952236
22.9607195304
23.3026735204
22.7091063279
23.9954321039
22.6504629358
20.4185348127
18.5821324773
20.1828565571
19.7972946351
19.9905522208
17.3551939590
17.2169760146
17.4829090635
14.7357114543
15.8960968830
18.8970850357
21.2109093594
17.0208332631
12.2066669158
14.2315911787
16.5956724570
17.8201413827
15.7417081254
15.0825852959
20.7546782038
17.6002380521
21.1241742610
18.9882087094
20.1052367490
21.9638892775
20.3524820657
20.2844282508
17.5624777045
19.6800802995
20.6983390461
23.9841067638
21.4184440041
22.6565954820
24.1148491963
24.1060298169
26.0046204025
27.4062760938
24.0252347780
24.9136410349
25.7123689904
21.6423463475
22.5490960446
22.8232649446
20.3445777416
20.4140930680
23.3844337856
21.3770132309
23.0670617186
24.6894372034
22.6916684757
24.2673208402
23.6013293863
17.1137252472
15.2929874918
14.9451415413
20.0925795294
23.0197884445
22.8863024916
24.8332349113
24.4300883816
25.9924942032
26.4713278962
24.2237320225
22.9411221222
20.6190518143
22.1283047392
21.2704715236
16.7378341228
17.9183768429
17.7808895515
19.8671223225
20.8696972029
20.6197728417
23.0586008931
20.3865111145
20.9629844944
20.6973161620
20.1584486643
18.6966231594
19.0612505567
16.9253997084
17.5534981145
19.7089471108
20.0514723409
18.3362176832
16.6829181105
17.4935357737
18.9194274003
15.4575062866
16.2656677507
18.1373776963
14.7492338030
15.2024783969
15.2913924231
15.3950382942
18.6479633409
19.3050951560
20.4803753072
17.8755570399
17.8848512035
17.5031612915
20.7878679856
21.4806796866
24.5196966824
23.4042127970
23.6186588406
22.9836152751
23.6447307405
19.6091911882
19.5304066430
22.9338521929
19.9365075880
20.2360008412
17.8910867818
17.6685231389
17.7527060827
18.8420781908
16.6458385680
16.5043824376
16.5903296518
18.5088547343
21.7486388057
18.4561487965
21.3565234591
23.2090202219
24.3464540061
25.0847764137
22.6319938456
20.8785425590
20.2414094608
23.7492427736
21.7286144985
23.5573616254
24.3121406094
27.6669030554
28.3617102188
26.0760777834
26.6233878796
24.0163329362
21.9067186679
21.6155494063
16.5945543924
17.9750363062
16.7418924676
17.3386878170
19.0134196154
16.2912072176
17.3442106114
19.6484721235
19.7054296767
18.0408247263
20.0631953185
20.8099514650
20.1323640480
19.6118994198
22.4776492460
19.4125401122
21.0873219493
23.6502299639
24.4224738433
24.2043563939
24.7651873377
25.5005946779
23.0112970815
21.4409538497
25.5502395902
22.3409490991
19.3520775331
22.5405595599
20.1666267706
20.2108209310
18.5801116486
19.8670698891
20.9882830542
20.1818009379
19.7645736611
16.1937583322
15.4635928995
16.1465643446
16.3384899447
16.1307535189
16.8727554801
20.7242258379
18.5954007546
15.5701288720
17.0519383081
17.6058075601
18.3299883865
18.8170033024
20.1579789941
19.6026836712
21.0117207450
19.8644807195
20.8308412716
16.8953648733
24.5484267932
23.0540193515
18.9811089680
19.7612958806
18.2593010119
18.3877656274
15.1224734650
17.0671823299
18.2781188593
18.8089248293
18.4838213681
20.4855285612
18.4599445730
22.7291037670
21.4716528821
20.5764157531
21.3705765891
21.6012190120
27.4235675267
28.0193601599
26.8173306712
25.7821270688
24.6489194389
22.0937497802
23.8857865038
22.6273215038
23.4838337882
22.0569832492
20.3693380989
19.1708431454
19.9933423431
23.7758022627
24.0265565901
24.6007810187
24.5404221776
22.9557684760
24.8535552867
25.4557028581
24.9834227948
27.2001742791
29.4667935760
28.9015339085
29.4964062387
29.4243777772
32.5770314645
27.1221824215
28.7362966847
27.2024573963
29.0239011651
28.1393232005
29.0323678024
27.0376742637
25.2867249573
28.9550986808
27.5179128075
24.1374726861
23.9034249975
19.2278175853
22.6471037970
21.5422482632
18.6752156084
19.2041053783
20.9387519273
22.7213016014
22.1330303393
22.0030106116
19.7585487285
21.1431911022
21.2259655992
17.2731617695
16.1363510447
16.4631165265
17.5881197132
15.7855339628
12.7625480726
15.4035995938
17.8838249039
17.4399633346
19.7834295643
16.4314333553
18.3173976803
21.7650646971
25.3751439887
26.4997830339
27.2754343575
27.3525736050
27.2406823661
29.1278482150
27.3368334015
27.5427170960
26.5681867103
25.2024415115
27.9420324425
27.0465352918
27.9693526334
26.4103957365
26.6872891052
25.1473569694
26.9000743071
28.3276617716
26.9161012205
28.4177591603
26.7174434526
26.9144066359
24.9415581934
23.4829572743
20.3001621322
18.8922582352
18.2429962468
21.8759304574
23.5380637967
26.0211808708
26.0971979857
24.4695579100
21.0554985624
19.1221172154
22.3854710483
23.0402533892
19.8487187032
18.8558947839
19.9188260536
19.8248080990
18.3840937137
18.4721999735
18.7104005480
19.3732940256
21.8278467847
19.5504680032
20.1954557659
17.9510352393
17.5469709378
21.4227215173
22.7560836227
24.2466251815
23.4207006613
21.9858552043
24.1938600294
24.9207758898
22.0566502189
23.5510905212
22.4551323208
22.8402609414
19.3933212708
15.5349006790
18.1736218134
17.2258900384
16.3932160407
15.1980586756
19.2751415608
18.0970680622
21.0997519992
20.4046085932
22.7286194374
23.2352203802
27.5451196987
27.7119866841
24.7442407989
24.0608732892
26.3910057560
26.8822721904
26.5557795545
23.0551735397
22.3715931919
19.9290123953
19.0034816989
18.6233197624
19.3265694248
19.0197863586
18.8678791582
17.1214527932
19.0264287258
17.8609379885
19.3341078594
24.0643607684
25.6732245537
22.7922210342
21.1119307061
18.5423064435
20.2385093044
19.1241623195
18.3607692715
19.2633986652
21.6354875794
24.0239898368
18.9040467897
18.7081191758
22.3824247704
19.5963550381
20.1153098222
20.3277525797
17.7491179457
17.3791678327
16.4291446228
16.3817632852
18.2121742320
17.4013016217
14.2551188877
14.2072247290
13.8251318201
15.3276174763
14.2480465906
16.6524775620
16.2049614317
17.9928654778
19.0776293516
22.4163500577
19.7577473605
20.5091423917
19.6436152340
22.6068901608
18.1057162588
17.8475588589
18.1451856343
19.5816665284
18.2704186456
21.1529439608
17.5293735972
14.6912736980
21.9165115593
21.7993754747
22.5001193851
18.9045810787
17.2771302903
17.7403034369
23.2217418934
21.8294586387
19.7779709520
22.3425520375
22.5278569946
22.8357385257
24.7413336509
24.9099321166
23.5770196665
23.3819570690
25.9310341514
24.4815852252
21.1418293370
21.4904717017
19.6762486589
22.1062397265
21.1546061143
20.7777929544
21.7068101213
20.5558530542
17.7041996608
15.0265772410
14.4446195546
13.9503893536
12.9881549566
10.6306225527
12.7010667564
16.9401703118
12.8049074464
13.5279620539
14.0040642318
15.4302263294
15.7904529732
17.6495811479
15.6941661444
16.9406407338
17.9076147823
15.3880294392
13.2928358177
13.9304842768
12.7734702746
14.9835299239
15.0702451387
14.3105091420
13.9295813882
15.1896295595
16.0460745473
20.9459436020
21.6820990627
21.9839574348
23.6590420221
20.4793679318
22.5750753052
25.5100384029
27.7837438111
23.0507433957
21.8723075126
19.0443496180
18.6428323554
21.0432453642
23.8978201572
23.8116109731
25.4501487877
25.8756442018
24.2819812260
21.1594590152
21.0606955528
23.8636198358
30.2089487111
28.5524138641
28.1753696014
25.4669726733
27.8790445120
20.7711989946
23.8922679019
27.4214051673
29.9255114439
23.2818420287
29.6650224278
29.5785944205
26.2567712900
26.2593107708
26.4533684168
22.7603103887
23.3258442990
22.5673521738
20.4320771615
23.3191042029
23.2008923219
21.0163896656
20.1780393636
22.6017509814
23.8129106278
21.9527549613
23.2822546545
26.4554299439
24.2062502239
25.0032704128
22.3370610391
25.0040773824
22.6220950877
22.9086978734
21.8496017741
22.5447781582
19.9443139872
17.7514471554
21.4110499332
17.8934623284
18.4957688259
18.9429542324
22.2963330976
23.6165497691
22.3015499513
23.7233068876
21.7216064198
23.3991899730
22.3058367854
23.7184948640
20.5683063936
24.1321548742
22.5884849488
21.6146681558
21.1171672642
24.0309897843
24.9900889514
22.8656645763
20.6554088187
20.1553024193
24.3202331441
25.1631988140
27.3032331733
22.2566572158
22.5623701260
20.9562722423
19.3292628120
20.4886892925
16.3417604262
16.4437986523
17.8766084759
17.5787008577
21.6365513847
18.2569989652
19.1254465937
19.7064790616
22.2347738329
27.8925199398
29.2909135961
26.0956035964
28.1837708938
25.8381733424
24.7665505097
22.3333285497
20.9829226584
21.6228776809
22.4064955121
21.3926507126
20.7353726983
22.2846378274
24.7446074203
24.9705537181
21.6249803369
22.6706780845
22.3837776343
23.3154072985
22.1426770140
20.4334349940
23.1023806031
24.6689495530
24.0783620168
26.3234767515
25.7981619907
24.9308477716
22.9177194638
23.2218068096
19.9235310553
19.7457577174
20.4996436305
20.7305789715
20.3595242929
19.5673132483
19.9065802061
22.1300765560
21.7456142956
25.5216157309
27.0525691189
24.8172777481
22.5834212622
24.8634895745
23.5380529145
24.6825980925
25.5823780479
24.9746717734
25.3063336739
23.7952061166
26.2725018258
25.7657174738
26.8403064552
31.3541876067
30.4686969493
29.4505182577
27.4724185505
34.1111462887
34.2680198923
32.9323625608
32.4049561898
31.7059918140
30.7132007529
30.1434289477
28.7552062317
26.5181862254
22.5793761754
20.8029770875
19.3432933702
19.8061195084
20.2697140641
21.5626996757
22.6695538524
21.3557371908
26.1935064479
26.9460698138
25.9566559159
25.3103361615
24.4767684435
24.0315465199
25.1214358831
25.5048671403
26.1072546795
22.2745540126
21.0247667678
21.6847063935
24.6196047113
23.4018427017
23.3697890052
22.0913219787
19.2440036756
18.8869534483
17.7943456927
19.5390494020
19.9213242220
20.6939710767
19.2395779769
21.6277796857
22.2711302773
24.2401838517
23.0918013452
23.6068802001
24.6059670532
24.0731312381
25.2446454467
28.0479230208
26.2533378402
26.2028891828
27.1512527679
25.4138450164
26.3048605071
26.8131772964
27.5440387280
28.7592222968
24.4187399160
25.3015315025
25.8395807913
26.9608879065
