eta1_2
0.3601114689
0.6470132208
0.3304802101
0.8469872226
0.3065222586
0.9373859363
0.1854886161
-0.1155344183
-0.5519841171
-1.3151113479
-1.3665411780
-1.5594561918
-1.7497684377
-3.0288225776
-3.1601884828
-3.4846245133
-3.7114120569
-2.9545675341
-3.5770585540
-3.1118161635
-1.9551799405
-2.2338159655
-2.5898868173
-2.0853370432
-2.1881328021
-1.8731878860
-1.7341529496
-1.2729690109
-0.8216528975
-0.9186168880
-0.8089491292
-0.4628830619
-1.4004046181
-0.2906629027
-0.7655941024
-0.7698055930
-0.4433879464
-0.8440116504
-0.4496935865
-0.4418098454
-0.1040547163
-0.6734360645
-0.7956187517
-0.2617911508
-0.0066783326
-0.5546903857
-0.7776967646
-1.0300020308
-0.7578041963
-0.1086747245
-0.6872842953
-0.3178250233
-0.5014266414
-0.2705259209
0.0017667585
-0.6976013475
-1.0700560208
-1.0951265903
-0.7405605975
-1.0697374320
-0.5854154240
-0.5091773040
-0.6783132312
-1.5558124976
-1.8044089614
-1.8288055070
-2.0418209951
-2.0959050850
-2.5445470532
-2.9850884699
-3.2687383897
-3.5745471805
-3.4010018121
-3.0380471107
-3.0663595742
-3.0213690098
-2.8209473111
-1.8793435779
-2.0340271081
-2.0239431040
-2.0123334907
-1.6352419498
-1.4287513537
-1.4989072527
-1.2234205791
-1.5651335658
-1.7196362484
-1.8233285949
-2.4602990855
-2.0943722160
-1.8621472329
-2.4895026022
-2.7035747518
-2.1853031018
-1.9992608599
-1.5363956347
-1.9578124733
-1.9939893222
-2.7528538034
-1.8310882521
-1.1715964500
-1.2472018521
-1.0338452554
-2.1423027725
-2.3688931890
-2.6542225334
-2.1779595003
-2.2105136383
-1.7535691222
-1.2225866394
-1.2671677095
-1.7616143211
-2.2387938162
-1.5795514935
-2.4915439321
-2.1715687284
-2.1696192080
-2.1092579594
-2.1959810541
-1.7308646745
-1.9860567199
-2.5592509018
-3.0931438672
-4.1429787655
-4.3442757248
-4.6393784099
-4.5816299865
-4.9756506503
-5.4424263581
-5.0437408623
-5.0962880479
-5.2853404294
-5.3898645731
-5.6063448304
-6.2426556996
-5.8803283084
-5.4133574930
-5.6692274027
-6.2170620641
-5.3834745786
-5.4400303138
-5.3191546334
-5.3084969562
-5.6826466478
-4.8902187248
-5.0407797961
-4.7223476769
-5.1634234194
-5.7355882216
-5.9138892935
-6.4591679617
-5.5615663042
-5.9447709379
-5.9624376226
-6.1610777808
-6.5703390293
-6.9214639092
-6.9272818493
-7.8489964671
-8.3541055468
-8.6230642154
-8.4702699647
-9.2243346090
-9.4511183379
-9.2734471565
-9.0862072745
-9.4125381222
-9.6114886949
-10.2783843595
-10.7439045869
-10.2782721085
-9.3585440104
-9.1082039940
-8.6234477078
-8.1921360224
-8.4436789436
-7.9832022264
-7.9947144096
-8.6437567889
-8.0729354715
-8.8473878282
-8.9413612206
-8.4703454084
-7.8843972525
-7.6661128011
-7.4708871497
-7.4896106374
-6.7351379496
-6.1486348016
-5.6134102701
-5.7048579625
-5.8192963059
-5.0607039547
-4.7786868531
-3.9650450462
-3.9455742105
-4.1689797142
-3.8927930293
-4.9523495876
-4.9943476052
-5.9436021097
-6.0334383743
-5.7366190773
-6.8410229741
-7.3430447080
-7.2856769724
-7.3612333585
-6.6023982763
-6.1443343608
-6.6831447925
-6.7477371889
-7.1467691362
-5.8649501389
-5.7314888037
-5.4286732052
-5.7654952066
-5.9243409044
-6.0708988494
-4.7394066233
-4.5961183103
-5.7944029204
-5.4828786271
-5.0930082873
-6.0405612393
-6.3289424199
-6.1420458936
-6.3389267516
-6.6481090343
-6.1717654571
-5.8876374521
-5.4045891289
-5.6288441382
-5.6608787299
-5.3847465069
-5.2527009348
-4.9306712924
-4.6784640079
-4.9448722747
-4.9253918226
-5.0228510339
-4.6594087130
-4.3710260768
-3.9457844000
-4.2868507647
-3.9515799755
-4.4699825293
-4.4043662198
-4.9902009695
-4.5019118201
-4.3098117694
-4.0135323498
-4.2972558292
-3.9359107351
-4.9236145507
-4.2922300182
-3.7946005815
-3.9305308200
-5.0199221005
-5.3666427642
-4.6629228713
-3.7351974309
-4.3490466225
-3.9735204831
-3.6280918062
-4.1946023657
-3.7410262564
-3.9998269658
-4.0377170449
-4.9853552633
-3.2166812515
-3.9144531970
-2.7932460849
-2.8988872459
-3.1122437036
-3.2739786865
-2.8570851899
-2.6472264639
-3.0054812927
-2.4012191281
-1.3333586461
-1.4043552952
-0.8526799295
-1.2395182152
-1.8640997674
-2.5136039432
-2.9401292686
-2.6372842678
-2.4050873347
-2.5962778466
-2.8738698452
-3.1698325781
-3.7763460226
-3.1585696121
-3.7117837500
-3.8087677588
-3.6206700373
-2.8804962191
-3.2847516639
-3.7650541842
-2.6227592885
-3.1706511819
-3.1563771301
-2.7504417506
-2.7875818445
-3.0429076163
-3.2754850823
-3.5794599432
-3.7362984769
-3.5137202341
-3.8253863542
-5.0591689464
-5.2312666811
-5.3892368282
-5.5559991598
-6.0940400323
-5.3967239853
-4.9777342369
-5.2987757770
-5.3557988915
-6.0483272810
-6.7789018352
-6.8628530265
-6.7822904151
-6.8691910180
-6.9360003305
-7.4905397388
-6.8816726359
-6.9214958309
-6.4039725131
-6.1103705244
-5.3040187426
-5.4209767699
-4.8520060719
-5.2426775463
-4.5265973922
-4.9227470863
-4.7989873513
-5.8054652770
-5.6770792977
-5.1066782976
-5.7416923010
-5.1509731334
-4.8474570139
-5.3967745434
-4.8032550712
-5.0631701428
-5.0846183477
-4.7595085554
-4.5591213445
-3.8665601636
-3.6804581946
-3.7383978867
-3.4797526529
-2.9880585931
-1.9676436864
-2.4430863049
-2.6765756809
-2.7040657376
-2.1768059033
-2.8519261512
-2.9399014249
-3.5716633028
-3.6017517407
-3.1886552722
-3.8501225122
-4.2247714604
-4.1073686017
-4.2895197473
-4.6780645093
-5.1047062498
-4.8543705778
-4.7250160886
-4.9719222275
-5.1746535659
-5.7564992646
-5.3443582598
-5.6499073649
-6.1003562021
-5.9775563795
-5.8098725801
-5.9771476623
-5.8771801529
-5.6786465438
-5.8843509869
-5.4531890818
-4.4427901045
-3.9957218009
-3.6969539740
-2.9539459964
-3.3661811139
-3.2524604626
-4.1116635630
-4.2273707106
-4.9739258140
-5.1372117687
-4.5407066508
-4.3137215502
-4.2659410653
-3.6752474521
-3.0716079112
-3.1236893174
-2.8321865387
-3.1766058487
-2.9076921968
-3.1960539675
-4.0526740517
-4.3724181587
-4.8707592365
-4.9870537870
-5.4520150100
-4.3309869229
-4.7235178333
-4.0826972101
-4.8326827881
-4.8428757879
-5.3851671662
-5.0155246592
-4.8406977775
-4.4079500660
-4.7450101052
-4.3256260736
-4.1605005760
-4.4718948943
-3.7190340382
-2.9144805129
-2.2227433042
-2.0100053165
-2.1234377584
-2.0821321000
-2.0914576460
-1.6694453342
-2.0591132803
-2.2707863479
-1.6949635827
-1.7055878316
-1.6232557420
-2.0249121039
-2.9732071351
-3.3914914183
-2.9396198130
-4.0181474989
-4.2149458444
-4.2405586956
-5.3690407262
-5.9854039744
-5.3896520340
-5.3116275369
-5.6434929266
-5.5527342579
-4.9719029323
-4.7606872310
-4.6442085069
-4.4109227036
-4.8434499059
-5.1400923062
-5.2317326780
-5.7708046056
-4.9095847037
-4.5978492706
-4.0400914254
-3.6075387151
-3.8811077596
-4.3494279425
-4.5203482587
-4.1898049757
-4.2387010280
-5.9033183014
-6.1050471669
-6.4867588847
-6.1784501799
-5.9811716284
-6.2594434067
-5.9402657844
-6.8020205676
-6.8859579487
-5.8347341934
-6.0669590920
-6.1165267034
-5.2083875932
-4.9451616568
-4.9543240033
-5.1264425675
-5.5401854412
-5.7549929382
-5.3609944272
-4.9072238647
-5.3302211533
-5.1581653688
-5.4451592775
-5.4688997176
-6.5229835534
-7.2222354374
-8.4228080319
-8.8726180494
-9.9754138439
-10.2642693615
-10.1676339308
-10.2742748726
-10.7583682162
-11.1463726015
-10.4591312571
-11.5381349341
-12.7283802958
-12.0641195610
-12.2901509578
-12.3889074864
-12.7093490953
-12.8503318967
-13.5225220673
-13.1943490025
-12.9503433598
-12.9313404637
-13.6399489831
-12.6991025587
-12.4911714510
-12.3067674700
-12.1836023437
-12.2434423463
-11.7880522238
-11.6663771057
-12.5183766497
-12.8009284585
-13.0266858548
-12.6244281889
-11.8660128276
-12.2011327843
-12.0652319601
-13.0295258966
-13.6684830383
-14.2091605534
-13.5708520092
-12.9989504925
-13.2279210457
-13.5495076975
-13.9506719933
-13.8130694133
-14.5874741825
-14.2198716897
-14.2359428050
-13.5761844466
-13.1141356373
-13.1750026228
-11.4309052087
-11.6354465709
-11.5253092971
-11.1793953037
-11.2694319468
-11.5382488160
-10.9993868293
-10.9314533921
-10.7622240537
-10.8844120832
-11.2475404745
-11.1715252928
-11.0722584628
-11.7271872042
-12.0698717141
-11.4620214652
-10.5425763323
-9.9692440358
-9.0531133200
-7.6899107647
-7.9263232038
-8.6091284113
-7.9874333804
-8.1638117557
-7.9143403204
-7.1469332397
-6.8536111719
-7.1355843984
-6.7873020169
-7.2307827435
-6.4040971112
-5.6792197937
-5.3127902514
-5.5950201281
-5.4204906647
-4.8339340369
-4.5584059416
-4.8370428505
-4.3035326744
-4.1163322831
-4.1052915665
-4.4872282822
-4.5796803046
-4.6850079666
-5.3442883580
-5.6618742085
-5.5062685540
-5.1741453935
-5.0232532510
-4.8230951665
-5.1835684193
-5.1745450035
-4.0160333429
-4.5693131143
-4.2332938897
-3.3004142325
-3.1169812411
-3.4314204769
-3.5449358103
-3.6703862397
-2.9433795545
-3.1653100367
-2.1727486996
-2.3472344107
-2.6349495048
-3.3852884639
-3.6126648700
-4.4101450587
-4.3322556400
-4.0643417145
-4.0540745688
-3.7694035752
-4.0412201431
-4.2457399593
-3.4512834709
-3.0721556200
-3.1158385594
-2.7092128763
-2.4276322317
-2.9100529158
-2.3215617863
-2.6733694461
-1.9217193304
-2.5551791919
-2.7173529839
-3.0488941404
-3.6532511180
-3.3314274234
-3.5185994609
-2.8929739431
-3.4135641107
-3.3077272400
-3.2518060150
-3.4336423808
-2.9526274369
-3.0198713023
-2.8508027052
-2.9222243872
-2.9113612063
-3.0337424869
-2.2857255087
-1.7084302346
-1.2402306037
-1.5910455214
-1.6780675025
-2.6887745249
-3.4546810322
-3.6373468298
-3.2747970904
-3.1670577753
-2.0308793217
-2.2452467613
-1.8185449398
-2.4940234843
-1.3256159732
-0.9254099916
-0.6949811475
-0.3446062163
-0.4029885032
0.2713154213
-0.2429859712
-0.3387847216
-0.2741361893
-0.2327326127
-0.0244043185
-0.5916682847
-0.9852157231
-0.9572902714
-0.9823852250
-1.7833912498
-1.1353909737
-0.8026181176
-0.6294033775
-0.5159129387
-0.1006110355
0.1158357780
0.1094643421
0.2148898873
0.1824506174
0.9010664272
1.0984105980
1.6300008552
1.7796348841
2.0287356161
1.5632171983
1.5370087667
0.4330800424
0.1171870994
0.3928218920
0.6042358271
0.3400796545
0.9326377191
0.9940087665
1.1475088530
1.0031143007
0.9652008835
0.3881814284
0.7353436304
1.1526094015
0.8580604950
0.7675987633
0.3640833340
1.0119469836
2.0497332942
1.5782267138
1.0411225081
1.3806625750
1.9242416897
2.2916705451
2.0613994525
2.7609564589
2.3714287095
2.3009916561
2.6243758003
1.6110274413
1.3936342568
2.1086170467
2.9381667835
2.3774568539
2.6599885272
2.2787985447
3.2622115973
3.9125287110
3.5638786819
3.3223514786
3.6493617354
3.5179669013
4.2009354488
3.8003684835
3.5374565659
3.6332241723
3.1734969999
2.8659389186
3.1902547345
2.7258711269
2.4716150761
2.1689850410
2.1850946522
1.6579450723
1.7191872932
1.7781594891
1.1645819419
1.3600021281
1.4348457310
0.4501441855
0.7143459346
0.4204111134
1.0126228819
-0.0386211136
0.5905415103
0.1424513763
0.5709792002
0.6016079371
0.8162924628
0.4301067756
0.4460507572
0.4744203185
0.5807071578
0.9296957730
1.0967869731
0.7399145849
1.3982792102
2.9318230783
2.9112016642
2.9961215993
2.6199841372
1.9768921311
1.7887080333
2.2371687769
2.6606301863
3.1504491163
3.0950583243
3.4431502620
3.0106733763
2.9412500470
2.9544881805
2.4542627069
2.3956149825
2.4726058382
2.4230595246
2.0067787497
1.6692604141
1.6475642250
2.3644245013
2.7057529153
2.6847227616
1.7963941753
1.2493407626
1.2861630615
1.0916697973
0.7862085238
0.5959276598
0.4682239978
0.4641747333
1.0089722407
0.4007528793
0.5144980355
0.3610154892
0.5503733306
0.2224505432
0.3487480079
-0.0347781084
0.0754712572
-0.1064796169
-0.6295680546
-1.0495700942
-0.2136481268
-0.9936107848
-1.5033979739
-1.8529024148
-2.3482107205
-1.7449013427
-2.1680289280
-2.5717951533
-2.7675677016
-1.9732705255
-1.8181535753
-2.3868281811
-1.9309656621
-2.2253260279
-3.3514274486
-3.6793899027
-3.5666646782
-3.3657283016
-2.9705996752
-1.9299639208
-1.6043546031
-2.0133644988
-1.6818104710
-2.7910852262
-3.2116240306
-3.9026283900
-3.7848448997
-3.9676753827
-4.2646470749
-4.4553803497
-4.6430521456
-4.8527269039
-5.4394718517
-5.2927444624
-5.3852483945
-4.8929357184
-5.6010548530
-5.9803304421
-5.7108269900
-4.9968548212
-4.5270432576
-4.6036811811
-4.9710036221
-4.0993256430
-3.8874802396
-4.5262664358
-4.1345352801
-3.8129871314
-4.6869040734
-4.8226974842
-4.6738240623
-5.1767005782
-5.4902631865
-5.3496667051
-5.9221099295
-6.2015706893
-6.1654841322
-5.6347572979
-5.5931840510
-5.7608032608
-5.8555370188
-5.7324650661
-5.6179609194
-5.0551238912
-5.1561333278
-4.6406308692
-4.6182568451
-4.7554229675
-4.8540862293
-5.4237143716
-6.0803055443
-5.8314973907
-5.4592870053
-5.4830089651
-5.3366028412
-5.8569070711
-5.4518392771
-6.3965671208
-6.3598506772
-5.6172278445
-4.6385869620
-4.0036514545
-3.8076203630
-3.7200038214
-3.3509760961
-3.7099833305
-3.7644754588
-3.8265302996
-3.2934467522
-2.6571416722
-2.2788428529
-2.8910705709
-2.9300315038
-3.6298222836
-4.0218964833
-3.9306803074
-4.7194524252
-5.3460716111
-5.6062808156
-5.7560277121
-6.0355747778
-6.8379739875
-7.0266723174
-7.1131200074
-7.2683732400
-7.0470820650
-7.1289833784
-6.9257004118
-7.1054488057
-6.8269599430
-7.6136836886
-7.4670980517
-7.3336093179
-7.5703659598
-7.7423322040
-6.9558635092
-6.4318243902
-5.1972226652
-5.0729244680
-5.2506012542
-4.0001572392
-4.3073079074
-4.6289736950
-4.3967779324
-4.5371358946
-4.4816080078
-5.9259924965
-5.9325320667
-6.1479508049
-6.5459907900
-6.7173967267
-7.1834449012
-7.2961727989
-6.8591419248
-6.8087506437
-6.3572060222
-5.3132190830
-5.6070797167
-6.2527649733
-6.2942201657
-6.3732492113
-6.3662789908
-6.5918859348
-7.0541164422
-6.2336735772
-6.0872098279
-6.6181077969
-6.8769030730
-7.1235030820
-7.1707220440
-6.3371306212
-7.0535392927
-7.1505225907
-6.9375152908
-7.6873277532
-8.3347696784
-8.9462337561
-9.1560679850
-8.6720532141
-8.0420173742
-8.7464362554
-9.1907899965
-9.4732465410
-8.8107299255
-8.5778638372
-9.7127558190
-9.6610693255
-9.3655517997
-8.8453215101
-8.0913363385
-8.4371273292
-8.5338704167
-8.4126640143
-8.3670639469
-8.0016832952
-7.9930512787
-8.3070297235
-8.2854772211
-8.3269530159
-9.7132891721
-9.1313716739
-10.3736775490
-10.7119178210
-11.3237348610
-11.1597746127
-10.9575553977
-11.0932202555
-10.2851627639
-10.5190257207
-9.8424253957
-9.1859762311
-9.0300346031
-9.2557812508
-8.0481005736
-8.2104838518
-8.7581882857
-7.6714837330
-7.6478222733
-8.1751456916
-8.1516856904
-7.8785210948
-7.4906983142
-7.5300394631
-7.5110534149
-7.4427499212
-7.7431717048
-7.0877172587
-6.5297005512
-6.8505371457
-6.6854731608
-6.6682981523
-6.6851410812
-7.3754847271
-7.1140767341
-7.8794089075
-8.4686281611
-8.2377614649
-8.3242149704
-8.0771782204
-8.7200837557
-9.2934677010
-8.9098054102
-9.0271531561
-8.5615235051
-8.3553860985
-7.8533745066
-7.7815077510
-7.8764078004
-7.8392964908
-7.5202379733
-7.0147747203
-7.3559163406
-7.7727763561
-7.8493585333
-7.9215628403
-7.2588048463
-7.8910021539
-7.6893326216
-7.6397697569
-7.5242539853
-7.9084912106
-7.7213039455
-6.8247189490
-6.9618543989
-7.6515306952
-7.3100914666
-7.4550191825
-7.5741210970
-8.4531396511
-8.6563422839
-8.7784159894
-8.3155690667
-8.8694650169
-8.8739532739
-9.0176258485
-9.0455277104
-9.3141211511
-8.3615755954
-8.6157765755
-8.7224854124
-7.5196537679
-7.7580183323
-6.6015483387
-7.0891316717
-5.5396673569
-5.7170935551
-6.0939615713
-6.0391594018
-6.1507581890
-6.0466047626
-4.9910239584
-5.4893578545
-6.3738133392
-6.5599225549
-7.4856124681
-7.9269879913
-8.0473219147
-8.8360420187
-9.0845975054
-9.0977010099
-9.5922859231
-10.4159852838
-10.1884619562
-10.2710724890
-10.4983284363
-10.5431905292
-10.3830843283
-11.9502844378
-11.8038089619
-11.9603689597
-12.1172914326
-11.1539942208
-11.0694019270
-10.8475680216
-10.7255531510
-10.4537792765
-9.8831970529
-10.6195960205
-10.0379302882
-9.2297555971
-9.4591912077
-9.5164518505
-9.8493838368
-9.7344009564
-9.2260826463
-10.0600566688
-10.0860121998
-10.5751348472
-11.2535327494
-10.7947713745
-10.3119993620
-9.7463008944
-10.9341158346
-11.0749886860
-12.0906060666
-13.0303016404
-13.6699542559
-14.5096467401
-15.4533070083
-15.5948202969
-16.5505633222
-16.6854809138
-16.3396704269
-16.9644979289
-17.1312024067
-16.2886055533
-16.4121875008
-16.7375923721
-16.7714108241
-16.1467219170
-16.5108582659
-15.9370929575
-16.2039911192
-15.9438035740
-15.7879884537
-16.2725102294
-16.2122983810
-16.6742221024
-17.1236220766
-17.0849825067
-16.2737120531
-16.8954568938
-16.8999533025
-16.2962212255
-15.8644956844
-15.7029281911
-15.2253806755
-15.4011683212
-15.4923039340
-15.3798763440
-16.0313663125
-15.7957424791
-15.7983058708
-15.2264443557
-15.2994548492
-15.8362980408
-15.9023626490
-16.4573211001
-16.1220747104
-16.8332836399
-16.5224018060
-15.8342040031
-15.8705155470
-15.5696011078
-16.4283702521
-16.2919942115
-16.5209744850
-16.5458491804
-16.6065650440
-16.9846929579
-16.5759925768
-16.6637988959
-16.8085355355
-16.7955625728
-16.7874947393
-17.3149893554
-16.8287355526
-17.2237833276
-16.2591140724
-16.0030594946
-16.3074745442
-15.9181960044
-16.1831279032
-15.1488305104
-15.9028253317
-15.1595788304
-13.7637410505
-12.8494620716
-12.4664822412
-12.0536671504
-11.7295427164
-11.9969381240
-11.9174006306
-12.8885687879
-13.5952007359
-14.1430625420
-14.4808521355
-14.9920122514
-15.3304545938
-15.0853732539
-15.4052651154
-16.2111942133
-16.0273916913
-16.9466870734
-17.2646547855
-17.4826475067
-17.6223262388
-17.7013981080
-17.3393389718
-18.3566355379
-18.5132910314
-18.5570306926
-19.1059538350
-19.2872593756
-19.5445637664
-19.9322262961
-19.8096937449
-19.4883276119
-19.3669989563
-18.5774997046
-18.7146723396
-19.0058402290
-18.8902611353
-18.6884964752
-19.0193556968
-19.2284493360
-18.1995481550
-18.0230374761
-17.4501716973
-17.3156505676
-17.3611549096
-18.1925280534
-18.5247195935
-18.3659523479
-18.7471239730
-19.7072078279
-19.3479578568
-19.5000542617
-19.2681027373
-19.8552500395
-20.7918038395
-20.5030834790
-19.7219684379
-20.1263537422
-20.4680732838
-20.8673122403
-20.8771781928
-20.2764940269
-20.1150596277
-20.0695319078
-20.2262460615
-20.4725436835
-20.7774928177
-20.5445582772
-20.2616050032
-19.6216318480
-20.6527422602
-21.1339001785
-21.5011693238
-20.8730266617
-20.7218531459
-20.0060011760
-19.6128110448
-19.9569516429
-19.6044677385
-19.5515793488
-19.2299005992
-18.5928975429
-18.5813240610
-18.9164761679
-18.9528657139
-19.0980650088
-18.3583547820
-18.1199415836
-17.9024271382
-18.3142549407
-18.4562373415
-18.7391899593
-18.8768284715
-19.5075637635
-19.1484552726
-19.3057660366
-19.7949457109
-19.6871470056
-19.1040283515
-18.6421273076
-18.8201272291
-19.3166008851
-19.4295991045
-20.3484273454
-20.6581676119
-20.7067230908
-20.5989527145
-20.1716833657
-20.0255683312
-19.5872638138
-19.5636256992
-19.0951530688
-18.6843570791
-19.5017100559
-20.4270436797
-19.7101134745
-20.3656304985
-20.9707271755
-21.1779868867
-22.0394387496
-21.4695265365
-21.0829432054
-21.6556252358
-21.6823986021
-21.3707076857
-21.2860714026
-21.6597570531
-21.3234479628
-21.8318019186
-22.7422436569
-23.0659944624
-22.6915907553
-22.0900770639
-22.1998978177
-21.4717751768
-20.7737644972
-20.4121684125
-20.7027012196
-20.3937344000
-19.7607967959
-19.3203852477
-19.3552232126
-19.0387411878
-18.8593071355
-18.2760935705
-18.0362529410
-17.6141190765
-18.0922165147
-18.5201362664
-18.6083118502
-17.9249752172
-17.3813373206
-16.6810631321
-15.5152198664
-15.2631093837
-15.1831582184
-15.2012929913
-15.4674647952
-14.5386146797
-14.1796802373
-14.5795314926
-14.1956754726
-14.6065673520
-14.9523826180
-15.2806415446
-14.7627160642
-14.5791796027
-14.7256239114
-15.1689978692
-14.5638383314
-15.4085580937
-15.0873943896
-15.7050109992
-14.8485746940
-14.9953858706
-14.5449023639
-14.7612640032
-14.2448505267
-14.2287110321
-14.0309659402
-13.9759777522
-14.0214184345
-13.5819826304
-13.4978014062
-12.7513499341
-13.6177223334
-14.3879321759
-14.3334833027
-14.3962835840
-15.3914440604
-15.5638242957
-15.8932338613
-16.6860328612
-16.3275136418
-16.4316115493
-17.7665064215
-18.2524186071
-17.7245779096
-17.6015844278
-17.3352018909
-18.0613319831
-17.7764947930
-17.8680815027
-18.5874220457
-18.2067613842
-17.8998217570
-17.9273159530
-18.8047137174
-18.2839897952
-19.2728464057
-19.4973537631
-19.3891256916
-19.8774573712
-19.8145334546
-19.2782341064
-19.7387206230
-20.6818055903
-21.3956554093
-21.9076664553
-22.1192686481
-21.5935154833
-21.0332395153
-21.5768832892
-21.9372851406
-21.9656148377
-22.3684091277
-22.1360053098
-21.7609958966
-21.8249084142
-21.7096435768
-20.9651962072
-20.7761065746
-20.8812709905
-20.6435161622
-20.5266999370
-21.0506835541
-20.7112875968
-19.8465889331
-20.1079410663
-19.6747670245
-19.3175594512
-19.7277149616
-19.4965238232
-19.8243612673
-19.7561182814
-19.1857831766
-18.9311445478
-18.9601116742
-18.4866318903
-18.0138076852
-18.0568804770
-18.3419431277
-18.6733116515
-18.6937286492
-18.9348928088
-19.3446119971
-19.2362704550
-19.2344745144
-19.3072312513
-18.5861784575
-19.2208379896
-18.9890027344
-18.7967103408
-18.3896590657
-18.8012018533
-17.7526893441
-18.2262579416
-18.6756453820
-19.0034537629
-18.5570352937
-18.8188339604
-19.0687568349
-18.8320917051
-19.1915288277
-20.0490508086
-20.8524770641
-20.8996255900
-21.1030564411
-21.3332627017
-22.6635341584
-23.0167205497
-22.7546193646
-22.1387929849
-22.0382554393
-22.1285737757
-21.5666771644
-21.0591666227
-20.1049797948
-19.7574369752
-20.7710586447
-20.8389520068
-20.8001959396
-21.2656470550
-21.8616619116
-22.1712501265
-21.7674808139
-21.2980718382
-21.5374170301
-21.8457572072
-21.8240881396
-22.0523826695
-21.6467288061
-21.7644650532
-22.4615319402
-22.6254716115
-22.3565507423
-23.1148951618
-22.5068195479
-22.3862066376
-23.0071665524
-23.6242247813
-24.4998965452
-24.1497266588
-22.9997291023
-23.7744338903
-24.2375620871
-24.0566873673
-24.3255631118
-23.8453276624
-23.3976702322
-23.6237958084
-23.5656160684
-23.2455865455
-23.0147079689
-23.1722049469
-24.0758953130
-23.8797973513
-23.5586896196
-23.8859021535
-24.0498016632
-23.4836996013
-24.2529857498
-23.5942038804
-23.6945192169
-24.0559515725
-23.9605704053
-23.2263105188
-23.9038045659
-24.4862049113
-24.5676673180
-24.1948300251
-23.3112384295
-22.8649252693
-23.1245698147
-23.0275442699
-23.1678240706
-23.5803842216
-23.1578331215
-22.4385194586
-21.7990115832
-22.1028568339
-22.2745228426
-22.7665628708
-22.2845040005
-21.7703617392
-21.9646409606
-21.9918958123
-21.2616592755
-22.1090341054
-22.4056195272
-21.8238524397
-21.8561788963
-21.9782281843
-22.6083392736
-22.7507423141
-23.2769678142
-23.3519068567
-23.4269804284
-23.3527398755
-23.1257133251
-22.4983510251
-22.1820853266
-22.6277837658
-22.9154399475
-22.5309277522
-21.7875418502
-21.4412435827
-21.5900405208
-22.0861391915
-23.2272721596
-23.0795989044
-22.9413821453
-22.9472724647
-23.7845606337
-23.9130973534
-24.5855413219
-24.7484724613
-24.7463954689
-24.5296343999
-24.4824971407
-24.5460221717
-24.0879918404
-24.8763487633
-24.5581092809
-24.3752433031
-24.9546054064
-25.4957170075
-25.1581927078
-24.6770728966
-25.2278507122
-25.8769747196
-26.7409197306
-26.5989549563
-26.2212882452
-26.3959005942
-26.5629795152
-26.4114733107
-26.3969964054
-26.5483605190
-27.2069944048
-27.2824482268
-26.9810059514
-27.3596692324
-27.2157548844
-26.8250830097
-26.4553523796
-25.9322046376
-25.5384386762
-25.5053588897
-25.5356606489
-25.4987646462
-25.4200018598
-24.7714117406
-24.5680102174
-24.3567424176
-24.2411552025
-24.2055400834
-23.0903069137
-22.9457727338
-22.2123487113
-22.1848159439
-22.4669286075
-22.7139324091
-22.3927660781
-22.6980695345
-22.7173200441
-22.3789165545
-21.8964305329
-21.5985401029
-22.0951620009
-21.5788069105
-20.7745682550
-20.6296683669
-20.0715362986
-20.9964362599
-20.8243434490
-21.4090315860
-20.8236240139
-20.6713155710
-21.3954093001
-21.2770886284
-21.5649278241
-21.9970641466
-21.4690163223
-21.2719461934
-20.9196675270
-20.4850154368
-20.2390464390
-20.3224420315
-19.9852384772
-20.5768078704
-21.6820826319
-21.8066416926
-22.0137534591
-22.1601087402
-22.4483669217
-23.1396161005
-23.1111182607
-23.0444283266
-23.5823264005
-23.9029239019
-24.2303770435
-24.6957127452
-25.2630731983
-25.1710245782
-25.2298540024
-25.4977480467
-26.1236457295
-26.0605432436
-25.5189173224
-25.4292163016
-25.7238549497
-24.9127813379
-26.1808266950
-25.8562563041
-25.6837689604
-25.3632233398
-25.0595702397
-24.6679205643
-24.3597684145
-24.7449493001
-25.0365599768
-24.6125192132
-24.9280037137
-24.5853941446
-24.5330225101
-24.5590635288
-24.7064708126
-25.5767510279
-26.0475536465
-26.3376061536
-27.2140898758
-27.1163574500
-27.4417285156
-27.8399585437
-28.2351959100
-27.1624634903
-27.2553064146
-27.6130722195
-27.1978870900
-26.9245158216
-27.2499845704
-26.8454068332
-27.3906738160
-26.3975783107
-26.2508598905
-25.7486781254
-26.6208258831
-26.6645545423
-26.6497573993
-25.9653058761
-27.0465740018
-27.1605560678
-28.3732355552
-28.7252137554
-28.8205249160
-28.5668670024
-27.9364805173
-28.4608802082
-28.1618441946
-27.7244916016
-27.1473543892
-26.2404121955
-26.4530881155
-25.9358670714
-26.6064932231
-26.2436084251
-26.5578233292
-26.5727647974
-27.2498353945
-27.4760634824
-28.3044030945
-27.7964089466
-26.5940836341
-26.5344765217
-25.6804700283
-26.3772197265
-26.1208921185
-25.8648333101
-25.4073706741
-26.2876213105
-26.6135815265
-26.8621963389
-26.7126805891
-27.3734853838
-27.5326676763
-27.7726473598
-26.6056990595
-26.8030623185
-27.1049120263
-28.1048155371
-27.8481741060
-27.3729527583
-27.1870590243
-27.0240342809
-26.6357322576
-26.0294957506
-26.0924052547
-26.6552658197
-27.1708234510
-26.7866801162
-27.8475246091
-27.5817753259
-26.4414799847
-26.9450201522
-26.7558957822
-26.5572434009
-26.5718699709
-26.1631006438
-25.9047701410
-26.2082375830
-25.7301550856
-25.4665988823
-25.5697455056
-24.7118635858
-24.4853782680
-24.1525900067
-24.6646743956
-25.3764714832
-25.4620547980
-25.2034866755
-25.3141627865
-25.5494668423
-25.0132434735
-24.2471508383
-23.8021367033
-24.5327099070
-24.2779679765
-24.6030639173
-25.2433743615
-25.7980996130
-26.5951653040
-26.2494662747
-26.3542389296
-25.8462253456
-25.7822717114
-26.1904854536
-26.6151700792
-27.5065703694
-27.5918143707
-26.8497089038
-27.1166904366
-27.6930475686
-27.7426792989
-27.7160315967
-27.8417492117
-28.1242748112
-27.6139153137
-27.6476761672
-26.7716137555
-27.2496014985
-27.0818385078
-26.8857082810
-27.2009786618
-26.6730208137
-26.2918362712
-26.0520224459
-26.4244113802
-26.5209828116
-25.9569405038
-25.8652336525
-25.9017562069
-26.3899562738
-26.6933486846
-27.0223260608
-27.2832711593
-27.5058650229
-28.0091576978
-27.5194264021
-27.8450633129
-28.8459215080
-29.2848927505
-28.9752421229
-29.6703893952
-29.7483809432
-29.7431359773
-29.8518448034
-29.5089701801
-30.5024540947
-29.8807578002
-30.2625127128
-30.0338923231
-30.8216940354
-31.8368076913
-32.0670127884
-31.2663689855
-31.1827736392
-31.9156904447
-31.8567347889
-32.3664323393
-33.2846935633
-33.5377913799
-33.2271588438
-32.5616295484
-31.9580200344
-31.3616148619
-30.7215275615
-30.7494595660
-30.7921812728
-31.6142263864
-31.8658866105
-31.7768646035
-31.3604766348
-30.5915573799
-30.9141292939
-31.6808357982
-30.7806376404
-31.0449624666
-29.9670408673
-30.3391670452
-30.6811170052
-30.9588326432
-31.1642319737
-31.1257509095
-31.0937246605
-31.1698649246
-31.6298611998
-32.1607399988
-31.5964145169
-32.0715732161
-32.5511737230
-32.5975785924
-32.2957134630
-32.8190223745
-33.2270188644
-33.4156761471
-33.6253714592
-34.2458477750
-34.9602506298
-35.1015006039
-34.5976261793
-34.4584563900
-33.8518624991
-33.4545939691
-33.4204247688
-33.8065271004
-34.2318622622
-35.1355194149
-35.4855174416
-35.7829506304
-34.7221420674
-35.2438229514
-34.6448263306
-33.7545238350
-33.4160522603
-33.8718623299
-33.9736922196
-34.4437327973
-34.2542022824
-34.4219117490
-34.8663987913
-34.7027872047
-35.5449429440
-35.6720318668
-35.4861220865
-35.8653262937
-36.0047931459
-36.2584806894
-36.1519377749
-36.9945071044
-37.1592727931
-37.2069404970
-37.1498722956
-36.9242939004
-37.1774674210
-37.1501894215
-36.7251641094
-36.5019411588
-36.4030135760
-37.1732734287
-37.5041110520
-37.1007367941
-37.4333984506
-37.9538939089
-37.7267880990
-37.5200965421
-38.1468356808
-37.7829942729
-38.1348366321
-37.4636021426
-37.5665694660
-37.3238889640
-37.4929376516
-37.4027264804
-36.5786376869
-37.2402333794
-37.0302803588
-36.8903453624
-37.0048811568
-36.6558745895
-36.9191557270
-37.1495109379
-37.7815606872
-37.8637087561
-37.8482777135
-38.3582750311
-38.2903265482
-38.7933945621
-38.6127239472
-38.3457392011
-37.8755677813
-37.7566600835
-37.7962584485
-38.7929070349
-38.7086297681
-38.2567728196
-37.7585783866
-36.7886779375
-36.4538204697
-36.6132764247
-36.6350521356
-36.3529288046
-37.2583228368
-37.2254295650
-37.6524020756
-38.1054995584
-38.2971421968
-38.3961959894
-39.0919312974
-39.3860199885
-40.2227188879
-39.9663070610
-39.9564497203
-41.0457583205
-40.6427987100
-39.8023207240
-39.2157383847
-38.7308819976
-38.7382798459
-38.9809002466
-38.3850757244
-37.9854578265
-38.4298967311
-38.4727381171
-38.3803926427
-38.5908104019
-39.6476583382
-40.4213188132
-41.2806210579
-41.4306622029
-41.2009744828
-41.8668683502
-42.0654099248
-41.6081089453
-41.6971245920
-41.7108523726
-40.5002587576
-41.0497246493
-40.8416470223
-40.6465547317
-40.3941591078
-41.1857054717
-41.0581203439
-41.1950675153
-41.6214820960
-41.3502085127
-41.1125549375
-40.2583921193
-40.4432091890
-39.8204068515
-40.0670321049
-39.8423895834
-39.4819001662
-39.6347660952
-39.3745295421
-39.4637101946
-39.4312129198
-39.6530899707
-38.9681470738
-38.7520256856
-38.6381614331
-38.2206230885
-37.9123493128
-37.9463864892
-38.8021196453
-38.6902621482
-38.2534502236
-38.2641258823
-37.5982734263
-37.1795601056
-36.9361222616
-37.2902967413
-36.6051447742
-37.4372044655
-37.0826747696
-37.0185553446
-36.5575913253
-36.6735381710
-37.0539563627
-37.4409321506
-37.0553743704
-38.4124438612
-38.7789968710
-38.1063982162
-38.6311502836
-37.2872340742
-36.3962188970
-37.0104875407
-36.0677574547
-35.2041516115
-35.5054297167
-35.9388538840
-35.6712664173
-35.0963146833
-35.3428261219
-35.5013443334
-35.7310396923
-36.5801472897
-36.8675838560
-37.3461003094
-37.4528899370
-38.5133154510
-38.5136525013
-38.9416434356
-39.0973532324
-38.7488801854
-38.9769358563
-39.1392217626
-38.3898879660
-38.7962419037
-38.6385683283
-38.4965899119
-38.4046778783
-37.7377970394
-37.6761514104
-37.9007622389
-36.8976782713
-37.3124597585
-38.0521038666
-37.6747697205
-37.4611724269
-37.7252979148
-37.4658718292
-36.9834103353
-37.6271293806
-38.3699252413
-37.8608690674
-38.4778793325
-38.1031280375
-37.0159655379
-37.1489493454
-38.3630700915
-38.5968860973
-39.2683002873
-40.4931379573
-40.4220840312
-40.0117334915
-40.1674643239
-39.4851999213
-39.1741200937
-39.1281536936
-38.9997950796
-39.6377187547
-40.1037737765
-40.0711293193
-39.7930017766
-39.4433810580
-39.5081221867
-39.4865708123
-39.6219224642
-39.9662043083
-40.1474944104
-39.3063032842
-40.0947614711
-39.7547649568
-39.5120080481
-40.6087570428
-40.9795160581
-41.3436712966
-40.2809369529
-40.6033681827
-40.3821027946
-40.0871372788
-39.8366500570
-40.4021672438
-39.9163975984
-39.3302711945
-38.7696621313
-38.9174402047
-37.9292724198
-38.6123738514
-38.1083619560
-37.5531823322
-37.7042696185
-38.7647597490
-39.0284298607
-38.8059793062
-37.8740161258
-38.4419728289
-38.2668233666
-38.3191257261
-37.4008179698
-37.2606797649
-37.8155684072
-37.8361538835
-37.7785550127
-37.8447322219
-37.3495178989
-37.8323580150
-37.5585080754
-37.7281068186
-37.6628683493
-36.8544421432
-37.2830559292
-37.3135288345
-37.8572830700
-37.6300033204
-37.8043486455
-37.2523783056
-37.7878175742
-38.3753617243
-38.6702845879
-39.1240560363
-39.4299687683
-38.7426686418
-39.0289171351
-39.5346237916
-40.2335658975
-40.1458668938
-40.3833858177
-40.5610545254
-40.0301133026
-40.4642022477
-40.3318187523
-40.4858807986
-40.0309450741
-40.4678676290
-41.1050065983
-40.5796595571
-40.1338556550
-40.3404513777
-40.1577627122
-39.5870004282
-38.7642860150
-38.0664223502
-39.4702601816
-39.1017823005
-39.2503294576
-39.8054040752
-40.0520472172
-39.8828227643
-39.6488049174
-39.3170621910
-39.3075441826
-38.7424754896
-38.5797588917
-38.7839559478
-38.6905356231
-39.1364121188
-39.5087115346
-40.0914658960
-39.4350158244
-39.0817497132
-39.0250340257
-39.0588708692
-39.5526517976
-39.9725692426
-39.5550802808
-40.2904257024
-40.1771236201
-40.0142683402
-40.6423737863
-40.6210674450
-40.0073614358
-38.8869850223
-39.3612385103
-40.1897864326
-40.8206941352
-41.3157132468
-41.9866527268
-41.9203890809
-41.7267417247
-42.1493094528
-41.6095343166
-40.7211804497
-40.3878368098
-39.8274862195
-40.2311043941
-40.1803112084
-40.4679726961
-40.3475197431
-40.7632482711
-41.1761750107
-41.4697480186
-42.0394972546
-41.8564589192
-41.6418416246
-41.5996822729
-41.3693652839
-40.2398199626
-39.7690458327
-40.4441256779
-40.9369465362
-41.0662198403
-40.4905346622
-40.2931929508
-40.2843965808
-40.1849963758
-40.5745837004
-40.1758193820
-39.9446502817
-38.3652448880
-38.6732266806
-38.4993220326
-39.0286176074
-39.6044152279
-39.1612333132
-38.6899110036
-38.7834916839
-38.6753110299
-38.3028002670
-38.6783385165
-38.5090777610
-37.9070809095
-37.7678171749
-37.7720254457
-38.0915476541
-37.9419113927
-37.7026647126
-37.7537041075
-37.3206997910
-37.9303927206
-37.3165835716
-37.6210932242
-37.8113046050
-36.9029864221
-36.3913747517
-35.7957121049
-35.6352836265
-36.0553297551
-35.9607991537
-35.6131017387
-35.0595195867
-35.9582102010
-36.0663414775
-36.3099880842
-35.6683021121
-35.3584738510
-34.7603175997
-34.3411010372
-34.2120391652
-34.1025202179
-33.4863554742
-33.4400657060
-33.1113295687
-33.1809956810
-33.5481659402
-33.5363345619
-33.6879300287
-33.7254717474
-33.0084702814
-33.0040018643
-32.7343033910
-33.8551889485
-35.5024430619
-35.1517897534
-35.2165802536
-34.9507913057
-34.5807182153
-34.0455021119
-33.5196392787
-32.7128921012
-33.1684906811
-32.7833539793
-32.2053397428
-31.6162092629
-31.1599792825
-31.1223063398
-30.9362813493
-31.5427978766
-31.0199601786
-31.7508411979
-31.6098069675
-31.3332422766
-31.8938859990
-31.6538019806
-30.9549967943
-31.3605898195
-30.9265866264
-30.7597712045
-31.3950332285
-31.8498386347
-31.7737525320
-31.3019163460
-32.1003678522
-32.5635131634
-32.4235651645
-32.8347372480
-32.7174247610
-32.5280030593
-33.3065250050
-33.4807200685
-33.2745732303
-34.0451218799
-34.3875967247
-34.2416653254
-34.5938259064
-34.4419420046
-34.8523685323
-34.6547504391
-33.9673793254
-33.2669001552
-33.2439912524
-32.3560344811
-31.6609331519
-31.6665316128
-32.0038356471
-32.5028352140
-33.0846094106
-33.2323258479
-34.2499905662
-34.4764545766
-34.3423231092
-35.1185514125
-34.2773911505
-34.1609496890
-34.1457340051
-34.2672260688
-34.4299076386
-33.5007835626
-32.9846837817
-32.9532810203
-33.9220140560
-33.9344903899
-33.0745157817
-32.9179190212
-33.3409389354
-32.9935672446
-32.3107321267
-32.2568958249
-31.7172499374
-31.1886493166
-31.0561008016
-31.3968616999
-31.7884460261
-32.1251059844
-31.5900640165
-30.6149285768
-30.7586815599
-31.8710872791
-31.5041796690
-32.3002142533
-32.7406604355
-33.2302317437
-34.0413208111
-33.8989310695
-33.3481824294
-33.3798140541
-33.6826405394
-33.5940058613
-33.6410730119
-33.3199758009
-32.9561832397
-32.9770614063
-32.7132770989
-32.4704149961
-32.5963586241
-33.0961252399
-32.9258832712
-33.1690428977
-32.3306210060
-32.2189402844
-31.5433714920
-31.6976996928
-31.1150589074
-31.3563695387
-31.1281557289
-31.3990750414
-31.2986805682
-30.4079445996
-31.0672835398
-31.8203268373
-31.5111937705
-32.0071420135
-32.2655179385
-31.9172120295
-31.6461967496
-31.3328358242
-31.3431829096
-30.8873672935
-31.1239197802
-31.2166649205
-31.8175951830
-31.8876097886
-32.3277886769
-31.6628377800
-32.1585686517
-32.8180492917
-32.1559286621
-32.6900161049
-33.1385954303
-33.3946330413
-33.5191165649
-33.4529968757
-33.3781279277
-33.1936557261
-33.4549580420
-32.4832380058
-32.7881884644
-33.2892566724
-32.3697409153
-32.2911216045
-32.5219785402
-32.7425095272
-33.3783618684
-33.1588676192
-33.2981018118
-32.6820087933
-32.5752921742
-31.0338658226
-31.5662444071
-31.6956361629
-32.7556367851
-32.4154597814
-33.4259988243
-32.7342964617
-32.4230271840
-32.3345238205
-32.6276700872
-32.1938940683
-31.5435854773
-30.8516069503
-31.2032968511
-31.5228682889
-31.9026853622
-31.5644777751
-31.5626975724
-30.6535800607
-30.6582291141
-30.1792838487
-30.8456854588
-31.2847517266
-30.4968595927
-29.9184694340
-29.7440155303
-29.1499115527
-29.0751126345
-29.1637798639
-28.8549451759
-28.7562478741
-28.8058243444
-28.6550615498
-28.7282457654
-28.4292059709
-27.5819413427
-27.3490466964
-26.9281606832
-26.2328911350
-26.3539207569
-26.7972799676
-26.5489367316
-25.8919974612
-26.1108061758
-26.1949127138
-26.2187741561
-26.6549956481
-26.7674365508
-26.3230568330
-25.9810492177
-26.9606121398
-26.3985756788
-25.8706662682
-26.4322422115
-27.2316127883
-27.9101759350
-27.6250944597
-27.5090916148
-28.3258676399
-27.6315750627
-27.1007676484
-27.5478851917
-28.0114448567
-28.4423502614
-28.6990685899
-28.7077171054
-28.8853082770
-28.2903835683
-27.7967730145
-27.1954220115
-27.0928903125
-26.8877132662
-26.7392264545
-26.4990633891
-26.0551708629
-26.0276885406
-25.5302254238
-25.5365441047
-25.8803654336
-25.5914957211
-25.0382332918
-24.2691240940
-22.7852314342
-22.9694137944
-23.9240602923
-23.7496760674
-23.5268180847
-23.1596427856
-22.8124718593
-23.2846700285
-24.1131427003
-24.4788883065
-25.3040805082
-25.4478587677
-25.3761530195
-25.2052240721
-24.6693943428
-25.1548309472
-23.7183946797
-24.4248697305
-24.1244221225
-23.4742705798
-23.0634623778
-22.9366678064
-22.5125428291
-22.0867212152
-22.5867201274
-22.4877741705
-22.2480220817
-22.1010082924
-21.9540908511
-20.5883923940
-20.4376760157
-19.9884640403
-18.7000169538
-17.9924122318
-18.0049460838
-17.6318332904
-17.1790846539
-17.2364928139
-17.9940323061
-18.8149221998
-19.2153074133
-19.1930065079
-19.0493544270
-18.8085416645
-18.4600439926
-18.3783717203
-18.3933481737
-18.0224444715
-17.3647922757
-17.1828041349
-16.4830891902
-16.2393656095
-15.6055119860
-14.9278892038
-14.9374555491
-14.5822676376
-14.1974366160
-13.9049901848
-13.5166958175
-13.8906610714
-13.3832442649
-13.5507758613
-13.2387582800
-13.2800448726
-13.6176505892
-13.6471815764
-14.2035565923
-13.9570230144
-13.1508155890
-13.7568008793
-12.8149174648
-13.0130630525
-14.3718779752
-15.3104593930
-15.4158707604
-15.1503166429
-14.8485221813
-14.0094397143
-13.7785702022
-13.4999016521
-12.5083942937
-12.7820868862
-12.4170040968
-13.0881421654
-12.6649986492
-13.4433718036
-13.7767339067
-13.3998572453
-12.3698802482
-12.8557465015
-13.5250577190
-13.7481434336
-13.5533881233
-13.2603174694
-13.5525450861
-13.4504403747
-13.3793905116
-13.6596708231
-13.6500686175
-13.3071563587
-13.4256414139
-13.2279793215
-13.7428566477
-13.4680309681
-13.8314424562
-13.7344898308
-14.3885829317
-15.1070122591
-15.5915940141
-15.5294387153
-15.8026794845
-15.9283302121
-16.2222287278
-16.8398147736
-15.5365085307
-15.6809242145
-15.7532115009
-15.2852535222
-14.8470254553
-15.1105804367
-15.1783896152
-14.5974701721
-14.6478880379
-14.1370849746
-14.7405542739
-14.5491213002
-14.6274952985
-14.9094023344
-15.0113504035
-15.1254658333
-15.2446147198
-14.8003523197
-15.2418317898
-15.4697997293
-15.6592899298
-15.5653507343
-15.6902976252
-16.1591506396
-16.1407576890
-16.2391867793
-16.4551154975
-16.8660301079
-16.5820175458
-16.4022568030
-16.3181742357
-16.6184746257
-15.8486131264
-15.6725782842
-16.0072247375
-15.7981341273
-15.0420498887
-15.4375907300
-14.6337160389
-14.3641196446
-14.7072401215
-15.2275642611
-15.1521708824
-15.2878817457
-15.5333447394
-16.1683899513
-16.8739988912
-17.5555604153
-16.8170015078
-16.9839876846
-15.7861671330
-15.3504058361
-15.4541392311
-15.0046667354
-14.8709902821
-14.7365934124
-13.7442302837
-13.8574996860
-13.7655961423
-14.3483892890
-14.4537516914
-15.3851159887
-15.4573084168
-16.1158157271
-16.6085846391
-15.9781761332
-15.9110246795
-16.2619134045
-15.0783322550
-15.3556924418
-15.2814156859
-15.3864344613
-14.7442240188
-14.7930568029
-14.3650294508
-14.3606516988
-14.4405011050
-14.8441553045
-14.3153741300
-14.3736705572
-14.4337682118
-15.5489868564
-15.8322102658
-16.4001898554
-16.5361085073
-15.8043792699
-14.7450803094
-15.1785561728
-15.0732491096
-16.0414941403
-16.2688800186
-16.3364789011
-16.4606266502
-17.1074253864
-17.1238077379
-17.2733251493
-18.3932530578
-18.6566140040
-18.1631961419
-18.6223788195
-18.1751033805
-16.8378894358
-17.8856708010
-17.4149424635
-17.3308357874
-17.6088228651
-17.6814843759
-17.9856803417
-17.9396081449
-18.2254898706
-18.4746810451
-18.3471996590
-18.9422661284
-19.3385518171
-19.5745824147
-20.0375053893
-19.1775304493
-18.1520092515
-18.6581558306
-18.3533520896
-18.2000245158
-18.4564728787
-19.1030244943
-17.6616873239
-17.3062493595
-16.8498553507
-17.5633056058
-16.8183810320
-16.4606960265
-15.6375032191
-15.9050577169
-16.6573775280
-16.4159843020
-16.6035072077
-15.8125876379
-15.5837166661
-14.9369356733
-15.0243817036
-15.2551659072
-15.0473101338
-15.1757717313
-15.2265148584
-15.0456727750
-15.5241522849
-15.5284613922
-15.6950758604
-15.3552624817
-15.3911621788
-14.8312899079
-14.5396754607
-14.3780099948
-14.8405694648
-15.1536623009
-14.8946134506
-14.8097946416
-15.0680568394
-14.9671826384
-15.2203213805
-15.0248064706
-14.8176836339
-14.2449939112
-13.3804733593
-12.6465546962
-11.9369463916
-11.8396455656
-12.0477061622
-12.7045114112
-11.9173741352
-12.2340408526
-12.4052426671
-12.7745572017
-13.3764298789
-13.8645735584
-13.5433974791
-13.5269100337
-13.4664636331
-13.7329171046
-13.4450429557
-12.6967748928
-12.8513183005
-12.3613881495
-12.7005952898
-11.9565519313
-11.9762858629
-11.3073038070
-10.3704970615
-9.8276064123
-9.4286732477
-9.8751334769
-10.2102401644
-10.5590924496
-10.6953937360
-11.6923219975
-11.6457274003
-12.5039679440
-12.7883897787
-13.1192887911
-12.9703663228
-13.3685562670
-13.1560782391
-12.9743592383
-12.0404118369
-11.5519646322
-11.5267197287
-12.5527548579
-11.5477341816
-12.2187971872
-12.2665357774
-10.8834152839
-12.3885093040
-13.0651923593
-13.2198597373
-12.5054559920
-12.4425644091
-12.1047981296
-13.0822436847
-12.3210269768
-12.1630631732
-11.7275469510
-12.0248249523
-12.2097308539
-12.1237580373
-11.9222478416
-11.3716723047
-10.8633405897
-10.6679128501
-10.0257561080
-10.3666619643
-9.8285860334
-9.6378143879
-8.9488228067
-8.6316382954
-7.9413316766
-7.9161607067
-7.0834579980
-7.2342711864
-7.8957397506
-8.8649484831
-8.9219847096
-9.3391903882
-9.6671060202
-8.6462785405
-9.3258369082
-9.2906515383
-9.4483158445
-9.5442027862
-8.6340734752
-8.7980962525
-8.6057589216
-8.8234233280
-9.1423898863
-9.8662578340
-10.2188873340
-9.5476961769
-9.3251746838
-9.2853650009
-9.9136912331
-8.7545899504
-9.0887165915
-8.5889641812
-8.6895681453
-8.5777014446
-8.1033700531
-8.8013918128
-9.3433902529
-8.9141881452
-8.8118669634
-8.0640171883
-7.1204479223
-7.1216079372
-7.1297678654
-6.9080097526
-7.6410868084
-7.7002043304
-7.4481377561
-8.1775443691
-9.3067993373
-9.6147267290
-9.2419200726
-9.1716934940
-8.7874780604
-9.0759510378
-9.0980624902
-9.3991737122
-8.8501817879
-8.8691854235
-8.7380806023
-9.2522202372
-8.8305412091
-8.0776885658
-7.7046795257
-8.7445605418
-8.5831773801
-10.1403683903
-10.9188036961
-11.0344073686
-11.2530119972
-11.1620683928
-10.8440337666
-10.8212333945
-11.4680504260
-10.3333092091
-10.1579923602
-9.5708656260
-9.3717634347
-9.7078814466
-10.1648254507
-10.4734500571
-10.1979776955
-11.0234292853
-11.1024667858
-11.5903346081
-11.6498556550
-11.6649045963
-10.7752112041
-11.4383541860
-11.6152297174
-11.3629910164
-11.7842913124
-11.9758224743
-11.8805151583
-12.6531313911
-12.5780994459
-12.6495172727
-12.2305986937
-13.0098994963
-12.4514575438
-11.9842772485
-11.7214100023
-11.7743133815
-12.4217334984
-11.7550118781
-12.3087892063
-11.7752213982
-11.8444098445
-11.7609581105
-12.3694601593
-12.6718160740
-13.0368860988
-12.5427386324
-12.7986809520
-11.3510871355
-11.9967764367
-12.1981924933
-12.7227964917
-13.0566636892
-13.2568847013
-12.9390747199
-13.2340293080
-13.3135947603
-13.1225573778
-13.1354926837
-13.3912048901
-12.7996863509
-13.6109970140
-13.1877919984
-12.5670365840
-11.9289805950
-12.9531094426
-12.9969192013
-12.4979651120
-12.4097544613
-12.8921118695
-13.0910123155
-12.3639673543
-13.5001817568
-13.6552017721
-14.1845855017
-13.6621957338
-12.9474795190
-13.6238637928
-13.6914412794
-14.1696460367
-14.5375274578
-14.6063763841
-14.7475145865
-14.7122736879
-14.2430568096
-13.7920461985
-13.9073081425
-13.6565014590
-13.8695127604
-13.7227862390
-13.6252517976
-13.3403442539
-13.3886176002
-14.0571003256
-13.8050574525
-13.8313629122
-14.8698918501
-15.4769985970
-16.4132028672
-16.5526095667
-16.4186624328
-16.5833821641
-16.6465212241
-15.4360128596
-16.3781899947
-15.8846655538
-15.1832694088
-15.8988357007
-16.1569605496
-16.4442052601
-17.0292650226
-17.1438295149
-17.1816519403
-18.0899658353
-18.3297233330
-18.0885524401
-18.6578544536
-19.0841829266
-19.6920700358
-19.6478633856
-19.4763769287
-20.3061993341
-20.4121403904
-20.7116199679
-21.4949929244
-20.7487355770
-21.3675526613
-21.4917668488
-21.5939847880
-21.1417713626
-21.2812246490
-21.0541473497
-21.3951791265
-21.3497271917
-21.5796327343
-22.2451710471
-22.5995788941
-21.9986510993
-21.4366611955
-22.4629796215
-21.4032960423
-21.6831903022
-22.0025501245
-20.9804442936
-20.1673097654
-19.7606084743
-18.6458034940
-19.1687723932
-19.0936284462
-19.7322019437
-19.7566908784
-19.8286443911
-19.6488144041
-19.1766992336
-19.3869957193
-19.4080855650
-19.6360515294
-19.8856706046
-20.1709780545
-20.1928406792
-19.5099829614
-19.4378046535
-19.2078989054
-19.4775233097
-19.0602689970
-19.1742559230
-18.6042837179
-18.4331559759
-18.7166740564
-18.9923544865
-18.8257774440
-18.3299215487
-18.7120867819
-18.8393194392
-18.8567022179
-18.6152181734
-19.2074608712
-17.8408005733
-18.1001214308
-18.2651528774
-18.4263072048
-18.8586931904
-18.9939194034
-18.9383523200
-18.1736448618
-17.5407514710
-17.8514800132
-17.3240879927
-18.1990842320
-18.5287856980
-17.7066483999
-18.2140810716
-18.7974393154
-18.6650946133
-18.3038385541
-18.5175123162
-18.3095345867
-18.0724551564
-17.9850041676
-17.6085823901
-17.2733343388
-17.9723833273
-17.6678654677
-17.2797116882
-17.2248977946
-17.0973007724
-17.3082927658
-17.9469451311
-18.1889999137
-19.1778514282
-18.1002566920
-18.3289643887
-18.4218610767
-17.5780968588
-18.3121246984
-18.3624848245
-18.3105343476
-18.2262151455
-18.2262019456
-18.4345360048
-18.8609087879
-19.1104039663
-19.3554170073
-19.1558163217
-18.9514474728
-18.5221161193
-19.0055086552
-18.6863273763
-18.0257364362
-17.5246457016
-17.5273809708
-18.0216935164
-18.1876027681
-16.9945688109
-17.2935942263
-17.3681555614
-17.8525054166
-18.2219429592
-17.9658371111
-18.5310793251
-18.8180421130
-19.0596688385
-18.7964178857
-18.9255815779
-19.6839694725
-19.9623958015
-19.8763247769
-20.2842114144
-19.4459670382
-20.1074406242
-19.9204329064
-19.6855444528
-18.6319804240
-18.2824843214
-18.4970060075
-18.7627827728
-17.9583269471
-17.8463659542
-18.0433146248
-18.0402516839
-17.8144943602
-17.4295467670
-16.8465808109
-17.2077449489
-16.5620935831
-16.4220796487
-16.7237789530
-16.2805523805
-16.5536097039
-16.3502353122
-14.9117360653
-15.1619085363
-15.3797056555
-15.3788557565
-14.6833562192
-14.5808966928
-14.1348353130
-13.4907122574
-12.7430397563
-13.3145913614
-12.3464524414
-11.7726269175
-11.5382643998
-10.7868196245
-10.5891375168
-11.1662486083
-11.8243009759
-11.9302682759
-11.9854477911
-12.1442191641
-13.3406770072
-13.6649609262
-13.3605206684
-13.1866119880
-13.4051871260
-14.1213923912
-13.3928787865
-14.3228463739
-13.8574662271
-13.4911426795
-14.0337087540
-14.3587187180
-14.6098405714
-14.7886277919
-15.0392828620
-15.7984382234
-16.0522166427
-16.7250639176
-16.3302283560
-16.5176830079
-17.1764873323
-17.2612513246
-17.9207403671
-17.4291935090
-18.1160582818
-17.6138441366
-17.0189286928
-17.2507753979
-18.2723077921
-18.4769754065
-18.5168776884
-18.2473627367
-17.6344505592
-17.5905118211
-17.6368796481
-17.6315812751
-17.8073580118
-17.5337428844
-17.4944267353
-17.8251772904
-18.1407720306
-17.8155376886
-17.4739086991
-19.0097188177
-19.7677785518
-19.8863858426
-20.3306012817
-20.2193811059
-20.6496185594
-20.2550640758
-20.7425048474
-20.2046450160
-19.7298233360
-20.6308553257
-20.3644111130
-20.3789253191
-21.1135861386
-21.9444353220
-21.9369020991
-22.1483540974
-22.5106809110
-23.6338142817
-23.7728420397
-24.3442391096
-24.5236250980
-24.1634942927
-23.7368031281
-24.1411374933
-23.3847288499
-23.4895498855
-23.3142415768
-23.7126112444
-23.8784858025
-23.9833284223
-23.1398915091
-23.0800699825
-22.6896647307
-22.5383775327
-22.0247016743
-22.3671961867
-21.9825631911
-22.2131789782
-21.0880549253
-21.4975904147
-21.1004087718
-20.8356558848
-20.8035678393
-20.7593034093
-20.5044113600
-20.2640224696
-20.4125301876
-21.1936957555
-20.9973081166
-21.3645392116
-21.1431924425
-20.9026691283
-21.9531110949
-21.8046305382
-22.4286569555
-22.6430089465
-22.2339582204
-22.1292393751
-22.7352783097
-23.6190329260
-23.6057778320
-24.0747881714
-24.0459432755
-24.9124296474
-25.8651314649
-25.2787301725
-25.1809784544
-25.8642168295
-25.7586652101
-26.9471307504
-27.2057128207
-27.2765812642
-27.4208660156
-27.2847999088
-27.3581016483
-27.4072321216
-28.1523231571
-28.1736749772
-28.7709675288
-29.7304390718
-29.8550259196
-29.3815314360
-29.4462134920
-29.4530133369
-28.7551067414
-29.4208419558
-29.1428088122
-29.1666079835
-28.6377497737
-28.8446184264
-29.1092329135
-28.8994971102
-28.8883295461
-29.9654436287
-30.1124379581
-30.0168702527
-30.1762156134
-30.5416142921
-29.8708667487
-29.0004903106
-30.3205273067
-30.4329583855
-31.1378651433
-31.3502033415
-31.3905947588
-31.8453736000
-31.5017475085
-31.6859864177
-31.7733228774
-32.7545524709
-33.2911039377
-33.8437719826
-34.3731261547
-33.2497179021
-32.6920584269
-32.4542660878
-32.1804996711
-31.8526138815
-31.6240056864
-31.1881392932
-31.6616055509
-31.8467337790
-32.3089280931
-32.4737853348
-33.1327029448
-33.3565136897
-33.1284995686
-33.1599492810
-33.6094053098
-33.4372364306
-33.4837715973
-34.4138181059
-34.4543316892
-33.9698536244
-34.3929105892
-33.6709832488
-33.6722280055
-33.7893984904
-32.9503615690
-34.1929190869
-34.0697858817
-33.5475067140
-32.2876446800
-32.6311632592
-32.6282339062
-32.8226697049
-32.9621008819
-33.1557692805
-32.4038692576
-31.8631969142
-31.5506998363
-31.8748091205
-31.3388861102
-30.6178625112
-31.0911006278
-30.9721712994
-30.8280956110
-31.0982801792
-31.7319999079
-31.2966836951
-32.0557058104
-31.5609243507
-31.7486079243
-31.6517208730
-31.8680783376
-31.9530291117
-32.0656259548
-31.5104777457
-31.3903789204
-31.4273277514
-31.5054031162
-31.4980351562
-31.1643760679
-31.5795543760
-30.6909711126
-31.0466593647
-30.8780523694
-30.8116498419
-31.3760130826
-31.7025181629
-31.1581569706
-31.1599983200
-31.2538812537
-31.0891190085
-30.9774326465
-30.5973293093
-30.7171151989
-30.7375042159
-29.9646770186
-30.3938786607
-30.4916496421
-30.5677994086
-31.5573860628
-31.7351524008
-31.8931960345
-32.1327351780
-31.3711998628
-30.9459799305
-30.5397878359
-30.9295835270
-30.7119965137
-30.2604326762
-30.5719629486
-31.4511094069
-31.7937853219
-31.8813037035
-31.8095215428
-32.3842260665
-32.2805397474
-32.9740148600
-33.4698220979
-33.3212488251
-33.3764528842
-33.1876449239
-33.0323663728
-33.1293516881
-32.8346543620
-32.8182129339
-32.5790310503
-31.9304052027
-32.3259010005
-31.6674242122
-31.3250656978
-30.8928597456
-31.7894194950
-31.1240705255
-31.6033609865
-31.8159465568
-32.2402493239
-32.2936876280
-31.8712433617
-31.6027264384
-31.6404214076
-31.1085936166
-30.9228894772
-31.5062212807
-31.4739417517
-30.9256283085
-30.8796424518
-31.1760332877
-30.7100781684
-30.5414415306
-30.6275325103
-31.0086449743
-30.5013516853
-30.7367915845
-30.4774152514
-30.6653927760
-30.2552829887
-30.4513876033
-30.4318254844
-31.3476727159
-31.6604677815
-31.7821407899
-31.9272977589
-32.9316622562
-33.4489203494
-32.6483510972
-32.2369639100
-32.4230393177
-31.8659422144
-31.9908605631
-32.1526920705
-31.1709760192
-31.0288863304
-30.8840361787
-30.4243849438
-30.3586602435
-29.7343000316
-30.1535278669
-29.8522287277
-30.5183095368
-31.1281990011
-30.6916224109
-30.8445882109
-30.8356407577
-30.1312824758
-30.0881990593
-30.6005782058
-29.9283388057
-29.8346640948
-29.5903868663
-30.1334231398
-31.0478694530
-31.1084334766
-30.9080670527
-30.6149654586
-29.8528460511
-30.0722799288
-30.2160655080
-29.5519959189
-29.9810798280
-29.7385685766
-30.3329813415
-30.3612852690
-31.3400682302
-30.6126338434
-30.7870772301
-30.2782933428
-30.0580410841
-30.2153442144
-31.1940461227
-31.0504333283
-31.2694431325
-31.6882960636
-32.2421459274
-33.1222217976
-32.1672280758
-31.3340517855
-31.2803749156
-30.5755868742
-29.9581127346
-28.8268484069
-28.6679361810
-28.2702340526
-28.0467213541
-28.6658135317
-28.6014882085
-27.7890985517
-27.7011679220
-27.0402178091
-27.3708669324
-27.7500255505
-27.7704668515
-27.4699314320
-28.2666506938
-27.4788400656
-26.9145052963
-26.8490730517
-26.8321373242
-25.8978259457
-25.8514498781
-25.7289735111
-25.4320953171
-25.4533191268
-24.9362531296
-24.9075746446
-24.7105336862
-24.5314933861
-25.2587381816
-25.7779357187
-26.3304621047
-26.4383567407
-26.6517967238
-26.3770591161
-26.3013896923
-26.1160270261
-26.8680118080
-26.7315796855
-26.2756570910
-26.0571482424
-26.4644939904
-26.4768938485
-26.3462307648
-25.8478668510
-26.2695799516
-25.9053474676
-25.8673063881
-25.5867362981
-25.8328966443
-25.6627240690
-24.9199816697
-24.6368579420
-24.5444465270
-24.4462777197
-24.0958693290
-24.9071546072
-25.5722504974
-25.1013407627
-24.8015050226
-24.6696388807
-25.1673203996
-23.7499373197
-23.3907122274
-22.9292137451
-22.7222576146
-22.5389319325
-22.6246783760
-22.2880741601
-21.8720629791
-22.5847840732
-22.5059823112
-22.2136104560
-21.7587694436
-21.8850152348
-20.8682070516
-20.3850295862
-20.3056769501
-20.3883490957
-20.2997775529
-20.2179794032
-20.1572014178
-20.7636860088
-20.3505810496
-20.2429658814
-19.1380185098
-19.5535250985
-18.5070146989
-18.9299380540
-19.1125704940
-18.5006608454
-18.6365127402
-18.5367626774
-18.2353405520
-17.9860116230
-17.7015550118
-17.7171578352
-17.0553929187
-16.4625233190
-16.4742520154
-17.7892883879
-17.2860853248
-17.5446642393
-16.7318978468
-17.5638511777
-17.5992747649
-18.2063394639
-18.1914618632
-18.0981919069
-17.8441816864
-17.9086917579
-18.0393013639
-17.2832910481
-16.9576301347
-16.5132278395
-16.7328412556
-17.1293285644
-17.5260143929
-16.9089073949
-16.4392729778
-15.5273863226
-15.1269181909
-15.8979158636
-16.2995318809
-15.9672119715
-16.4629190906
-16.6828323815
-16.7062113227
-15.9476830909
-15.9237204525
-16.9799297242
-16.8062112094
-16.9249910682
-17.3748071215
-16.7536725431
-17.0756432227
-17.3774050995
-17.1477797984
-16.3635701246
-16.2109672247
-15.8276044882
-15.2212454012
-14.6600660352
-14.9081396783
-14.2394927649
-14.1317114362
-14.5054906583
-15.2632462207
-15.3789760023
-15.6155001437
-15.3672862569
-15.8473546546
-15.3579477137
-15.4796430436
-15.6945559658
-15.9929404035
-16.5365087022
-16.9191847856
-17.6454601935
-17.8175176558
-17.5599626268
-17.6381119648
-17.3121383688
-17.6748566212
-17.6331647714
-17.5790070145
-16.8786481599
-16.8456458401
-16.5231813586
-17.0397916794
-16.4265334992
-16.0643747744
-16.2178889742
-16.6208768109
-17.2099234952
-16.8975120813
-17.2408369566
-17.0543357625
-16.8612257778
-17.3540142269
-17.8172542789
-19.1309346957
-19.9335577659
-19.8988969814
-20.3403378550
-19.9094393963
-19.9941036821
-20.3212721722
-21.0099736660
-21.2253561491
-20.3391424944
-20.7829826494
-20.7384009644
-21.2571600021
-21.6002626742
-20.5870121977
-20.2644499536
-19.6697425003
-20.9556969210
-20.7128228466
-20.0417658192
-20.0870923777
-19.8565981663
-20.5765527966
-20.5088560044
-21.0030274033
-20.3764667768
-20.4593961922
-20.8893277070
-21.2226462368
-21.6276403640
-20.9703267335
-20.8687660160
-21.7047032985
-21.5097922351
-21.5890488122
-21.0881968235
-20.7466155479
-20.6792021549
-20.5533048691
-20.5355002205
-20.9416819069
-21.2136072213
-21.9344536034
-21.3500307011
-22.0902589210
-22.4130382733
-22.6826166261
-22.6619156801
-22.8788052071
-22.0701037762
-21.4318559624
-21.0497173673
-20.5670686714
-20.2450804839
-20.7072686919
-20.0063160697
-19.8207577502
-19.5429415751
-19.6696727670
-19.3382436209
-18.4223671170
-18.4182146760
-18.0671027356
-17.2883076219
-17.3447995252
-17.9806246337
-16.9948086709
-17.8661682184
-17.4159512581
-17.6685043246
-18.2226556081
-18.1711383347
-18.0892628674
-18.1825125536
-18.5277637193
-18.6878754754
-17.7273510867
-17.9763556338
-18.5586481720
-18.2114872512
-18.8635229225
-18.8961887685
-19.3671485469
-18.8498181501
-18.3240286423
-18.1825379962
-17.7629697730
-18.3593528866
-18.6386745921
-18.5393562924
-18.3508793826
-17.7334833116
-17.7397350087
-17.3473060650
-18.0485906741
-18.1424408343
-17.7485951245
-17.4824893550
-17.8337141299
-17.5380197329
-16.9584157584
-16.4750089635
-15.9509962445
-17.0895638117
-17.2481280785
-16.8817532237
-16.3240722926
-16.3698559218
-16.7234767404
-17.4035584953
-17.8945777026
-18.1467054859
-18.1713479759
-17.0602574562
