eta2_1
1.0000522056
1.0321193941
0.9380144949
-0.2071491126
-0.1453274371
0.0594729256
0.4807265914
0.8590978760
0.7900694564
1.4812965434
1.8068555939
2.0893539120
2.1850426677
2.1487082816
1.9577306446
2.2840734360
2.2843992853
2.1167789888
2.0300164343
1.0551752434
1.5219616028
1.7628707992
2.1706048020
1.8762641258
2.0728318189
2.1399988015
2.2195864092
2.3057137853
3.1907648129
3.8418246554
2.9460925572
3.2555636466
3.1730533355
3.4300078251
3.8626284931
4.2103199834
4.4325620662
3.4490400493
3.6906990022
3.7045201810
3.6383045085
3.2735003490
3.3895662324
2.6511192898
2.0755256409
3.0617883355
3.6199555270
4.5124959326
5.6762053584
5.2827920517
5.6469334907
6.1001457594
6.4196084865
7.2129745990
7.9501754651
7.7712102949
7.5333146179
7.0235773700
6.4192579112
6.5525900880
6.4899782087
5.7117571009
5.9717104386
6.2362269091
5.6928857210
5.1273757836
4.7001338818
5.3346457098
5.3585793169
5.6616107397
5.2151454430
6.4268742846
6.3516838223
6.1991485451
5.6335292785
4.9209573331
3.8186399789
4.3208621491
3.8766436037
3.3437587398
2.5345075530
3.4317422683
3.2732232793
3.5597576852
2.5043691852
2.3883768322
2.9042048945
4.0149239798
4.8386929365
5.1172344884
4.6915836488
4.9461459799
5.3934185784
4.6218440618
4.3571850370
4.0977116137
3.6537740792
4.7159925615
5.0030061281
4.2390232523
4.4548740173
4.9799369049
4.2149093005
3.6412786153
3.2790027330
3.6672827985
4.0292322986
4.0883611280
4.1741337003
3.9568850337
4.7446105865
4.8479479963
4.5187333847
5.2450414206
5.7500275489
5.7166000593
5.5579803594
6.1433582787
6.0331112274
5.9832698573
6.4619172178
6.2428474087
6.3744587187
5.9724802195
6.0985059480
6.0156947321
6.2464425295
6.9340667566
6.6961613512
6.0506510097
6.9485136794
6.9282948763
6.2193753922
6.1843758216
5.6208257950
4.5481154335
4.7382705788
4.3388643359
5.5346817913
5.5569666768
6.1465865097
6.0582912954
5.5963693902
5.9500747253
5.9880876769
6.3988524222
5.7833291206
5.5391412275
5.7924225181
6.1589552524
5.3704440955
4.4417724825
5.0315624093
5.3784166298
5.6246296579
5.6321106620
5.4721720071
5.8675948292
6.2085505363
6.0646386814
5.9440910184
5.7298335046
5.7261959422
6.3507614803
6.4662131953
5.9302238183
5.5920454861
4.9851063082
4.6887012111
4.3930935876
4.0249748834
3.7031028788
2.8577431613
3.1423689826
2.9813319176
3.1781936089
2.8161784412
3.5312606840
2.8797435869
3.2935108208
2.6874205358
2.0484690902
2.2151890549
2.4055275309
2.5376391874
3.0653762619
3.0766876243
3.1069177454
3.6186389423
4.4298229076
4.5538860872
5.0127378663
5.0189049730
4.9896227842
4.9912820849
4.7712785142
5.1417884906
5.3302121881
5.5763089443
5.1122905028
4.7681244928
4.3046896517
4.8291699279
4.9926667224
4.3350733692
3.5715855112
4.0549960205
4.7300439796
4.8755845257
4.8239794095
4.4837379249
4.4565711000
4.4709644288
5.0117395878
4.9331003986
5.6483636055
5.8139318159
6.1466557427
6.1356208594
6.4626238585
7.1697881336
6.8488876140
6.5638953791
6.5275557544
7.4442385262
6.8510981209
7.6301917995
7.9033390348
8.2898354155
8.2837895330
8.2908598600
8.6127519185
8.7216994674
8.9483680627
8.7142643751
8.3713197145
8.3444910420
8.4784432673
7.8502086905
8.0293883999
7.9654595507
8.2777247690
8.2248098405
8.4869919722
9.2022547094
9.0776829333
8.6398384942
8.3433171387
9.0768934039
9.4471304753
9.1350618916
8.9424734892
9.0380592764
8.2355349711
7.9636666798
7.8713272227
8.6997293980
8.8229214122
8.3087242921
7.8364967067
7.1031252803
7.0371658761
8.2756511873
8.7278131431
8.9602692246
8.8903512561
9.0522562597
8.9512235442
8.3285013015
8.0918764769
7.8499873285
7.5295444564
7.7145009905
7.8116250390
8.6258928831
8.9204786725
8.7615162186
9.0841614505
8.9673117456
8.7198306278
8.9370229144
8.1120312889
7.7819308424
7.8260860362
9.3018398414
9.6669939086
9.9509571511
9.3871005904
10.3956656179
10.8406710548
10.8786284648
10.7420481291
10.6887999958
10.9121499004
10.0068078046
9.8956134826
10.0328370679
10.5558854281
10.9800105920
12.0474367023
11.9375410887
12.4117272346
11.9255583038
12.0250980787
12.5554287507
13.3268195871
13.1690699417
13.2724978383
14.2829561521
14.2635409520
14.1407190384
14.7775240159
14.1262442153
14.2862375862
14.5774578303
14.6074734354
14.6881124097
14.9854622921
14.6918131609
13.9138017755
13.7799105207
14.3298325765
14.5252826257
15.2712621022
15.1582757416
15.1005467653
16.2298747078
16.2656037095
16.9881974260
16.8551928050
16.7642967698
16.8961782853
17.0823711746
15.9528873877
14.9536591444
15.1765701660
15.0370680379
15.0475526190
15.0999883652
15.3217536056
15.3007407674
15.1673379480
15.8527779841
16.2307353427
16.8901378005
17.4475883377
16.6016048187
17.0058804692
16.6502635904
16.4479502561
16.2610722979
16.9370145435
17.2179389066
17.3782078833
17.7255146179
16.9133212462
16.2753283081
16.3706382540
15.7145242047
16.5061773200
16.4804198149
16.4721070610
15.8798607946
16.9718129919
17.6366996149
17.8877423301
18.2842198581
17.4681987458
17.5405591011
18.0315338033
18.6706352844
18.9783942874
18.7380164890
18.8339202562
19.0336077511
19.2248436473
18.9207272958
18.7960099655
19.0124972024
19.4710688415
18.8924225290
19.4649823779
19.6754072391
19.4795228490
19.7170911412
19.4482967975
19.0164665054
19.2164610870
19.1068585736
19.3171759469
19.9963352532
19.9355068487
21.1207206025
20.8758849668
21.2325922468
21.5266634718
22.2013158960
21.8181535695
21.9621816807
21.9843788816
21.3548820900
21.3874082383
21.3491560691
21.8148502311
21.9651586470
21.6528426358
22.0118956946
21.7673675034
21.9947650349
22.2737020531
21.9622349861
21.2568233833
21.0915576521
21.5143729947
21.9721456403
21.9652829630
22.7414689613
23.4300976547
23.2560841932
23.6353219236
24.2745855220
25.2883927306
24.8503261809
25.3188889091
25.0569325266
25.5573355723
25.6449621916
25.3347019523
25.0923862875
24.6032760693
24.5317732225
24.9801030272
25.4307558762
25.1269894791
24.9253713317
25.0508144400
25.3066158617
25.5598290187
25.8130788682
26.2241566484
25.4803783128
25.9361985855
26.0216551114
25.7758262015
26.4824970806
25.8559449357
25.4789562283
25.9352634732
26.1286018798
26.5411969610
26.2032487695
26.6863041660
27.3326757304
27.4493885799
28.1663878531
28.3646394075
28.5786037789
29.1271174168
29.5766831408
29.1957216211
29.1807395578
28.5341811025
29.2999052342
30.1959559584
30.6721852298
30.9307386526
30.7241351007
31.4863005088
31.2965460919
31.7139173793
32.0046935820
31.2376400793
29.8996528830
29.6544717428
30.3318633028
30.7846720562
31.5279502871
31.9509729526
32.7240538016
32.1257436603
31.9480124822
31.3020735060
30.7639300640
29.9941054808
30.3142362280
30.4055587218
31.1792634559
31.3620143422
31.6489403443
31.7166688662
32.0306160994
32.2404100651
32.3326947095
32.2398921699
32.7191629240
32.7666074124
30.9583354445
31.6073739729
30.8902626443
31.4742289998
31.1231949465
30.2073400360
29.6775204625
30.1736192993
30.0723158617
29.9563091068
30.3377960839
29.4891540729
29.2850554895
29.1202887324
29.6627850104
29.9721455606
29.3770399540
29.5329563568
29.6565871984
29.8031156603
28.3332905333
28.4090142999
28.1083583527
28.1517141683
28.3694415430
27.8285042611
27.6113793323
27.2770600143
27.2471581100
27.5550730127
27.2465657828
26.4305468713
25.3228223822
25.5090439019
25.6723519513
25.4575021121
25.4632046821
25.9662206230
26.4382438108
26.5842161278
26.7778541911
26.9903893990
26.3454597603
25.7534290608
25.4314582537
25.5082253045
25.5925245662
25.3138050374
24.9744437197
25.5489716641
25.8162289301
26.1638467866
26.0614720897
25.7056061864
25.1581158054
26.1396074241
26.9943774729
27.8578377149
27.4682731436
27.7851095065
28.1869683977
27.4613278270
27.9239873166
28.5488929261
29.3063754484
29.7597728291
29.9298118854
29.5263074125
29.6801533330
29.6418568122
31.3621157677
31.0040825499
30.0855567610
30.2758803676
30.2089626321
30.1775690243
30.3419268080
30.3923409581
30.5934630110
31.0842209293
31.7284446021
32.0047641921
31.7422612085
30.6136303450
31.1190256808
31.4868412982
31.0860320085
31.2493232029
31.7760192764
31.6580343496
31.9126300390
32.1254883067
31.4704105179
30.6819982629
31.0124014232
31.1891275988
31.4221319661
31.6417372582
31.5641293236
30.9759539524
30.2901935726
30.8682176513
31.2199597383
30.1777186622
30.3210766683
30.4793702800
30.2895278011
30.5188850075
30.0735613515
30.1307409499
30.3313083720
30.6465237425
31.3358203515
31.0838460688
30.3833045163
29.8541394307
30.2083315572
30.8898935544
30.5675840780
30.4325916267
30.5639508230
30.2877365629
30.4706338816
30.5778630067
30.1772240569
30.0998496532
29.2906773255
29.3475127009
29.0895410756
29.0901481605
29.9020810077
30.2352541954
29.5144497320
30.1832534317
30.2976708416
30.8054995768
30.7020218384
30.7589296734
31.7685206596
31.4188740076
31.3504417196
31.2974565220
31.5056961535
31.3658533339
31.5636300067
31.2848112811
30.9127806878
31.2046375474
31.2537125844
30.4997299248
30.4249185312
30.0979091207
29.4892000819
29.6780019114
29.7904122341
29.5097644144
29.1779869065
29.6244783350
29.7686185958
30.4023178631
30.6261978111
30.2925792060
30.7356425325
30.7706380968
30.4349305370
30.5650078340
30.6092397690
30.4825322902
30.1993871896
30.1510001124
30.8556559548
30.7393819274
31.1616362738
32.2375919551
32.5647959702
32.8867524088
32.3970975393
32.0041209969
31.5561157547
30.9959463530
30.7768888642
31.3657146175
31.4200109347
31.4152964279
31.8450547043
32.0392246681
31.7179477189
32.2574163411
32.4774019158
32.6103343927
32.7327832124
33.1429010866
34.3518953739
33.5279805913
33.1082741516
33.2880718334
33.2490560393
33.3299840965
32.9931105493
33.2663486614
34.0359794082
33.7778118740
33.6095148027
33.4598018280
33.5868750172
33.1693338836
32.6429115141
32.6136054901
31.8862781917
32.1231380865
31.3385571015
31.5138627494
31.5491154692
31.9657295097
32.0184131160
32.5743243502
31.9989640958
32.0340832905
30.7550964675
30.7500036523
30.6521583145
30.9233556691
30.7820220802
30.4802879734
30.2905935119
30.4137206895
30.1358097286
29.7546413123
30.2997807538
30.5141392357
30.0424389041
30.4305239709
31.5073249160
31.1323159351
30.6908694069
30.0260945254
30.1309211317
30.7253600410
31.2405024247
30.8424425781
31.0738900911
31.1904830870
30.8665408033
31.3912685853
32.0648751032
31.3140807929
31.6572589649
31.4790405198
31.9112787580
31.9659847197
32.3716579829
32.0679672391
32.2494295624
32.6780567890
32.8041423299
32.8870206347
33.1317766984
33.2396190351
32.7881946703
33.3063265847
33.8127238935
34.0582105091
33.7162609182
33.7324334695
33.5280484472
33.7532202475
33.4248754290
33.3650665733
34.4807596759
35.0326326830
35.8152143738
36.3431217028
37.1126006469
35.9755797980
35.7151200453
35.5925380839
36.1393028233
35.6923544179
35.4041303379
35.4945631207
35.2229246704
35.1886250195
34.8777958211
34.8616335212
34.5447321228
34.0737244838
34.1059078515
33.8979510897
34.0635454350
33.9352107184
34.4275005098
34.9101005340
34.7887046353
34.3216958408
33.7365330259
33.9308908037
33.7607663876
34.6078158237
34.2294224507
34.4394071520
34.6770567907
35.3019502586
34.7000266659
35.0990924642
34.8338736176
34.8194697035
34.4855307808
34.1921921948
34.2395434433
34.5591928165
34.4076468585
34.5189546738
34.4906604378
34.7259858166
34.6221899453
34.4690909076
34.1202237271
34.1928684010
34.8949874604
34.4668742796
34.5918612237
34.4839518393
33.6871685354
33.1813324415
32.4996731508
32.5006298466
32.1444121192
32.1720708194
32.8050265154
32.2376105403
32.0577964477
31.1971227774
31.2173500706
30.0407788062
30.1257199580
29.9368216038
29.2687258886
29.1856616113
30.2783757370
30.5512503581
30.5399989249
30.4749765909
30.4290495661
29.5652211671
29.5030290811
29.3455461812
29.0722754069
29.0605713541
28.8955330823
29.1012388829
28.7592542798
28.8657945565
28.2403473410
28.6424219876
28.3513678533
27.5832603689
27.3613796463
27.6657393995
27.4872496167
28.0485644879
28.3640168655
28.0553406745
28.4020563915
28.0387258507
28.1329793275
28.0815479413
27.5773060429
28.0250502736
28.1070402541
28.2143514112
28.0302358717
27.2387741215
27.3659008014
26.3011012982
26.6086788114
26.0726403046
26.7528222677
26.4841212311
26.8851275699
27.1159748890
27.0996953654
27.3881441079
27.3084757537
27.7159589528
28.1267132638
27.3869117532
27.1322964772
26.5532150939
26.3972912249
26.5796926715
26.9184739387
26.5927328667
26.5786848517
27.3361443647
28.0894335097
28.7186643563
28.6726686596
28.5882680051
27.8606983846
27.4570447843
28.1060749885
27.6915299271
27.7510961092
28.0150017351
28.5945195745
27.9857811437
28.3467940057
27.8798263223
27.7097215355
27.6713776396
27.1584760838
27.9879278170
27.9283776044
27.4720540671
27.9523433934
27.5558679972
27.1973191770
27.0385112956
26.7520901357
26.7757266709
27.0425377675
26.7714365375
26.9487056515
26.8471210261
27.5151012977
27.5897136256
26.6282441924
26.1460568582
25.8784079645
25.8075037796
26.0710846429
26.4076218080
26.5590404237
25.9413399801
26.0645461372
25.2524912224
25.5544485190
24.8042869896
25.1206176517
24.8794222881
24.9396411683
25.1954228149
25.7946709619
26.5575792232
27.3318565931
27.0867231700
27.4977242390
26.9287904332
27.0728843377
27.6460510583
28.0254010939
27.9673546480
27.7865823019
27.4988449271
27.6403959925
27.9476309541
26.6039039749
26.0164289473
26.0961828212
26.6035400594
25.7525774469
26.0951154521
25.2336825162
26.5673337255
26.5361538808
26.4880647410
26.2346931232
26.6891832707
27.2511837718
26.7965002373
27.1688525268
28.5388699708
28.5877801472
28.6118438582
28.7649204797
28.9529666462
29.1696712596
29.1056970971
29.0394176277
28.4961642249
28.8557760742
28.5456597823
28.5372792801
27.8709805714
28.0440799889
27.9104853081
27.7468148144
27.6776814003
27.8875324268
27.5680029111
27.8923336128
28.5356456537
29.2230361257
29.5168250447
29.6793653991
29.8782616838
29.8403305273
29.3865610685
29.1617033768
28.9123727505
29.0768950997
28.5323995507
28.9507296867
29.0081507722
28.9832203386
28.8137953265
29.2130586212
29.5826396816
29.8213521858
29.8617192124
30.1404386763
30.6712904084
30.1369645179
29.6218762627
29.1912096420
29.2817464442
28.7983565652
28.6992599136
27.9576918085
28.2377189286
27.5205244918
27.4308824730
27.6823934913
27.5385943042
27.5321190443
26.5388917324
27.1748720678
26.8855380469
26.8124424072
27.0363542471
26.0614388738
25.8720951314
25.5804658165
25.4629095313
25.5286136190
26.0881834440
26.2698899313
25.8555675752
25.5529223761
26.4737960497
26.7911972680
26.5581652832
27.0872339940
26.3298853446
26.2938500462
26.5751471922
27.2657884416
27.3654339523
27.7504484717
27.8726875140
28.6953553632
28.5258710069
29.1084353768
29.5202618040
29.5872480946
30.0320973910
28.7479423717
28.9568113485
28.9922839440
28.8548884450
28.9013123392
28.1955002642
27.8536980158
28.2485542252
28.8585372227
29.2053014698
29.7687258907
29.5967218619
29.9292251299
29.9191829966
29.0717427690
29.3972555861
27.8818970170
27.3052696121
27.1986035475
26.9600928837
26.9032430607
27.6659485122
29.2138925627
30.0661296300
29.5885200725
29.8636004704
30.0152659170
30.4534804483
31.0170936295
31.5538875248
31.8980371825
31.7236201900
31.4668619808
32.0980804128
32.6190549809
32.9770351464
32.9026979719
32.3476959247
32.1829843414
31.8878285343
32.2794542280
32.2188714523
31.7291783281
31.4073977396
31.5569230611
32.8070883016
32.9427206054
32.4152339598
32.1654213615
32.5904059518
32.8769214614
33.7202213946
34.1310732899
34.0649003525
33.2626333749
32.9973010187
32.8833842813
33.1549976497
33.0903985364
33.1684023929
33.1720821475
32.3874880077
31.9690569877
32.1025541310
31.9389186957
32.1177811207
31.5714826531
30.6513967642
31.0510085924
31.2938253156
31.0704343979
31.0983395715
31.0326431958
31.4669307486
31.7899524876
31.6751077508
30.5773045677
30.6612975870
31.5972027905
31.7684821076
32.2722007520
31.9411736190
32.1770620975
31.8678605281
31.3304679897
30.8118256059
30.8078722236
30.7068488157
30.5983254875
30.4783736861
30.5594263358
30.8653615463
31.4096186363
31.8869067485
32.4122060196
32.1891525486
32.4615174548
32.7545573124
31.7389838590
31.4010520981
31.0060603859
30.2437998753
29.5276851978
29.9916853227
30.8126159915
30.2218004606
29.7552655762
29.8423001286
29.5311349304
29.2580440134
29.1533954715
28.8120716402
29.2148100544
28.9721186166
28.3060046903
27.8396919473
27.8665996192
27.9012658606
28.3392350055
28.4623020520
28.4621602297
27.9305813433
28.3586976082
28.5222327878
29.3903114843
29.0405641068
28.2696198534
28.4900935493
27.7034070959
27.5209640789
26.9240400256
26.9996264410
26.1338280676
24.9539892175
25.1355328265
25.2321882671
24.9718348549
24.7264059661
24.7205833193
24.7808691876
24.9936449304
25.0817461658
25.2029705088
24.6360596085
24.4699343357
24.5173390484
24.5513382575
24.7323428217
24.0595150784
23.7665461143
24.2095818154
23.4470596027
24.0313566104
24.2201035730
24.1442337630
23.4818260981
23.0384039814
21.8318094153
21.8817239114
21.6285710964
22.3434601445
22.8479871210
22.0068737508
22.0369000039
21.9956608728
21.5308219658
20.4657777785
19.4310384709
19.4678831408
19.2653588875
19.9835659976
18.7918693370
19.1493037023
18.7829054998
18.1805629370
18.2978397093
18.5309483756
18.3143563068
18.3995533243
18.5292277553
18.7700663460
17.5859454907
18.1443986960
18.8844088437
19.0714203929
19.5401910763
19.2331786868
18.8591416164
19.1632439887
19.5403738861
19.6734828514
19.9464662168
19.2813745467
19.4565516348
19.4850315384
19.6642019304
20.4362269477
20.8136837352
20.9961691525
21.0792749564
21.0060055781
20.8226130577
20.5405881408
20.4897530486
18.8010436379
19.1768841760
19.3288296442
19.9383575131
19.4887985647
18.6479232194
18.0527343518
17.2178423115
16.6430569369
16.4221854806
16.6297971554
16.0338371579
16.0913028830
16.6117935601
16.7103764797
16.6758789611
16.0144821221
16.3931087240
16.3183877337
15.0348243960
14.4711290820
15.5292208272
15.6148495456
15.0289236451
15.5064177250
15.6744155037
14.9177283579
15.4587840077
15.2661292849
15.5028470918
15.1739822097
15.4382080146
15.5000676584
15.8153638087
15.5957048859
15.5394192301
14.6607753038
14.5874664326
15.3926096519
15.5047332810
15.9173672853
15.7312302768
15.9187287195
16.3881330515
16.8147954774
16.9507599100
16.2972466246
15.4951898969
16.2193330353
15.5947219284
15.9298313065
16.6925497834
16.6289147368
16.4847878521
15.8051187349
15.8561954331
16.2846445159
16.1361953802
15.7086047573
16.2553027498
16.5643577599
17.7409107907
18.5633574914
18.9015322813
18.5023605845
18.3743017043
17.5974013563
18.0965168200
18.5325691051
18.3962904189
17.8561630882
18.2543539688
17.2992474182
17.1367346642
15.8924946220
15.8087469437
16.2392921127
17.3384734620
16.8662350827
16.2210555594
16.8753585633
17.4019975318
18.7397091382
18.4431903451
19.6054977185
19.0037194218
19.3354549012
19.2707987001
19.3116768592
19.4662425993
19.5928752165
19.8037639937
19.7294105447
19.0708472178
19.5332459215
19.2956222378
18.9850345976
19.0904856621
19.4617608164
20.1885295843
19.8103274049
18.7327398473
19.0148805621
19.4816928693
19.5179708974
20.3980949552
19.9178095581
19.4592298182
19.8293776772
19.2754549664
19.1920331700
18.5867993074
17.8371406637
17.7007910221
17.1315972864
16.2167207962
16.9469062623
16.8148655838
17.2064748395
17.2518514158
17.3775639781
17.9250355698
17.8313086993
17.8105974612
17.3536187580
17.2578113444
17.2118214722
18.3116705807
18.9066587902
19.2986009617
19.7259889030
19.5084004027
19.9384524042
19.7008355237
20.0427532767
20.3348370015
19.7968546243
19.3664846497
19.3772177540
19.6805383234
18.9551178365
18.8675517337
19.4504917557
18.7680865732
18.5782531891
17.8573539737
18.4624299822
19.1990178693
18.4231834210
18.1603928942
18.6484551943
18.6456969826
18.3321403342
18.8751441289
18.7005309086
18.5786696718
18.9421420417
19.0676117876
18.3791702404
17.9692495138
17.9952544466
18.4425750289
17.5578844289
17.1592813244
18.0232385232
19.1089951897
19.2241456656
19.5413923709
19.6884947148
19.7408347375
19.7112995147
20.1313646347
21.1232201573
20.9400517641
20.9237984831
21.3222673388
21.3238405542
21.2459696572
21.3784165683
20.5977316009
20.3402265573
20.3746367764
19.8143488763
19.5009811368
19.9373560694
19.5064661495
19.8072771769
20.6733156775
20.7110364189
20.8100386372
20.2930561462
20.8164665143
21.0828644674
21.6574839202
21.3329439401
21.5368081920
22.2120441776
21.7646448379
22.0147487003
21.6439057500
20.6773104816
20.3767469719
19.9106094507
20.1743059978
20.5347990143
19.4155199731
19.6836133842
19.5229244371
20.2936725232
20.4651524909
21.0987896525
20.9134968846
20.8023123451
20.7626435187
21.8556072153
22.2631500189
21.9220495493
22.3619249047
22.9939466313
23.8618906823
23.9480276584
23.0709280842
22.7665968006
21.9587881409
21.5168213975
22.9591047797
22.7740065772
23.0480696556
22.9434525964
23.2165719711
23.3030606007
22.9293758934
22.8760791076
22.1326428763
21.5578407321
21.9465837435
21.9276253083
22.6505610145
22.7435599553
23.4327838452
23.7344729638
23.6139093119
24.0954233968
24.0413603558
23.5524144843
23.6438696627
23.7100796900
23.6872883703
23.5063955393
23.3826661147
23.4215558717
23.0482762219
22.4166478045
21.6550557621
21.5568035189
21.0890023817
21.0390366357
21.5301364846
20.8610294464
20.4076730546
20.4975064863
20.2304314704
20.5987262086
21.0005952375
20.9166254293
20.1885547732
20.0181961261
20.8324833675
20.1142713463
20.0169848607
19.4092306697
20.0045922056
19.4083242261
19.1906059303
18.5375406563
19.1366640555
19.0727643932
19.0664107717
19.2731424293
18.6527884651
19.0460425035
18.9954954614
18.6460836708
18.7620108156
19.3957237378
20.0354561995
20.2078192078
19.9524042472
19.5751277725
19.5191390985
19.0942800635
19.3255030845
19.3982246260
19.7885755223
19.1513489401
19.3354305578
19.6929843158
19.8708041634
20.4532977319
21.3543198613
21.1165439245
22.0507715319
21.9479371631
21.3589130932
21.7428709375
22.2050808183
23.3980133319
23.7417641018
22.5906652537
22.5500915666
22.9917095119
23.7222584280
24.3730646719
23.7161017611
22.3037045863
22.1386612312
21.7504097563
21.3845962514
21.7147859245
21.4037581989
20.9281296711
20.6699609308
20.6310303455
20.4387926087
20.2468639738
20.4786916610
20.2973034530
20.0266905943
19.3782102921
18.9537169009
18.0869669969
18.3803152046
18.7924744606
19.1140891003
19.8404150419
20.0789702235
20.1346607561
19.3405149471
19.3994175300
19.5971339703
19.9101863905
19.2951554178
19.5274225247
18.8206564934
18.7077423697
18.8079067510
18.7070176083
18.6170179847
18.4188059565
19.2219761514
18.7328553018
18.6792871946
19.2625439235
18.5848085308
17.9159294288
17.6622287801
16.9069598305
17.3932613786
16.9012834260
17.1700020956
17.7515963337
17.4272432442
16.8744878363
16.5386067789
17.3211630251
17.7539227530
17.6937157830
17.9485699387
18.2978701125
18.3429788860
17.7126865605
18.5512721417
18.3174709742
18.1603638219
18.3172369831
18.5266085823
18.1159000066
18.2382861992
18.8352380079
18.3984957626
17.8614922965
17.9448479064
19.2761592463
19.0229422112
19.6346857346
19.5689866020
19.3285299969
18.6528703097
18.8457622220
18.8532596086
18.6727162970
18.0855410063
17.1998338211
17.7076163011
18.0888778242
19.0086934493
18.8402155148
18.8147487415
19.6130320306
19.2907908929
19.1043885370
18.9817747071
19.0472371200
17.8377975983
16.8334366750
17.0839700372
17.2529654101
17.7892203249
17.6354057339
17.2758314266
16.1069435868
16.5491290611
16.1172803636
16.2348745245
16.6561020838
16.2001070042
16.7635221957
16.1984706970
16.0947538037
16.5723803948
16.1662068840
15.4963406217
15.9747454939
16.1899438820
16.2208756710
16.6775436818
16.2377569534
15.9300090705
16.2404106224
15.3526956129
14.7632010905
14.8298923066
14.2291255161
15.4217939299
15.2435785001
15.3115587366
16.2909971000
17.2511667693
17.3520014001
17.1848759161
16.2975769701
17.2926779266
16.5915217496
16.3219359134
16.7866990920
16.5126544340
16.8289535170
17.0686445163
18.2030150565
18.3355656730
18.3975465091
17.4910872225
17.9855915113
19.3659830682
19.4813178348
19.1680035737
17.9612819869
18.1359198839
17.5459739374
17.2848026467
16.3224595597
16.6217941198
16.4912992273
16.1906792197
16.2347721804
16.4846152890
16.6946334153
16.7434020151
16.5960287255
16.3526495887
14.9895835512
15.4612978118
15.5842854020
15.2230480255
14.9762616597
15.0408501805
15.5186149356
14.9701595943
14.7270167820
14.2856179143
14.3559952213
14.2613120831
14.6533857150
14.3017152819
14.5541441908
15.3290320089
15.7949232147
16.0362293935
15.6083071217
14.7058042668
14.3069920947
14.1137047823
14.4418156479
14.5917684575
14.6440925787
14.7862882170
14.4048848522
14.5117123545
14.4391325548
13.8231279133
14.8622022055
13.7254010152
13.9106594837
13.5867829365
14.1586586255
14.1600244139
13.7750142550
13.6009609422
13.9181319660
13.2978432956
13.7466077436
15.1787447705
15.7352309661
17.2817344191
16.2827228779
16.7074699563
15.5420452257
15.6435333523
16.0534309910
15.1822474896
15.0946457233
15.9613051082
15.3839243500
15.0092587002
15.5859677209
15.0948755530
15.3316331782
14.9959867116
15.1410017865
14.7402378493
14.4668785755
14.4314051181
14.3112099049
14.3480465254
14.5280619312
13.2025576157
13.4817523002
13.1984629864
13.6752727173
13.1839989011
13.5251734483
13.4154453295
13.6918158667
12.9357196747
12.7301554068
13.5447270413
13.7783226210
13.8697440955
14.2436303162
14.7380068573
14.7036959522
13.9322327917
14.3056351593
13.2383965705
13.2993481885
12.8523384208
12.6152025347
12.5033903027
12.2687756296
12.0540949935
11.4725082557
11.0896501999
11.5145174061
11.7917162374
11.6119592621
10.7090270651
10.6924409508
11.1900371429
11.6492446134
11.9867418020
12.0636242695
11.7763616908
12.5958140389
11.9497069660
11.5488457601
11.4114570866
11.3658860797
11.4404709071
12.0716889761
12.3239781581
11.6208247060
11.7341488158
11.5812466960
12.3880565017
12.9886677145
13.7985509910
14.5335323189
14.5704973963
14.4216570697
14.5414700402
14.1327989890
14.6973141743
14.4522314261
14.9796602137
14.6861485025
14.3765100901
14.1563231435
13.3373728788
12.2177255448
12.2783125417
11.9656979316
10.9965794887
11.1587109534
11.4289620191
11.2836913340
10.8542737350
11.8636790500
12.3234670431
13.3045989201
13.1961688198
12.5253531467
12.6188404810
13.0982348934
12.5700184579
13.2711312370
13.3779856632
14.5160709267
14.3397398157
14.0090612749
14.1346393749
14.0110855757
13.7732671906
13.7633282156
14.2611242235
14.3764462723
14.7082892106
14.5441588136
14.5719408564
14.1572347647
14.7290744207
15.4028660004
14.9319405935
13.6158180314
14.1449975407
14.3926699935
13.9205374870
14.2188610230
14.3528882751
15.1922294367
15.7774115481
16.3379649515
17.7023265882
19.0091402834
19.0331328110
19.3289871115
19.3755975948
20.7837549730
20.7389120507
20.6867309942
20.6607548280
20.8533336821
20.2675072421
19.7286123312
19.8541619847
20.0460826054
19.9635753059
20.5624192391
20.9472436737
20.9447469846
20.4611512891
20.6876154235
20.8134770024
20.6366968501
20.6046231101
20.3045732202
19.5445840512
19.5665714325
20.3791131265
20.5769940784
20.8014899570
20.6685325813
20.7383896973
19.8030931198
19.4269455716
19.6708786296
20.0501001843
20.9654710593
21.6731149161
21.0140419218
21.0856310133
20.1067448034
20.1502139500
19.6692252627
20.4419358862
21.1307937502
20.9797609472
20.7086249521
21.4839778203
20.9372103856
21.6569863431
21.0750920079
21.0408238127
20.6211186735
20.9472100707
20.2637582967
19.9371432856
20.9553320318
21.4272027978
21.0673649451
20.5981163927
20.3289311477
21.1683925349
21.4735810777
22.1846283085
22.0919501096
22.9897808295
22.6330975433
22.2798642463
21.9928932265
23.1854395073
24.0269751706
23.6278567605
24.8558316739
24.3125971264
24.0251232295
23.4954269421
23.3588319647
22.8771367309
22.5358443071
22.6203584002
22.2643189543
22.3334802329
22.8490541749
23.1284601891
23.0128790273
22.9081552366
23.4084687921
23.4810042898
23.2865689708
23.2096516316
22.8987919216
23.3279484919
22.7168137920
23.4525411874
23.2282266497
23.2373850013
24.0109243641
24.7216849607
24.3427350256
24.5223373807
24.7275992133
24.5592324841
24.5556452754
24.1704823055
24.5633473813
24.4468417878
25.1871494301
24.9371477155
25.2145910903
24.9085795106
25.3412615639
24.9746515549
24.3167348635
23.6676446787
24.5748480274
25.3018472066
25.8925624079
25.6845468760
25.2435172397
25.0223069739
25.0854832935
25.2292264569
24.5591271701
24.0965801771
24.9615614833
24.3747996424
24.0501104309
24.3537010830
23.7564645588
23.5397285745
23.4882590674
23.7810549987
24.1323023528
24.3572561556
25.0548602766
24.8829914762
24.7969841500
25.6058001423
26.1197234706
26.4659866792
25.4555590395
25.0068727590
25.4298625268
24.7088208527
24.8780886414
24.1423527332
24.4254256845
24.3745075395
24.8545342181
24.9063410314
24.5266686497
23.9582650430
23.6936416341
24.2063021498
24.2808146912
24.5820075829
23.4825860543
23.5523454525
23.5130780060
24.1899624707
23.4614162689
23.3883119494
23.7979076055
24.1114342125
24.4113983028
24.4872202533
24.7312533708
24.8795591479
24.5864075108
24.0868109702
23.7677111732
23.9076750088
24.6956944692
24.4730647865
24.7953474608
24.3729102816
24.1291517398
24.5340286978
24.4232854718
24.2656963253
24.6404999004
25.4406523543
25.5177298833
25.7308341574
25.3383278876
25.2175515196
25.0282180012
24.9670582442
24.8288194286
24.8085426249
24.4495163677
24.4150524175
24.2647203770
23.6161020379
24.5375288922
24.9647730820
24.1646122311
24.7796415286
25.0912012566
24.5571920274
24.4714000471
24.5181760578
24.7056745268
24.4598920230
24.7257345017
24.7020653763
24.4812346220
23.9918855547
23.8608467984
24.8625938854
25.2454961443
25.7071406010
26.0294899039
25.5995231507
26.7770516141
27.8527562363
28.5943632495
28.2192373406
27.9234282431
27.9660021188
27.4742555999
27.6745799542
28.5621989172
28.8372338653
28.4206280655
28.4371479350
28.4321045548
29.0144293772
29.5986197259
29.7070216385
29.7511376821
29.4261189795
28.4517937984
28.7791427288
28.3756213078
28.7870823561
28.3125219579
28.9138275830
27.5442963002
27.6996562271
26.7230214640
25.6561874090
25.8302987079
25.0866672175
25.2884499012
24.5336635403
24.0854857805
23.3972957976
23.1098126391
22.9120766676
24.1013623886
23.8792586487
24.3270322385
25.2618265064
24.9834409024
24.8536793773
25.1315826802
25.4740957295
25.5952865624
25.7885992228
25.7523090328
25.5778640028
26.1419799298
26.9676253040
27.1303070897
26.9941858063
26.7177884767
26.8184380818
25.9654986920
26.3500852744
26.0763029049
26.4290702043
26.0648814065
26.4984047568
26.7692843467
26.8029424858
27.0192948495
26.5260034457
26.0317837240
26.5511405217
26.9702308471
27.6197769396
28.2607952445
28.3678005237
28.7088335527
27.7368951165
28.0823897011
27.4196860496
27.3252267724
27.2253651765
27.6438900884
27.2672919254
27.3026606337
27.1873206302
27.4533503503
27.0036692101
27.1393762479
27.2718947992
27.2550784552
26.8739127299
26.2707186417
26.1322205077
25.7042579462
25.9101286087
26.0442555328
25.9432468536
25.6862520661
24.7844300217
24.8373819088
26.0972791948
25.0302792568
24.7714363849
24.4631889775
23.6338048969
22.9357500002
22.5300669884
22.4279730424
22.2568955632
23.0691353145
22.6100677533
23.4250584079
23.1638093367
22.7286703383
22.5591921312
22.7846018667
23.6369795828
23.5947903454
23.7295302084
23.3255181643
22.6945067774
23.8919653823
24.8703088918
24.6549442906
23.8936384984
23.8776118572
24.0169376087
24.2985507496
25.1993433534
25.6480398830
25.3030432342
25.9148183483
24.7760466848
24.7973651038
25.1441115565
25.3774021898
24.9376621557
24.3304265039
24.9211158841
24.7026921348
23.8544420894
23.3008160563
24.2081459906
24.6116051547
25.4051575856
25.7629261605
25.7238151799
25.8015238325
26.1634722360
26.5169598910
26.9602928535
26.8548562711
26.3047935120
26.3705294851
25.8794361555
26.4077028458
26.5845845587
27.1201425567
26.4008948861
26.2606958278
25.5568650982
24.3766263084
23.8562827212
24.3478996473
24.6284879137
24.2260500076
24.6681843109
24.3351641975
23.9099763362
23.9917944342
23.5562818889
23.9891790384
23.5317349060
23.2015970062
21.8917633111
21.2344252098
20.7065300838
20.4823407331
20.8860077538
20.1110924410
20.0905422747
19.2716906981
18.9623452029
19.0030465880
18.9052692048
19.1878555618
18.2355279313
18.1486405353
18.2052501312
17.5522059869
18.4555380855
18.9514695557
18.4721469501
18.7404221690
18.2487350268
18.5555541391
17.9805468903
17.9662016329
17.6983125914
17.3788650367
17.7736383844
17.8448398127
18.1397344647
19.2546033760
18.8026598335
18.3341966675
18.6047560685
18.3549045363
18.2889192364
18.1647453051
17.2675436392
16.2726417303
16.4903944694
16.8430239439
17.2962252570
16.5405977465
16.7741493703
17.3361059757
18.0484292599
18.1726918365
18.7720607553
19.3709300686
20.0870779134
19.8490343899
20.0469396044
19.7579053029
20.1529410001
20.0715121485
21.5275463376
21.2227188422
22.0984108805
22.1938398037
21.8662889524
21.9789045395
22.9516376782
22.1745221367
22.9750105493
22.2957845736
22.1487265290
22.3942784807
21.6762854586
22.1008029048
22.3550333776
22.5942994199
22.5908650993
21.6675973814
21.8619813999
21.0201176182
20.4688598748
19.9549180721
19.7899657444
18.8838868169
19.1225697313
18.9924211509
19.3121683904
19.2369571800
19.2979218755
18.8277701175
17.7275012814
18.3022846221
18.1478855632
18.0205124343
17.2265939627
16.8931502583
17.7619259400
18.0222401744
17.5402272821
17.5705215805
16.8103731374
16.9881115434
17.3875881272
17.1356325799
17.3720885822
17.6133011105
16.5132714638
16.1880146575
16.2746611889
15.9586631786
15.6678998604
15.6572930940
16.4746405630
17.1316511180
17.0266450241
17.0650275962
17.0317088557
16.8043242623
16.5824632093
17.2258779331
16.9697514445
16.3815215096
16.8546934486
17.5046623663
17.7840481260
17.9491978217
17.4990601789
16.6126949974
16.6512588820
16.8946236996
16.0924831717
15.6726243399
15.8032780676
16.1723120646
15.7055834021
15.8380966375
15.8059932392
16.0645157941
15.7345575265
14.4690595578
14.5961685442
14.6919387019
14.4670472608
14.1677832280
13.8048816636
13.3798496184
13.1953372158
13.1349555944
13.1632054427
14.1147083235
15.0064390613
15.3728148539
14.6484094235
15.1835040505
15.5744770208
15.7186695753
15.7198506046
14.9803113173
14.4980851368
15.1412058861
15.1388755509
15.4232592188
15.1932380863
15.2059208319
15.6204509320
15.3877714852
16.5196955234
17.1244523169
16.9419163159
16.5213309662
16.7567656906
17.4496658342
17.5359687912
18.2369224038
18.2361538654
18.0218109121
18.1061574847
18.2910101789
18.2610526728
18.6212849631
18.2905931930
18.4893915928
18.6963960262
19.0330920234
19.5557837646
18.9647036360
19.1090208436
19.5062365257
19.6334464470
18.5939320893
18.6166834116
17.4704810625
17.2536691721
18.2913798203
18.4074699389
18.5162444347
18.0126289246
18.5913664334
18.2479600841
18.8041191824
17.2121342068
15.9516500258
15.3336727891
15.3961498278
15.4457349549
16.2570722608
16.6320478931
17.0746869227
16.6494899919
16.6439003330
16.4966346176
17.0891267903
17.1561386825
16.4463421567
16.4897097776
16.5116422817
15.7842884780
16.5398406496
16.0021724846
16.6702218356
17.5044482067
17.4189842446
17.9282560123
17.4835705901
17.5577868267
17.5148633712
18.1738320606
18.1278868999
17.9074644370
18.2512899654
18.4281463107
18.1758213003
18.5673800510
17.9011227605
17.8307226448
17.4656675676
17.6866474580
17.1750088375
18.3359474529
18.0835594645
18.1201842651
18.6556885171
18.1715552740
17.9549645312
17.3778682463
17.0098072720
18.1909025483
17.7242839239
17.3159930262
16.8036506712
17.0376746952
17.5366777834
17.1928896932
17.2688187709
16.7599499893
16.5239614202
15.9340221367
15.9303492124
15.7911441673
16.1987056342
16.2595567829
15.6537208380
14.9638987064
15.6154602259
15.4457416079
14.3286864615
14.0817439763
13.6980121815
13.5532394093
13.8814975287
14.0466375845
13.8922973882
13.3665669602
12.0615550601
11.6513380439
12.5551499418
12.5331522234
11.7423508087
11.2938959247
11.6046228673
12.0439806364
12.6212650841
12.6661189789
12.0540098180
11.7175085879
12.3545164092
12.5086163103
12.5551317715
13.5444262776
12.8331089965
12.9192165833
13.3816992365
13.1340538360
13.3883337989
13.1023132749
13.5401473781
12.8886724149
12.2914242670
11.6057714930
11.7420222931
11.9576541110
12.9271005936
12.9351863305
13.1914578653
13.4260306280
14.1259839938
14.5023743873
14.7541135493
14.7156753388
14.1826456111
13.6684068493
13.1541374495
12.7234065634
12.7880196346
12.7308516294
13.2988189723
13.0853560256
12.8510576804
12.5190141958
12.9728528967
13.5210044811
13.7374656271
14.2127413471
13.9725194819
14.2008130036
14.2070608237
14.2101105324
14.2620875419
13.9566560944
13.8713800730
13.4941765197
13.2217227657
12.9988610936
13.4636725193
12.6819452404
12.7941356399
13.1760012963
12.0388556036
11.5395170281
11.3219372432
11.5451977489
11.1172158167
10.9136236224
10.9517010848
10.6725485760
10.7436181238
11.7101549007
11.3589034475
11.8489236459
11.7000328128
12.0557936639
11.7255090088
11.3790251903
12.1863925470
11.8036887765
11.6916177907
11.5947784143
12.4693367300
12.2459135082
11.0751122962
10.9000572319
10.2248351902
10.7853167134
11.3624391071
10.9829607939
10.4846629638
10.7976334879
10.0080355265
11.2547264133
11.2727442203
12.0206318489
11.2868013353
10.8302523095
10.0866035527
9.4864667455
10.4229022885
8.8177239691
8.1435271335
8.2805578227
9.0361238255
8.9231855351
7.4692303922
7.0670823126
7.1502807960
6.9485240649
6.8835211944
6.5667782950
6.1579313985
6.3795871457
5.7041365909
5.4648210106
5.5210012332
5.4123619773
5.3804510433
5.6331290648
6.0795948702
5.7321602962
5.9747907410
6.1101769910
6.1187662579
6.1442005332
6.1435379194
6.3933492079
7.0154448438
7.4371626993
7.8189012380
8.5031976726
8.3989799173
9.1851553694
9.0303299436
8.6027256159
8.2261727878
8.9696373117
9.2633108690
9.3827797757
9.9751771606
10.1535547809
10.4674796168
10.9427486288
10.8428940798
11.2511589518
12.2557922956
12.3342724754
11.9470828071
11.6369206615
11.5060266128
11.8229733009
12.0531635697
11.9073213959
12.1183517642
12.4976429629
12.1573915275
12.2524731987
11.9249431178
12.0831495678
11.9189626538
12.3818693466
12.3653833067
12.0412323628
12.2397707671
11.7595965327
11.7131754227
11.9219493281
11.6482471346
11.6324996269
11.8169404569
11.6125342922
11.7890550547
12.2137281603
12.3715510449
12.8271293511
12.1856143140
12.2178979359
11.1814220024
11.0205851280
10.4337741258
11.2365333174
10.4815240736
10.7493730558
11.0037738128
10.3004086890
9.9579477998
9.9896022565
9.7370723012
9.0320476312
8.9877368702
8.9091114141
8.8565821998
8.9689550376
9.2997837140
9.1923265867
9.8213482250
10.0210555080
10.1035263393
10.1909533991
10.6406434305
10.8402830776
11.1298950940
11.3318587502
11.7098639452
12.2455366002
12.1274677841
12.6779047120
13.1259446492
12.7868294982
13.3180318506
13.8354501123
14.3322897594
13.9757775457
13.9472366165
14.6863119189
15.3826327144
15.3237746130
15.4834831803
15.2112850678
14.7879200754
15.0306963924
14.4389979027
14.4945209039
14.1905058377
13.7839794922
13.5556652970
13.0493819026
12.7645120829
11.5247354994
11.9426012066
11.6045310207
11.6066599155
12.2702841843
11.6812687725
12.0600928290
12.3519520581
11.7666966519
12.0184140273
12.0065887778
11.9102862853
11.4937621474
11.0477654269
11.3822748793
11.4951965426
11.5509048995
12.0540969321
11.9444306638
11.6990101739
11.3842409459
10.8786378549
10.3345383387
9.8836625366
9.8866819994
9.3583207656
9.4586373161
8.5700640586
9.2849792777
8.4932712149
7.8530012265
7.5214208027
7.4401317517
7.6175486038
7.7670977744
7.7288865744
7.7933730877
8.4759391927
8.7545270495
8.9210267258
9.5238778183
9.6676664651
10.1650100004
10.0201791840
9.7913842527
9.1709132690
9.5142863831
10.4021361133
10.2204209040
9.8355238531
8.9609945970
9.4651469633
9.6288848808
9.4842166132
9.2390478187
8.9078204764
9.0655920977
9.7517025539
9.1185441100
9.2804838506
9.3190893608
9.1563648673
9.0817583040
8.4196118549
7.9243347264
7.9110945144
8.6771510364
9.0478213969
9.3494099593
10.1377261413
10.0763505673
10.3140011368
10.6122561792
10.9878130209
10.6697825508
10.8785875060
10.7980997604
10.0354369329
10.2634631682
10.9502403554
10.8914841826
10.5744604830
10.8474679142
10.4252968032
10.2688573557
10.3052880364
10.7390880088
9.4832708146
9.9255365599
10.1010975867
10.0549657147
10.9323417656
11.0868873382
11.4870287434
11.4866486574
10.9832975402
11.1819096230
11.0745633166
10.5066796129
10.4562617405
10.4033682587
10.2174588211
10.4762509682
10.2757410273
9.8087000539
10.2863488830
10.2892223142
10.4649837557
10.5738039898
10.5802033064
10.9825603311
11.1413243875
11.5298116991
11.4462583194
11.5634200592
11.2594246585
10.9108786131
11.6297911794
11.4153254807
10.7775800795
10.9448823550
10.3424856146
10.4088655033
11.2503857278
10.9145273924
10.7591953197
11.5109374652
12.0829930486
11.7763370497
12.3905356927
12.2822185693
11.5803951929
11.4325067599
12.4881734285
12.4751757175
12.7488097945
12.5820174901
12.7414559324
13.0482749564
12.1948310814
12.1061476221
11.6472033756
11.6076477180
12.5481714354
13.1120549439
12.7668314048
12.6439852804
13.1353674815
13.5434099888
13.1050616576
13.4577948249
13.6609517709
13.1077205320
12.5810385138
12.5995101102
12.1620810405
11.8348604549
11.5865431899
11.1336700540
11.6049957205
11.9713449012
12.7459916729
12.8350166097
12.5556521077
12.4650704204
12.4982510058
12.4583729965
12.6531514383
13.5048610444
13.6106133266
14.5360001774
14.5242182748
15.6452591157
14.8152708734
14.2951004761
15.2982176888
15.4507107876
15.4105539340
15.5215756832
16.0391775035
16.6555238891
16.6203335518
15.5995914789
14.7847172395
14.1174994946
13.9899048651
14.5336561336
14.3536728513
14.1510565868
14.3085150687
13.5138733868
13.2144824012
12.6372097612
12.7788612605
12.9986898554
13.9844100614
13.2309442485
13.1981562421
13.3877133757
13.6092820299
13.4112093249
13.6527832766
14.1898324918
14.0568019014
14.5502018337
14.0229336766
13.6060067890
13.8743758746
14.3915503205
13.8074792357
13.7471287653
12.6029450549
11.4546351022
11.8864711190
11.4598786990
10.7258434954
10.4867080921
9.3887434999
9.1376506846
8.9882558971
9.4066795413
9.5589669512
8.8867948094
8.9373629627
9.8890731381
9.9596756188
9.7402323070
9.8329798578
9.8159606607
9.4143038901
9.8865039126
9.8068624226
9.6415854206
9.0173425198
8.9681275733
9.5869956386
9.1251436882
9.9746064132
9.7760926319
9.9407775023
10.5009018465
10.7977962640
11.4243319250
11.7915851917
11.3811039930
10.9658709236
10.5882228978
10.7923010659
10.6079262049
10.2517694528
9.7300526333
9.2563706409
8.9045767735
8.6239009116
7.8732787927
8.7607133555
8.4989341887
7.2923124710
6.6700884035
6.7188172265
7.2205575566
6.6996314979
7.0953550672
7.7826538751
7.5501615810
8.1703112706
8.1898923977
8.4987040039
8.9697181999
9.3033020659
9.0318229719
7.9582428575
7.9601647378
7.9983267412
7.6949449043
6.7680404484
5.8129545811
5.2126026605
5.2524516615
4.7400280418
4.8563622341
5.2348167778
5.2312754220
5.1066122086
5.5418382742
5.8017454085
6.0999741711
6.0669233988
6.0098023286
5.2618029697
5.0054335425
5.2015575249
4.6801391121
4.8350388636
4.7869870850
5.1297076197
4.7662935149
4.4981616989
6.0419827544
6.3456884659
5.8661321219
6.1585208318
6.2788612903
6.2795647095
7.2386735427
7.1601575601
6.9446709630
7.2218943110
7.5031563971
8.0040632948
7.5206015011
8.2569180708
7.9766772772
7.2302209970
6.8707099395
6.2468982720
5.2746659350
5.7468723361
5.7861744002
5.0037271444
5.4909398933
6.3192392537
6.8280859638
7.5037397464
7.5857718104
6.9885715782
5.8070714268
5.6043339672
5.3630174634
5.7501294858
5.4528270186
4.9877704831
5.2803383746
5.2351461413
5.1604760023
5.2245839736
5.1299411896
5.7630508769
6.1259610035
7.1248768810
7.2754274915
7.2026232830
7.7551618529
8.0256315718
8.4622822155
8.4092666778
7.6419183186
8.2790105075
8.7950485752
9.5415984233
9.2891295227
9.2772589952
8.9072739754
8.8084034197
8.4502869118
8.5514322879
8.9388689787
8.7317146095
8.6031489600
8.4648389215
8.4721274935
7.9262972636
9.2315756894
9.3169787510
9.4378721702
9.4265414302
9.0288997083
9.3350280848
9.3748138040
9.4758458668
9.6544558347
10.3287979600
10.2380646547
10.7355046213
11.3698095705
11.2812805894
11.5534417470
11.8497052345
11.8128056236
12.4372366816
12.6307922060
12.5294220779
12.8285585359
12.4849513299
12.5534476634
12.0099783475
11.4670918274
11.1843439019
11.0051690514
10.1795267431
10.0988208927
10.5255736700
10.6475304332
10.9332938734
11.3066653932
11.3604962218
11.5338565671
11.3521109818
10.4539672593
11.2036593684
10.7993309733
10.9993261170
11.3898926685
11.4106894682
10.4385628064
10.1845397205
10.3458568789
10.7230835949
10.3267347223
11.3741816995
12.2419791565
12.8561650485
12.5148802443
12.1588660496
11.9248496963
12.4465713357
12.6353509335
13.1629073211
13.0995241123
12.4494092813
12.4850436162
12.1355466636
12.8509368777
13.3959949594
12.3839063943
12.1658018269
11.8595511993
11.8505303242
11.2093463120
11.5784676412
11.2429549881
11.4011229980
10.3148661024
10.3650069118
11.0372701401
10.7398167912
9.8939553929
9.4214255260
8.5169312001
8.7147931669
9.0365423522
9.5024433971
8.8872813947
9.6489217213
8.8587372476
8.9020033989
8.1294389991
7.6371857625
8.1197760489
9.0297756026
8.4863615275
9.2488193100
8.9370980950
9.4354392121
9.3424669008
9.0092585679
8.9932599071
9.0385392671
8.3965599571
8.1004165386
7.6752934717
7.5379867850
7.2655392866
7.9732436827
8.1709426915
7.7150050451
7.2867814789
7.0438870560
7.7335930132
7.7660401723
7.7369828351
7.3682297069
7.0435713387
6.9162557761
7.0804615856
6.7856868151
6.1738988986
6.5607564408
7.2607609450
5.8108128370
6.4019747993
5.4139104937
5.2903328052
5.2710239809
5.4148836053
5.7703144528
5.5096142102
6.2132427473
6.2461061128
5.4313305898
5.4923822161
5.5255046345
5.3206726702
5.3213090098
4.3188489467
4.9418224479
5.0560894969
4.9319956279
6.4227644144
7.5788880509
8.0882037099
9.3410590326
9.1133806698
9.6654953560
10.0390412002
10.6863519069
11.0158305164
10.2745076858
10.0780398828
9.4241428647
9.3338644392
10.0393719331
10.1405903396
9.3730631383
8.8970856722
8.4200311213
8.1862231528
8.4040826729
7.2199748249
8.1481460552
8.4021589724
8.2912661460
8.0213818090
8.7379073316
7.7549635308
8.1373235497
7.6398664629
7.5445870646
7.6411639987
7.2906929185
8.0213522607
8.4686339838
7.7638300141
7.7901271374
7.3168702954
7.5695946334
7.5434809869
7.8020140804
7.6559917832
7.7847447244
7.5747574105
7.2464817663
7.1283809984
7.1868418891
7.3877164656
7.8921415327
7.5705464450
8.4044764589
7.9848921250
6.8246206487
6.1244438020
5.8455899367
5.7269901153
5.5068311326
5.3399049622
4.5964626709
4.0789713447
4.2939627920
5.1424518945
5.8682984146
5.8927156688
5.4645643475
6.0620678051
5.0892385016
4.8507039458
5.2087321977
5.0755453845
4.8791031154
4.7578260589
4.9160755106
5.2171900848
5.2053104635
4.7891210087
3.7766975982
3.1955009210
3.0217736990
2.4410187340
2.3973737452
2.1424483962
2.5354788134
3.1016767515
3.1165519575
3.1580375560
2.0282212698
2.2831097956
3.0506559840
3.3605938761
2.8615620776
3.4537454240
3.5447616343
3.1240822915
3.2058995727
3.6652961450
2.9066824589
2.9567595387
2.9734424807
2.8607810210
3.4762334819
3.0792622066
3.1686714806
3.1475007985
2.7978235050
1.7191866607
1.5065815456
1.3710435242
1.1440180538
2.2365509624
2.5423810062
1.6202508895
0.9175245746
0.8061056405
0.6982830901
0.0734408042
-0.6587977278
-1.4955405157
-1.0495984667
-1.4444372705
-2.5027931030
-1.8179208848
-1.1385214614
-0.4607461031
-1.2971097519
-1.1209720889
-1.4520981472
-1.6651919182
-1.6037346566
-2.5137839795
-2.7580540538
-3.9428328440
-4.2747204007
-4.9054103480
-5.1849312825
-5.5762526061
-6.8820169678
-6.6167499215
-6.2024912473
-5.4956961307
-5.9825251558
-5.4614727990
-5.4578085094
-6.4159667441
-6.9838607407
-6.1842163116
-6.4343581292
-5.9168549852
-5.5231613208
-5.1053814180
-4.2704262894
-4.7817894998
-5.0185928019
-6.1052990323
-6.3107362364
-5.3447948211
-4.9719597859
-4.5865108450
-4.2736840778
-3.8266904353
-3.0816954821
-2.2357832157
-3.1493759036
-3.5910579450
-3.7985600800
-3.3081268777
-3.3717822003
-3.0748021076
-3.5928399639
-3.6503834287
-5.0580897637
-5.1509139987
-5.3130355576
-5.0807918962
-5.2580755338
-4.9452138879
-5.7208313260
-5.5908242487
-5.7209553091
-5.7333040297
-5.6915570478
-5.7256081809
-5.1697053766
-5.3499863398
-5.4331928125
-6.4375356172
-5.8987755521
-6.8182338001
-6.6438257224
-5.9726490690
-6.2963691330
-6.8713337051
-6.8250337772
-6.2758387010
-6.8799166353
-6.8194737607
-6.9812789768
-6.4178279296
-6.7888271877
-6.8756694769
-6.5935159317
-6.9721430192
-5.9031484786
-6.8186401704
-6.8608591680
-7.6226831332
-8.1048258290
-8.5839617123
-8.2150532132
-8.7147861671
-8.3734552672
-8.1997211842
-8.5588216802
-8.1710764059
-8.8907897471
-9.2150092888
-9.4769937911
-10.0669196281
-10.3487944268
-11.1584271195
-10.5567096178
-10.5482699550
-10.1710319844
-10.5877995281
-10.7649948006
-11.3439434749
-11.1753735267
-11.0337273460
-10.8403667504
-10.6905308633
-10.7845632634
-10.8367392082
-10.0815576063
-10.3400742992
-11.3385391343
-11.5184956797
-11.7101892096
-12.5763987535
-12.6952560598
-12.5682201268
-12.5451411548
-12.6716596911
-13.3003028926
-12.8010029140
-12.6167469346
-12.9603634706
-13.4401786056
-14.1688217902
-14.2581813491
-13.7096939647
-13.7998148185
-14.4327596531
-13.7200873049
-13.5540465232
-13.5117233767
-12.9291567727
-13.7323596870
-12.9746130673
-13.3988580040
-12.8615463588
-13.0217147780
-12.2467288428
-12.6313122659
-13.6377703628
-13.3356007898
-12.9859175425
-14.0713263110
-13.6343487981
-13.0399083349
-13.7747622980
-12.8299578599
-13.4489823668
-13.5562973705
-13.8320480143
-13.4323243262
-12.7508108090
-12.6059120213
-12.4263881213
-12.0253522842
-12.0632474712
-11.8671839543
-11.7181411319
-11.9011952102
-11.1564400121
-11.9373915807
-11.8965456647
-11.8250957867
-11.5150166450
-11.1899679180
-10.3979434273
-10.7816701209
-10.8771146870
-9.9679321034
-9.8582950016
-9.2470283143
-9.5042760484
-9.2088905224
-8.0065923275
-8.4326989708
-7.7755195624
-7.6955052573
-7.7894023366
-7.5387307299
-8.2719200636
-8.7547064737
-9.4074182058
-9.1160220708
-9.7832513438
-8.9708177077
-8.7039839329
-8.5608612922
-9.3281341718
-9.7280842477
-9.2306781662
-8.9255155670
-8.6101203454
-7.8087768439
-7.4151237249
-7.5385294518
-8.0550534721
-7.9607255211
-8.5356357906
-8.7055386662
-8.3878549884
-8.5921616919
-8.0296436751
-8.2922833093
-8.7039315730
-8.9887080110
-9.1639247089
-9.0047597030
-9.0595807278
-8.8177192209
-8.3532388114
-7.6156447278
-7.8843650717
-7.6453173264
-7.6708290569
-7.0612086299
-6.6976764616
-6.8148123297
-7.0954550404
-5.9739375589
-5.8515486497
-5.5308472986
-4.8974112076
-4.8777066151
-4.3032473944
-4.3584996208
-4.1212897513
-3.0267375735
-3.0882206338
-3.1132858117
-3.4589005966
-2.9369096852
-2.4326554328
-2.5912809259
-2.5756431795
-2.7250201053
-2.3077373502
-2.3767642991
-2.5586397746
-2.0427038320
-1.9175440642
-2.6500890105
-2.6948319529
-2.6279541492
-2.8554617965
-2.7128833745
-3.1446952835
-3.2894595426
-4.0607674624
-3.4397213611
-3.1325585971
-4.1135447296
-3.7107197936
-3.5415723807
-3.2914118033
-4.0580573408
-4.3256256840
-4.1926894948
-4.7018772356
-4.5546672588
-5.0838041354
-5.0971526325
-5.1314149344
-5.7557815107
-5.3426310443
-5.9124758599
-6.0709308236
-5.2527185337
-5.8685979767
-6.3665414219
-7.1108621015
-6.6647650507
-6.4240716792
-6.5870049885
-7.4954148824
-6.9310283593
-6.9371524235
-7.4920488369
-8.1749565244
-8.8566016841
-8.7688203985
-9.2924355579
-9.4330980532
-10.0957743071
-10.2582859810
-10.2756250005
-10.6945906173
-10.5195100597
-10.2403429956
-11.5205819456
-11.5825858886
-11.0652262981
-11.2326667700
-11.3511324440
-11.8148758587
-10.5669951523
-10.3908889221
-9.4681505401
-8.5158125840
-9.2039665367
-8.9717442465
-8.9122363012
-8.8678585442
-9.2085378894
-9.3586741716
-10.0028559140
-10.0830186053
-10.3081829630
-10.2817629071
-10.0495322265
-9.9241433339
-9.2842519746
-9.5023452577
-9.7894991105
-9.7221685463
-9.5878869920
-9.5780257346
-10.4966603596
-9.6357062331
-9.7682959046
-9.7513977779
-9.7606292996
-9.9974830539
-10.5960471705
-10.9607829326
-9.8496430979
-9.8732654122
-8.8817950325
-9.7982867528
-10.0590889042
-9.3578167007
-8.6219440216
-8.2904729725
-8.4212481986
-8.7239190879
-9.2657605932
-9.8464559568
-9.1345780708
-9.2026091054
-8.8011312433
-8.6845018895
-9.0815809074
-8.9911915023
-9.1376962926
-8.9979275584
-8.8127575341
-8.1812874170
-7.8555452499
-7.8445018003
-7.7072323147
-7.9107153596
-8.1454939626
-8.6656056022
-9.0379474275
-9.4028319691
-9.3773645034
-9.9010330407
-9.9655993631
-10.1214029913
-10.3459396954
-9.8867375604
-10.3112477781
-10.3060853390
-10.9597504293
-11.2079201721
-11.4904795484
-12.1956699300
-12.2483404437
-12.4323908010
-12.1155341158
-11.7003439940
-10.5614068552
-9.5853249622
-10.1090637918
-10.2052059593
-10.1664403251
-9.8073995917
-10.0425653451
-10.8370703079
-11.5800637256
-12.2934585841
-12.6755926235
-12.5741853072
-13.0206256452
-13.0047103096
-12.7439958626
-12.4138027067
-11.7835743372
-11.5227943319
-11.1264327021
-10.4306151692
-9.4899244895
-9.0361946710
-8.8829870014
-9.2999328804
-9.3909829813
-9.0672746133
-10.0362475385
-10.8773632209
-11.3665607083
-11.9338882461
-11.3134553634
-10.6473019764
-10.9688148824
-10.3683174941
-10.6221339932
-10.6463008108
-10.6324290609
-11.3530654937
-10.8996198652
-10.5658324318
-10.7447447478
-10.2014221255
-10.5382750886
-10.3649093106
-9.5198816224
-9.6076438097
-9.3416099905
-9.5422023440
-10.6021275369
-10.7283564468
-11.1583324445
-10.5903071982
-11.0238415402
-11.0165440908
-10.9384015553
-10.2663723893
-9.3158389811
-9.6440614799
-9.3461187945
-9.2582231944
-10.1669099305
-9.4341763303
-9.2657776292
-9.4835911906
-8.3717646683
-9.4570008042
-10.1515056117
-10.4524176503
-10.9078571760
-11.1548473744
-10.9725453005
-10.9149848617
-10.4781371725
-10.3382361722
-9.7728100516
-10.0536142143
-10.0218741984
-9.6535512318
-9.6273832423
-10.1712413175
-9.9044661437
-10.2146676682
-10.1431778787
-10.5979750418
-10.0018846270
-9.5529051905
-9.3406294327
-8.9816319901
-9.4061596148
-9.6841109978
-9.4479713562
-9.5000060911
-9.7490762123
-9.5998356606
-10.3686818252
-10.7252515487
-10.6093051298
-11.1641331414
-10.9418712113
-11.0043736497
-10.8566744610
-11.3376587163
-11.3324430056
-10.4953929203
-10.6594929424
-10.5679090077
-10.5461775699
-10.6715669253
-10.6799660651
-10.9467333433
-10.2565329853
-11.2564372457
-11.3329816270
-11.1068920111
-10.5976070027
-10.3315570643
-10.3279054315
-10.3910866777
-10.5766871687
-9.7878366062
-9.5841694062
-9.8753413482
-10.0633393684
-10.8006726958
-11.1520429075
-10.5083535075
-9.9475178449
-9.7895408787
-9.0558727704
-10.4089123448
-10.6845534141
-10.8978269735
-9.7182147625
