sampled_theta2
1.1555392940
1.1944151641
0.0682164808
2.4146519191
2.8756457637
3.5897830149
3.6851901147
4.9106880127
0.7067091540
0.4472002605
3.1048512752
1.9045773335
0.1769586419
0.7980561211
0.4058653730
0.3846702820
1.0112067031
0.3686555619
1.0583714377
0.0080595252
0.8565210410
0.4289549424
1.0081243161
0.4994888593
0.7703576629
0.2307825194
0.5278684516
2.3349161743
1.2252757430
1.6822163953
1.3577671310
3.3830801376
0.3902368153
0.1073599222
0.4675935006
0.2373492800
0.9755380630
0.0495878305
0.7709431477
0.7891044991
0.4269670305
0.8974352023
3.1764222889
1.5009118023
1.8646501462
0.0790713475
0.6464019567
0.3760516519
0.5447601529
0.4884921313
2.3679619623
0.5503996603
1.4911962510
1.0178118156
0.2377267038
1.3483843251
0.1760830520
0.7980988481
0.7757336195
0.1528793447
0.2185571357
0.0672408509
3.6356418857
0.5817366504
0.6483009741
0.3896594727
0.2037229648
0.5107137348
0.7086655361
0.4575545812
1.9642973903
1.8892148776
0.6687451696
0.3476577930
0.1724771002
0.1209815975
0.3736718248
2.5779291423
2.1818646934
0.5947343130
0.0766599874
0.3602544008
0.0524718621
0.2045699623
1.2581526717
0.5205894773
0.5446022255
0.7498088252
0.5920368110
0.0676826867
0.1136249918
0.5995460447
0.2122905496
1.2124758831
0.4769127357
0.3519760708
2.4619701588
2.2318226511
0.7571008055
2.2228751393
1.2498285578
0.0354955797
2.0418067728
1.2007967955
1.5926769252
0.5168121940
1.9211227376
0.2062653741
1.1977502251
1.2119119958
0.6338788752
0.1675749643
0.5036090299
0.4560198438
0.2520423890
3.1323403966
0.8335771571
0.2069361282
0.1712096312
0.4659192920
0.3300628335
0.5513159964
0.2751453264
0.1461722278
1.5139144581
0.9660322397
0.2261722716
1.2512334570
0.9967532247
1.7517593565
0.5644211793
3.9603865536
3.5133939087
0.5091863214
0.2114266352
1.1687958602
0.1317856857
0.2229567395
0.9607598045
0.0920150132
0.1551855572
0.2377552279
1.1650111876
2.1168341435
2.4042300420
1.4405974934
1.4345497045
0.3790251004
0.7686367118
1.1216835268
1.2775031156
0.0251758546
0.7640793646
0.0694279003
0.1346363074
1.1014030070
0.8928878737
0.0880930435
0.1198365565
1.7858588117
1.9775626354
0.5355026654
1.2029298434
2.4632224665
4.1444380825
2.9059387118
1.2558331308
0.9482524545
0.7386598350
1.1335218500
0.2080514596
0.1419860451
0.6424518351
0.7595938107
3.9406840811
3.6882505551
4.6040097389
1.6901904745
3.3363310093
4.3744481806
0.6089024629
2.4285793263
0.3568691447
0.6945435798
0.4558418116
0.1471850606
0.1394091253
1.2020333469
0.4652130219
0.3351709260
2.8254706440
3.1687766196
0.6126211249
1.9967474074
0.2926572009
1.2619356134
0.6196506117
1.1714737275
0.6182693003
0.3570575555
1.6761842677
2.2177606779
1.5559487485
1.4314262789
0.1361712326
1.9110521249
2.8054275776
0.2081759756
0.9270723835
1.2885780245
0.5204268741
0.9379691550
0.0668795510
0.4628001421
0.0238959189
1.6538673085
0.1515213452
1.8244634917
0.5976116589
0.3028807683
0.5890905778
1.5781968052
0.3156411165
0.5876572340
0.2077192099
0.4850161408
1.3018105056
0.7639282218
0.1391331071
0.6158512210
0.6311448912
2.4084411190
0.5917243093
0.4108248546
3.3679505128
1.9706759469
1.6891284330
1.0734276845
0.2894184894
1.0467261334
2.6980911342
3.5010237365
1.5483724583
0.2649303157
0.9368257641
0.0564067562
1.9555830749
0.3320923350
0.4644490885
1.0604775188
0.0173646641
0.7705908277
1.1972782307
0.0573029466
0.9073001722
0.6097000894
1.7152527934
1.2279105772
0.2753790656
1.0143699016
0.8540942048
0.0482498172
1.7059355608
0.6419076485
0.4853872623
0.6100872815
0.0748683868
0.1801813739
1.3954101723
0.9867841311
0.5944698067
0.7930192835
3.3765553590
1.0907526532
0.6597209808
0.0473281816
0.6018570187
1.1842394688
1.4580329093
0.9135988019
3.1311451185
0.6629821951
0.6085291799
0.9209181353
2.4823135914
0.0791691214
0.3901802728
1.0918280206
0.2138669740
0.3601744236
0.0126652962
1.1888514127
0.5749506897
0.0394234707
1.7835912961
2.5752046583
1.8102703035
0.1326414838
0.1835371114
0.0506432053
0.0562634099
1.3510950692
0.2030200618
1.2061265305
1.0705401738
0.3468006875
0.1780176257
1.8940145564
0.1804171705
0.3242475362
0.0946902222
0.4548905142
1.3576737966
0.4399286486
2.5681154818
0.9150084983
0.2019268749
0.4778189473
0.4254603928
0.2303246010
0.7658558123
3.1723561310
2.2694900495
0.4519277682
1.2937996953
2.3756520812
1.3876263403
0.5746593010
1.2063982154
0.8750003454
0.3225868812
1.4512072388
1.4474575445
0.4957195575
1.4664537813
0.5242378873
0.5295468031
1.0863137889
0.2037486088
0.4260529877
0.2310694390
0.6483922808
0.2724542818
1.0315193814
2.0037368862
1.6383013954
0.5385545907
0.3006752115
0.6622047830
0.2886045799
3.3313486874
2.9393798731
3.7218653173
0.1516792285
0.2828906923
0.7876734329
0.0512785597
0.0545380716
0.8486396118
0.6518655821
0.5283563929
0.8951341442
0.3145637526
0.4570045113
0.7379379071
1.8864859509
0.4870306392
0.9066933028
0.0196821524
1.8257262129
3.1746795536
3.9699443379
0.5170432331
0.1367739844
1.3065733647
2.6394961484
0.8504635261
1.6769391701
0.2515448159
0.8370013373
0.0477654387
0.5629627276
0.1028420451
0.9943891051
1.6899812506
0.7796663752
0.9199983702
1.0099934728
0.9925088476
0.7027529233
0.0907019841
0.7461855664
0.0002285320
0.6548512219
0.0039757917
0.9347292375
0.6432266209
0.2569703740
0.1071275844
0.7971035957
1.0115611800
0.4337686732
0.3736805558
0.6042257112
0.7256463206
0.1896428915
0.3680514319
1.1255166862
0.6622459186
0.7731399893
2.3948530003
2.3583814863
1.0115474863
0.6268446565
1.1649396894
1.0133373244
0.5007834371
0.0881684686
0.9032561857
3.5279852873
2.7572617715
0.9186455038
3.7392068629
1.8347160920
1.3574383271
0.8236680538
1.0150918763
0.5578996731
0.3272896899
0.1743751424
0.9634939847
0.2392909991
0.0097487844
1.8414650373
2.1655158801
1.3332874402
0.7776144274
0.1212867371
0.1239613072
0.3791525944
0.5796063538
0.7345671786
1.5617294483
0.3449395793
0.0270653285
1.2531731521
1.2940504843
0.4015859438
0.8371765051
0.0633831261
1.8845887788
3.3473024992
0.5771455030
1.1703740482
0.1930561600
0.0578155514
0.4302317606
0.0845402493
0.0909884651
0.2017676426
0.2352857447
0.0667058116
1.0976285895
0.6103567092
1.3431126896
1.0075239745
0.0892254542
0.5648217045
0.6281772205
0.1961371002
0.3266489487
0.9610012370
0.2365577272
0.5427043155
1.9937736895
0.5695482972
0.5790593751
0.6522244559
0.1343758063
0.5989947955
0.1689071071
0.7020151814
0.8722806740
2.8587834110
4.1513026809
1.9392998874
2.6590025078
4.7622961695
0.0302655581
0.3795816955
1.3064653769
0.8171840432
0.5268610830
1.0135295174
1.6020939435
0.2298071801
0.5565742089
2.0600333745
0.2332955122
0.1527990291
0.7755152176
0.6079620497
1.7008879976
3.1540357481
1.4418485529
0.6046482355
0.8788238819
1.2364230909
0.7891340706
0.0873908121
0.7604592979
1.1105038688
1.8153231079
0.5948868067
0.9855209609
1.1765364659
0.1280472499
0.1982293478
0.5743309038
0.7997951816
1.4090081754
0.4041514180
0.7901859282
0.4972373107
0.5280503903
0.4449447938
0.1190430707
0.0908836938
1.3603191575
3.0051413558
0.8442255942
1.3698962200
1.4069499597
4.2783575431
2.1908981890
3.7498209485
3.4814838982
0.5623142810
0.6952565024
0.6924321341
1.7533009376
0.3872085788
1.4612019829
0.0963569989
1.0411865781
1.7885739256
0.4232246629
0.1019973161
2.7568307759
1.2108837672
0.4802722585
0.0757398294
0.6489037721
1.5092997457
0.3425770120
0.2772641500
0.3133134868
0.0783120109
1.5706593025
0.8322925590
0.1551586273
0.7957599418
0.8324851501
0.2207339325
0.1425404017
1.0640316841
3.0450000368
3.2897336528
0.9471216049
1.4718345392
1.6946180085
3.3872137271
0.4630408130
0.3685840156
1.0762055378
0.6631374188
0.5223695827
1.6188654407
3.5833372301
0.0724859845
0.0507605991
0.4936941906
1.7889807793
1.0410098449
0.5618343456
0.5175779188
2.8686554531
1.4103654844
0.5161200328
0.0542088850
1.0144751855
0.3245057606
0.4309671547
0.2632905862
2.1793100333
0.5699036218
0.4168769531
0.7386689673
0.2182091223
1.4853599815
0.5379341361
0.0043109603
0.4140381999
0.7554480001
1.2017674301
0.2378459012
0.0615153141
2.2599209971
0.4538681974
0.7444912088
0.1216310979
0.0018740729
1.8791367546
1.6642730392
0.2498435834
1.9925633582
1.0156639136
0.5373383049
0.1539757885
0.5156699589
0.1913964570
1.0185445009
0.7591215913
1.0604036028
1.1822324943
0.2640646388
1.5667875832
1.9966813420
0.1068677495
1.2769336824
0.5338720543
0.7609636159
0.5116295701
0.3017236067
1.0210220121
1.5170748722
0.7368987659
0.6685044287
0.0815013713
1.2069426488
1.1872351822
0.4860084615
4.1465063263
0.6528597560
0.2665601817
0.6717183996
0.6074590943
0.3770166357
1.9170725592
4.7557098168
0.1358351738
1.7885990842
0.8373946085
0.0289644732
0.4052248818
1.9371321747
0.6249597660
0.4092027937
0.6822239281
1.4471061968
0.6521274735
0.5444345483
1.0346859762
1.0332566607
0.3058701844
0.8840512712
0.0111815986
0.6457579612
0.2697032799
0.6555811288
0.1171714086
1.6332208299
0.0848672732
0.8261331426
1.1548807909
0.4200305941
0.1678993460
0.6365203348
1.3780698222
2.6364840396
3.3828364534
4.6449661897
3.0383432106
1.7414028349
0.1184993192
3.4471460090
0.2522682470
0.0419191487
0.7336310743
0.7763879270
0.5288766081
1.6282102033
1.5570657219
0.4877501982
0.2975596400
0.6632629853
0.4161797076
1.3012651462
1.0005470075
0.3266964326
0.4593002666
3.1557346840
1.6081885075
0.7483797933
0.2431643661
0.7202344608
1.6756471964
0.4713538809
0.3748008152
0.6584837793
0.0015998626
0.5643316509
1.5161958687
0.3419472307
1.3999592410
0.5933302929
0.5223341760
0.0535959672
0.0429656404
0.8149329060
0.1090144301
0.6450513489
2.2327434781
0.5880414621
0.6275230379
0.1202000128
2.4110503087
4.4642551766
2.9607824045
4.2722687306
3.4288607271
2.5569458410
0.2151106806
0.4236095522
0.1292045083
0.5349606116
0.5830409684
0.4635660840
2.7034050229
2.3843876706
0.2873198048
0.2921794410
0.1715608952
0.4335150251
0.9683602420
0.0930042265
1.1880697881
1.7195473725
0.5677954475
1.2610085688
2.7251787377
4.3297476847
2.5294129539
0.7808950283
2.2308098673
4.8031516017
3.5458071839
3.1147297376
0.2723789240
0.2229097172
0.3795950952
0.7346881442
0.1225451530
0.6354526365
1.2445319871
2.0059134699
0.9730526358
0.1460401752
0.0753696606
0.2238444236
0.1258040959
0.9524044333
1.1124130321
0.3149839033
0.6029943457
0.3905108726
0.7326542856
0.4533129878
0.2354026644
1.3716031148
0.0164122771
0.0137463292
1.3689128159
0.3190632658
1.6586621791
0.0820862997
0.3652260111
1.1295023587
4.6625313374
4.2813625975
4.1713489767
2.2036695275
0.3962567490
0.4852491794
0.6815043087
0.8351392161
0.3617505549
0.8192095682
0.5004277204
1.3734410387
3.0598179476
4.6535140671
2.6421622324
0.0743102683
0.7085531536
2.0710791855
0.0936872596
0.8842507397
1.0616435296
1.0903579011
1.8979050053
0.0492913664
0.2405604020
1.1918321230
0.2255056909
0.8079852236
0.7264864410
2.2351744725
1.4607950987
0.8942264708
0.7702565086
0.0266794913
1.1785727929
0.6971262810
0.3826819927
0.8794717576
0.9545680966
0.0460964655
1.2978559018
0.0802614042
0.1975394401
0.1415727822
0.2646176597
0.7894773782
1.0583419049
0.1975007444
0.0812695576
0.8697519693
0.3692586356
0.7902979113
1.6391263591
0.2385908111
1.3986304316
0.2799812052
0.6614416169
0.1257943944
4.7013233802
2.3226993586
0.9753637797
0.6040221187
0.5878380929
2.4039653634
3.2438791195
1.9153696290
0.0303426786
0.8266550608
0.6196975826
0.4307212497
0.3646394555
0.1314815033
0.1653457207
1.5465510566
0.4710633259
0.6057729209
1.0008962834
0.2214060995
1.1156073808
0.8946275096
0.0771843552
0.0203978557
1.0628645080
3.7254074601
2.7106418114
2.3916541452
0.1241042748
1.4590983917
0.1979113737
0.2641201003
1.3149364708
0.8235304073
0.2043627166
0.8529070233
0.4876064262
0.9859207117
0.4877535010
0.5468607300
1.4798454903
0.0210023886
1.3078097973
0.1860947349
0.5310213656
0.9934717844
0.2700238123
1.7559549496
0.2993947098
0.1436712177
0.0817276720
0.8097414355
0.0173181554
0.1529494516
0.6384962743
1.0445208524
0.3333016876
1.5911443692
0.8813612911
0.7180585345
0.2677551383
1.7508224449
0.2997408005
1.6994983240
2.0513518215
0.5117694391
0.5042125450
0.8678512161
0.9290230543
3.1942225127
3.0858381003
3.5467721069
3.6989081173
0.0291920133
0.1268568795
0.8562881615
1.2575193529
0.6097610201
0.1201106428
2.7946947113
1.0995149789
2.3020939235
1.4770486833
2.5355505846
2.5917359887
3.0105871509
