eta4_1
0.0914572921
-0.1953505844
-1.0207488211
-1.7845177472
-2.0609899157
-1.6743798753
-1.2687172552
-0.5566458515
0.0413920805
0.0049415127
-0.2316632232
0.0364046982
-0.9318704028
-0.1363604643
1.0560483339
1.1969139992
2.0532816769
2.6117472445
1.9495483429
1.5635845496
1.1673414151
1.2819427347
1.9662302359
1.4887532127
1.7877502898
2.0185874377
2.1249011915
2.0604861019
2.2631596809
2.1650154036
2.4582370861
1.7098516856
2.9642321713
2.5712420499
1.8217399394
1.9483809601
2.1061468425
1.3823017593
0.7063444454
0.7866500209
1.9962319124
1.6744248085
0.9873838892
1.6002788948
1.8896811589
2.3835529733
1.4823417862
1.6760905822
1.4057305443
1.6297542172
1.0590171486
1.2563085638
1.3308360344
1.5938869431
1.3519996650
1.3814195453
0.7063823631
0.5789875099
1.2625525303
1.5211799696
1.9273215298
1.5906188870
1.8155111168
1.6052528694
1.9477348592
2.0718328851
2.4300690218
2.9965256580
2.7942249402
1.9335806585
2.0867112084
2.1055412606
2.6925175823
2.4006883889
2.5689409643
1.8681378647
2.7135903106
3.0407084801
3.4867980083
2.9041577700
2.0351966278
1.8038370128
1.7447296656
2.0322188365
1.5224253626
1.9176567454
1.5247672901
1.1772544184
0.8524447078
1.0087295054
0.2829570133
-0.4547243858
-0.8653402381
-0.6522997550
-1.0047834798
-1.3413091354
-0.9144427561
-1.5833369239
-1.5806979129
-1.2732859150
-1.8631148074
-1.4013206159
-1.8491350573
-2.8556688819
-2.9344388388
-2.5508274362
-3.3887148725
-3.4570459858
-3.6541137230
-3.2025018812
-3.7916914715
-3.4644472023
-3.2586776404
-2.3625890125
-2.4417012695
-2.1206531864
-2.1342511500
-2.1223983686
-1.7181941647
-2.4639180884
-2.4310900499
-2.8507471190
-2.2642703710
-1.5842816271
-2.1125265147
-2.6031159781
-2.3835234034
-2.1438219423
-3.0329218347
-2.5544981042
-2.3572959086
-2.9735663986
-3.2680602274
-3.1690551662
-2.4163376337
-2.4177545636
-2.8536399035
-2.4615283783
-3.1260227557
-3.1756471007
-3.7319363084
-3.7459764739
-3.8937583181
-3.9377131076
-4.2492872682
-4.0051041010
-4.1415310710
-3.9258561237
-4.2665588695
-3.8290549203
-3.8997390207
-4.0135921880
-4.7047426833
-5.9746483550
-6.0689645828
-6.8689815547
-7.2917201341
-7.2730569620
-7.5163448772
-7.9762703949
-8.0878396458
-7.7363165400
-8.9195451967
-9.2154611676
-9.9273921390
-10.3221029724
-10.0143639180
-9.8846650990
-10.1439501281
-10.0464176448
-9.8249730824
-9.5433878773
-9.1405652605
-9.5808449017
-9.3712189722
-9.8537136239
-9.0859809221
-9.3079513770
-9.1614875635
-8.8165129242
-9.0715767706
-8.7463905980
-8.5463571149
-9.1588788113
-9.1490505635
-8.7929447512
-8.7510286210
-10.2074108264
-10.8375414505
-11.3137275283
-10.9446519375
-10.4866942212
-10.8169187762
-10.5830424344
-10.0316839798
-10.4120181704
-10.7460120395
-10.6227293859
-10.4591357112
-10.3907023951
-10.2141475902
-10.0733784849
-9.8793208393
-9.5675415519
-9.4854257382
-9.8823476303
-9.1305170028
-9.1107976556
-9.8465373773
-10.0149778150
-10.5515111427
-10.3326100663
-10.5692324033
-9.9599213209
-9.7752606022
-9.9079052079
-9.9389762797
-8.9523762706
-8.5566566415
-7.9167201137
-8.1679737524
-8.5527548420
-8.3974632276
-7.4735252668
-7.5085009417
-8.3689123239
-8.2930265149
-8.8811713964
-9.5441028246
-9.5041227467
-9.1959533110
-10.2453199162
-10.5253314161
-10.3788707824
-10.2479812532
-9.6101939075
-10.1011905625
-10.2851450845
-10.4769609442
-11.8406362195
-12.3919538495
-12.2189208553
-12.1382144487
-12.7137505579
-12.9389831859
-14.3514637165
-14.7471068220
-14.4443635254
-14.9683133275
-14.5347612651
-14.2852159334
-13.5713720498
-13.4421104527
-13.4429954262
-13.2486144981
-13.9678178345
-13.7275313476
-13.4858709545
-13.0705634277
-13.8074970349
-14.3799721065
-13.9053145580
-13.7855961420
-13.7761407879
-13.9766910419
-14.2657059497
-13.8249848202
-13.8652854422
-14.5130080588
-14.3812357593
-14.7357234342
-14.9162141406
-15.4751159035
-14.7475676531
-14.7319418778
-14.5946962761
-14.5063505592
-14.8284317377
-15.2926390846
-15.3551045669
-14.9236364908
-14.8105536814
-15.3775740988
-15.2532281346
-15.3859641231
-15.3490937664
-14.9252908992
-14.1394415081
-14.6681156100
-15.3313439957
-14.9535703024
-15.9769502375
-16.0129774774
-15.6490186189
-15.0694162308
-15.2971817171
-15.4479747236
-14.4507855899
-14.3041005606
-14.7304011882
-14.7180875329
-14.5992297250
-14.9207923144
-15.1324071049
-14.6138628912
-15.1316250696
-15.3898608983
-15.7361963900
-16.3514652524
-16.3435500597
-16.1460456661
-16.0935523875
-16.3326048322
-16.1405141755
-16.0564589399
-15.7311313661
-16.6719918485
-16.4377836654
-16.6671595911
-17.3112858798
-16.8876698680
-16.2644745826
-16.0448461072
-15.9346665777
-16.6006481127
-17.1858845234
-17.0791776695
-17.6599959345
-17.7089853452
-17.7757609579
-18.2540085284
-19.1250521819
-18.8714337692
-18.8131213214
-18.3434175709
-18.4438113035
-17.8903385165
-18.3661690782
-18.6101401141
-18.8454762268
-19.0446453912
-19.3555919728
-19.2667063520
-19.1762074394
-18.6265186290
-18.1119808897
-19.1045560622
-19.0341931520
-18.7539008103
-18.7449955125
-18.6852292484
-18.4176777906
-19.1804502941
-18.9815945234
-19.0403321152
-19.6751435516
-19.9491940622
-20.0521577338
-20.8042046228
-21.0906643280
-20.8545105401
-21.0388429076
-21.1393972956
-21.1621488750
-21.6983084346
-22.0162032788
-21.8136744942
-21.5714413817
-21.2987345234
-21.3927825172
-21.0573425930
-20.5313786225
-20.7916486463
-19.9089996779
-19.7970855439
-20.0648666241
-20.1235246565
-19.6542064955
-20.0203999468
-21.2211389557
-21.6765718712
-21.8700993179
-22.5580429792
-22.6961960852
-22.2288870311
-22.7461088611
-21.4667658940
-21.9028506373
-21.6983012239
-21.7676225217
-22.0760809803
-22.3945262086
-21.7258145437
-22.1866927974
-22.6114599856
-23.8699276413
-23.4044995718
-23.4457167158
-23.7082858966
-24.6808833309
-24.5633068753
-23.7082074746
-23.2646052441
-23.0224443261
-23.4010411616
-23.5552669354
-23.1784411893
-22.8409141645
-23.1224682692
-23.6017258345
-23.1494898803
-22.6946814361
-22.1616057140
-22.1012000395
-22.6758948698
-23.0867992359
-23.7008687926
-24.0018991776
-23.9189989923
-23.6909007812
-23.9584596477
-23.9062658009
-23.8788944285
-24.0748196460
-24.2599271861
-24.2523760203
-24.2257807648
-23.8638409354
-23.9883445446
-23.7080120672
-22.5998636382
-22.0704286473
-21.7439782724
-23.1591473884
-22.6651067724
-23.1292112024
-23.2526353518
-23.6260443203
-24.5290806391
-24.2197809272
-24.0464197109
-24.0521024633
-24.1248477578
-24.2751602290
-24.6066632717
-24.7215392029
-24.2167244468
-23.8590279501
-23.5442382687
-24.4184550953
-22.8927111509
-22.8132417392
-21.6745680998
-21.6376049151
-21.2302881979
-20.9095160271
-20.8214197394
-21.0980784943
-22.0787150316
-22.6009100777
-22.9956022488
-23.7835452416
-23.7109668571
-23.7142523243
-24.4542561490
-25.2262395042
-25.8347692398
-25.5054886616
-25.6897672697
-24.9330570220
-23.8874309361
-22.3029209629
-21.9651440750
-21.8620665522
-21.7131773824
-21.0415282600
-20.9518625782
-21.4778211611
-20.9724325645
-21.7616078951
-21.8233366278
-22.2811125071
-22.5432116198
-22.1186674541
-21.3786482163
-21.9936318450
-21.5219885533
-21.5483557254
-22.1959264497
-21.4771812440
-21.9808036371
-21.8393557029
-21.8925837480
-21.9728670050
-21.1147226751
-21.1922603065
-21.0426124509
-20.4016816576
-20.3881997233
-19.6139965551
-20.0043660659
-20.4967249257
-20.1144956589
-20.9962825568
-20.7956110712
-21.4025515427
-22.7217887142
-23.8647469775
-24.2197389017
-24.1981033039
-24.1296329893
-24.2806279489
-23.7863943024
-24.2787306018
-24.0294807085
-24.8670695428
-25.5789621020
-24.3725205824
-24.5567433738
-24.6613719884
-24.8303519861
-24.5649676014
-24.5405243022
-25.0290726668
-24.4085797240
-24.1360720455
-24.7634986803
-24.9202281361
-24.7861312136
-25.0439364528
-25.6759913728
-25.9436044370
-25.8731497877
-26.3692069319
-26.1393412204
-26.8606268618
-26.7172331728
-27.1406221680
-26.5166856732
-26.7838288278
-26.0409520480
-25.8184526758
-25.6973425800
-25.4184437358
-25.3893438089
-25.7451299083
-24.5635490503
-24.4838821512
-24.3581003910
-23.8491052115
-23.6605876552
-24.0333243846
-23.8050695579
-23.7053303365
-23.5935482827
-23.1424128994
-22.8372176312
-23.1391514560
-23.5520246326
-22.8915018877
-23.2421060037
-22.6614030569
-22.5125262222
-22.6786557018
-22.9448173845
-22.8482913256
-24.0882110855
-24.1600631986
-23.8728005710
-22.5603280424
-21.5597422394
-21.5658726770
-21.7519083719
-21.8032237372
-21.5952001054
-21.1614268710
-21.3910917864
-21.1825519766
-21.3947593697
-21.4239682927
-21.8159314948
-21.1413102050
-21.3754611829
-21.1325629865
-20.6527282059
-20.9164487954
-20.7328909828
-20.3229017234
-19.9382095895
-20.1676185058
-19.9218555495
-20.0584805064
-19.0720531454
-19.5468563000
-19.4481812397
-19.3042034510
-18.9141157009
-18.3413360406
-18.3858213289
-18.3629009691
-19.0762083441
-18.9207317119
-19.4233788037
-18.8219251755
-19.2215089458
-18.5087068883
-18.6462353949
-18.7947056305
-18.3738657120
-17.7487221450
-18.7840652374
-19.2553107123
-20.1960695013
-19.9131461206
-20.4430315787
-20.8103078927
-20.9205496467
-20.1348536403
-20.1061653556
-20.7116521301
-20.4216670592
-20.7910900872
-20.5583265232
-19.5878949976
-19.6819681245
-19.7825454596
-18.7502800664
-19.0313512105
-19.2854172771
-19.6505468346
-19.6981646489
-19.5826152887
-18.7778405082
-19.6994154609
-20.0045159374
-20.4615568264
-21.3293486798
-21.6736592412
-21.2898375321
-21.5445645951
-21.5385932441
-21.4507669822
-22.2772167919
-21.8352661448
-22.0827213015
-22.3659606372
-22.4819171755
-21.4968885991
-20.8568852198
-21.6242815556
-21.5518335273
-21.5284886276
-22.3890680172
-22.3885741029
-22.2469423913
-22.3819873348
-22.0814695877
-21.3572594719
-22.1298940478
-22.3407860535
-22.5682448686
-20.9710068577
-19.2807113569
-19.7260212065
-19.2413632822
-18.8660177528
-18.9599605396
-20.0687833283
-19.7105193532
-20.0910225340
-18.7788526777
-18.0400924151
-17.8229778811
-17.5418692501
-17.6447324490
-17.0663539264
-16.5940596442
-16.8305313711
-15.8257041826
-15.6864327005
-15.9205722327
-15.5560849953
-14.2854738165
-14.0559442464
-14.7366200070
-14.8302227057
-14.8159360195
-15.0327488238
-15.6441290580
-16.1415824506
-15.9402550963
-16.1487669015
-15.3722157850
-15.1521757643
-14.8391744324
-14.2342741241
-14.0787789496
-14.1009012459
-14.6080031943
-13.8623520121
-12.7220814472
-13.2546908690
-13.4476865737
-13.3060778463
-12.9702101052
-13.7382338257
-13.6022652384
-13.8869774887
-13.5793672354
-13.6296847065
-13.7947875021
-13.9592442575
-14.1806499129
-14.7440592784
-15.1277319811
-15.5013751629
-15.4805266866
-16.1297114662
-16.1811476120
-16.5378733953
-16.2029007517
-15.8774824956
-15.8799549445
-15.4793583347
-15.2465362942
-14.4720706521
-14.9686104213
-15.4322028885
-15.7117055167
-15.7791391766
-16.1413644776
-16.5527728868
-16.6636506240
-16.5240199485
-16.5086957257
-16.1636563811
-15.9021791864
-16.2334451779
-16.9604576873
-16.9417444409
-17.1366157397
-17.2785616781
-16.5185670909
-17.2694159083
-16.9294038590
-16.6437343540
-17.0322260876
-16.7789436776
-17.0891492524
-17.2153344746
-17.6717496686
-18.1188922480
-17.5353496978
-17.7892363712
-17.3392639865
-16.6630342121
-16.9555313872
-17.2125965252
-17.0703366234
-17.4299570796
-17.2471394438
-17.1654124901
-17.1089524827
-15.7366272978
-16.0372407962
-15.8540467788
-15.8531162815
-15.9510315446
-16.1958545554
-15.9471744520
-16.1457593857
-15.5904501627
-15.3256013553
-15.7226301527
-16.0305760872
-16.8537833319
-16.3837916149
-15.8756296447
-16.1864879510
-14.6818873719
-13.9225423146
-14.4711020475
-14.2628019933
-13.6290529781
-13.4528823359
-13.3435677011
-13.5449327760
-12.3364000141
-12.1151447627
-12.2470383818
-11.9817532223
-11.6612066269
-11.8433572490
-11.3712119892
-11.5753626531
-11.0948597885
-10.9295097154
-11.4278899170
-11.0796625828
-10.6600117075
-10.7987413258
-11.4605443801
-11.3265150889
-11.9829387424
-11.7172115083
-11.6586382486
-10.8441414627
-10.4045214016
-10.8075508317
-9.8972401987
-9.7309572424
-9.8846954179
-9.8913911174
-9.0199508211
-9.0548738385
-8.6435355264
-8.3221646390
-8.0667469034
-8.6518706494
-9.0297215467
-8.7943641854
-8.5534643884
-8.7796851759
-8.6583084031
-9.0783091476
-10.0746584284
-9.8374589754
-9.6078810047
-9.2924050585
-9.7567611539
-9.9202016211
-9.7329448706
-10.1196221275
-9.8790660496
-10.1654862253
-10.3648047143
-11.0086119604
-11.4513512443
-11.1113912024
-11.5687770276
-11.3026218347
-11.4103094051
-11.1675547732
-11.6724471076
-11.4952231249
-11.8703832629
-12.5814692829
-12.6140859677
-12.0321321581
-11.7157539322
-11.4626556401
-12.0195671077
-12.8609842590
-12.4123498769
-12.6627601527
-12.7503995023
-11.9171851549
-12.2766970042
-10.8251598913
-11.1325634373
-11.4032989023
-12.2875038576
-11.5213750247
-11.6358880519
-10.2730985500
-11.5753667394
-11.9779350508
-11.0756269938
-11.4124937218
-10.7618354435
-10.6555027573
-10.1605095653
-9.5315970261
-9.7394125429
-9.7711429496
-10.5881373132
-10.4109682455
-9.4854707907
-9.9204364157
-9.8819682040
-9.3051071245
-9.2863668760
-9.7944871778
-9.0057291376
-9.0537154414
-9.5197553599
-9.6492306101
-9.1103723382
-9.6222451951
-9.0186085874
-9.3830772412
-9.0355963667
-8.7198759002
-8.2148869191
-7.5611250168
-7.3343057469
-7.1463901115
-6.5281821513
-7.0218243929
-7.3885784781
-6.4981664754
-7.3172362647
-7.3880001593
-7.0446250025
-7.9643082632
-7.9776224884
-9.1866884268
-9.6397116889
-9.1654232342
-8.6973674369
-8.7560918184
-9.1211471245
-9.0568041768
-8.6592868069
-8.9257628915
-8.2723407287
-8.7009312589
-7.7678785959
-7.8180490572
-7.3452844301
-7.6370754063
-7.7069170726
-7.5296441869
-7.7310878866
-8.4833484389
-8.9339048519
-8.8815474915
-9.9061165139
-9.6104095595
-9.9714538134
-10.5097694248
-10.2906803531
-10.2831714523
-10.7731512180
-10.4260950936
-11.4727272200
-11.9822914920
-11.2985231497
-10.2685379280
-10.5543371523
-10.3673332455
-10.0366460401
-10.0557559562
-10.2489563595
-10.3570448271
-9.8833811840
-9.9434218399
-10.8028188776
-9.8409968715
-9.7263274143
-8.5420110545
-8.7778982385
-8.4293531895
-8.5035278733
-8.9853520605
-8.9983167086
-9.1335467420
-9.9583040658
-10.0662112909
-10.0541362678
-9.3794004237
-8.7625454769
-8.9712679772
-8.7823252149
-8.0474606461
-7.6236158194
-7.6465732042
-7.8335210868
-6.8405833679
-6.7766500776
-7.0249217467
-7.4489544997
-7.9505135011
-7.6409538117
-7.9102054379
-7.9356318626
-8.0157311984
-9.1104557573
-9.3144491800
-9.0977061510
-7.9168358142
-8.0162673018
-7.5746734700
-7.3368910388
-7.7934346378
-8.1448228673
-7.8987758105
-8.4597741608
-8.2554508860
-8.7457624297
-9.4522880191
-9.8893635501
-9.7327696519
-10.3597817801
-10.6586889205
-10.4884898583
-10.1150392792
-9.6195650492
-8.8857200535
-8.3230716543
-8.6830328522
-7.6910678968
-8.0499785736
-7.5743054862
-7.0244233341
-6.7797010866
-6.6469333022
-7.2530980372
-6.8093586448
-7.5488628672
-8.3376186101
-8.7693601575
-8.3330976362
-8.9562694590
-9.0485401547
-8.2150100756
-8.2502011376
-9.0693692548
-8.2191617366
-8.6125010073
-8.9338773531
-8.0146961316
-7.1483861287
-6.5745193479
-6.1555938785
-6.0514951463
-5.4512489813
-5.3110463546
-5.7730520950
-6.4466148127
-6.7327963278
-7.1338928379
-7.5016692373
-6.7116140708
-6.4477568022
-5.6014740854
-5.3350380816
-6.3929287151
-5.3854461477
-5.7790280973
-6.3470000982
-7.0271596496
-6.4449328074
-5.1434032265
-4.9062453290
-4.6724452647
-4.8199148249
-5.6603405156
-5.1543726049
-5.0549847594
-6.0402402834
-5.6825281632
-6.0693211956
-6.6452609401
-6.9341852780
-6.2264832345
-5.5753539593
-5.4232112514
-4.7677519320
-3.9290002947
-3.6998511643
-4.0565200134
-4.5276582160
-3.6587588431
-3.7256663890
-2.6213168044
-3.0535167775
-1.9156483954
-1.9780706488
-2.5373106665
-3.1504949901
-3.0594139758
-2.9633855238
-3.6001802100
-3.2848563070
-3.4202939596
-3.7281947763
-3.7537468769
-3.8592548855
-3.2624076275
-3.1489126772
-2.9974199670
-3.3970572994
-4.3900474772
-4.5217898938
-5.2317141795
-5.0141583691
-5.6478569005
-5.2135676937
-4.9963627971
-4.7028706065
-4.1755722756
-4.5308517344
-3.8873078112
-3.8511558968
-4.0413989094
-4.5516654004
-4.2156292739
-3.2981578078
-3.6084309556
-4.3527099024
-4.0307801182
-4.0295858005
-4.5609011768
-4.6320598265
-4.2452885411
-4.3037756800
-3.8721130299
-3.3630731356
-2.8999900276
-2.3845507265
-2.4578375698
-3.2817953604
-3.6113850976
-3.1441366922
-3.6005696265
-3.9612821922
-4.5571594242
-4.3757500252
-3.7582191301
-3.9590892095
-4.4698993169
-4.9459125667
-4.4783787229
-4.4629837264
-5.0100460564
-4.8370776546
-5.0835170161
-5.1329186094
-4.5224849559
-4.5184812634
-4.2903323217
-3.9275161890
-4.2666381830
-3.3795934172
-3.4859919294
-3.4506773917
-2.8537270680
-2.6930404011
-3.1219759119
-3.3388114876
-3.8262937739
-4.0154160378
-3.8886855155
-3.6717041048
-3.7372237124
-3.6875169986
-3.0371915756
-3.2259799593
-3.0982506765
-2.8319085343
-2.5125701995
-2.3711059633
-2.0110764283
-2.3282812469
-2.9899628667
-3.7745853375
-3.2278891581
-3.2346075925
-3.5028032308
-2.6683611292
-2.9211500734
-4.3094017848
-4.9512261607
-3.8601590722
-3.9585950254
-4.1271411560
-4.4242228223
-5.0796424285
-5.4174007305
-5.8217044370
-5.4934594923
-5.3287109653
-5.8861666769
-6.1645998472
-6.0371445152
-5.6288280458
-5.0590513083
-5.4190042469
-4.1108672706
-3.3012788359
-3.1944718876
-3.2760553569
-4.0042148964
-4.3250926889
-4.2787543744
-3.9808052926
-3.7010141001
-4.3474245062
-4.6228532122
-5.7983130988
-6.5706147547
-6.4355722805
-7.1450858552
-7.1584664879
-7.4276572229
-6.8117738862
-7.3720131224
-7.2153589434
-7.7428234900
-7.3688497468
-7.0788962630
-6.7870227023
-6.5035609342
-6.2268714937
-5.5119523728
-5.3797670382
-4.8646555417
-5.4170861556
-5.4770601695
-5.5138979280
-5.9407428899
-5.3166650175
-5.7890952268
-5.5438216596
-6.0716447752
-6.1572904058
-7.1206244316
-6.8221120260
-6.9596043678
-7.1280619709
-6.9652692242
-7.7047802763
-7.1461982302
-7.8244179827
-8.9218491250
-9.0777148788
-8.7816868482
-10.1128476478
-10.4800262345
-10.8540579945
-11.1139916696
-10.3675779226
-10.9392767147
-11.1042619293
-11.6482961391
-11.5865238178
-12.0495715009
-11.3765706338
-11.5532911347
-11.9563218388
-12.7407964156
-13.4694850379
-13.2265400095
-13.7037877163
-13.9240974739
-13.6682953190
-14.3655993796
-14.0120763021
-14.5075071746
-15.0568242143
-14.5370478206
-13.7421707348
-14.3607178952
-14.8987453069
-15.4056123195
-16.5847875281
-17.1659696435
-16.6927219309
-16.8851090445
-16.6401103161
-17.2495166780
-17.1675939740
-16.7130574734
-16.1835785925
-16.3327398078
-16.5102729904
-16.5653406445
-16.8690067464
-17.4486272173
-17.7865296769
-18.0852489194
-19.3336158993
-19.8060535383
-19.5243136855
-19.7259082995
-19.6171928217
-19.8415298156
-19.9541265032
-21.6400428852
-21.4826006473
-20.9899240808
-20.7716002225
-22.0225171748
-21.6666171459
-21.3128266154
-20.5682368695
-21.5100944120
-20.9387442561
-21.3774657118
-21.4260280927
-21.3533473201
-21.2649729037
-21.4760626959
-22.0008969788
-21.4910731601
-21.3983420648
-21.6241511055
-22.0259676870
-21.3341486927
-21.2806452592
-22.3108011666
-22.1881807049
-22.7090016188
-23.1921727188
-23.3828117758
-23.2942991622
-23.9542285907
-24.0615998661
-23.8060867053
-23.6668963895
-23.1752580386
-22.6789393995
-22.9511900584
-22.5730229025
-22.3141980485
-22.8422352096
-21.6243830317
-21.2957684139
-21.2969245710
-21.5077954013
-21.1183405906
-21.4008051512
-22.0298940318
-21.0845150360
-20.5680684477
-20.4704531266
-20.6866756599
-20.0716966489
-19.5428223607
-19.9606436150
-19.6649117766
-20.7474700743
-20.8712955092
-19.9103771596
-19.3019393766
-19.7463825121
-20.3556882289
-20.0709268557
-20.4324990444
-21.5762640786
-22.1789030412
-22.1736251006
-23.1725609194
-23.4195752830
-23.4012864038
-23.3094919419
-22.3284999485
-22.8324314172
-23.1385558887
-22.6136874076
-22.6207993637
-22.6060962028
-22.2481225047
-22.1249126455
-21.7808546427
-22.2559176615
-21.6365164375
-22.3140094964
-22.5905826953
-22.5084128515
-22.4252396006
-22.7470038455
-21.7559124759
-21.7334940844
-21.6668469540
-21.7550965801
-21.9537608162
-22.6918889052
-22.2091763196
-22.0150247393
-22.0228339906
-22.2259786219
-22.2988051573
-22.1638705515
-22.8567543220
-22.8311083982
-22.5330248968
-22.7224915653
-21.9695801722
-21.9301845903
-22.2570680053
-22.4508709063
-22.7289827904
-21.9914693602
-21.9980635510
-22.4427372284
-22.2205091524
-21.7835814697
-20.9405208409
-20.8286404575
-20.7172569510
-20.6050896334
-20.3720784876
-20.6848189759
-20.6363803316
-21.0473312407
-21.5993237845
-20.9697971957
-20.9589636530
-20.4793337535
-21.2624339900
-21.2190083301
-21.1909936412
-20.4978971480
-20.1526804175
-20.7172333343
-21.1796958619
-21.8977409048
-21.4933053592
-20.8256721857
-21.4911916055
-21.1319068202
-21.6819895353
-22.1176578864
-22.2892805914
-22.7858539784
-22.9248066134
-23.2550475520
-23.4446255599
-22.9857901339
-23.7269114023
-22.4307847495
-22.3311604420
-22.5038387844
-22.3246929980
-21.4889292821
-21.4782910649
-21.6553628192
-22.4231545950
-23.2768663933
-22.9703920133
-21.8981663966
-21.6179592721
-22.3232676367
-22.1148895511
-22.4359194820
-22.0583592514
-21.6931559824
-22.2638121548
-23.4359025135
-23.1051824641
-22.4195253733
-21.6879986706
-21.1684903177
-21.1726787300
-20.3241381522
-20.3014270268
-20.8328592872
-21.4999218798
-21.2179784257
-21.5392450551
-22.1308205831
-22.0176175715
-22.4399626669
-22.7679355634
-22.0398805776
-21.2715159627
-21.6047162458
-22.3256563422
-22.1105443409
-22.1038619044
-21.6062658610
-21.5547086776
-21.8931924386
-21.5353552942
-21.4566444815
-21.1811053778
-21.8538119471
-20.6041584894
-21.0774925794
-21.7595043147
-22.6912767123
-23.4351414392
-23.1540195294
-23.4683739490
-23.1507412474
-22.7492655052
-23.1276098998
-23.1314824957
-23.8001351235
-23.8954775977
-23.6587235910
-24.1905654711
-24.0942868379
-25.0372877259
-25.3529216709
-25.7855848813
-25.6103567724
-26.5070669396
-25.7876466861
-25.9750644893
-26.1502349665
-25.2978909857
-25.3803045375
-25.2000032817
-25.4651736710
-25.8228522714
-26.7341667917
-27.2227544661
-27.2946200950
-27.7101518265
-27.4393785370
-28.1524518190
-28.6571186574
-28.0008406325
-28.5938484211
-29.1612656930
-29.4082088192
-29.9842302237
-29.1551009311
-29.3609531931
-29.3118242489
-29.1416829890
-29.6269546808
-30.4904609294
-29.7747985535
-29.7991812953
-29.1126838434
-29.3586042836
-29.4436609403
-29.6150887273
-29.3311668096
-29.1688878192
-29.3115946717
-29.2270793941
-30.2186289518
-30.4822156156
-30.2347876010
-30.0584771580
-29.5291578183
-29.0813360331
-29.6282744183
-29.3962087513
-28.8650930435
-29.6823645650
-29.6564493214
-29.4291396332
-29.3275850295
-29.5867194830
-29.5723079496
-29.2394415664
-29.5212124118
-29.9066886190
-30.2435109596
-29.7356034506
-30.2787068121
-30.0860407649
-29.7922974937
-30.1343856653
-29.7675042274
-28.9523195303
-30.1006433671
-30.2585204966
-29.8084031710
-29.1424603406
-28.6043075270
-28.7591691377
-28.8328497888
-28.2978327549
-28.1660518790
-28.3606614672
-27.9108921209
-28.4897604053
-28.2282931280
-28.3999852237
-28.3610797553
-27.4651289216
-26.9430489899
-27.7984449881
-28.5758474551
-28.4244290350
-28.4992838894
-28.4728822655
-29.0439772676
-29.6763953551
-29.5715504872
-29.2434713265
-29.0504783087
-29.4431903855
-29.1120985493
-29.2789806363
-29.8243157071
-31.2028624152
-31.8156999844
-30.8732766757
-31.0892732512
-31.7711696401
-32.1514144596
-32.5801307519
-32.2765590543
-32.2507883433
-32.5972723620
-31.9608247916
-32.5968963290
-31.8886796678
-31.8823156829
-31.3939878664
-31.3813530958
-31.4426193099
-31.7527734582
-31.8801521657
-31.5319758219
-31.5297550278
-31.4901164549
-32.0122270978
-31.4697931211
-30.9655132763
-31.0524815587
-30.0348348778
-29.7567893345
-30.1245341823
-29.8393687502
-30.2857263686
-30.8491566816
-31.5019687863
-32.1034080759
-32.2478148676
-32.3559450838
-31.8186281475
-31.5031684109
-31.1127373717
-31.0440397536
-30.4065016879
-31.2394717359
-31.1506505197
-31.5998382982
-31.6559637070
-31.9418230209
-31.6402532492
-30.4577874791
-30.3379581630
-29.7132903767
-29.3950314150
-28.6058160461
-28.4822612941
-29.1671234906
-28.6221804177
-28.2575591609
-27.7273756326
-27.7962768442
-28.2906151363
-27.9756909552
-28.8142507639
-29.1349733587
-29.1346329313
-28.6043501077
-27.2962899980
-28.6014480922
-28.9567134116
-28.3196809527
-29.0271007397
-28.7193399714
-28.3430694483
-28.0145199047
-28.4392934792
-27.6933342567
-27.2212965130
-26.2096914097
-26.2821809332
-27.2995373061
-27.9700946587
-27.4307841399
-26.7621501853
-26.8500161155
-25.5910972238
-24.8308276257
-24.1984140348
-24.4220528404
-25.2296663115
-25.6288420208
-26.3405268688
-25.8879888077
-25.7893731494
-25.8004570231
-25.7944345618
-26.1447300582
-26.5687678293
-26.1480022388
-26.8230354917
-26.4651405523
-26.8131239329
-26.0922167921
-26.3081016958
-25.5659665820
-24.9208751937
-24.2232981706
-25.1732962131
-25.4779433495
-25.1985328586
-25.1745068528
-24.8930239203
-25.1053407152
-25.6482034272
-25.3850250749
-25.7778594595
-25.5343840835
-25.0345668417
-24.4751209281
-23.7214462775
-23.7957104129
-24.1823456108
-24.3163946097
-24.3674718505
-24.2503193246
-24.2211294591
-23.9120364020
-23.1684200850
-24.6135528564
-24.3167034593
-24.8723983874
-24.7871678212
-25.0237695422
-25.3499183555
-25.5680875600
-26.4667635880
-26.7824544687
-27.3047723174
-27.0005168368
-27.4614722996
-27.6441147885
-27.9151043404
-28.7753592264
-28.5555440869
-29.0697352955
-29.4344519125
-29.2092826636
-28.8533640389
-29.2492343100
-29.0584463518
-28.9590335920
-29.5391318423
-29.9349040654
-29.3833793937
-29.4453277981
-28.8768938810
-29.3246817800
-28.8005014245
-28.8936090190
-29.2160800072
-29.0842533995
-29.1173341193
-28.3986613501
-28.1277595386
-27.9666028145
-27.9739606487
-28.7244306689
-29.0200081163
-29.4679601863
-29.3056602310
-29.4594512440
-29.2615812375
-28.4175665942
-28.2459317542
-28.2054904175
-28.7701028381
-29.4730547455
-29.5089890837
-29.3475575695
-29.4713923008
-29.8828184232
-30.6826686540
-31.0007600173
-31.5761401046
-31.8491900820
-31.8963607162
-31.0559928959
-31.2293589697
-31.2999518169
-30.9789301560
-30.7812021943
-30.2058461062
-30.2568470137
-30.5647396045
-30.5252804672
-31.0679894861
-31.1719481923
-30.9231838774
-31.0938988623
-31.4885574899
-30.9045010307
-30.1572203358
-30.3442299259
-30.1945007659
-30.6254761123
-30.5689877870
-29.9899890284
-29.7273629126
-28.5924463450
-28.6400651394
-28.7839598315
-28.4715304007
-28.7851590477
-28.4755182583
-28.4360888138
-28.7044070843
-27.8240407007
-27.4315118832
-27.6930209892
-27.1699076412
-27.7788749086
-27.1570110115
-26.6528870573
-26.5528841436
-27.2990622090
-26.5568679688
-26.0693110434
-25.3906409056
-26.0970697412
-25.6164750817
-26.1205788660
-26.3585163207
-26.3947436104
-25.3176875722
-24.8675240397
-24.7880492918
-25.6225877136
-25.1792544457
-25.7439684084
-25.5744939191
-25.5375104874
-25.7843011626
-26.6127755653
-26.3952545159
-25.8095172359
-25.1933111794
-24.4407867572
-24.0719274104
-23.2078994495
-23.1860889114
-22.7554445300
-22.8095185189
-23.1772583000
-22.4609350192
-22.8393752216
-22.4860265098
-22.6354833609
-22.4822990990
-22.8321569237
-22.5520423335
-22.2803095079
-21.6402206366
-22.0572199573
-21.3326404998
-21.3716917951
-21.5345891885
-21.7465673060
-21.5218093096
-21.1652220168
-20.6874850957
-21.6986834035
-21.0217760895
-21.1417798475
-21.3558056523
-21.6455593952
-21.3981206589
-21.8346908157
-21.7488803195
-21.8206632945
-22.2364182399
-21.7564925765
-22.1224509596
-22.2229671775
-22.2070816735
-22.6288180809
-23.4100243005
-23.3109243320
-22.8606892080
-22.6620192393
-22.6606530008
-22.6242455341
-22.2234157399
-21.5963946314
-21.3946154561
-21.6415825668
-21.8456074077
-22.8367981452
-22.8019672304
-23.0371974115
-22.3791843696
-22.5128825122
-22.2013985840
-21.5759533462
-22.2219519844
-22.1484972846
-22.3760902420
-22.2794817110
-22.6000303607
-22.4680432699
-22.4427942706
-23.2295951950
-23.9163450122
-24.5779926906
-23.9712270287
-24.0503548564
-23.8005694417
-23.9161099867
-23.5686420308
-23.0981153667
-22.7954803663
-22.0141889162
-21.9977375095
-22.0506753335
-22.4347442764
-21.8750398975
-22.1174807100
-21.9251198533
-22.9119169075
-23.0502054160
-23.0186859026
-23.0265311847
-23.4059193155
-22.8562814203
-23.3494816858
-22.8355512099
-21.8840051294
-22.0121510610
-22.3186762643
-22.0637401265
-22.0960836894
-22.4805210080
-21.8756875822
-22.0847686569
-21.9107790162
-22.2144905417
-22.1166689757
-22.8142439206
-22.8754159122
-23.3133440818
-23.2200953288
-23.1964255567
-23.4433410253
-23.2965454547
-23.7846880896
-24.3292125813
-24.1465105960
-24.0698465187
-23.2509417056
-24.2282099987
-23.9263202546
-23.9851473286
-24.1660361113
-24.0291692661
-23.7288695193
-23.5098255056
-24.1559436967
-24.1345258540
-23.0275796710
-22.7461937112
-23.3517734360
-23.3632343583
-23.2907363614
-23.3139264553
-23.8120835121
-24.6919098169
-25.6123467794
-26.0777678393
-27.0964642040
-26.4987828883
-26.4325823886
-26.8042309684
-26.7725263588
-27.7073885389
-27.3920326400
-26.9979352027
-26.3963332173
-26.3276120665
-26.5498068260
-25.9867064275
-26.5018515090
-26.9392397495
-27.3507948770
-27.1645067716
-26.7399964021
-27.3595359317
-27.7915542141
-27.3125446641
-28.6423318434
-28.7577697786
-28.9322516522
-28.9940365045
-28.4082326344
-28.2819935114
-28.4444748482
-27.9396352259
-27.8642577670
-28.0253488485
-27.1873324072
-27.4890134858
-27.3255837648
-27.1368900723
-27.8879428862
-27.5315567660
-27.9538274578
-27.8917079278
-27.4683450058
-26.4815823319
-26.8413972367
-27.4364474093
-27.4865749894
-27.8637862457
-28.4309799852
-28.5253554857
-28.1301482256
-28.0097299384
-27.7376737458
-28.6858742745
-29.3602768665
-29.4351161207
-29.9610287616
-29.5879869480
-29.2926232552
-29.4618331851
-30.2441860103
-30.8960390068
-30.8221037193
-30.4305790349
-31.0518104491
-30.5881840207
-30.5625220267
-30.6304021893
-30.7902887068
-30.4516729301
-30.7797932997
-30.3854584542
-31.1685008663
-30.9053571564
-30.6476720826
-31.0817752459
-31.3114357577
-30.9290662931
-31.2672927758
-31.2005687537
-31.4701866019
-31.3096148662
-31.5569524555
-31.6845814538
-31.7659493557
-30.4675420987
-30.8231248635
-31.1880688001
-31.7927034377
-31.1304869560
-30.2393225502
-30.3325549852
-29.9975553951
-29.8220436374
-30.4956438122
-30.7198203151
-30.3640477149
-30.3025152136
-30.7478825393
-30.2757248170
-29.9390992970
-29.9198574159
-30.3363319583
-29.9151529523
-29.7955986446
-30.2600616874
-30.2531405794
-29.6985025353
-30.6603576524
-29.9140605291
-30.9119592960
-31.0758365244
-31.4971129773
-31.8520622669
-31.8882279767
-31.3069557483
-31.7442694142
-32.1608038790
-32.8700742030
-32.5115679490
-32.7001727327
-32.1558462896
-31.9650191233
-31.9928680277
-31.6325331590
-32.7160230748
-32.2711546232
-32.7690431759
-32.8675719408
-32.1693386923
-32.7459059183
-32.5750609785
-32.7624183152
-32.8242366188
-32.7081512073
-32.2651275928
-31.9974189428
-31.6942494662
-31.7051396222
-31.8131899239
-33.2487974240
-33.0255877805
-33.1642452212
-33.2094036302
-33.1710654555
-33.2236369010
-33.4471414413
-33.2074114352
-33.7797551754
-33.7983612192
-33.6198576706
-33.8589629806
-34.2181484604
-34.2666386629
-35.1170159637
-35.0763381438
-35.0007417139
-35.1619537619
-35.2196332239
-34.6181662326
-34.6564895295
-35.3737226110
-35.2284857025
-34.4292697988
-33.6589077245
-33.7355876399
-33.7625810274
-34.0188805825
-34.2677222841
-33.8740425451
-33.7204021329
-33.4955050528
-33.2990870609
-32.5570591014
-32.8840168631
-32.8886797428
-32.4716060692
-32.5003711570
-32.4009261520
-33.0923267844
-32.9215892595
-33.0916925560
-33.3302204703
-33.2991264053
-33.5780865609
-33.0119508697
-32.8883949656
-32.8915205429
-33.0024297061
-33.2137041822
-32.4186773851
-32.8046048719
-34.0253662380
-33.3219928549
-33.8459939854
-33.3944449439
-33.9661587222
-34.1134502732
-33.7400735701
-34.1952234219
-34.8687043868
-34.8636657601
-34.5987697230
-34.8476443434
-34.2894427263
-34.4308642800
-34.7754215565
-36.0840287880
-35.3534277520
-34.7257249278
-34.2600821598
-33.5900591204
-34.1810434883
-33.2424188875
-33.5884632638
-34.6349884049
-33.9751028835
-33.2507429440
-33.3702732148
-32.5604001519
-32.3494113382
-32.1217017743
-32.7982015464
-32.0276867881
-31.6413771847
-31.4030100290
-32.3989152730
-32.6131851600
-32.7386055525
-32.3085052014
-33.1989273270
-33.2509554852
-33.5957184175
-33.0919669170
-33.3337004477
-33.4507814791
-33.9185417749
-34.2038427784
-33.9544051087
-34.8302597214
-34.2222402000
-34.0956714551
-35.1931921574
-35.1270086338
-35.2754918345
-34.2143462315
-33.9283095607
-33.9154464318
-34.0174503613
-33.4270718365
-33.1558870838
-33.5928923430
-33.6288319456
-33.2291886070
-32.9825790156
-34.2778533817
-34.4648617634
-33.6025439501
-33.5262119451
-33.1901600326
-32.5419275953
-32.2926357480
-32.4333680222
-32.3600287158
-32.9864631735
-34.3783496192
-34.3397353981
-34.6707523021
-34.6248992636
-34.1381260931
-34.3721971436
-34.7090215359
-34.2887025662
-33.9565707353
-33.4361611438
-33.0416420257
-32.9383089675
-31.9285448688
-32.8610664182
-32.6712979147
-32.6072970476
-32.7117825050
-33.3347077209
-32.3949260340
-31.9659557561
-31.6272556031
-31.3923409541
-31.7303721770
-31.4843339973
-31.4829381569
-31.0983772928
-31.4394446188
-31.9457911238
-32.5227782093
-31.1775049015
-31.1401642632
-30.5794903686
-30.5017157840
-30.9635958899
-31.3908611312
-32.1033499817
-32.5374079608
-32.2086696236
-32.3415919349
-32.1668882743
-32.5937315033
-32.6532809233
-32.9180309383
-33.0833169151
-32.8362436899
-32.7035214646
-32.6612236719
-33.2201072781
-32.3533387602
-32.0695378706
-32.9732244287
-32.9167176650
-32.8481492391
-33.3239253750
-33.4687582977
-33.1398985904
-33.3917014814
-33.2143563321
-33.0984961758
-33.3976897520
-33.6759107502
-34.1560375983
-34.1061444471
-34.0815444024
-34.2486522992
-34.6113253704
-34.9832328811
-35.0381074132
-34.7094982567
-34.7350166390
-34.9889839060
-34.0410253237
-33.8429692037
-33.9997563106
-34.2342661674
-34.2771532081
-34.2466663181
-33.9022635800
-34.5280845229
-34.5295609836
-33.5392170586
-34.0856738699
-33.3764111729
-32.5443398414
-31.8489508152
-32.2185058061
-33.1759355879
-33.2765789149
-32.9472931223
-33.6178653515
-33.6883208886
-33.5330773129
-32.9782599621
-33.1189896611
-32.5680968222
-32.3748651848
-32.4526441576
-32.0863192166
-32.8626972344
-32.7170914454
-32.7138189899
-32.7527344213
-33.1286337575
-32.7377648188
-32.8799401858
-32.5985309793
-32.2658284869
-31.9989073635
-32.8344386357
-32.2451546532
-32.0256388456
-32.1987771723
-32.8544473418
-32.9908625233
-32.5604385762
-31.6920789590
-31.8551522254
-31.8183169242
-32.4567444220
-32.8293371331
-32.8329577164
-32.3961880925
-31.8159607802
-30.4830153711
-29.8164385084
-29.6740325416
-29.8261144049
-29.8972110884
-29.4742445962
-29.2548380980
-29.3990090063
-30.1558485905
-29.8911228411
-29.9802098740
-29.9547690218
-29.6309557182
-29.3946817658
-29.1670706583
-29.2420705448
-29.2460629588
-30.1074257688
-30.3821215599
-29.6161318321
-29.3980471554
-28.8041891267
-28.4533487303
-29.3312351624
-29.9001114854
-30.7001923643
-31.6283528012
-31.5953736749
-31.1826229012
-31.3769992181
-31.6613959247
-31.7711548182
-31.8727429989
-31.4862179757
-31.8734181178
-31.5007135226
-32.1342294107
-31.9403512768
-31.8167015016
-31.4625381760
-31.2342518317
-30.9720369836
-31.5140935644
-32.0541567825
-31.7267772553
-30.2869808541
-30.0527662172
-30.1516074439
-30.8453679327
-31.9457591456
-32.5100091933
-32.9309025888
-32.8188238441
-31.8721331620
-31.9342781151
-32.1942930242
-32.8058770876
-33.2029656489
-34.3171719379
-34.2722019196
-33.9779271174
-33.6814253307
-33.5086720207
-32.7052870445
-32.5545192706
-32.3003993526
-32.1345618420
-32.6546771625
-32.5116054191
-32.7461915821
-33.0078325438
-32.8384442909
-33.4616917219
-34.0321428791
-33.5944962597
-34.1979887288
-34.1762427041
-33.9105670738
-34.4270364546
-34.7942486928
-35.0963277031
-35.8107133169
-35.2012408380
-34.8740179772
-35.2914196549
-35.4172782769
-35.9252203128
-35.5357333982
-35.1331551827
-35.5832072175
-35.3337393653
-35.1766455069
-36.3301411830
-36.7558726988
-35.9966167176
-35.8725934774
-35.5217648859
-35.0920917665
-35.8522559834
-35.2588184187
-35.0378197892
-34.6574661895
-35.0169724488
-35.6920428818
-36.0840605271
-35.0551665441
-34.9980906232
-35.4492597590
-34.8951885109
-36.0115637319
-35.9136391586
-36.2715707923
-35.8060901604
-35.6149361854
-35.3331886373
-34.5240098107
-34.4272352803
-34.5048280185
-33.6803750756
-33.7226288416
-33.9893990338
-34.2960329284
-33.9449338378
-33.2231907155
-32.6069478237
-32.8860647528
-33.0157374084
-33.6051064278
-33.4157223408
-33.3902871089
-33.3409337198
-33.2873665580
-33.5247073300
-33.8873554177
-33.2728913895
-32.9338132437
-33.5526151027
-34.0296887550
-34.0014228002
-34.1754505190
-33.6340421223
-33.9676613258
-33.5099925697
-32.7914454237
-32.2181943296
-31.6886495374
-31.9400146434
-31.7436390159
-31.9225144803
-31.1313390907
-30.3343760679
-30.3872089594
-30.2655497624
-30.3741202488
-30.1137781246
-30.7163064576
-30.7765329345
-31.4682535041
-31.5202471386
-32.0068245459
-31.1347402715
-30.8087259861
-31.0825314611
-30.6832700206
-30.9637252701
-31.1498521119
-31.2226530119
-31.1055696716
-32.0458222636
-31.3421043694
-31.0525981192
-31.6637374800
-31.6173259880
-31.5670683078
-31.4955393514
-31.2676473345
-31.4761016148
-31.4958776999
-32.4371515844
-31.4912390653
-30.4404639329
-30.6578911301
-30.3876068110
-29.6077489498
-29.5136869590
-29.5051111746
-28.6880417567
-29.3627880065
-29.4116427200
-28.2532969452
-28.4697288134
-28.7575590258
-28.4897713334
-29.1899852781
-28.6571161536
-29.1423868712
-28.8825665685
-29.3542870872
-29.1457899482
-28.4545108210
-28.5391646134
-28.6340153013
-28.0894100682
-28.7859202348
-29.3251253650
-29.0514063520
-29.2869066668
-28.4938170180
-28.6519496129
-28.7821810743
-28.6514721283
-29.3709859048
-29.5004529282
-30.2022594540
-30.1732867164
-30.7599897409
-31.6679963301
-31.6368059090
-31.4211638207
-31.3321830701
-31.8673029829
-31.7278028305
-32.1843185021
-32.3184541701
-31.2911696582
-31.1376125055
-30.7397289514
-31.5207104666
-31.6702980791
-31.8354053654
-31.7434167619
-31.0647932209
-31.4703077190
-31.4874759422
-31.7807433497
-31.0934708525
-31.0914698170
-31.1783264897
-30.8106825881
-30.6652307561
-30.5738436580
-30.1587776481
-29.6827419496
-29.1209104223
-29.4013515021
-28.8225155237
-29.0437278613
-29.5253256569
-29.2866235067
-29.7215444805
-30.2093183482
-29.9016908751
-30.2828399401
-29.5934515829
-28.7764123816
-28.9202650770
-29.4309984457
-29.5454766614
-30.2121112572
-30.5902221057
-31.2486502608
-30.7117888998
-30.5591168150
-30.7730825187
-30.9532269992
-31.6575576920
-33.0337427130
-33.1183302964
-33.6110777590
-33.5028555775
-32.7254383804
-32.5008605858
-32.4266524718
-33.0018730591
-32.3545194823
-33.2629451562
-34.1061653712
-33.1675878007
-32.6064918701
-33.0562517871
-33.2173147676
-32.5076536444
-31.6225172785
-31.5846479317
-30.9253803607
-31.4943662505
-31.5734552700
-31.4051078258
-31.2959301590
-31.1311439866
-31.8300333700
-31.8210661018
-31.5947346545
-31.9762084515
-31.8899867266
-31.8024004607
-31.5958472341
-32.4239135288
-32.2699312333
-31.8381993214
-31.6119320337
-31.0003702597
-30.6185623201
-29.8395135908
-30.3605276619
-29.7501616433
-29.1149340415
-28.9615361897
-29.2124557368
-29.2640846225
-28.3947521430
-28.1142705038
-28.5736135877
-29.2037551375
-29.5953919458
-29.1608795251
-29.2362499308
-29.6047013838
-30.0582753797
-29.7497217041
-30.4571421637
-29.6788511462
-29.9530864832
-29.3425092578
-29.3295481194
-30.2157542158
-30.2325349135
-30.1807284619
-29.7975337653
-29.4651934927
-30.6913507588
-30.7601062237
-31.0374605641
-31.2106362545
-31.9324443993
-32.4726087579
-32.8498825168
-33.3869738175
-33.8892486281
-33.3900603140
-33.6567200531
-33.2993747105
-33.9339646409
-33.3416705389
-33.2122206107
-33.5470583063
-33.5278435744
-34.2038568394
-34.0800332927
-33.8936565362
-33.9757899281
-34.4065191219
-33.8857490716
-33.4376723610
-33.7579072018
-33.4901635621
-32.7341174853
-33.9201522365
-33.9525815503
-34.0529063859
-33.6994861581
-33.7992019475
-33.9758095584
-33.2790096907
-33.2780641730
-33.9508380367
-34.4890001086
-34.9364311214
-35.0315330194
-34.7448014674
-35.4319534955
-36.0582911320
-36.3759005745
-36.4198644461
-36.0999329322
-35.2806592960
-35.3540764171
-35.5411441956
-35.7007561524
-36.2676041665
-36.8804585352
-36.8821012724
-36.6541886584
-36.6003523626
-36.1657411488
-36.3410787143
-35.3077844427
-35.5642530495
-35.8540139838
-36.3067039631
-36.4513892441
-36.6453554349
-36.5818821430
-37.1811094154
-37.3859015128
-37.4460142405
-36.8202820144
-36.6278489485
-36.0655986537
-35.6739698158
-35.1235682639
-35.3316899216
-34.6156792715
-34.8595109848
-34.6754057485
-35.4808138142
-34.8454241959
-35.2930514841
-35.5810780434
-35.2654345093
-35.4100943794
-35.6821623887
-34.3536498017
-34.7463816522
-33.9569805287
-33.5461882905
-33.0611710786
-33.3030683915
-33.1472525776
-32.5900575624
-32.3167195814
-32.1691594291
-32.5695825290
-33.0615322400
-32.8228757841
-32.5063715750
-32.5534683706
-32.7801274522
-33.5491378116
-33.1544058018
-33.0301014607
-33.1089631535
-32.3695025681
-32.8758711813
-32.9967969458
-33.6661733853
-33.1563922199
-33.1890761468
-32.7490835647
-32.4453592162
-32.5218617965
-32.2602001679
-32.4770440392
-32.5217594100
-32.2150697849
-33.2882877695
-33.2499937819
-33.4553443912
-33.5774573324
-33.0001446104
-32.2005558647
-32.2889914380
-33.0844600929
-33.3351821856
-33.0331217883
-33.5854102566
-34.0724904464
-34.1707049308
-33.4615033431
-33.0906979358
-32.5322884065
-31.6752845983
-30.8231097766
-31.6783123572
-31.6056355214
-31.5319179372
-30.6792500070
-30.5210420146
-29.7881624815
-29.3563031443
-30.1246398310
-29.5099091057
-29.3396836906
-29.1595579600
-28.4578539088
-28.4098037677
-27.5938519821
-27.8548523631
-26.7780161772
-27.1317581963
-27.4097671795
-27.7095388960
-27.5528523582
-27.3119211852
-27.1707053983
-26.5557937806
-26.0210379951
-26.5122624470
-26.6330947584
-27.9943856670
-27.7766708659
-27.4243202481
-27.5120780174
-27.3021731207
-27.2499574899
-27.1987890517
-26.6437233324
-26.9806644552
-27.2162680558
-27.0177786512
-27.0105601331
-26.8149334781
-27.0299363381
-26.5319182261
-26.6775381750
-26.2763713788
-26.2565240962
-26.1754883022
-26.1993382201
-26.0149511956
-25.8123614370
-24.9801690464
-25.8695086166
-25.9951195986
-25.0690755997
-25.0818075706
-25.7774195140
-25.5603693617
-24.7011021139
-24.7102641689
-24.2938313915
-23.7294732355
-23.1508044752
-23.2408208196
-23.8148747151
-24.0648417385
-23.6148367230
-23.6459258457
-23.4849195362
-23.4304862029
-24.1704499969
-23.7185403669
-23.5891611481
-23.6675526493
-24.4226113101
-25.4615663001
-24.9493378668
-25.2343141476
-25.4922861496
-24.9129174457
-25.7797444450
-25.7531612328
-25.9191670692
-25.7566572447
-25.2848399805
-24.7826986759
-25.6618077053
-26.2826571765
-27.2710755860
-27.2519524508
-26.4869049486
-26.7851647815
-26.8921926271
-26.9576979204
-27.7766101144
-27.7622283230
-28.3826660966
-28.2899014106
-27.7016740433
-28.1628832281
-28.8469627042
-28.7366762861
-29.2110168208
-29.4927260212
-29.7756539209
-29.8111180560
-29.3480374351
-29.4182752047
-29.3737825911
-29.4826176772
-28.7423245015
-28.6951864245
-29.3571661643
-28.9941551933
-29.2766981249
-29.3950601696
-29.3295039901
-30.4118801347
-29.7241330187
-30.4885110746
-29.9241378266
-29.8503937278
-31.0196666419
-31.0337318641
-30.6132379228
-30.3530222934
-30.4406753781
-31.0734563080
-31.4523181545
-31.7584101133
-31.4550630592
-30.6982107945
-30.7474703697
-31.4188996463
-31.2548912009
-31.1097369944
-31.6561270855
-31.2931072365
-30.7061128076
-29.9057390972
-30.4361238270
-30.4493177837
-30.7057172118
-30.4494523270
-29.4547330186
-30.3839341146
-29.8856509176
-29.3416593716
-28.7064610415
-29.0348827341
-28.9111282780
-27.8975988446
-28.0539264535
-28.5757028157
-28.0651722399
-28.2371099413
-28.1298123758
-28.7014613720
-29.1539906415
-29.6334749186
-29.6539965204
-29.9129173874
-29.8414707121
-30.2131543916
-29.7966230343
-29.6551249188
-28.9759905009
-28.7088693299
-28.0940118895
-26.9754512851
-27.2534971536
-27.9359403844
-27.8951344510
-27.0602796779
-27.9505710687
-27.4293347033
-28.3406670025
-28.2623195797
-28.2908142828
-27.2487024002
-26.3940191445
-27.1990720286
-26.4752884295
-26.6643191305
-27.3616463926
-27.8117396014
-27.8721551225
-28.3135583595
-28.9767040499
-29.5284745988
-30.3534623656
-30.3104845458
-30.1588902098
-30.6514468316
-30.1813804206
-29.9021107542
-30.3981137331
-29.0381100782
-28.6387547636
-29.6600111616
-29.2522911594
-29.6165114437
-29.5213550307
-29.1778589874
-28.2496455395
-27.5392069728
-27.7798072247
-27.8345230775
-27.7630444875
-27.6962612213
-27.6082653261
-28.4261383504
-28.3002193968
-28.4193515990
-28.7706928652
-28.5830695113
-28.4178710313
-28.3760715687
-28.3787789532
-28.1952844918
-27.5842282084
-28.1455155172
-28.6434444339
-28.2691073252
-28.4710191723
-28.8127775985
-28.9367308549
-28.7800510861
-27.6456592079
-27.7743438777
-27.6435240634
-28.3503833231
-27.8611548159
-28.3516434078
-27.5185170792
-27.5670442649
-27.7870534837
-27.5757403696
-27.4026616180
-27.5820586395
-27.8911432616
-28.4068098905
-29.3976391193
-29.2928737359
-29.3688289888
-29.4527842729
-28.5348073394
-29.3808345587
-29.1991537791
-28.8360236216
-28.8366165373
-28.5213925041
-28.6111528180
-28.6003778407
-27.9355876055
-27.8957525867
-27.3868092963
-26.8304922560
-25.5230367588
-24.7707722994
-26.0564868472
-25.8497795372
-26.6961737125
-26.5703565866
-27.3507922508
-27.7111045955
-27.7428719521
-27.5681567479
-28.0313450110
-27.5361348628
-27.6170114928
-27.5832286730
-28.6603549518
-29.3449606632
-30.3417006894
-29.3274079531
-28.6465403011
-28.0588456669
-27.9784430326
-27.2069445925
-27.7551413593
-27.4670073373
-26.8911231654
-27.0161983242
-26.5848459882
-27.1992915584
-26.9838971433
-26.3616226022
-26.6590724338
-26.7196447147
-26.3821939218
-26.9874267821
-27.4975052442
-26.8903761392
-27.3082813608
-27.9882569625
-27.5086640300
-27.2848796090
-26.7926247889
-27.0575544234
-26.6502123588
-27.7755102161
-27.8979115998
-27.5863808051
-27.8340368834
-27.6308386954
-27.7740705952
-28.2591798467
-29.1505211131
-28.6429380370
-29.0343259772
-28.6085518303
-28.1662620801
-28.0459118962
-27.5557385765
-27.7107252792
-27.7141337081
-27.2283239086
-26.5379443558
-26.1489765902
-26.2518834071
-26.5513898224
-26.5712012036
-27.4810581274
-27.3370067994
-26.7239333859
-27.0496255288
-26.9313954664
-26.9695344207
-27.2148362253
-28.0783059285
-28.0070832155
-28.2715234811
-28.0914822134
-28.5003489696
-28.8678826276
-29.6705858027
-29.0910952955
-29.2987444736
-29.3021795588
-29.2005156821
-29.4469186906
-29.5456743487
-29.8102102526
-30.6144340719
-30.7417224312
-31.0134260768
-30.9949009028
-30.4710450356
-30.2449336462
-30.6352033512
-31.2208803461
-31.2080563419
-31.3818674447
-31.5968595487
-31.1390503624
-31.4374911385
-31.0889071875
-31.1405894291
-30.7843810667
-31.5408429674
-31.0683349955
-31.6980000570
-31.5610770784
-32.0142603806
-31.4899192618
-31.6900070523
-31.8541016733
-31.8612000013
-31.7359278359
-31.5330372579
-31.7019539824
-32.3097286123
-32.9554197386
-32.5359128001
-32.5997701846
-32.6842501799
-32.9639723126
-32.0754416515
-31.3172506492
-30.8129190954
-31.3113960919
-30.6042076065
-30.5203687285
-30.0275654533
-30.1015096154
-30.6600669796
-31.1818503366
-30.7349457537
-29.8012824545
-30.5521340727
-31.0530999617
-32.0709685438
-31.9520243324
-32.1316600496
-32.7969136684
-32.7729026863
-33.4401866867
-32.9830790516
-33.0839035652
-32.7460972410
-33.5297675625
-33.7685541685
-33.0915936120
-33.1295757658
-33.6331993028
-33.5976299824
-34.3305676650
-34.7197933940
-34.2665786871
-33.8907371195
-34.0889589357
-33.9202211516
-33.7671234185
-33.9445772302
-33.9911352108
-33.3684089326
-33.6852254139
-34.4575412870
-34.6783223096
-34.6307511073
-34.7006579438
-35.4989197819
-34.3495412743
-34.0887819482
-34.4938600343
-33.8581730479
-34.1920561872
-33.6206574254
-34.9944836920
-35.4362050093
-35.6613508760
-35.8826771643
-35.7845507487
-36.0187144280
-35.5150240257
-36.4457358220
-36.3219062758
-35.8123196241
-35.9717428654
-36.1654150675
-36.2386655583
-35.6618599316
-35.7591556719
-35.5309747381
-34.7724774528
-35.3124625994
-34.8083439599
-35.2969542251
-36.2279457788
-35.5757551941
-35.7204386692
-36.2754234411
-35.9378740237
-36.3015650004
-36.5884250867
-36.3080285772
-35.7061059945
-36.1352844880
-37.1100835683
-36.3919424716
-36.4699312681
-37.1926861516
-37.5767916190
-37.5777937723
-37.6276659833
-37.8290157265
-37.9811156630
-37.5710322102
-37.9148164332
-38.2794729852
-38.3075283154
-37.8299065657
-37.6304989363
-38.6557780884
-38.3138106088
-38.1340422470
-37.8984205608
-37.9952670274
-38.0786074151
-37.8372626430
-37.8764521339
-37.6860972078
-37.4642697538
-36.9113005649
-37.0265409943
-37.5667553115
-37.5680643539
-37.2116989042
-37.0428968478
-37.1511116798
-37.1964596155
-36.1983112041
-35.7022423507
-35.3130843346
-35.3373980922
-36.0376043809
-35.5372998320
-36.4400245301
-36.1393178484
-35.6222627295
-35.5657248455
-36.1173378511
-35.5897237847
-36.0918876584
-36.3099491040
-35.9399541425
-36.8425187063
-37.6407922920
-37.0816624677
-37.7947475898
-37.8524705150
-37.6352512439
-38.1207224781
-37.1421091407
-37.4941900263
-37.5665578984
-37.8518428511
-38.2481041488
-38.6009049497
-38.5325009361
-38.0113152226
-37.9323819729
-38.1458815926
-39.1518748671
-39.8727290549
-40.6371344228
-40.3318501348
-40.4611958976
-40.1007950292
-39.9553177998
-39.3764873829
-38.9950636629
-38.7830588170
-38.7123799371
-39.1422802172
-39.0979848489
-38.9983553739
-38.1982486792
-38.7171299432
-38.6843302774
-39.6698921184
-39.3985007552
-38.8151723310
-39.7403678778
-39.3766869224
-39.6226399942
-40.1432047536
-40.1210365762
-39.5575773894
-39.1127192066
-39.0530350573
-38.8611606922
-38.1934977601
-38.3098782872
-37.2366457483
-36.7153450322
-36.9494986756
-36.7443488847
-36.8011329045
-36.7232611585
-36.2055099082
-35.7948255811
-35.9757990844
-36.2646919304
-36.2052029083
-36.1625383145
-36.4447541999
-36.8968654143
-37.3563478388
-37.3644141478
-37.2718472297
-37.1982623178
-37.2933150401
-37.4090050936
-38.1388997270
-37.9614228836
-37.9887910447
-38.3145460998
-37.6960712068
-37.5193766008
-37.4633482622
-37.6287023471
-37.8961585990
-38.1122475806
-38.2931835946
-38.8532207204
-39.4300409422
-38.7599160725
-38.4773709772
-37.9699444886
-38.1760318014
-38.1263970287
-38.2056025375
-38.4318966162
-37.6148496174
-37.4600378820
-37.2716049717
-37.5166206171
-37.3465517794
-36.2647378651
-36.5802799517
-36.3582982591
-36.2474335339
-35.2554388398
-35.3000748850
-34.9108423520
-34.9128139520
-34.5253438101
-34.3020715168
-33.8935242255
-33.5402783163
-33.0964650980
-33.3624307850
-33.3215221977
-33.1195989370
-33.4786454623
-33.0965454502
-32.8337427165
-32.8525190246
-32.4271539841
-32.9330865944
-33.3145295117
-33.4820381570
-32.6709629817
-32.7748519392
-32.8029648018
-33.2268012267
-33.3370199507
-32.8225309248
-33.2130961835
-33.9088109775
-33.2964371679
-33.3086154807
-33.9841822368
-33.7845949026
-33.3912388024
-33.2392304329
-32.4694758369
-31.6419719863
-31.4011558405
-30.4774377522
-30.9783224022
-30.4481367519
-29.9265944784
-30.1310272663
-30.2009527312
-29.0149323764
-29.2111027596
-28.9941590532
-29.0805333105
-28.0626065112
-28.1333920774
-28.4667597199
-28.7144674543
-28.2801048255
-28.5099562926
-28.5313723908
-27.7684360302
-27.3719744171
-26.6767002552
-26.2723285473
-26.1436056451
-26.7882530652
-26.6588230214
-26.9307353440
-25.9003930656
-25.6241955741
-25.2255501316
-25.2736216736
-25.7886165631
-26.1073621710
-26.2590181582
-26.7990979582
-27.5914566974
-28.3585063948
-29.1564168258
-29.8903892947
-29.0990663100
-29.5082881216
-30.1291972784
-29.5994450168
-29.2717899886
-29.5508859942
-29.5510053390
-29.5864872327
-29.7939058271
-30.2382173830
-29.9821201256
-28.5724134128
-28.9488135566
-29.9904159209
-30.0955864548
-30.3993967243
-30.1578990785
-30.9249523238
-30.8431635779
-30.4478102978
-30.6482013924
-30.9063410396
-31.3440601027
-31.7458880286
-32.1448281865
-31.7587257993
-32.0358311220
-32.4148006006
-30.9857136578
-30.4522446295
-30.1662142601
-30.1093276701
-30.5643349454
-31.5118732961
-31.0958511672
-31.3835997681
-31.5042263796
-30.9634716676
-30.8947924338
-30.6784914506
-30.4354000612
-30.3600698029
-31.2164111403
-31.2103836289
-31.5824023611
-31.9959576152
-32.0808740413
-32.4695305731
-32.2596973345
-33.4236400424
-32.9340512143
-32.1442409801
-32.5077142141
-32.9769604399
-32.8161671219
-32.9755863678
-33.4579192356
-33.6846445491
-33.0401873904
-32.9601532481
-33.4659942295
-33.4204463801
-33.6252239371
-33.7395983729
-32.8037763791
-32.8386125425
-33.7478323380
-34.3957430447
-33.8189692844
-33.9510966739
-34.5324511312
-35.7858766643
-35.8373126640
-35.0206480435
-34.9818141069
-35.0242659948
-34.5916401845
-34.5423371788
-34.8261205195
-35.1267409112
-35.4797509072
-34.3337102203
-34.0827588478
-35.1050283111
-35.5459678789
-34.7901744948
-34.3778099529
-34.4737246826
-34.6089532914
-34.9591446917
-34.5669648712
-34.5773416275
-33.1867849568
-32.7032044379
-33.2139190085
-33.0731463968
-32.8291850833
-33.1163795069
-33.4220747336
-34.0521000636
-34.2075616976
-34.6011817405
-34.5259678837
-34.4716961428
-34.8371669159
-34.6985400205
-35.0095873705
-35.6221671738
-35.8524193069
-36.5927368603
-37.1923457065
-37.0025992150
-36.6067763797
-37.1026981010
-36.9589181145
-38.0063642713
-37.9679173222
-38.0066930492
-37.9895887961
-37.9190796181
-37.7846423410
-37.1169653052
-36.8817424437
-36.9828363345
-37.1700496561
-37.9028558977
-37.6151875427
-37.9585807364
-38.5738969056
-39.3898256511
-38.6195736668
-39.2470789333
-39.4474888124
-39.5962022589
-40.2731670062
-40.7640391065
-41.3092557845
-40.5152652505
-40.7124477570
-41.0979592952
-40.5428274210
-39.9616719976
-40.0242155094
-39.7889451252
-39.3302470390
-39.5959253962
-39.1321977623
-38.8595623968
-39.0288493663
-39.5378260696
-39.7400955703
-39.3931755734
-38.6998209784
-38.6223149637
-38.5367063153
-37.5769583384
-37.2741248578
-37.1327704409
-37.6408437287
-38.2180295856
-38.9284747003
-39.0704080767
-38.9916890650
-38.9176847795
-38.0084789816
-37.9089634113
-36.8967118200
-36.8493904791
-36.0357839000
-34.9158453718
-35.4882022913
-35.3657640100
-35.8530629008
-35.2670923291
-35.1761152814
-34.6295193734
-34.4167035970
-34.0902486348
-33.9022450148
-33.2812218490
-33.9319345539
-33.9446157196
-34.1851502682
-34.2726218790
-34.2914487797
-34.1402654260
-34.2970765460
-34.7043049699
-34.7227435614
-35.3626112359
-34.7165862632
-33.9864120579
-34.8111505916
-35.3714653708
-36.2568807886
-36.3789080150
-35.9549933708
-36.4980085732
-36.6399828232
-36.4765739350
-37.4306747409
-37.9415591829
-36.9089006824
-37.0304243855
-37.2941335790
-36.5522213998
-36.5070728323
-35.9787023045
-35.6463544432
-35.4032976697
-35.3540050102
-35.7453657741
-34.4504282863
-34.3696551688
-34.5622169551
-34.1300408608
-33.3750673513
-33.8503918785
-33.6000952097
-33.1816262065
-33.9401685975
-34.5751093436
-34.3566816952
-34.3530261818
-34.5066221797
-34.3232885036
-34.9019861090
-34.9067077326
-35.2765559555
-35.6067525389
-35.7300297905
-35.4116922108
-35.2545142894
-34.9222877081
-35.2678007427
-35.0590057727
-33.9232889219
-34.4262954704
-35.1754198728
-35.4172095304
-35.7707544995
-35.4969389490
-35.6213090472
-35.2816844002
-35.5777139538
-36.3247146830
-36.4345385899
-36.0801745468
-35.8759643478
-35.4179141139
-35.2812313497
-35.6354953054
-36.5806732242
-36.1047945277
-35.3965214152
-35.6633451076
-35.3504937650
-35.4004406911
-34.9087119339
-35.2056508267
-35.4997308817
-36.0733652095
-37.2459436104
-37.6813931898
-38.2399335252
-38.2551438434
-38.3671628479
-38.1551645864
-38.0436693126
-37.4857254981
-37.6067756517
-36.9632514786
-36.5039554754
-36.9898664993
-37.2651549086
-37.3279872598
-37.5826173664
-37.7171496899
-37.8661423985
-38.1334829686
-37.3038862712
-37.5043392421
-37.6509908073
-37.8536582421
-38.3186112503
-38.7893660365
-39.2882497325
-38.3327160566
-38.2536375501
-37.8107870676
-37.9818394036
-37.8763186155
-37.4721859867
-37.9738159529
-38.1665533293
-37.2564354116
-38.0968593690
-37.2220372285
-37.4258824446
-37.5028187637
-38.9483878838
-38.5340746055
-38.4820386677
-39.3125428697
-39.2437387559
-39.9292241693
-39.2673741161
-38.9429414336
-37.6609002295
-37.0660576163
-36.0283379565
-36.0182379652
-35.8828393087
-37.0332967802
-36.5061176507
-35.4606493168
-36.0275057892
-36.7369820223
-37.1612743330
-37.6822842194
-37.9632364439
-38.9156798439
-38.5885642408
-38.3020014264
-39.5082083096
-39.4459345363
-38.9609212977
-38.8135015611
-38.7974516364
-38.6071117944
-38.9202510331
-39.0354644544
-39.6020339947
-39.7872961009
-41.0678278656
-41.0058902496
-40.8888561400
-41.5694818628
-42.0686541579
-42.4710899231
-42.9497775085
-43.0893743386
-43.9832240724
-44.1545168861
-43.7132571815
-44.3731213549
-44.5337615310
-44.1364058634
-43.8292090142
-43.7409913044
-43.3090218192
-43.8058005169
-43.6311902697
-43.6787602174
-44.6635474159
-44.3852567168
-44.5030106529
-43.9168635524
-44.5718706770
-44.1706540145
-44.2412245918
-43.6356335477
-43.3989609011
-43.3599640465
-43.5261617670
-42.7989129637
-43.2011701441
-43.0273192862
-42.7937626262
-41.7919790871
-42.0095130898
-41.8344986032
-42.5660311701
-42.6021910794
-42.7304191252
-42.6132859219
-42.4063067640
-43.3097895102
-42.9342460383
-42.5713036727
-42.4460442172
-42.4863890251
-42.3500654321
-42.5839434705
-42.1279667908
-41.7146585824
-41.8497349881
-41.9420944241
-42.2325654660
-42.3319065184
-41.6903942144
-41.6152109968
-41.7206982517
-41.9757246816
-41.3377688071
-41.6638963384
-41.2799350367
-40.4907200027
-40.4063865682
-41.5250690297
-40.6120412739
-41.7043108273
-40.4620016975
-40.2862943058
-40.4429904767
-40.3848412252
-39.7077513250
-40.2090044654
-39.4526984489
-38.7407549142
-39.0759404401
-38.4970957940
-39.0334060638
-38.5020246257
-38.1591704157
-38.5156035127
-38.9531854602
-37.7177010393
-37.5525755857
-37.1517266771
-36.4806085246
-37.0902388063
