eta4_2
1.8225185921
1.4130978302
1.7007377239
1.1782307749
1.3872847296
1.5448130847
1.2525136138
0.8369083219
0.1357179436
0.1608810852
0.1461947776
0.5964757904
0.1692894138
0.3524522829
-0.6575184609
-0.4719400330
-0.7595988574
-0.9743246193
-1.2134015483
-1.4262688767
-1.6108757566
-2.1458781794
-2.4511583695
-1.9053819550
-2.2088467269
-1.9918251792
-2.6196422429
-2.0473002675
-2.7059915258
-2.3414266060
-2.2751228752
-1.8712159661
-1.4529985301
-1.9100498281
-1.8403785859
-0.9908969843
-0.4210441916
0.7341448869
1.0464465732
0.4073969983
0.7089907366
0.0445793404
0.9343502035
1.2004453636
1.3670035280
2.1104048107
1.8325963940
2.3246590744
2.7291671547
3.0411726048
3.1096973775
2.6712543609
2.7185763836
3.1069901986
3.1986629176
3.3824863207
3.1851644477
3.8346601941
3.0859629190
2.8487712882
1.9608795578
1.9769071090
1.4265844410
1.7864830447
2.3466169076
2.6404555723
3.3010083371
2.9875333732
1.8929277606
1.5058125795
1.4246893304
0.6570776649
0.6717224495
0.0349115766
0.0921573579
-0.1213678146
0.4237376603
-0.2230895284
0.2634075555
0.0552051025
0.2696996035
-0.5009820847
0.0584617198
0.5026441474
0.4028339289
0.3059165993
0.4722913830
0.8687402349
0.5847779968
0.5288112129
-0.2287344264
0.1163140844
0.1410431954
-0.0365219583
0.1952067993
0.2938345188
-0.1722773363
-0.0703043781
-0.8645862072
-1.4781406613
-1.3846069046
-0.9419606499
-0.2812116025
-0.3609044435
0.0706439934
0.4840359333
0.4535203725
0.2378693763
-0.2985648642
-0.6455692752
-0.7910982699
-1.0674894145
-0.7524899707
-0.5254487569
-0.9634295924
-0.6396131670
-0.9361379545
-0.3471171342
-0.0363333611
0.0641409856
-0.3975150168
-0.6526698218
-0.2651659227
-0.4520546772
-1.3447053829
-1.7767910912
-1.1813671508
-1.7784526469
-2.1808350522
-2.3214233372
-2.0570272717
-2.9588242864
-2.8853058296
-2.6498878385
-2.8502818902
-2.8933000529
-3.8810841570
-4.8562547165
-5.0487651176
-5.8005740704
-5.6480803402
-5.6139461357
-6.4809277591
-7.1507946011
-8.0524749188
-8.3209265597
-8.2158225870
-8.5946716382
-8.2976898235
-8.1492699725
-8.3905834294
-7.6732186739
-8.2113428595
-9.1303923006
-9.0744660625
-8.5533785696
-8.1476731663
-8.8853902458
-8.9013879651
-9.6241885053
-8.9031969940
-9.3069958577
-9.8039433131
-10.0296267341
-9.1175828405
-9.0504193174
-8.9788471294
-9.1634688334
-9.7620810573
-9.4508097435
-9.3875131263
-9.9005729196
-10.3186539559
-10.1037024077
-10.2978917377
-10.8820051234
-10.5330792353
-9.8402713119
-10.3964726494
-10.6122472653
-10.2573447041
-9.9186576258
-9.7536231328
-9.3652753062
-9.6806166815
-9.6410095732
-9.5384739040
-10.2666110179
-9.9290858545
-10.4856644886
-9.9440598675
-10.2150240151
-10.3687040451
-10.4919091879
-10.3122073279
-10.4676193424
-10.1708523657
-9.9173643429
-9.5068018978
-9.1174236707
-8.1720110104
-8.8325977083
-8.7424388044
-9.1569749770
-9.0782527626
-9.5688194577
-9.7103072103
-9.0625085821
-8.9961917582
-9.2295068760
-9.1617166104
-9.6055517584
-9.8239604696
-9.0545766171
-7.5665991473
-6.9423713225
-6.5734839279
-6.7980773161
-6.1330089144
-6.3184070500
-6.5506223145
-7.1005593458
-7.6309023288
-7.2550542097
-7.6971558496
-7.2007848626
-7.3217391292
-7.5052122687
-7.7374701383
-7.4210114405
-7.7388484744
-7.4195794025
-7.0788921550
-6.7462522319
-6.7971799913
-7.3939677091
-7.9196464792
-8.1132002925
-8.3991989741
-7.7896952161
-7.7849348733
-8.3107328644
-8.2551988651
-7.5745654067
-7.4231614296
-7.9121145683
-6.6472231243
-6.5785978836
-6.1376330578
-6.0257883415
-6.5248178949
-6.1959132023
-6.4480825627
-6.8393710646
-6.4754080831
-6.8303145051
-6.2467943299
-6.2325095822
-7.0425526164
-7.1139100916
-6.4161042355
-5.9924505943
-5.9763435551
-5.0066587621
-5.0105076800
-4.9306330219
-4.6549614723
-4.7027616858
-5.4925735623
-5.3033321316
-6.3307438459
-6.4843781370
-6.0985245339
-5.7141231986
-5.6577365908
-5.7323332989
-6.4963368683
-6.1083848106
-6.7930842526
-6.5997595002
-6.3600879297
-6.4069957418
-5.9649039289
-5.3567030982
-5.0630010696
-5.5511456401
-6.1868283318
-6.6808337275
-6.9013939149
-6.8290864540
-7.2443276433
-7.3585840038
-6.7651935292
-7.1928970711
-7.4141649086
-6.6135013298
-7.6263517520
-7.8513828454
-7.9278553094
-8.7554670545
-8.6538732876
-8.6549878874
-8.9725753245
-8.6066648959
-8.6464287364
-8.3268377603
-8.9133773548
-9.0166813332
-9.5009340252
-10.1780496496
-10.5189275293
-9.2934792128
-9.6409903732
-9.8929236401
-10.1887788277
-9.4647744978
-9.4532744180
-9.4496706480
-9.5256633168
-9.1304586910
-9.7772219470
-9.9040305778
-10.7122720174
-10.3655601292
-9.9516790342
-9.2524026926
-8.7299216113
-8.6431426996
-8.5841807023
-8.6285049839
-9.2161667719
-8.7076531462
-8.0687917350
-9.0182160111
-8.5529718539
-8.3198255125
-8.5179490542
-7.6422158340
-7.9649292670
-7.7392871763
-7.5777693212
-8.1418170306
-8.7977218249
-8.2923177323
-8.2981164680
-7.8726159976
-8.0939302229
-9.3327269768
-9.5761430551
-9.7543026294
-9.3986658874
-9.4073140435
-9.8499834975
-10.6051521725
-10.0559523130
-10.4229181235
-10.3858641358
-9.7900192472
-10.0545152822
-11.5191528368
-10.7856591449
-10.3053343240
-10.3515986488
-11.3126943238
-11.9216023731
-11.1906782913
-10.9574752016
-11.1438741243
-10.0934875970
-9.3275810566
-10.5268855411
-10.6417795005
-10.6725314655
-11.3141519606
-11.5343797735
-11.0333911594
-11.3953970468
-12.0949965927
-11.5165706114
-11.6359604422
-11.5671646696
-11.3731093389
-11.2986524083
-11.1643514387
-10.7758605812
-11.0816499820
-12.0625746504
-12.5736022303
-11.9868063763
-11.8506989731
-11.5190908522
-11.9255164695
-12.2289692101
-12.0333440732
-11.7962794539
-11.3016828097
-10.9935277197
-11.2922262494
-12.0373733159
-12.1146806424
-12.5697268130
-12.6017868920
-12.8791572501
-12.8503444720
-12.9925182059
-13.1747643269
-13.1146548993
-13.0688412907
-12.5734847062
-13.0604668294
-12.9707466874
-13.0980059379
-13.8053738570
-14.5832095250
-14.4027674168
-14.0611743573
-14.4093739001
-14.5494666617
-14.7931554564
-14.1222734390
-14.2438491372
-14.0904106481
-14.7330342027
-15.4579851194
-15.9378506871
-16.9508985952
-16.9907809750
-16.7920461008
-17.5251372437
-16.8830644899
-16.9609530684
-16.8698991792
-17.5714514296
-17.3334161721
-17.7841801897
-17.7167681107
-17.7009048857
-18.1496939829
-18.4141149657
-18.6343741733
-18.1755734143
-17.7363829207
-17.0112688714
-17.6640251637
-16.9198391970
-16.9187346548
-15.9034863693
-16.1103819052
-15.8946111260
-16.0808384584
-16.1374063070
-15.9151551784
-15.1628568783
-15.0363883666
-15.7033422845
-15.6953356981
-15.7918773748
-15.9875985733
-16.5810195520
-17.1651167207
-17.1730050705
-17.3649542116
-17.8520645440
-17.6223101295
-16.9200656491
-16.8880442571
-17.0377693268
-16.5823758415
-15.6691629282
-15.8107534840
-16.4322906280
-16.8106127796
-16.2257197950
-16.1207314883
-16.5391269476
-17.0216022535
-17.1140675170
-16.8851272492
-17.7120406586
-18.5871355490
-18.8228835223
-18.9026824763
-18.4396948255
-18.5924346077
-18.2828916615
-18.8458668453
-19.2926365608
-19.3642693394
-18.6876405280
-18.6126492552
-17.8720317011
-17.9374298634
-16.8579499855
-17.2290434941
-16.4835663188
-16.8114391391
-16.8103104179
-16.6493209524
-16.1820752634
-16.2652024070
-15.9187751940
-16.9116533718
-17.0210921991
-16.4846533328
-15.8002300441
-16.1285753388
-16.3380401559
-15.8684651960
-15.9602301562
-16.9613712887
-17.5893961198
-17.9518623030
-16.6328412963
-16.2184158885
-16.5475762321
-16.7688409239
-17.3495911863
-16.7833276602
-17.1261085518
-17.0572179318
-17.4834688144
-16.9181314153
-17.8421150329
-17.8918219472
-18.1509477763
-18.4666670012
-17.7987500876
-18.0355969659
-18.0040339278
-19.1846817421
-18.3905369817
-17.8702341883
-17.6394108850
-16.9783211113
-16.2078434444
-16.9433011350
-17.6706730855
-18.1769272478
-17.5837580602
-17.1412119914
-16.6945633912
-16.9571524777
-17.4837954755
-17.2001984537
-17.6048406152
-17.7699104013
-18.1485019622
-17.7597770032
-17.3407500027
-16.9576048096
-17.9667198882
-17.5623219570
-18.6128831946
-17.9723913826
-18.3927470297
-18.2408145295
-18.0166739578
-17.6589719917
-17.0332573373
-17.3805786844
-17.3645263139
-17.2938651564
-16.8602659538
-16.2775892004
-15.9639664764
-15.0039851345
-15.0506128294
-15.8388747362
-15.9673590661
-16.8421669065
-16.4408957467
-16.4592631876
-17.0252479654
-16.6500740083
-16.8801642140
-16.4068678784
-16.1142117550
-17.2518419958
-16.7363711463
-16.9024703149
-16.1558195127
-15.9544881146
-16.0076395343
-16.5939073280
-16.1697529397
-15.5000244571
-15.6736361911
-15.6642347542
-15.7800447142
-15.6021819281
-15.3883061466
-16.7159093618
-16.9690583404
-17.0349196517
-16.4841514250
-16.3080600191
-17.2755804756
-17.3112181499
-17.4503609025
-17.1371453378
-16.8833737453
-16.7545880104
-16.1453417024
-15.8779580774
-15.8421875887
-15.3411842640
-16.4535360386
-16.6657062599
-17.2853121599
-17.0378852734
-17.5646710243
-16.7865935775
-15.8402582539
-15.8745318960
-16.2915784511
-16.8874824390
-16.7920343079
-16.5212428220
-16.4016154668
-16.3401024482
-15.9008321837
-15.5365608642
-15.8263376891
-16.3592505448
-16.1399481770
-15.7620023204
-15.9797890956
-16.3862270850
-16.4266921175
-16.6389268724
-16.8031219284
-16.7581791101
-15.9680991167
-15.9994290575
-16.3681481868
-17.0143575888
-16.7964144001
-16.4559130727
-16.7613035537
-16.4232898750
-16.4306038372
-16.3290843285
-15.8603862612
-15.7458586662
-15.1289253594
-15.3191801353
-15.1238979604
-15.8167816105
-15.4326424320
-15.8778392652
-16.7341653333
-16.7389337477
-17.3381365151
-17.6433603351
-18.0487248174
-18.2043557811
-18.2006076074
-18.6628359154
-18.7133144513
-18.6919188382
-18.5724548880
-19.5904731126
-19.7203464049
-20.0483223394
-19.6964199545
-19.9603244023
-19.2608944526
-18.4658739694
-18.7581398450
-20.0493109878
-20.7386906128
-20.7102418139
-20.4651931089
-20.2049602779
-19.8307614960
-19.7358856790
-19.5639923593
-19.8816583918
-19.5035434522
-19.9377249643
-19.9412673142
-19.9675828299
-19.8817480783
-20.2038823414
-19.8443716013
-20.0040660360
-19.5422785647
-19.4401329611
-19.2562874760
-19.0374077472
-19.2221029409
-19.1098576481
-19.6073461401
-20.3949631338
-20.3323538566
-20.3517774021
-20.5284712116
-20.1960817733
-21.0747683375
-21.3415454893
-20.8556105260
-21.0637675229
-20.3876526154
-20.4409218949
-19.7898634805
-20.6168846802
-20.7510793839
-20.6280366094
-21.1442735004
-20.7321094520
-21.2707612217
-21.1859504527
-21.7064608332
-21.9917134998
-21.8681290360
-22.4711288532
-22.4159753260
-22.3637661374
-22.6997076036
-22.7858126313
-23.6945358252
-23.1355056889
-22.6692718451
-22.5752965031
-22.5098522278
-22.4525052876
-22.0615349199
-21.5534680199
-21.9978595871
-22.1828162439
-22.1005152877
-22.1314212682
-22.4286889646
-21.3887612158
-21.0653326570
-21.4881485300
-21.2366124818
-20.4788220511
-21.1013056062
-21.6579837558
-22.3412024726
-21.8733696836
-21.7163956102
-21.4316936848
-21.4734498481
-20.8937290813
-21.2701194048
-21.6071537405
-21.3097715429
-21.2782161716
-21.1565935255
-21.4501526889
-20.9825781877
-19.7152818829
-18.8465570292
-18.5139108658
-18.3770795791
-17.8633423701
-17.3422057915
-17.2446259300
-17.4559498869
-16.9394131100
-17.0481827827
-16.8254233797
-16.6909046383
-16.3522293828
-17.3815050258
-17.0860045688
-17.3212611070
-17.3245272988
-17.8467089093
-18.4283378187
-18.9059119784
-19.0408141319
-19.5489030251
-19.8658109178
-20.1639202838
-19.8917910089
-20.3450308150
-20.4802813380
-19.7576733815
-19.6161332534
-19.3927098656
-19.1833522282
-19.7364918236
-20.1721565117
-20.7863700966
-20.9210301967
-20.1477276735
-20.2764079945
-19.4662276848
-19.8115704461
-19.3182534632
-18.8478706228
-18.8566292255
-18.3280382580
-18.5684393823
-17.9435526196
-17.9460407864
-18.4344507326
-18.4161768787
-18.0517719775
-18.3404093332
-17.3243642497
-17.2188067856
-17.4657105506
-17.9009806386
-17.5639416814
-17.8595785289
-18.2029279696
-19.4970275733
-19.6727446594
-19.9695033679
-20.4324207954
-21.1718296272
-20.1867095913
-20.3809231525
-20.4137000741
-20.4027168935
-20.5465891972
-20.6597153655
-19.7227335669
-20.2631940603
-19.9833852300
-19.9799247694
-19.8542033797
-19.3891499535
-19.3984464318
-19.0975113122
-18.8716383991
-17.9861968534
-18.4800779940
-18.7906758845
-17.4569545526
-17.1486951394
-17.5799332597
-17.7490058805
-17.5871327331
-17.4062248016
-17.7485894869
-17.2352484611
-16.3149747525
-15.8562357171
-15.8189482760
-15.8474673270
-15.7534674684
-15.4789979974
-15.9898604505
-16.2142207815
-15.8709847868
-15.7013982046
-16.6055603703
-17.0920535084
-17.2057838345
-16.8363115235
-17.0471770073
-17.2244459376
-16.2973582898
-16.2580241173
-16.1075203789
-16.1829458911
-15.9239480962
-16.0667018681
-15.7304422147
-15.6458033954
-15.9227159965
-16.5422480482
-16.3878902547
-16.3821526938
-16.9265887034
-16.0662765378
-16.2714308829
-15.7949540573
-15.4532450413
-15.6673864071
-15.5317686152
-14.0358374731
-14.0506090466
-14.3580041356
-14.2727913422
-14.7018110709
-16.1216729499
-16.0904321303
-17.0323778374
-16.8607903111
-17.2901481340
-16.7613450416
-16.1056898899
-16.5539403068
-17.0465771981
-18.1022624254
-18.2125906733
-18.0616489292
-17.0403561854
-17.6324476788
-18.0624059172
-18.8243250754
-18.4167234704
-18.1070819273
-18.3913778763
-18.6060215139
-18.4269417500
-18.8116217862
-19.7815972977
-20.2545721040
-19.7604886782
-18.3792556792
-18.5057916718
-17.8296470094
-16.9831575068
-17.1460652552
-17.5536785402
-18.0022781379
-17.9304294337
-18.4814933092
-18.6810305165
-18.9637943558
-19.1296129704
-20.2255176622
-20.6705680132
-19.9913665774
-19.5230098775
-19.3210791605
-18.9344366510
-19.0550907270
-18.2461003079
-18.2818518771
-18.8239778858
-18.8501259387
-19.0564271982
-19.3395434410
-20.0260890980
-20.8789360599
-20.6635335132
-20.3756780844
-19.5370361765
-19.8240621873
-19.6867669571
-19.9326046810
-19.5834981819
-20.1096846504
-20.4307327459
-20.4356109384
-20.0463136507
-19.7374005468
-19.4608165633
-19.4467191047
-19.4513693054
-18.8689788219
-19.7685453690
-20.0868782343
-20.4831455665
-19.7833797655
-20.0057703710
-18.9767244308
-18.7377931102
-19.8773916294
-19.9113763451
-19.1990037357
-18.5869039318
-18.3494015033
-18.2595384554
-18.6429774041
-17.5554262508
-18.0065298183
-18.1795869696
-18.1046041485
-17.8985070368
-17.5614740731
-17.7980649094
-17.3400932879
-17.1325922954
-17.9157991480
-17.4217679159
-18.0314585784
-17.9656814712
-17.6984358672
-18.1472455977
-18.0500616875
-17.4984473823
-17.4390777999
-18.1384069734
-18.3496278557
-19.1115648560
-18.7357622296
-19.2457769235
-19.1432554510
-19.2175567539
-19.2826772571
-18.3075265836
-18.7401860770
-18.3109906278
-17.3953285024
-17.4519477938
-17.6486148239
-17.7725001005
-17.8678861824
-17.4864704521
-17.1396416661
-16.3217466304
-15.8310384954
-15.5080850176
-15.4606977443
-15.3468664157
-16.0029140200
-16.4904858464
-16.1776824090
-16.0667977234
-15.8223370248
-15.9495423918
-15.6549602765
-15.6090469645
-15.2299474689
-14.7167176058
-15.1630233920
-15.4637984106
-15.2785498741
-15.1753277794
-15.4791368139
-16.1980543751
-16.6978544062
-17.5010537064
-17.5721866897
-18.3123367304
-17.5979511152
-17.7929745427
-17.3936974314
-17.4227068562
-17.5515078256
-17.0312050096
-16.6406284681
-16.9586837483
-17.0343985937
-17.4769583990
-17.3796098884
-18.1631760747
-18.9492954299
-17.9579623763
-17.9318929151
-17.2968644749
-16.3148843518
-16.4453602379
-16.2987493282
-17.1624482272
-18.0143583363
-17.7632985437
-17.8142200407
-17.8095996003
-17.4774582250
-17.8943327920
-17.8591945108
-17.4989970560
-17.5757984469
-17.0970208387
-16.8816257531
-16.9625478001
-18.0137960780
-17.1986734893
-16.8674896452
-17.6165316525
-18.0963697842
-19.0170736364
-19.4907671673
-18.7400982854
-18.2392575769
-17.3557857249
-17.6186710250
-17.3254277668
-18.4543526810
-17.9455997453
-17.5520603093
-17.4019696044
-16.1743275090
-16.0866079442
-16.0518097548
-16.6869826493
-16.8977017530
-16.0541685932
-15.7178841911
-14.9520272359
-14.4730453712
-15.3505508738
-15.5448946210
-15.1073331895
-15.6278383886
-16.8042485027
-17.4462208832
-18.2546207969
-17.8708740152
-17.8155874536
-18.4004761863
-18.0071003817
-18.3348858133
-17.6545642747
-17.9999154227
-18.1284437892
-18.3982083620
-18.3572324998
-18.1295855544
-17.8684805731
-17.8806943047
-17.6170896396
-17.8366750644
-17.5077305886
-18.2598380148
-17.6747291838
-17.6494946896
-17.2121833264
-16.8124744794
-18.1751549077
-18.8193243422
-18.7267084154
-18.9968101576
-19.3217540829
-20.1334901479
-20.8382306119
-21.0311202716
-20.8783932357
-21.2815078568
-20.8134550801
-21.3375457032
-21.0975558394
-21.4557580528
-21.9339156656
-21.5646855800
-21.7445862566
-21.5211574493
-21.7599906208
-21.5971091470
-21.8664939197
-22.2449104949
-22.1757114802
-22.3842128596
-23.6454915439
-24.2410304142
-25.0433718818
-25.4332738597
-26.0144809237
-25.5208245978
-25.9758542606
-25.5999181787
-25.6960721992
-25.6804428538
-25.9715260696
-25.8744035483
-25.3420861448
-25.0150622976
-24.6277547519
-23.6638229956
-24.7950058114
-25.7247593967
-26.0175823432
-25.8854704846
-26.7333102216
-26.7681727138
-26.3673859767
-25.8092813080
-25.6758073297
-25.2588537067
-25.1502348470
-24.9586823063
-24.8690672966
-25.7300834120
-25.7653963258
-26.0674756284
-26.1231427820
-25.5187129854
-25.6242264118
-25.3980049278
-25.9188620459
-25.7425599623
-25.7559472489
-26.0647637137
-26.6817664343
-27.7765932037
-27.5232068632
-27.8502378853
-27.7751315786
-27.3005674652
-27.9382364766
-27.8447381634
-27.8776301806
-27.4459247192
-27.4850642638
-27.1637033905
-26.6474135832
-25.4563794302
-25.8019215019
-24.9156325938
-25.1239452694
-24.6569809945
-25.5533655578
-25.2317609782
-25.6176986336
-24.9332011493
-24.9827636722
-25.4877870781
-25.0684831812
-24.3224637380
-24.4275380573
-24.2356549793
-24.1150537372
-24.0320955172
-23.2150237969
-23.1711772962
-23.5959678684
-23.4157873499
-24.3294589571
-24.4841570328
-24.5033452420
-23.4751086216
-23.3300322103
-22.6290391060
-22.4688691974
-23.0094062645
-21.9662292802
-22.0605029585
-21.8997543736
-22.0423785357
-22.5773687414
-22.0850408800
-22.1551489215
-22.4808279836
-22.2234116828
-22.0628169740
-22.3745687150
-22.6694897449
-23.0380833638
-23.5825728047
-23.8271157981
-23.7957977105
-22.9869191239
-23.1621747413
-22.8785227362
-22.4372869131
-22.5117891125
-23.0434598455
-22.9668559180
-23.1092138465
-22.3745352673
-21.9163161280
-21.3207713607
-20.8338773190
-20.5864875336
-20.5045101422
-21.1312564704
-20.7109645009
-20.6729855979
-20.4366444741
-20.4564919133
-20.2188664034
-20.5258143929
-21.4034146252
-21.2250670250
-20.5648011527
-20.9888273663
-21.3969573920
-21.4479060723
-20.8980292123
-21.3864052481
-21.4983421934
-20.7764505947
-21.2319224308
-21.0266128562
-20.9471497486
-20.7112687531
-20.8669016278
-20.2270482599
-19.9322302523
-19.6119605231
-18.1004379778
-17.8967619507
-18.5440791183
-18.7833677115
-18.9528783851
-19.2942189134
-19.7673060348
-19.7518671970
-20.5994413836
-20.3552904347
-20.7667675229
-21.0862800180
-20.9328865661
-20.7180298062
-20.5976752148
-19.7549191144
-20.1902894137
-20.4881977501
-20.4187490411
-20.0059319152
-19.8993395864
-19.7098104851
-19.9601094003
-19.6468346927
-18.8793212048
-18.6252421291
-18.4291491332
-19.0766040131
-18.7298677649
-19.3762489805
-19.3573370102
-19.6059909595
-19.4502892447
-20.3639615570
-19.8861568434
-19.2416040398
-19.6221853726
-19.8063470950
-20.4734292184
-21.0435084907
-20.4650916349
-20.4075653733
-20.9218792065
-20.2289135268
-19.5773923838
-19.3713945252
-19.3546742022
-19.5139382231
-20.5364466724
-20.3223142473
-20.3468197492
-19.9421757629
-19.9991888618
-20.4241524764
-20.0910894347
-20.0568796536
-19.8145804500
-18.6338402625
-18.1005561833
-17.6772124709
-17.4308666208
-16.9082739494
-17.3828170479
-17.1792139638
-16.6989406751
-16.5763908405
-16.6734062761
-16.5283423010
-15.8622584743
-15.7389122703
-15.4562590728
-15.7112237914
-15.2790130517
-16.0370284468
-15.0496843977
-14.5724793330
-15.4143924109
-14.7238555542
-14.9140755815
-15.1437216279
-15.8887241727
-16.0909212622
-16.0214253462
-15.8704712419
-16.2215872585
-15.7237559487
-15.5883334674
-15.0163201055
-15.1048477991
-15.8021158320
-15.8536264600
-16.1750590290
-17.0197807359
-16.6905491166
-15.6257437481
-15.0887882265
-14.4398070061
-14.5543982644
-14.6981379005
-14.1618379976
-14.4745957802
-15.2906517489
-15.6764129874
-15.7175681968
-16.1134759145
-16.7552420412
-16.5145186590
-16.8929885703
-16.9596367219
-17.2544991521
-16.7617438381
-16.6289909078
-17.4821078398
-17.4898531474
-17.8948410396
-17.6197874058
-17.7388200843
-17.8622681705
-18.0399403866
-17.8481909040
-17.7059496619
-17.9070008534
-17.7780715300
-17.4609757992
-18.2589009408
-18.8474236142
-18.7215036410
-18.9919119073
-19.9308742345
-20.6225878936
-20.3013651493
-19.0842879163
-18.4024187523
-17.8028321700
-17.6460755329
-17.6237690619
-18.1751691181
-18.0249884049
-17.8206265601
-17.5560367383
-17.3171569863
-17.6339993348
-17.9311180079
-17.4681966881
-17.6699990942
-17.7713269707
-17.1900250492
-16.8828065906
-17.3684428805
-17.4402354245
-17.4188590233
-16.8306259938
-17.1918413318
-16.3812830418
-15.7386934244
-15.5179164267
-15.7389083192
-16.3118757623
-16.0531995644
-16.2923115022
-16.4034092513
-16.8429299588
-17.3317446406
-16.7171430028
-16.7797604685
-16.7026156702
-16.3954647408
-16.3144755864
-16.3556549678
-15.4249201458
-15.8276853107
-15.6291323153
-15.0946001599
-14.5839264702
-14.7939948585
-15.1073346061
-15.3632343554
-14.8529092341
-15.2905464675
-14.6359771409
-14.6513266488
-14.0169819572
-13.1386581681
-13.3684706060
-13.3930389765
-13.6034936885
-13.6860901354
-13.3373406494
-13.0134203694
-13.2133667830
-13.6203356372
-13.5016522337
-13.1922073373
-13.8390316203
-13.5011652057
-13.9983546808
-14.4576791266
-14.8036534133
-13.7655557085
-13.6313081841
-13.1598364379
-13.2651267954
-13.1376667132
-14.1811788512
-14.6425542905
-14.5474084649
-13.9413524246
-13.5698727843
-14.1604690329
-14.9958542759
-14.6282276304
-14.3751794962
-13.3779809922
-13.9436773863
-13.1234508340
-13.1722460092
-13.6031751134
-13.8753016306
-15.3451204328
-15.5615423029
-14.9970916234
-13.8005450879
-13.7257955782
-14.0352417332
-14.3738413724
-15.2882510262
-15.6888443658
-15.1176622891
-14.6958010692
-14.8011982831
-14.4484602764
-15.4134507167
-15.1158562254
-15.4027606666
-16.4228468747
-16.0936070398
-16.5003965191
-15.9768309330
-16.1496236980
-16.6308721330
-16.5327970320
-16.9108235231
-16.9514079716
-17.1170416977
-17.6623831799
-17.1583502509
-16.9628793033
-16.3826526531
-16.1509578713
-15.8809469336
-16.1097075947
-14.7066370301
-15.8481937315
-15.2903080137
-15.3581434778
-14.7357225417
-14.2243861884
-14.1564003743
-14.6618386800
-14.5828428180
-15.4990167077
-15.7288735794
-15.8928469443
-16.6582142226
-17.4981825621
-16.4839043918
-15.5328801290
-14.6805222669
-14.6414975550
-14.2217555387
-15.7306904745
-15.5044595776
-15.5138040679
-15.8842106045
-14.9478114633
-15.2105501544
-15.4828000245
-15.9228533770
-15.7454105238
-16.1490930852
-15.7912813753
-15.5036220457
-15.4567990579
-15.2289110417
-15.1892814012
-14.2490672121
-14.4782747307
-14.5429255241
-14.1642044727
-14.0206251334
-13.3247140335
-12.7639885256
-12.1049649621
-12.8438755012
-12.0325183122
-12.6041977770
-12.0357956801
-13.2824772647
-13.6393555745
-13.3719762759
-13.9845308112
-14.3655530427
-14.1223722448
-14.3624063559
-14.1679338630
-14.5652962658
-14.3496892050
-15.4918714329
-15.7094137173
-15.6219106947
-15.0453558639
-15.1115778269
-15.6706581204
-15.2249849322
-14.3007072551
-14.2439034891
-14.3616657646
-14.7427791704
-15.1403150516
-14.7071183799
-14.4530610571
-13.3603701520
-13.5181956763
-13.4098007208
-13.1636503859
-12.6081751461
-12.2318126861
-11.7488496047
-12.2685905555
-12.1836794691
-12.2307578253
-11.8517531951
-12.5590185482
-12.4471222908
-12.7626385649
-13.3208315276
-13.1733642992
-13.5991070406
-14.2283183932
-14.3246938909
-14.7497849262
-14.6819024441
-15.0226638739
-14.8792773936
-14.3589735683
-14.8280372851
-15.1776277357
-14.7607201045
-14.9473840962
-14.4338004932
-15.5018949234
-16.9771809901
-17.1258111112
-17.5732958216
-17.6141031560
-17.4800648879
-17.6184472245
-18.1146437982
-17.7135397983
-18.4767975219
-18.6774750834
-18.9825512711
-18.1560234690
-18.3723201636
-18.2834682161
-18.3207643671
-17.8704794449
-17.8837703900
-17.6311714285
-17.5965487687
-17.8522335500
-17.6336752720
-16.6599794028
-16.8852718618
-16.2054558591
-16.2037403759
-16.3878569609
-17.5497304654
-17.7270610358
-17.9996607012
-17.7773076476
-18.0242740167
-18.0143991111
-19.0418906334
-19.0792555071
-19.3445678384
-19.6809447852
-20.3324749491
-20.7730774293
-20.6166013847
-21.9866558805
-23.0913440472
-23.1853431038
-24.1824704372
-24.1460234066
-23.6357187452
-24.1731795007
-24.1997906495
-24.8607149916
-24.6413102281
-24.2872697376
-22.6953767207
-22.3246321097
-22.6002415016
-23.1466981987
-23.2547624072
-23.2825220341
-22.5289916750
-23.2673742347
-23.1666279686
-22.9957925017
-23.4392830735
-24.1996212794
-24.1392182514
-23.7123021180
-23.4974270663
-22.8556974036
-22.9895510240
-23.5170031826
-24.5381080076
-24.0999597281
-23.3380921095
-23.4927758961
-24.2201091051
-24.0005527249
-23.7100990112
-23.9509762140
-23.3971634358
-23.4703778793
-23.7034925977
-23.8929174876
-23.4493146884
-24.0690236180
-24.7092704080
-24.7714547656
-24.2912031485
-23.8405207539
-24.2315800735
-23.9123045225
-24.5663559136
-24.3564708930
-24.3434317502
-24.9242346290
-24.6846512322
-24.8957369762
-24.8339475120
-24.4576587998
-24.9229050339
-25.7114353590
-25.5447443937
-25.8383075217
-25.8303978297
-26.3384149270
-26.3764185068
-26.4425384503
-26.0857158852
-25.8086833124
-26.5221133284
-26.5787012029
-25.7418075316
-26.2356403685
-26.4409068955
-26.6156726971
-27.2616362545
-26.8033094800
-27.3638186835
-27.2932726167
-27.5802514279
-27.5570026685
-26.7327456350
-26.7399853749
-27.0241270385
-26.8576842541
-27.2322862509
-26.6896292039
-26.0765337491
-26.1045997430
-25.5973807952
-24.8587114873
-24.7753787034
-25.5159299385
-26.8495879231
-25.9790916399
-26.1837604788
-25.6965773093
-25.6266307065
-25.2840584682
-24.8814730348
-24.2738462427
-23.8685713051
-24.2225741586
-24.1677900646
-24.5307701020
-25.1443223353
-25.3659559716
-24.8545000873
-24.1046561195
-24.5102739910
-25.2331166391
-24.5389319382
-24.0620323324
-24.1756495603
-24.0686344519
-24.4260901035
-24.1341595408
-24.0358711004
-24.2421255562
-24.4947660267
-23.2615946846
-23.6863531173
-24.4856418682
-23.7732533696
-22.7318074052
-22.3959502473
-22.8366064262
-22.7388828473
-23.3467173960
-23.2557265985
-23.2563835964
-23.0492459295
-22.9571718536
-23.9076930048
-24.9155437754
-25.2730157303
-25.1091768015
-24.6522534787
-24.0949506475
-24.8550310971
-25.2917434662
-25.9905819682
-26.3550811359
-25.7520259093
-25.8534637122
-25.9275129117
-25.7874661071
-25.4793642084
-25.9408520173
-26.2863851070
-25.7082493241
-26.0541453338
-26.4622871282
-25.8388574754
-25.4660648402
-26.1442522219
-25.9688761823
-26.4060681679
-26.2511875446
-26.5463001611
-25.6561334614
-26.2297160449
-25.6146292374
-25.9092183979
-26.6198103913
-27.0795305205
-27.0159336264
-26.9638678645
-28.0327056204
-27.8502516893
-27.7581521872
-27.8618994619
-27.6156544855
-27.4876016475
-28.1916057503
-28.2093107338
-28.6492311630
-28.5163818808
-28.3949832242
-29.0145902454
-29.2238004164
-29.2632628121
-29.7949430128
-29.5791307839
-29.2019326656
-29.9244244188
-29.7994151087
-30.2882978386
-29.7637829353
-28.7979575072
-28.6315811798
-29.1469584905
-28.2660288048
-28.1921257423
-28.0229303134
-28.2105930553
-29.1350910184
-29.1607374316
-28.3889060830
-28.5701214085
-27.8337498490
-28.1688209792
-29.3832658997
-30.4367164646
-31.5223311461
-31.2729036358
-30.7108872190
-30.9034845369
-30.8984565403
-31.5727276975
-31.2466639267
-30.9636284537
-31.4284230875
-30.8863161747
-30.5835423005
-30.8700485099
-31.2375187784
-30.7969257863
-30.5173889550
-30.4860407606
-30.3749885889
-29.7188543873
-29.9856467035
-29.7606938660
-30.3078294354
-30.4519538234
-30.8525468445
-29.4977038630
-29.4126633388
-29.2726798595
-28.9177460572
-29.1651832276
-29.5881097517
-29.8240962086
-29.7220617980
-29.1996890341
-29.4159416376
-29.5599838536
-29.8198927399
-29.5435501547
-29.5239186821
-29.4939230917
-29.5748581992
-29.4466077379
-29.3163904595
-29.8401726568
-29.7976017270
-30.2451516495
-30.2004081385
-29.7617529320
-30.1135501049
-30.4131677034
-30.8273886982
-30.7295881878
-30.6546147619
-30.5807016557
-30.7134582134
-30.3014399051
-30.1304442384
-30.0571708851
-30.1886022855
-30.2213564360
-30.7216226704
-30.7395944698
-31.8653619914
-31.1620834647
-30.8338951063
-31.2272364902
-31.8363365390
-32.1047258656
-32.5161526917
-32.8216798097
-32.4758113800
-32.4026454652
-31.7971037794
-31.3643644301
-31.5444171041
-31.4628251663
-31.0187852259
-30.6898216706
-31.1180791612
-30.6860311702
-29.9644600569
-29.7785752733
-30.4090791835
-31.3143718629
-30.7073119342
-31.3871009776
-29.9031795796
-29.0647707828
-28.9785597961
-29.6157363786
-30.2377995616
-29.7853284617
-29.4351672380
-29.5082177235
-29.7146192375
-29.8869705235
-29.8981100822
-29.8989083179
-29.9354758197
-29.2944247887
-29.1071139847
-29.2469028099
-29.4877270950
-28.2052332654
-28.4983360301
-27.8923310610
-27.8544088857
-27.8890082430
-27.7054682693
-27.7339780868
-28.3950921447
-28.9514061839
-29.1661480816
-29.1404848628
-29.4763217280
-29.6200911125
-29.0833318241
-28.2497847497
-27.4665791649
-26.6650572964
-26.6813083194
-27.3100415199
-27.0391475823
-26.8130776827
-27.3361250569
-27.4266942459
-26.2550747960
-26.8841524291
-26.9582467460
-26.9563091213
-27.4837385123
-27.5066548444
-28.3210596237
-28.1935505210
-28.5767440097
-28.0262478550
-28.7003136492
-28.7474274053
-28.3323359842
-28.4034235038
-28.4798306778
-28.1793457914
-27.5288392830
-26.8992417200
-25.8162532470
-26.2474831047
-25.9176426379
-25.9558715914
-25.7801025182
-24.6295414771
-24.3531774808
-24.2298022877
-24.8414238572
-25.1569776534
-25.6955392832
-25.3951405322
-24.9807164571
-24.2828825285
-25.0441834862
-25.0728627003
-24.7170180251
-25.1015872491
-24.9324065293
-24.7853634992
-24.9564211348
-25.8965224508
-26.7474528344
-27.0374170899
-26.4430118377
-27.2110242343
-27.9100302587
-27.7264304903
-27.8176392170
-28.2452448828
-27.9144027477
-28.2987442726
-28.3894507470
-28.7403842718
-28.2608647720
-28.0117659418
-28.1734530137
-28.4655166216
-28.7753715672
-29.4944465105
-30.2625650894
-29.4900208824
-29.5217092075
-29.2380349044
-28.8213693151
-28.8476221764
-29.1362049071
-28.8320007609
-28.7255177569
-28.1226079056
-27.8315759624
-27.8884880929
-28.8622066854
-29.2770511606
-29.5232211017
-29.3771267589
-29.8424614888
-28.9587175748
-29.0667258298
-29.6764886026
-29.9634719608
-30.6635178247
-30.0606191611
-30.3942695879
-30.8310143462
-30.7919252690
-31.7316821600
-31.5393275954
-31.3852899396
-31.2760564097
-32.3492521247
-32.1963182508
-32.1407885837
-32.2914108256
-31.3358330386
-31.4552876875
-31.4126287670
-32.1020911621
-32.1332340171
-31.5336198408
-32.3367207771
-32.6087627463
-31.8854082336
-31.3372387145
-30.7909004250
-30.3247287487
-30.2623067446
-31.4407178174
-31.6603562922
-32.5901264321
-32.1175262393
-32.2953477262
-32.4917726883
-32.4963453812
-33.4325403609
-33.4864532611
-33.1689966121
-33.3304588543
-33.6562544720
-33.2173416363
-33.5337153627
-33.8077735928
-34.1131804111
-34.0921531222
-34.5111248368
-34.9656525458
-34.6087561021
-35.0297649479
-34.6736498374
-34.5960352864
-34.4210805466
-33.3368566953
-33.7885396315
-34.2391330843
-34.6667412219
-34.3834893782
-34.2222779006
-34.1481669587
-34.3023393612
-34.7194613776
-34.8209816370
-34.6974174309
-34.7170398695
-34.6905216422
-34.5195657132
-34.2290325503
-34.6240722657
-35.1728237986
-36.1375822374
-36.7808325107
-36.9698730895
-37.1916923065
-37.0367649588
-36.8786774171
-36.9149790377
-36.6921227361
-36.5204965138
-36.5044416078
-36.4372137817
-36.9745423882
-36.5086894957
-35.6456585421
-35.2443658461
-35.2782748580
-35.9864713251
-35.8843199581
-35.5735873538
-35.3794982798
-35.9011075975
-35.3609536762
-35.3624635271
-34.9362758755
-35.2618434057
-35.0155132333
-35.4746299536
-35.6227043122
-35.5472773852
-35.5162453094
-35.7553173229
-36.1705896541
-36.3091830878
-35.9115103656
-35.7379756244
-35.6437374638
-35.7096773385
-35.6874984152
-35.9142274236
-36.7434283531
-37.4906399412
-37.6173832980
-37.4116696292
-37.8038561543
-38.1924655965
-38.3607059453
-37.6357306210
-37.8395340153
-37.4465497236
-37.6417700148
-37.4791835386
-37.1795150679
-37.8740007327
-38.5151094903
-38.9683816340
-39.4785348938
-39.8751938265
-40.0871585486
-39.5426136784
-39.4356144810
-39.4136545757
-38.4023246158
-38.0109888133
-38.1156123783
-38.6118992801
-38.6453024823
-38.7762352317
-38.5840722493
-39.6460783484
-40.1175127376
-40.4604352538
-40.3041238954
-40.5146027387
-39.9275342533
-40.0695441029
-40.5124287660
-40.8735633227
-41.9351292152
-42.1597562614
-42.5349532606
-42.3998836660
-42.7059987834
-42.6366192552
-42.9865293718
-42.9906243744
-43.5578962295
-43.3005717902
-43.8385021262
-43.6228050402
-43.3120751140
-43.6311596356
-43.3931438544
-43.3000114112
-44.0068401038
-43.6166803588
-42.8775999454
-42.8615130656
-43.2178552221
-42.8680942246
-43.0294956929
-42.8858175610
-43.5696702736
-43.8407010326
-43.9768349569
-43.1142608975
-43.9406899073
-44.3646474695
-44.6173197148
-43.8588555915
-42.8895641229
-42.1424171997
-41.8891950689
-42.1674548026
-41.7439535133
-41.5460482305
-42.0166412979
-43.2287422956
-43.6983573972
-43.5881888846
-43.8130455628
-43.5246743266
-43.4278929409
-43.3116237262
-44.1084883861
-44.1530386340
-43.3864974886
-43.5147243132
-43.6271981917
-44.0237077659
-44.3081393859
-44.4068438260
-44.3057039971
-44.3224012224
-44.5209557107
-44.6817594279
-45.0657280187
-45.7795180287
-45.3719172540
-45.6355542218
-46.0055427357
-45.7999046077
-46.1177968233
-45.2520134789
-45.5096316273
-45.0666281996
-45.3003675517
-45.5104939347
-45.3694950581
-45.1608008189
-44.5398105262
-44.1859006162
-44.2059512452
-44.5597707633
-44.2111892987
-42.3505230635
-42.2919848207
-42.4580308075
-41.6858723442
-42.1917673796
-42.5233754140
-41.0543290668
-41.9486836936
-40.8528488699
-40.6128592481
-40.1584310503
-39.7902695418
-39.7487863400
-39.8644827295
-40.7031218086
-40.9988410225
-41.1629949640
-41.6993769925
-40.9528649704
-41.6910705220
-41.6349076686
-41.4343012031
-41.4429611001
-40.5728063793
-39.3095883255
-38.4210936318
-38.6514636683
-38.5999689793
-39.5934526451
-40.1706974924
-40.1572235429
-40.5822397740
-40.5701559056
-40.6016681014
-41.0705164689
-40.8145192522
-40.6184742627
-40.0459791728
-40.4549297550
-39.7630668150
-39.4389621496
-40.1558361485
-40.6509806424
-40.7847475466
-40.5293698883
-40.2381828053
-40.4998617816
-40.8038052079
-41.6769763168
-41.8539098589
-42.2051091277
-41.5598007606
-41.2982891749
-41.8128207072
-41.5786565715
-42.0681826548
-42.4141750401
-42.6907571898
-42.4702029466
-43.0161185618
-44.3439613260
-43.8915792705
-44.5472773305
-44.4234474291
-44.4415597544
-44.4626480358
-44.4462485473
-44.9143721540
-44.1515186121
-44.8276770502
-44.4825729871
-44.4582643940
-44.0176025093
-43.7704603207
-43.7690481249
-43.4152073927
-43.9750536438
-44.4775532420
-43.9607544768
-43.3749519337
-43.1501173075
-41.9511083295
-42.4342095785
-42.4131325755
-42.0956341030
-41.6589020082
-41.7850035358
-41.2444199825
-41.9028093790
-42.1700774799
-41.4069649684
-42.0431029840
-41.3598289496
-41.5275106444
-41.3000002356
-41.3511610312
-41.1586684258
-40.1228194915
-40.2425387109
-39.5955437878
-40.1501162973
-39.9060407505
-39.7467250198
-40.4100744933
-39.7155304612
-39.2008770960
-38.8258939552
-38.3244590484
-37.6803028244
-37.7314220113
-37.8528769325
-37.7560372123
-39.0178975480
-39.3289098621
-38.9602031783
-38.7592441949
-38.6753319667
-37.9040924038
-37.5987230767
-37.4157170816
-37.7485649743
-38.7079661448
-39.2461209143
-39.9600559444
-39.2242942657
-39.1933165931
-39.3427432059
-39.2411177452
-40.0537658356
-40.1761853016
-39.8658760102
-39.6796259028
-40.5567481831
-40.2772286686
-40.4116903277
-40.9779107020
-40.7196340992
-40.5832916854
-40.2185410647
-40.9429163964
-40.5489188673
-40.6355934529
-40.9772248587
-40.6480477190
-40.9563056749
-41.1891108566
-42.1748272986
-42.1868254544
-42.1720939659
-42.2424970795
-41.8781563688
-42.6922050264
-43.1012225346
-42.7657906965
-42.9038572218
-42.8720960161
-44.0402410649
-43.4273068107
-42.5768561305
-42.5215041824
-43.5032677369
-43.4842410242
-43.5905659256
-43.1344165409
-42.9711573122
-43.1698798186
-43.0643801861
-42.9461431692
-44.0462904825
-43.5437016210
-43.2275787719
-43.5149733110
-43.3988884037
-43.3266534064
-43.6771781113
-43.6339892975
-42.9217891536
-42.8502776081
-41.9741481146
-41.7264774172
-41.0663663299
-41.4889592642
-41.9687389215
-42.0274486335
-41.8562594652
-42.5497495519
-41.6836925993
-42.2856044969
-41.3730284548
-40.8752781772
-40.5953227198
-40.7887044021
-40.6106176422
-41.2310474528
-41.5960226221
-40.8230350868
-40.6535381123
-40.8815888239
-40.9401196813
-40.7213360987
-41.0605268578
-39.8484798171
-40.1584303053
-40.2432547707
-39.4574247738
-40.1933560420
-40.1097192572
-40.0645995447
-40.1370476430
-40.3772739969
-39.9734278024
-40.2338871634
-40.6469036275
-41.1464137426
-40.3224520846
-40.5742276422
-40.7940458679
-41.0101931650
-40.6554889561
-40.4291126178
-41.3855721590
-41.1224818431
-40.0421503526
-40.2811999888
-40.7208055517
-41.1486440083
-40.8628683436
-41.8122516658
-41.6919493450
-42.0181068237
-42.4890626273
-42.6853881727
-42.8526996060
-42.5336235152
-41.7343483651
-42.1912011087
-42.3641678956
-42.6495456984
-42.5127752253
-42.0456325247
-42.0177714658
-41.8941845039
-43.0496967435
-43.0762541807
-43.0189516790
-42.5810847464
-42.1601087419
-43.0620119683
-42.8645620053
-42.6435899817
-42.8986573693
-42.2605780392
-43.0669974020
-43.0894752117
-43.1567240489
-43.1484307776
-43.1487603897
-43.5173722616
-42.9855006205
-43.3552272396
-43.8978539990
-44.0980850116
-44.8372979889
-44.8711211433
-45.5830337854
-45.9174217684
-45.7255189915
-47.2430976391
-46.6603917863
-46.3760908156
-45.3635842692
-44.9503022462
-44.9431111681
-45.5411496337
-45.6097342024
-46.1003502150
-45.9275264512
-45.8609233265
-45.7101842296
-45.0724059181
-45.0867302682
-46.0589232109
-46.2094649794
-45.9502119136
-45.9614319459
-46.3892372769
-46.3434613788
-46.6671556271
-46.7282379126
-46.5405995683
-46.9606022312
-48.1277045067
-48.3994630040
-48.5391098853
-48.9395258367
-48.9954755535
-48.5470326523
-48.5828491138
-48.0558521577
-47.7965791237
-48.2482747842
-48.4450945964
-47.7740355814
-48.3594577221
-48.4100352497
-48.8567711687
-48.5757173540
-48.3923080526
-48.3918535397
-48.4582479755
-48.8230471393
-49.4172315572
-49.5515946530
-49.4548153231
-49.4527065560
-49.9054108460
-49.7707292967
-49.8894689560
-50.6069444761
-50.4529096126
-50.7234689860
-50.8891377346
-51.1419084023
-51.3689992607
-51.6966400109
-50.5455298187
-51.5128063713
-51.0866899491
-51.5039700124
-51.5553758049
-51.9166479901
-51.3960300773
-50.9852518380
-50.3867925959
-50.4048871652
-50.7343474920
-51.0514779051
-51.5782366307
-52.0544216517
-52.1776704548
-52.6508516644
-53.0025268696
-52.9222751699
-52.5591208858
-52.0384514824
-51.9622733735
-52.1321791746
-52.5298660315
-52.4562992644
-51.8534992822
-51.6700663955
-51.4148082510
-51.8253693684
-51.8493165534
-51.9815853100
-52.4738969846
-52.5747773287
-52.1675934014
-51.4511490671
-50.8171946811
-51.1624796934
-51.1987249884
-51.5899939075
-52.4279278127
-52.9740936750
-52.4331081626
-52.6634426963
-52.2313065098
-51.2277574541
-52.0356321231
-52.2515851583
-52.1508296152
-53.6707175753
-53.0929132568
-53.5165410687
-52.8941106465
-52.1697638105
-51.3180138197
-52.3210228550
-51.8384408829
-51.8352664171
-51.9741793826
-52.4246283782
-51.8914270530
-51.7071698388
-51.5806956743
-50.2245233501
-49.5769606856
-49.6252307251
-49.2472782674
-49.6214813405
-48.8824114406
-49.6752596288
-49.7533528982
-49.8793085489
-50.0065179016
-49.9498476512
-50.3486295299
-50.5261259103
-50.8086863888
-51.4225643954
-52.1285657158
-51.8668244340
-52.7834642586
-53.0480330301
-53.2224761738
-53.1678698161
-52.8384510084
-53.4143690692
-53.1476897511
-52.4230941980
-51.8530657516
-52.0546153349
-51.9613649100
-51.8329749522
-51.8935193418
-52.4818783867
-52.8305368934
-52.6162550982
-52.4614556027
-52.0684090847
-51.8503169054
-51.3351047375
-51.4546555677
-51.2822763022
-51.9162127797
-52.4448913567
-52.8401879689
-52.2550076077
-52.4337866153
-52.7470919725
-52.3745749573
-52.1370796121
-51.4270646761
-51.1561612062
-51.2918177642
-51.3311582822
-51.0268540190
-50.8367077281
-50.6894735235
-50.1845517481
-50.3029648316
-50.0309233080
-50.0594679188
-50.4232453198
-50.2922343412
-49.4078436895
-48.6182791495
-48.8232642706
-48.9359744986
-48.8867903998
-49.5569654705
-49.1838149067
-49.1292602134
-48.9014649784
-48.2878771924
-48.8821600736
-49.7852255155
-49.4861262661
-48.7023087738
-49.0652260520
-49.2359334198
-49.3855809387
-49.0324217264
-49.0585187468
-49.5476497866
-50.9685904085
-51.6053469267
-51.4935698916
-51.7631505902
-51.7192521884
-51.9306398224
-51.7402429317
-53.5123231549
-52.9016014808
-53.8070101892
-54.2419460679
-54.5336571927
-54.3597816984
-54.4385253941
-53.2915271915
-52.8667851164
-52.4041025542
-52.9085376901
-53.1216387435
-52.4265097185
-52.4494302706
-51.3153451625
-50.9270987784
-51.4944446509
-51.3885552044
-50.9418203101
-51.5063155830
-51.3869954307
-50.4840101060
-50.9840680012
-50.8198896277
-51.3454317578
-51.9249159180
-51.7703849621
-51.5668123957
-51.2979899472
-51.0820205745
-51.3534198529
-50.5635230643
-50.4557276857
-50.6835293633
-50.7432925131
-50.7866144648
-50.8311763795
-51.0743856945
-50.7987908022
-51.0226020858
-50.4308842311
-50.8450518405
-50.1772738221
-50.2136011858
-50.9089361584
-50.5841980380
-50.3297273536
-50.3142127984
-50.1820149024
-49.8193620086
-49.6735395118
-48.9639367235
-49.2446860684
-48.9794223336
-49.1526448612
-48.6535187517
-48.8944278093
-50.0327352992
-49.8951025262
-49.3521393866
-49.2256162650
-48.2809703779
-48.6017688363
-49.2250377433
-48.0399418027
-48.0250296505
-48.5095530015
-48.8947206277
-49.0008846461
-47.9707448764
-47.4726981986
-47.2710329632
-47.7624843422
-47.4519560429
-47.4691979393
-48.0602818881
-48.1382352875
-47.5908379013
-46.7492118954
-46.5298200261
-46.1761088525
-46.9348871305
-46.7175974314
-46.6399219705
-46.5509936779
-47.0447192366
-47.6314932145
-48.1290908918
-48.5244813301
-48.4187119903
-48.2750267601
-48.0094550697
-48.4750249149
-48.3018913275
-49.0116062013
-48.2325053711
-47.6323210287
-47.7424759762
-47.8418736485
-47.6081703129
-47.9521736260
-47.6998917601
-48.8555971547
-48.9136158212
-48.8441112368
-49.4102687056
-49.2609472523
-48.6818190586
-49.0442415783
-49.5132574876
-50.2591063335
-49.7722192229
-49.6373328991
-50.0628317934
-49.7796021648
-50.7343584903
-50.3455037852
-50.1942811946
-50.1392669181
-51.1322303854
-51.1533195134
-50.9977029411
-50.9120582370
-51.0255315490
-51.0927887374
-51.0271839424
-51.8874495253
-51.8023082792
-51.6793786403
-51.2730011430
-51.0737796562
-51.1840787809
-50.4332796158
-49.8272416283
-50.0561249561
-49.7243119910
-49.3606958104
-49.0129629205
-48.9246725061
-49.3231770029
-49.4420827901
-49.5683555910
-49.2126665631
-48.8499513646
-48.3349283793
-48.3122883293
-48.9667616591
-49.2520915038
-49.8161032419
-50.5007107802
-49.8918379913
-50.2773151307
-50.9622329834
-51.9359204413
-51.3223357669
-50.9345674640
-51.7027877131
-51.9717933118
-51.9826202470
-52.1310534197
-52.6096084171
-51.3606779270
-51.5343458875
-51.7474794744
-51.9991478010
-52.5950927369
-53.0047293533
-52.7075085305
-53.3056067350
-53.6617095620
-54.6548635041
-53.3850884092
-53.3358899602
-53.3531744611
-53.2605798778
-53.8823590842
-54.7224849636
-54.6426400257
-55.1797598663
-55.1243971279
-54.3007139101
-54.0124781352
-54.9834384322
-54.4080605432
-54.1495242914
-54.0596824244
-54.1564399474
-53.5284982238
-53.2752027635
-52.3938293228
-52.0335031909
-51.8137156505
-52.0892747381
-52.0378548850
-52.0129399158
-51.8724967331
-51.1893232991
-51.0179461046
-50.8141664436
-51.9187497576
-51.6659380473
-51.6817554451
-51.5891936349
-51.6877703329
-51.4485844874
-51.2095400850
-50.5201211227
-49.8303755847
-49.1787877465
-49.1990906515
-49.0398780205
-50.3227845309
-50.0667539458
-50.0786947374
-49.5726072425
-49.4449438686
-49.2474223719
-48.1894804532
-46.8900755567
-46.6540981726
-46.0823793916
-46.5425721649
-47.3663110468
-46.9947537623
-47.5299070634
-48.1399529698
-48.1692610729
-48.4831621394
-47.8726188319
-48.0015572557
-48.6824100316
-48.3379138289
-48.6169718926
-48.4752566838
-47.6332514617
-48.0563334774
-48.5201779479
-49.2693226085
-49.6137930611
-48.7977645893
-48.6721418013
-48.0175168576
-48.5321617912
-48.3572362502
-48.5628437100
-48.5819825414
-47.8816199772
-47.8691433166
-47.7500717762
-47.8685601516
-47.8055228102
-47.8098050350
-48.5800705438
-48.1765151074
-49.3270851653
-48.9888164294
-49.1705312906
-48.9963320423
-48.9980002446
-48.8830182264
-48.5359700940
-48.4707967818
-48.0326272744
-48.1937865130
-48.5404910581
-48.9133504459
-48.7111873998
-48.7091475888
-48.3521655446
-48.0084289400
-49.0833894158
-48.6940249333
-48.3171801265
-48.3037092493
-48.3700451447
-48.5979959827
-48.8079720970
-49.2191134528
-48.3777209875
-49.1430529709
-49.5752346503
-49.0781371667
-49.1277623717
-48.8511259005
-49.3226970143
-49.5291662410
-50.2654039137
-50.1541784112
-50.5422410330
-50.0361980067
-50.0354262631
-51.2581418949
-50.5726301189
-50.9354610475
-51.3919228125
-51.0481343089
-50.0681872429
-49.4537533435
-49.5992812769
-49.2908175381
-49.3220723349
-50.0595921725
-50.5824985192
-50.7466246675
-50.5362744916
-50.4096358828
-49.9983549486
-50.3126325603
-50.0297133121
-49.9871622723
-50.9469500613
-51.4859560376
-50.8760180258
-50.9872274063
-51.4034519366
-51.9398642371
-52.4463083072
-51.5983699519
-51.2976361869
-51.2692131395
-51.5880013794
-51.9781330754
-51.1582038116
-51.7995093218
-51.9834192173
-53.0626058124
-53.8081794415
-53.4253099196
-54.1100133869
-53.7960571538
-54.6975564233
-55.1366662846
-55.2110892824
-54.6346265537
-54.5394472584
-54.2412053941
-53.9516094410
-53.4498581285
-54.1053908617
-54.3950605374
-54.4621406431
-54.8277291443
-54.3878503999
-54.5329800412
-54.5513172803
-55.2670867499
-55.2081247787
-55.2679738682
-55.5156197870
-55.5135064946
-55.4183069156
-56.6411494629
-56.9865610808
-57.6922009449
-57.6439189164
-55.7640612518
-56.1980626759
-56.3673346639
-56.7329968286
-56.9553955746
-58.0939837016
-58.2206443631
-58.3766870454
-58.5884546273
-58.2219044953
-58.7292802985
-58.1463410460
-58.2409385307
-57.6475892784
-58.3483347545
-58.7272669261
-59.3881351714
-59.1745660060
-59.5461630724
-59.4714643167
-59.4592534581
-59.4303340840
-58.5492588447
-58.6976947156
-58.4249293619
-58.5375824093
-57.8644455646
-57.0246345001
-57.9757313639
-58.1312204493
-59.5791374419
-59.5049869384
-59.4242154815
-59.2752101158
-59.9173471145
-60.0745461446
-60.3853906554
-60.7668088604
-61.7197842615
-62.1648652148
-62.4744874278
-62.4000370140
-63.1932994785
-63.1318457827
-62.8963025628
-62.7137224764
-63.2251938055
-62.3729099944
-62.2131770618
-61.8255557211
-61.5043636621
-61.0680384009
-59.7678231466
-59.1989448982
-59.7057527554
-60.4057308656
-60.5847180139
-59.9692564057
-60.3689022336
-60.9183276926
-61.3760294294
-60.8466526701
-61.6134419325
-61.5367770755
-60.4277232678
-59.7751406737
-60.0681508878
-59.7049815472
-59.9971045716
-59.2764371881
-59.1423846438
-59.2938182462
-59.1845858605
-59.4415310661
-59.2428209560
-58.3327004847
-57.5257005534
-57.2131728223
-57.5969083017
-57.5568949908
-57.0480891457
-56.7922452645
-57.6589285076
-58.0300262750
-57.3757936066
-57.5218133477
-57.9403939724
-58.4410987502
-58.3961510240
-58.6105470355
-58.5138927340
-57.8180933191
-57.5883987059
-57.3102193827
-57.1814287221
-57.7904656377
-57.6460436597
-57.1018621306
-57.7500204512
-58.0336489458
-58.1013082484
-57.8755140203
-57.7413951273
-57.8455569731
-58.1491610305
-58.3424590598
-58.4341108159
-58.1647809056
-58.6127632482
-58.8529298580
-58.2804083298
-58.3315793386
-58.0979893957
-58.4631571435
-58.3412832355
-58.1042385267
-57.9713197550
-57.6786912123
-57.8706761620
-58.5258945822
-58.0437860595
-58.5504122625
-58.5184847288
-58.7789921811
-59.1181491224
-59.7922339609
-60.5770060379
-60.4429326079
-60.0225369930
-60.2829328690
-60.0845263566
-60.1582170541
-60.0461437918
-59.6307888118
-59.6289988331
-59.6434367759
-60.1236058054
-60.4764283569
-60.0287396490
-59.5086288372
-59.8135900091
-59.6856708677
-59.5858273019
-59.5930327538
-58.7687299525
-59.3507349083
-59.8014314963
-59.5390806002
-59.3910622749
-58.9147030852
-59.6394016003
-59.6500896984
-59.5895990398
-59.2403048503
-58.6071770788
-59.5522944050
-58.8303834594
-58.2275493511
-57.8603536579
-58.4743723769
-58.9387763367
-58.2257393169
-59.2678037759
-59.4318783217
-59.9890696683
-59.9267787091
-59.9480892636
-60.6689780829
-60.0055842146
-60.1702674033
-60.4011596227
-60.0579456946
-59.9538222460
-58.6218699518
-58.4019063607
-58.2061412136
-58.0250924355
-57.9805646147
-57.9467861391
-58.4287351641
-57.6123872255
-58.3863317629
-57.9809262515
-57.6596555880
-57.8964576478
-58.2998337126
-58.0341835074
-57.5653614166
-57.7647346936
-58.0005052254
-57.9975813763
-57.8549201710
-58.2790535750
-59.3148815028
-59.5521262374
-59.9516955046
-59.9403225263
-59.9933182834
-59.9939216357
-59.8159710074
-58.8334677623
-58.8103905270
-58.6281990390
-58.8373402953
-59.1433960136
-59.6074220621
-60.2382036290
-59.3842523281
-58.9746357055
-58.4353887605
-57.8697365384
-58.2984652282
-58.1403152861
-58.3478392623
-58.5809403450
-58.0756651138
-57.6547308119
-57.0480746045
-56.9412963783
-57.3277597214
-57.3107460115
-56.7409484123
-56.8342368630
-57.7965220383
-57.5655163692
-57.7716794908
-58.0018498124
-57.7654092125
-57.0469987373
-57.1667121400
-57.1212273750
-57.0808338670
-57.2965279976
-57.2350036316
-57.2669846527
-57.7581395281
-57.3133323903
-57.6890362371
-57.3095245707
-57.6834249463
-57.5499676946
-57.0721118626
-57.7105280792
-57.3425251225
-57.2205341062
-57.3593075483
-57.2125128565
-56.7029915956
-56.2670976895
-55.8748085303
-56.5882222259
-57.8033412386
-57.8644419264
-57.5186568037
-57.3892393133
-56.8014119536
-57.7098853721
-58.5604133559
-57.9171391072
-57.6998359681
-58.0435761718
-57.9196009283
-58.4542145192
-59.2719333427
-59.8316766553
-59.9007708026
-60.2061291274
-60.3696660263
-59.9363818676
-60.1226544138
-59.7736035932
-59.7091813276
-59.3866128689
-58.6299213841
-59.2000329708
-59.1582781043
-59.0524545364
-59.3771952498
-58.4289916608
-58.2631382726
-58.1528229502
-58.4609617501
-58.8064859103
-58.4258481564
-59.3614869393
-59.1741640391
-58.3251575397
-58.9121853293
-58.9565252140
-58.9931694903
-59.8696417459
-59.2851812606
-59.3663814105
-59.2450278985
-59.1044504979
-58.6266418223
-58.6234038159
-58.0372573100
-58.4892085960
-57.6799695826
-58.1035049501
-57.1044514490
-58.1535251410
-58.0211214989
-57.8376561260
-57.1820989046
-57.8534380821
-58.1115942838
-58.1466883018
-57.7124276609
-58.2329305480
-58.1065009856
-57.0840020258
-57.0308253872
-58.0799185917
-58.2071108282
-58.2661291815
-57.8193414487
-58.6002635678
-57.2989570171
-57.1051889021
-55.9144217918
-56.6626168670
-56.3651813222
-56.1531218683
-55.4816459194
-55.6321028263
-56.0442336685
-56.2393426177
-55.3471902360
-55.3541804716
-55.0061757523
-55.0052283268
-54.8935527856
-55.8372506698
-55.8481231883
-55.7530932316
-55.2003091807
-55.2533698734
-55.4730269556
-55.4420429746
-55.7127323114
-55.6862637177
-56.3922152459
-56.3293922684
-56.5794581418
-56.1108582710
-56.2051050271
-55.6327195723
-55.3766812478
-55.0800488949
-55.0394637654
-55.2077033347
-55.4220053798
-55.6139051749
-55.6147691533
-55.5536348541
-56.1134216346
-55.5758435182
-55.8198878036
-55.7274631471
-56.6003947727
-56.4763619613
-57.5842374940
-56.9433003612
-57.5231243580
-58.1903454359
-58.2213215951
-58.2004775081
-58.4780244583
-58.4098856582
-58.9207542790
-58.3763021142
-58.4295454326
-58.6419086300
-59.3450951433
-59.9147425244
-60.3053090987
-60.3279709290
-60.4644182195
-60.8322855047
-60.6889102488
-60.2634197359
-60.2713368105
-60.4975044364
-60.5455324083
-60.3592820376
-59.7876138519
-59.7634934608
-59.6922890243
-59.5963117000
-59.7473844276
-59.8683913143
-60.1836918922
-59.9804790545
-60.7204601457
-61.5783593903
-62.0239962517
-61.6775959610
-62.0155928561
-62.1218662374
-61.7438088909
-61.2928368099
-62.0158087710
-62.0433477086
-61.7949768055
-62.1853946886
-61.5484641820
-61.5095846151
-61.3930135377
-61.9288148679
-62.1356496690
-61.6225258673
-60.7143997323
-60.7757231261
-59.8453954677
-59.4264445560
-59.2626616780
-58.7522783474
-58.2836850921
-58.8825655954
-58.9030573462
-58.5662363357
-59.2738268133
-58.3589909331
-58.0813668495
-58.0055884485
-57.9749147745
-57.5892176106
-57.9298142239
-57.3134834208
-56.2743455272
-56.1902926627
-55.2901584420
-56.1329927246
-56.4393792646
-56.5356743563
-56.4494583139
-56.5061607433
-56.2970891439
-56.5181401966
-56.6913666754
-56.2218323165
-55.8936613095
-56.2572189053
-55.7682294720
-56.7831503050
-56.8969520633
-56.6051528512
-55.8702484698
-56.1517061212
-55.0267025608
-54.8352365298
-55.1389548978
-56.0430295226
-56.2923361324
-56.3245892256
-55.4940786541
-55.9648165058
-55.7632305102
-55.9464690378
-55.3988618526
-55.9759987848
-56.3695728505
-56.3987258294
-56.1554749041
-56.7103040418
-56.9023672827
-57.3683270110
-56.0003246601
-55.4072250075
-55.4604457722
-55.8786098797
-56.5129781491
-56.4705671373
-56.5691336688
-57.0837102922
-57.3333372394
-56.9532213142
-57.1828267266
-56.6255367494
-56.1118584413
-56.6527778790
-56.3241978952
-56.3662007060
-56.9122109722
-56.0578973819
-55.2722122726
-54.2496378564
-53.9426633514
-53.4965159882
-53.7399409964
-54.6138943961
-53.7674407977
-53.3628606056
-53.0804716840
-52.9208501029
-52.9187759180
-53.0511467998
-53.6791395754
-53.7286556705
-53.0671597151
-53.5342158443
-52.9998606835
-53.2546740973
-52.7970457848
-52.1725910603
-52.2909559577
-52.2485263165
-51.3188097075
-51.8799702606
-52.1187452243
-52.2362157138
-52.2796650044
-53.2258376747
-52.7117312744
-52.9826475691
-53.2750494930
-53.7282024355
-53.2181145396
-53.4077445100
-52.8339152890
-53.5415227918
-53.8674095170
-53.1459442044
-53.7826687369
-53.9438896468
-54.8556952178
-55.4978077592
-54.9004906374
-54.8119456334
-54.9682430455
-55.4650458704
-56.0345000902
-55.7757468705
-56.1426146458
-56.7746131805
-57.6085481962
-58.5407411673
-58.1028800558
-57.6816119928
-58.8366004446
-59.4800893848
-59.9806569101
-60.1533607917
-59.9059545620
-60.4291906341
-60.5818919838
-61.1700822840
-61.0007412430
-61.8796724947
-61.6488013390
-61.2284121166
-61.7754437765
-62.2361380472
-61.8386740549
-61.2381924879
-61.6994391847
-60.3241835550
-60.4885544284
-59.3669400509
-58.8714186154
-59.3544008378
-59.2546440795
-59.3899680237
-59.4124839237
-60.1915216699
-60.9396966120
-61.2944276064
-60.7967755570
-60.6094370657
-61.0184753022
-61.4178061230
-60.3498607281
-60.0293915033
-60.2286513090
-60.2621123338
-60.0940846115
-59.6472077036
-58.3855934782
-58.0929102760
-57.4025240061
-57.1105751077
-57.8409757532
-57.5455429961
-56.7334669892
-56.0472975510
-55.9880777292
-56.8467225150
-57.2503263137
-57.0655743299
-57.4345905826
-57.4545894320
-56.5332331109
-57.0186515065
-57.5839748447
-58.2439870677
-57.9926946306
-58.3378215720
-57.8962857086
-58.2392098727
-58.6250362399
-59.1342412520
-59.5487207105
-58.9896097062
-58.4459311192
-58.3514825757
-58.3119450091
-58.6086462228
-58.2553323903
-58.0047392852
-57.7619203593
-57.5453836664
-57.7806186157
-57.4476380895
-57.8600968958
-58.0104790552
-58.6493031100
-57.7462042745
-58.0973280012
-58.5693833480
-59.4477875518
-59.5025682152
-59.8688992375
-60.1162599184
-59.4244087138
-58.3996309181
-58.8786097828
-58.9678637836
-58.9823677826
-58.3633289168
-59.3813201480
-59.4491447543
-59.6166117308
-59.4713403174
-59.4836841941
-59.0444075259
-59.0435227174
-59.2880486179
-59.3292256128
-58.4619697586
-58.3269530100
-58.4724977445
-58.7737781227
-58.8652343102
-58.7066813357
-58.4998247496
-58.2624075944
-58.4848454720
-58.7907791420
-59.2288807350
-59.3210503990
-58.8387789168
-58.0553134007
-58.2653893205
-58.0636914624
-57.5075711272
-58.0277560319
-58.2251377661
-58.2839930072
-58.8216346120
-58.9254636854
-58.9196101328
-59.2127189602
-59.1859220949
-59.3273822341
-59.3671997723
-59.5427295602
-60.5102478150
-61.5923745170
-61.1916766942
-61.7126197724
-61.4742985648
-62.5521176194
-61.9559212584
-61.0862252256
-61.3497149388
-61.4100296852
-61.5653399834
-61.3410786305
-61.5766081011
-61.0138760240
-61.7129083230
-61.5349574447
-61.2480356974
-61.6015465140
-60.7104993961
-60.8225524335
-61.4139539027
-61.5939216205
-61.7756111256
-61.5268716369
-60.8897732507
-60.4807853084
-60.0060423465
-60.5489627726
-60.5772538823
-60.8798929375
-61.8483130010
-60.8715320993
-60.4332606076
-59.9377049898
-61.0433642701
-60.6640501320
-61.8152895811
-61.4991200717
-61.2155510095
-61.4108233247
-62.0249356128
-62.3061011703
-62.0613507076
-63.2850053063
-62.7271035645
-62.8215337403
-61.6917813067
-61.5083096466
-61.2515460168
-61.8506072725
-62.0893596408
-62.0952496779
-61.9510250140
-61.2586977632
-61.7247970406
-61.7338614088
-62.4241197863
-62.4530813332
-62.2479950208
-62.5164505610
-62.4920296909
-62.7662626296
-62.9795659048
-63.3462205185
-63.4879435040
-63.8933724810
-63.3538632487
-63.8778252627
-64.4787644225
-64.8720850979
-64.4373452870
-64.5353906404
-64.5005104719
-63.7344911928
-63.9496579360
-64.0020548635
-63.2037936608
-63.1937923597
-63.3287555405
-63.2353294905
-62.8653312657
-61.6564709332
-61.2821323675
-62.3341203485
-62.1075582345
-62.4494086859
-62.6000046079
-63.1417233468
-63.6441628399
-62.9867343541
-62.0540494861
-62.7927467790
-63.2561084179
-63.4461072094
-63.4189059076
-63.1140207422
-63.8926160888
-63.7804722859
-63.4610570064
-64.1049762665
-64.3756875367
-64.5585300230
-64.3525286217
-64.0308664531
-63.2305975836
-63.1017258561
-62.4417233772
-63.1270347821
-63.5592269693
-64.2192264617
-64.2448336535
-64.9236943932
-64.5791257398
-64.7112595674
-65.5732696431
-65.2132431674
-65.6927862018
-66.0577145804
-66.5031448114
