sampled_beta
1.2748348433
1.3048687517
1.6437581925
14.6903322472
17.2120944178
10.8724016907
1.6199278512
18.5278975549
3.1450258528
1.3550027618
1.2996902576
1.8293624373
1.8812263318
1.8668895978
2.5549625044
2.8487161668
7.5343412025
2.8092976044
2.6088848058
1.4826345543
3.4919136252
2.1037030560
1.7233968890
2.5220443030
2.0050507595
2.0890153628
4.0585790923
1.6897903097
1.6463295993
5.7893514356
3.4220763574
1.9451774003
1.9837713189
1.4143560695
2.3719948994
2.0581832991
4.5157861384
1.8083515627
2.7332767853
1.3258384979
3.2665624684
8.0753641863
2.2463145048
1.3088437819
5.1871132442
1.7686263347
1.7596987261
2.1233304253
3.3352151945
3.3180909002
2.4597999570
2.5574176507
8.1439548221
3.7285450133
1.3771104970
7.8606271531
1.8760335055
3.2071269849
1.6907378459
1.4578040344
1.7857225709
1.7168668605
3.8835394856
2.5230685360
1.3143948038
2.9792371396
1.9110696324
3.4802372819
2.8743335632
1.5568814728
5.2099450717
1.6269522136
3.9111580647
1.6392012982
1.3120611628
1.6920925812
2.5042051424
2.1393977249
9.8831913348
1.9255731410
1.9676593205
2.0585118540
1.5436008316
1.5929363577
6.7187070520
1.9944207835
3.1909476131
1.3620824630
4.5162056755
1.6558985766
1.4214939532
2.1778774309
1.8808255506
9.4740074978
1.6031849849
1.4952476221
9.2923154107
2.1529770028
2.4992568413
1.5982506006
2.5081803533
1.7215203655
1.4998220474
4.0264799309
2.8013760782
4.0921317356
2.6191306001
2.0230345393
3.0528627227
3.2927571295
5.2440923888
1.8142538678
3.1171714049
1.6311773688
2.0931245610
2.4885636872
1.3963120193
2.0106246164
1.9094221505
2.4602667555
2.4174463584
1.6307604572
2.0190726048
1.4169313440
1.4902556220
5.5413560294
1.5266740540
1.7104679416
6.3810597527
1.5307656828
3.4578731644
53.3701908862
1.5626573326
3.6979859889
1.2100959467
1.8265756260
1.5496830932
2.0895940183
3.4934103362
1.7325565963
1.7944482147
1.9354638607
4.4563567171
11.0889041682
1.6892162796
4.2026569155
1.7859518761
2.2351618438
6.3869423043
5.5992894533
1.6211087892
1.5529872889
3.0160822596
1.7659230532
1.6373215628
3.2175591389
3.3997523868
1.7444059342
1.7343157688
9.1070893336
1.7003900472
3.8795879131
2.7322935327
18.9288407020
2.6029705071
3.8121331049
1.5441917268
2.3305401030
3.6017818516
1.3367871090
1.6477494590
1.7910380923
2.6734283626
5.1843079236
1.7209553823
2.0001091997
3.7631717155
20.3278485896
1.8995637961
1.4912178101
3.6732127423
4.1906920662
1.7064319467
1.9101227160
3.4764948489
1.8178599850
1.7494996680
5.0389239095
2.4470645108
2.3472251883
1.5904953842
1.2914798949
1.9284373033
1.9634542734
1.4253133051
1.5459626293
1.9393802833
1.4462434246
1.8554850452
2.1773729240
12.5912489132
15.5737068603
7.9494161253
5.8444738569
1.8114922450
8.1243376946
1.3011398175
2.0342190827
8.5229588152
2.7389531825
2.4573128296
3.8928754310
1.6290583898
2.9760851720
1.5511117625
6.7438437263
1.8006839710
13.5551597477
2.3423108616
2.4626368958
3.7202919570
2.8705350859
1.4091189937
3.1825372355
1.8969351720
2.6237021995
1.9999698594
2.8514238971
1.7972424048
2.7371334858
5.4745127628
2.3117330577
4.9490404114
1.9763781202
21.8114079804
1.5730104307
2.1879593857
2.1075099466
1.2810438448
4.5258160089
33.0478187185
2.2624933138
7.5786974213
1.4272759968
6.6113241088
1.8732785759
9.0608703277
2.3400382275
1.9354260440
4.7004765728
1.8541927479
1.2809110224
3.5583304459
1.4220412673
1.7182929699
3.0136704766
1.3135839734
1.3341525781
2.3056251287
5.0267857429
2.6980919216
2.2672203492
5.4973085181
2.5778529005
2.6976938400
3.3212284651
1.5516817537
1.8799643297
9.3367284841
3.7496731154
1.4876852540
2.8006947584
1.6299845265
10.4302496012
3.3167119585
1.7450501972
1.3126943425
11.5520558586
10.9181346868
1.5531454466
17.2533715418
2.9361472837
1.6804050673
4.4702710937
8.8789284082
1.8174898522
2.3776661510
15.2575195540
1.9649751065
1.5559167569
1.7479550880
2.9427003775
1.5407172644
2.0584163646
1.5799782159
16.5680621721
2.3082175499
1.7130257740
1.4723161420
1.5124513305
1.6533760370
2.0492612468
2.0140773332
1.5520576507
4.3774109178
2.2684635333
1.7906327713
30.4333860769
1.7348647514
2.3835914998
1.7441428710
2.0695013114
1.9002365916
1.4601088839
14.7723418981
1.7514665536
1.9831527959
3.5653624150
2.9420362063
1.4386212746
4.4176824700
21.2397271526
1.9640290320
1.3997475362
2.3125290017
1.6633927262
5.5857271704
2.4154668388
1.5405629370
4.4249846303
2.2024657962
1.7487315646
6.7243891194
1.8169395305
4.0070785555
3.0116727192
2.1680592874
8.3810895228
1.8555295865
2.1229348031
2.0539890137
2.5853475245
1.4878951346
4.9942962970
1.9456918745
9.1492176727
2.7647315683
1.9119951822
2.7965483487
2.3660568235
2.1042390160
3.7837882721
10.0514424718
1.8430588361
2.2240380408
2.3852664464
1.7260323238
2.3130824652
1.9116574398
4.4305235545
1.7664455071
1.9293305590
1.6748474316
3.4401074012
2.7803935951
14.8140916818
2.3256248106
1.7221186732
1.6114324079
2.2006269443
26.1737057880
25.6468468220
2.0112824538
1.7159961204
5.6043141084
6.7799609352
4.8164588400
1.7038175281
1.7562065448
9.3205423822
1.7397777419
3.6826072767
1.5683828272
1.4239603998
7.7997224523
3.6706181280
3.0934701154
1.9395537691
3.3843406213
2.6941401415
1.7685178026
2.0158932912
1.4643510347
2.9950100807
1.5496948775
11.7994691364
2.8124857708
1.7831108855
1.6141743562
5.4765798202
3.0111815074
2.6261019997
1.2949927463
2.2833514249
2.2564413159
1.5314864976
1.6840050816
5.3733343434
2.8178209306
5.7360488158
16.0619663938
1.5664377859
3.1977656244
2.4898105947
3.7502385429
1.6693476289
2.3486673595
1.6985552350
2.4085962275
2.2459155700
2.5814124629
1.9037890365
12.2162657494
1.5128504863
6.9535564432
3.0797579971
3.6579698648
1.4639662002
1.4503758707
1.7621237515
3.5044464707
1.0251240674
1.6466571738
2.1323645273
8.9005054365
5.0721646389
3.8739683461
1.7809719735
1.7676689784
1.2754089302
1.9789007672
2.9963526500
11.9540945117
2.6244952725
1.6382278973
5.8173999268
2.0083205112
2.2372950975
3.2037868886
1.4840693782
3.9424716108
16.9177073904
4.7737454016
18.4172249847
1.5613079459
2.3080578737
2.4403726951
1.6852571860
1.7817676718
1.7768354224
1.6647938381
2.2565694857
5.3715431609
3.2640113160
6.9631558681
4.5192032295
1.6882773870
3.1979295627
2.7363752849
1.6896774085
2.2994963325
1.6583970084
1.8213604094
2.2143669091
1.7393764766
1.9967382000
4.8010125308
1.9657979969
1.5294186304
3.0763307391
1.7450179428
5.6706560971
1.7450899040
1.9295409470
15.2219482529
2.5225262616
6.0718232342
1.4102041795
1.9192768555
2.2657354923
5.2201960674
3.3021054205
1.7100530806
4.5252146359
2.0105412975
1.9683379393
3.0476390401
2.7838067266
2.0487745868
1.3106896804
1.8916035553
2.6078850498
1.7884217903
2.1970031728
1.8218509328
1.4448226012
3.5254449305
1.5805688457
2.9946499276
1.7370925259
2.7165881841
7.7649449571
2.0955274375
1.7833819003
8.5510364689
2.6682875171
1.7245508447
1.6773196406
1.6497600543
1.5122805236
5.1125766096
3.0665082684
2.2102674473
2.9744416520
1.3302855683
2.0220746685
1.7606635580
1.3978822496
1.9236153527
24.4198935972
1.7245250616
5.8031839833
1.6639007005
1.3139827394
1.6167617678
2.0104160448
1.5803195836
2.4796247471
4.7591934568
4.3065065899
2.8013051252
1.6718169644
2.9096253781
1.7328930052
4.0657262774
1.6056788188
1.8143897318
1.4365471589
23.9336675106
1.3133131482
2.5438855778
1.8283029008
2.2876887658
25.1906826584
2.2295970695
2.1374993590
2.4280334754
1.7491394069
6.8099136034
2.7823203057
1.5934489149
6.3782111407
1.6164967747
2.0606568395
1.7761798390
1.5409457031
6.5959892134
22.0231878923
2.1332563186
7.3915430680
2.6482740327
1.7858519112
1.4936975069
2.6845547235
12.9992316769
4.0786558976
1.7115485721
5.6415413178
1.8959513689
1.7564885668
1.4856281332
2.3736486411
8.0939758002
2.6695308567
1.9996308418
1.4086560419
17.8891684982
7.2182097121
2.0841194546
1.6480081836
2.4832995262
2.5142731971
2.4367851430
1.9980289587
3.3350680991
2.2114630692
1.8433124035
2.6894889581
2.0591741483
4.3548152165
4.3095113325
1.5933708749
2.8596006764
3.2480744336
5.4424825398
1.6364911771
1.7607835291
7.7621404249
1.9679489437
2.3549424566
1.7034202873
1.5518468459
10.2388165200
1.8503326591
0.6383650873
20.6556132885
1.2870465447
3.3327655438
1.8566264160
1.9460487417
1.8315537209
6.9269307636
2.5397407936
4.1310222739
5.2781025951
1.4622218599
2.4927559771
5.6519858181
1.7391659924
7.0610531566
2.5123074081
1.4181516330
3.7433451820
1.5692867692
3.5339533677
5.9209204751
4.0814783936
2.8677304201
1.6892764119
3.2958562765
4.4943943001
2.9006969279
1.9175073807
3.3898448793
1.7727967772
2.4694838080
3.7991093651
1.9671834292
2.5762391274
2.9057895576
1.7832996118
1.4885964275
4.4599365039
1.5674696477
2.3649348513
2.0456559891
1.3847356269
2.6518050432
2.2835378816
14.3584595926
1.9910862451
2.4767403749
2.5628582809
2.3638904058
2.2205850294
4.4648511817
1.9244743873
3.0130526265
1.3636212229
1.3383719662
1.7737238614
30.8118361562
1.6616323637
1.8324412724
2.6339390684
1.7063408003
1.5553209276
2.1564757779
7.6835941613
15.1692838603
19.6172043558
1.7305841856
2.3773608683
1.3503703417
1.7740583227
11.5712748706
2.1648285703
1.5423284911
2.0267831397
5.7682137045
3.0948893980
10.3079561606
1.9410121716
2.2770577537
2.1450228093
3.2188579005
3.0655753149
3.9547286689
1.4009310310
2.5323076982
1.6463328622
4.5776660407
9.4575968617
3.4948596485
1.8353050772
1.9734908954
2.8473716854
2.5720414333
2.1075800114
2.1712355766
1.5079319598
4.1797185932
6.2704925339
2.6811457259
16.6821762632
1.7018848049
2.2689731853
1.7462635151
1.6976486597
1.5116634313
1.7534395263
1.6454994198
3.0493083817
1.9126310130
5.4351528283
1.7523876097
8.3301369598
2.2608867527
1.8615622585
1.8734110328
1.6699902360
13.6681073914
1.6012051767
1.4345542928
1.7266727991
3.9776007273
2.9801934140
3.5236867232
4.4458266294
15.1218884124
1.6347425240
1.9678937848
1.5797202068
2.8541405171
2.7722555418
1.4717605168
1.9972703233
1.9300160466
3.1304066887
3.3078348260
53.7654612622
1.3073492863
2.1370210154
2.9471888707
4.1528271391
2.0726001989
21.6425923186
2.1099731914
2.3037066475
2.0157798999
2.6153195714
3.0712841052
1.6208122669
2.0339172314
2.2081053481
12.1352067215
1.9447055939
1.6468347441
1.7322258988
1.9079657605
1.7712847277
2.7448289207
1.4780442044
1.1029384760
2.7173401323
2.2352556035
1.7983202292
1.8866744842
1.7211390564
5.1638235663
1.9435450571
1.8858695796
6.6498075503
2.5038117744
16.6793453941
1.6685179470
1.6532549713
3.3303901665
1.5988738842
1.3384498768
1.7462196928
3.7675789512
2.3713015694
3.6133685353
3.4588145263
3.0472700789
2.1348254742
6.7327657656
1.5443801931
2.0172282015
22.2483205064
1.3380424051
1.5864026177
1.4814265183
1.7307861551
3.8575342213
1.5464403692
1.8690252531
3.0236898199
4.6261006768
2.7432946974
1.7437862159
1.5381254753
2.8376515131
2.0789342055
2.0110082427
5.4458167491
1.4534114819
6.9283925389
1.8026201876
3.5098376460
1.6463765186
2.5038034545
2.9960023556
2.3434333909
4.3498910747
1.4382314273
2.1487134043
5.2264299489
1.6951275179
1.8422179647
1.8243940937
1.5365499828
2.9473392371
3.7017155140
1.6168939809
1.7470102070
2.7217517109
2.0543147379
1.7989840551
1.5825719236
1.9579880605
5.8877320117
2.1833102058
1.5971253080
1.7473781248
2.1341554057
2.2366254479
2.8949546416
5.1159749649
1.6239551233
18.3350622979
26.1957259758
13.6361889727
1.7144459111
1.5562919799
1.5590971301
1.3718582987
2.3056035892
1.7741903239
1.7596751581
1.9249884789
1.9432777045
1.3166453920
1.3617829465
1.6215696387
3.6873805335
3.2094184254
1.8192571897
1.6260743289
13.0013326763
28.2524798122
1.6576258513
22.0687521744
1.7872947416
3.5478389268
1.7620580786
1.6817626507
1.6222307330
2.1807024277
1.9595988520
2.6773702009
2.1543535443
1.6224473526
1.7002459483
2.0867697271
6.8654061439
1.7112341259
2.1897796775
1.8907261890
1.2789313133
4.6363014313
1.9684689217
4.0209506143
2.3348280216
1.7398294107
1.6037249778
1.3288711889
1.7252573573
1.8104735808
2.6661474712
2.3737686274
2.5551795482
1.9485952757
5.6396364662
1.9658935543
1.2797342267
1.4121612221
2.2375040913
9.7140545959
13.3338320657
2.1553381139
1.9005771966
7.8530136911
1.9429043087
1.5284711784
2.6208898498
1.6635307201
1.9405034191
1.7489704879
1.6884805807
1.9644003711
1.6438221154
5.0312479280
1.6442283417
7.6431384503
1.8722148674
11.5168085062
6.2219390366
1.8700161235
1.7128708528
1.9913027977
