mean_beta
1.7068493075
1.6817637212
1.6725234162
1.6740750029
1.6784706066
1.6724607082
1.6615273209
1.6479478592
1.6494576427
1.6477072401
1.6509962422
1.6547999390
1.6584032506
1.6607611672
1.6622241953
1.6638323901
1.6622381456
1.6513955018
1.6472801341
1.6347331710
1.6370660975
1.6389829023
1.6362940666
1.6320641931
1.6301412458
1.6326998508
1.6328953935
1.6356745980
1.6385573365
1.6410777706
1.6435964609
1.6462009586
1.6481214572
1.6496479282
1.6504060463
1.6501414829
1.6462176572
1.6439319846
1.6419430782
1.6395072868
1.6377057718
1.6368729449
1.6316456617
1.6273614492
1.6239069275
1.6217989848
1.6231240342
1.6250723657
1.6264769875
1.6261374787
1.6242550455
1.6236193563
1.6240992014
1.6246651368
1.6253949506
1.6256448646
1.6237846905
1.6249744318
1.6243705710
1.6246596484
1.6249155474
1.6258276226
1.6269753875
1.6281819660
1.6286895212
1.6291731097
1.6287201532
1.6276897876
1.6266974800
1.6250522875
1.6238911088
1.6236027522
1.6243771822
1.6248428593
1.6250408493
1.6255649798
1.6259407872
1.6257036241
1.6254803216
1.6250031839
1.6247800682
1.6252984468
1.6258994893
1.6266226441
1.6260799163
1.6238265636
1.6240631039
1.6248811709
1.6255921844
1.6238892617
1.6221320276
1.6205718471
1.6191331640
1.6171435584
1.6153977985
1.6136685955
1.6118744814
1.6124655648
1.6109258964
1.6092126446
1.6075523759
1.6060585526
1.6045402822
1.6031992324
1.6017959380
1.6003679227
1.5990649491
1.5978393745
1.5966466875
1.5954198448
1.5942013034
1.5929715279
1.5919995995
1.5908344605
1.5897436542
1.5886406674
1.5875362551
1.5866394852
1.5856818871
1.5847655344
1.5837897990
1.5829400190
1.5819391499
1.5811513383
1.5801537956
1.5790259022
1.5778706943
1.5768431216
1.5761567691
1.5751859613
1.5742439760
1.5732957058
1.5726704661
1.5719222390
1.5712686808
1.5704274554
1.5696008456
1.5687766699
1.5681148236
1.5675191235
1.5666318657
1.5660692909
1.5653099190
1.5646043490
1.5638275386
1.5630303933
1.5621102064
1.5611417710
1.5604077633
1.5595550073
1.5589300197
1.5582962252
1.5576994319
1.5571543792
1.5565262201
1.5558919713
1.5554181760
1.5548454533
1.5543237609
1.5538676294
1.5534698080
1.5529701413
1.5525289033
1.5519504016
1.5514021532
1.5508316594
1.5503164522
1.5511387899
1.5505601280
1.5499818230
1.5494857139
1.5489650646
1.5485293380
1.5480235040
1.5474786072
1.5468102078
1.5462262117
1.5457238482
1.5451628968
1.5446354955
1.5441260861
1.5437829025
1.5433735428
1.5428719424
1.5422791779
1.5418543920
1.5413336080
1.5407981634
1.5404560577
1.5400243641
1.5396003836
1.5391504936
1.5386393952
1.5381475695
1.5375100231
1.5372635103
1.5368336120
1.5365891552
1.5363181319
1.5359800472
1.5356683520
1.5353688524
1.5350449718
1.5347153152
1.5342988425
1.5339093141
1.5333768383
1.5328198640
1.5324756741
1.5321359520
1.5318242550
1.5315050145
1.5322599306
1.5316737895
1.5311760524
1.5307891933
1.5301790341
1.5301636336
1.5299999022
1.5298427943
1.5296945977
1.5295720403
1.5294502226
1.5293005039
1.5291327868
1.5289798552
1.5288837047
1.5295301283
1.5301143963
1.5306566960
1.5306258794
1.5305083841
1.5304079302
1.5302432370
1.5300811572
1.5299498249
1.5298543741
1.5299615310
1.5300167765
1.5300447440
1.5301827747
1.5308329174
1.5315726073
1.5321935380
1.5327190156
1.5331620151
1.5336003017
1.5339972343
1.5346397190
1.5352183141
1.5356915212
1.5361606139
1.5367955671
1.5364838668
1.5362464781
1.5360570560
1.5358126518
1.5355795871
1.5353305124
1.5350642670
1.5347828523
1.5345614937
1.5343941806
1.5341692842
1.5339201687
1.5336402486
1.5334489505
1.5332891516
1.5331309632
1.5329630356
1.5327231118
1.5324632865
1.5322339645
1.5319969464
1.5317172692
1.5315288241
1.5312692928
1.5310871219
1.5308180740
1.5313796708
1.5319371332
1.5317814232
1.5315146941
1.5312516752
1.5310773464
1.5308191978
1.5306386043
1.5304292898
1.5302422966
1.5299863718
1.5297236041
1.5295658470
1.5294279815
1.5292899907
1.5291185173
1.5289708661
1.5288425647
1.5286320657
1.5291654072
1.5289910333
1.5288264139
1.5286857007
1.5284676097
1.5283228984
1.5280791321
1.5278554017
1.5276795245
1.5275538921
1.5274349147
1.5272637046
1.5271268937
1.5269860558
1.5268588878
1.5267151446
1.5264921725
1.5262672562
1.5261153854
1.5259538646
1.5258166860
1.5256641103
1.5255300121
1.5253187222
1.5251500994
1.5250070826
1.5248773512
1.5246800040
1.5245428457
1.5243627961
1.5241843501
1.5240158905
1.5238910232
1.5237527353
1.5236461460
1.5234631319
1.5232951104
1.5231704007
1.5229712821
1.5228745548
1.5227794368
1.5226762145
1.5225300407
1.5223477797
1.5222352590
1.5221447803
1.5220526296
1.5218892144
1.5217870299
1.5216455158
1.5214929872
1.5214014952
1.5212393002
1.5211405184
1.5209912055
1.5208538319
1.5207173712
1.5206168253
1.5205332983
1.5203446066
1.5201678724
1.5200181905
1.5199054824
1.5198117545
1.5197173781
1.5196256979
1.5195473739
1.5193692734
1.5192915433
1.5191601931
1.5190368458
1.5189114827
1.5188071849
1.5187084549
1.5186230771
1.5185384619
1.5185170062
1.5184356037
1.5183101465
1.5182483433
1.5181929980
1.5181491154
1.5181881687
1.5182062790
1.5181947202
1.5182201035
1.5181243805
1.5180447527
1.5180556779
1.5180974972
1.5181061656
1.5180128694
1.5179757165
1.5178980665
1.5177342900
1.5176871524
1.5175247177
1.5174963848
1.5174307052
1.5173751777
1.5173017315
1.5172274134
1.5170833172
1.5169957160
1.5168537702
1.5167820744
1.5166412943
1.5165534836
1.5164268359
1.5163138260
1.5161655784
1.5160917155
1.5160311646
1.5158970800
1.5157904204
1.5156794664
1.5155930782
1.5154567345
1.5153570082
1.5152426919
1.5151665679
1.5151116611
1.5150594245
1.5149251794
1.5147828745
1.5148395556
1.5147292628
1.5145902967
1.5144443998
1.5143005979
1.5142074416
1.5141112212
1.5139875584
1.5138590035
1.5137496356
1.5136939651
1.5135535284
1.5134133899
1.5133628133
1.5132918787
1.5131529206
1.5130875813
1.5130289461
1.5134251835
1.5133010645
1.5131988982
1.5131274387
1.5130505589
1.5129169316
1.5128613249
1.5127772840
1.5127233135
1.5126498326
1.5125234461
1.5123904147
1.5123631741
1.5123341324
1.5122069878
1.5121634470
1.5121236407
1.5120782805
1.5120317665
1.5119722994
1.5119067851
1.5117836281
1.5117274066
1.5116506496
1.5115973722
1.5115430005
1.5114663139
1.5113640159
1.5112541182
1.5111381875
1.5110937307
1.5110481181
1.5109634057
1.5108619309
1.5107924561
1.5106724383
1.5105989653
1.5105097232
1.5104185691
1.5103183386
1.5102783642
1.5101586211
1.5100895707
1.5100086331
1.5099204404
1.5098417980
1.5097918334
1.5097310641
1.5100949934
1.5100528807
1.5099362664
1.5098942038
1.5098406076
1.5097444378
1.5096795107
1.5096129184
1.5095740812
1.5095296645
1.5094376301
1.5093540572
1.5092543098
1.5091674532
1.5090595488
1.5090018110
1.5089649151
1.5088595757
1.5087753292
1.5086858194
1.5086328922
1.5085944042
1.5085488091
1.5085118922
1.5084702890
1.5084068751
1.5083000692
1.5081927967
1.5081368216
1.5080724473
1.5080101677
1.5079064511
1.5078574028
1.5077908014
1.5077234906
1.5076919607
1.5076497868
1.5075663754
1.5074864712
1.5073996937
1.5073810270
1.5072773112
1.5072460334
1.5072013002
1.5071178066
1.5070592059
1.5070212057
1.5069909658
1.5069315651
1.5068848951
1.5067977872
1.5067670422
1.5067845582
1.5067757365
1.5067498557
1.5067400225
1.5067661811
1.5067545217
1.5068141554
1.5067887199
1.5068499611
1.5068845436
1.5068533129
1.5067972922
1.5067658180
1.5067303735
1.5066857399
1.5066605253
1.5066514783
1.5066986746
1.5066723880
1.5067147360
1.5066667213
1.5066355400
1.5065523911
1.5065883171
1.5065628413
1.5065497145
1.5065243054
1.5064956462
1.5064694185
1.5064292917
1.5063539015
1.5062711385
1.5061914453
1.5061607052
1.5061454871
1.5060653856
1.5060108088
1.5059535684
1.5059313766
1.5059059629
1.5058485464
1.5058114780
1.5057595890
1.5056702386
1.5056069521
1.5055659383
1.5055372727
1.5055044915
1.5054197624
1.5053437618
1.5052665208
1.5052275583
1.5051900242
1.5051406458
1.5050977023
1.5050209722
1.5053271458
1.5052860646
1.5052425533
1.5051660892
1.5051337634
1.5050978919
1.5050132305
1.5049568580
1.5048814200
1.5048051444
1.5047410966
1.5047165819
1.5046881460
1.5046340631
1.5045761033
1.5045195156
1.5044649219
1.5044289758
1.5043538431
1.5043245106
1.5042499287
1.5042053385
1.5041741371
1.5041314641
1.5041062110
1.5040776507
1.5040240111
1.5039431990
1.5038963722
1.5038297156
1.5041248832
1.5044261952
1.5047858657
1.5051709724
1.5055248865
1.5058893119
1.5062549466
1.5066210728
1.5069872935
1.5073639601
1.5077342238
1.5081136072
1.5084876310
1.5088535477
1.5091789547
1.5094821301
1.5097637276
1.5100447697
1.5103113388
1.5105618895
1.5107970635
1.5109634629
1.5110260795
1.5111455123
1.5112083547
1.5112181931
1.5112648800
1.5115078167
1.5117987225
1.5120644530
1.5123444046
1.5126197085
1.5127908935
1.5130014241
1.5130574620
1.5131665587
1.5132683195
1.5134020085
1.5135964583
1.5139008795
1.5142205859
1.5145525510
1.5148751765
1.5151947046
1.5154775318
1.5157833789
1.5160982679
1.5163467438
1.5165785888
1.5167592309
1.5169412590
1.5170486443
1.5170776400
1.5172541332
1.5174907148
1.5177240019
1.5178569823
1.5180582577
1.5182933530
1.5185118033
1.5186053747
1.5186146228
1.5186312392
1.5185971646
1.5185664878
1.5185506598
1.5185152644
1.5185408010
1.5186357858
1.5186523857
1.5186396646
1.5186431090
1.5186267698
1.5186259926
1.5185927473
1.5186746916
1.5187084863
1.5188120177
1.5189177755
1.5191112599
1.5193364519
1.5196072826
1.5198554505
1.5199898413
1.5200643066
1.5202879134
1.5205199263
1.5208185106
1.5211041413
1.5213273510
1.5214718481
1.5214469646
1.5214091093
1.5213799170
1.5213538522
1.5214196528
1.5213992615
1.5213827932
1.5214342851
1.5215074368
1.5217593138
1.5220014062
1.5222071904
1.5224027702
1.5225979225
1.5226643480
1.5226552771
1.5226356257
1.5227191354
1.5229420957
1.5229991777
1.5230523233
1.5230990054
1.5230880084
1.5230564732
1.5230196628
1.5231635990
1.5233292166
1.5235493859
1.5237828530
1.5238847538
1.5239962517
1.5240083730
1.5242208616
1.5244652421
1.5247282410
1.5249800691
1.5252099512
1.5254818847
1.5257584899
1.5260364873
1.5263126052
1.5266030104
1.5268856669
1.5271685908
1.5274358361
1.5277063677
1.5279686351
1.5282426694
1.5285259854
1.5287982417
1.5290801247
1.5293628953
1.5296222998
1.5298809376
1.5301218280
1.5303340990
1.5305262829
1.5307429583
1.5309440183
1.5310769644
1.5311864180
1.5313083279
1.5314542616
1.5316090835
1.5317420759
1.5318633355
1.5319627353
1.5320882283
1.5321484907
1.5322539008
1.5322792955
1.5322629212
1.5322897989
1.5323015429
1.5322723281
1.5322450500
1.5324051848
1.5326119569
1.5327579939
1.5329311344
1.5331182095
1.5333422900
1.5335459270
1.5337452561
1.5339360035
1.5339226807
1.5339430019
1.5340253912
1.5341999505
1.5343871857
1.5345754069
1.5347461535
1.5348107061
1.5348762154
1.5350189932
1.5351311643
1.5352681501
1.5352148910
1.5351616029
1.5351208982
1.5350793441
1.5350349282
1.5351857293
1.5353155758
1.5355218738
1.5356664275
1.5357866017
1.5359168406
1.5360440053
1.5360323133
1.5362148733
1.5363922800
1.5365025214
1.5366791762
1.5368550195
1.5370281526
1.5372039777
1.5373704599
1.5374895291
1.5376192222
1.5377762316
1.5379199920
1.5379752255
1.5380412435
1.5381044895
1.5381700281
1.5383384147
1.5385394436
1.5387584155
1.5389454798
1.5391194106
1.5392993498
1.5393047038
1.5392989402
1.5393581476
1.5394272228
1.5394484868
1.5394485212
1.5394107924
1.5395737991
1.5396231980
1.5396522214
1.5397840965
1.5397306860
1.5396791429
1.5397247138
1.5397754627
1.5398907143
1.5399894285
1.5399954654
1.5400147403
1.5400930244
1.5402406588
1.5403918186
1.5405586202
1.5407002620
1.5407534050
1.5407737413
1.5407842983
1.5407757701
1.5408628521
1.5410081301
1.5410659985
1.5410836752
1.5411517873
1.5411448773
1.5412104392
1.5412860042
1.5413268310
1.5414272330
1.5414161120
1.5414092678
1.5415984254
1.5417302054
1.5418560913
1.5419792786
1.5420204787
1.5420902361
1.5422372855
1.5423674958
1.5423708884
1.5425266746
1.5426605973
1.5427583679
1.5428645672
1.5428998657
1.5429912576
1.5431473170
1.5432261176
1.5431976376
1.5431490196
1.5431865469
1.5432626018
1.5432338000
1.5432129541
1.5433141217
1.5434222373
1.5435927681
1.5437366219
1.5438753143
1.5439887600
1.5440658916
1.5441433591
1.5440977213
1.5441753776
1.5441981792
1.5442057771
1.5442495134
1.5443388157
1.5445373603
1.5447383999
1.5449415021
1.5451370462
1.5453207458
1.5454966627
1.5456734969
1.5458101309
1.5459316874
1.5460602027
1.5461907992
1.5463043916
1.5463333936
1.5463517112
1.5465172516
1.5466702458
1.5467933303
1.5469691333
1.5471131693
1.5472744513
1.5472908545
1.5473242437
1.5473113746
1.5472833028
1.5472682248
1.5474153328
1.5475716116
1.5475880508
1.5477261118
1.5478491305
1.5478461226
1.5479874630
1.5480303868
1.5480961299
1.5482083560
1.5483283635
1.5484685731
1.5486305703
1.5487883928
1.5489388319
1.5491168007
1.5492927561
1.5494821923
1.5496822234
1.5498769415
1.5500802266
1.5502819953
1.5504823099
1.5506831680
1.5508751010
1.5510765051
1.5512773548
1.5514712491
1.5516516722
1.5518341395
1.5520095711
1.5521768672
1.5523463136
1.5525070061
1.5526416433
1.5526966379
1.5527395812
1.5529010912
1.5530596213
1.5532171808
1.5533724405
1.5534833306
1.5535994975
1.5536897153
1.5538004612
1.5539273935
1.5540287153
1.5541121852
1.5542026400
1.5543032761
1.5544250362
1.5545327421
1.5546342763
1.5546940135
1.5547699145
1.5548531141
1.5549039634
1.5549298092
1.5549858712
1.5550951138
1.5552090506
1.5553344674
1.5554874566
1.5556579939
1.5558310252
1.5560100603
1.5562016543
1.5563875131
1.5565731299
1.5567629129
1.5569520353
1.5571385452
1.5573253476
1.5575182780
1.5577080309
1.5578956180
1.5580748965
1.5582568786
1.5584326962
1.5586175864
1.5587989149
1.5589735756
1.5591568597
1.5593353601
1.5595122463
1.5596897013
1.5598636175
1.5600375739
1.5602017332
1.5603826205
1.5605397645
1.5606960711
1.5608567995
1.5609721782
1.5610362959
1.5611567956
1.5612747652
1.5613328367
1.5614343222
1.5615418666
1.5616462281
1.5617206240
1.5617518426
1.5617602756
1.5617961518
1.5618145305
1.5619324528
1.5620675478
1.5621798129
1.5621890343
1.5621874097
1.5621320684
1.5621895439
1.5622657692
1.5622891993
1.5623589778
1.5623943265
1.5624733222
1.5625900702
1.5626646839
1.5627727291
1.5628289215
1.5628839833
1.5629635020
1.5630764022
1.5632148148
1.5633273586
1.5633868097
1.5633591071
1.5633363582
1.5633301395
1.5633073416
1.5634262552
1.5635410165
1.5634729208
1.5633998253
1.5633249713
1.5632510012
1.5631687887
1.5630868852
1.5630021272
1.5629105814
1.5628367430
1.5627368889
1.5626647164
1.5625939714
1.5625203095
1.5624338959
1.5623430695
1.5622656989
1.5621672813
1.5621020663
1.5620360625
1.5619675640
1.5618714532
1.5617725796
1.5617017572
1.5616374523
1.5615670683
1.5614768465
1.5613963465
1.5613113436
1.5612182120
1.5611482294
1.5610746212
1.5609907035
1.5609155228
1.5608425020
1.5607492580
1.5606807532
1.5606156874
1.5605521933
1.5604754760
1.5603946027
1.5603163006
1.5602461843
1.5601582208
1.5600972734
1.5600019781
1.5599086760
1.5598450650
1.5597541060
1.5596845298
1.5596172576
1.5595536022
1.5594874810
1.5593996957
1.5593144885
1.5592361261
1.5591486625
1.5590817351
1.5589899042
1.5589040913
1.5588384874
1.5587518383
1.5586639219
1.5585776549
1.5585082869
1.5584168252
1.5583416677
1.5582671696
1.5581900411
1.5581219992
1.5580469568
1.5579576700
1.5578981742
1.5578354703
1.5577579482
1.5576886835
1.5576090103
1.5575246439
1.5574426685
1.5573525125
1.5572946765
1.5572380537
1.5571753359
1.5570905592
1.5570324189
1.5569529084
1.5568964175
1.5568380358
1.5567603684
1.5566780354
1.5566138186
1.5565382930
1.5564683177
1.5564103149
1.5563509180
1.5562767014
1.5562005638
1.5561196078
1.5560373032
1.5559558091
1.5558758204
1.5558188264
1.5557340897
1.5556576100
1.5556034409
1.5555495704
1.5554908337
1.5554060664
1.5553196760
1.5552444789
1.5551638929
1.5550875120
1.5550130747
1.5549559800
1.5548867731
1.5548158235
1.5547615663
1.5547075619
1.5546402316
1.5545833407
1.5545205329
1.5544677235
1.5544152286
1.5543377194
1.5542563922
1.5541768099
1.5541227949
1.5540388409
1.5539558157
1.5538939544
1.5538299192
1.5537776689
1.5537182980
1.5536599753
1.5535888018
1.5535227148
1.5534526861
1.5533989893
1.5533481860
1.5532969129
1.5532427355
1.5531785420
1.5530977897
1.5530341001
1.5529586569
1.5528771578
1.5527955018
1.5527139566
1.5526642216
1.5526145146
1.5525649233
1.5525136340
1.5524566800
1.5523938939
1.5523211069
1.5522665821
1.5522022807
1.5521418089
1.5520662782
1.5519963658
1.5519429073
1.5518901454
1.5518113071
1.5517565630
1.5517029009
1.5516453511
1.5515721912
1.5515230700
1.5514514383
1.5513835670
1.5513324046
1.5512822452
1.5512296118
1.5511675718
1.5511095085
1.5510427432
1.5509685153
1.5508944485
1.5508262229
1.5507640689
1.5507158787
1.5506474674
1.5505969827
1.5505218384
1.5504447362
1.5503796483
1.5503227209
1.5502705566
1.5502140900
1.5501645250
1.5501151645
1.5500602845
1.5499910307
1.5499352161
1.5498633395
1.5498165459
1.5497493908
1.5497027052
1.5496273468
1.5495638232
1.5494931783
1.5494400692
1.5493845780
1.5493240872
1.5492740723
1.5492132154
1.5491396046
1.5490876627
1.5490373719
1.5489897366
1.5489425998
1.5488876704
1.5488339452
1.5487716050
1.5487108676
1.5486664926
1.5486209261
1.5485719337
1.5485266868
1.5484803151
1.5484336349
1.5483602967
1.5484671449
1.5484016633
1.5483423441
1.5482877636
1.5482373972
1.5481809041
1.5481268594
1.5480658179
1.5480099318
1.5479445164
1.5478963816
1.5478320173
1.5477725980
1.5477008453
1.5476319030
1.5475855793
1.5475141850
1.5474434247
1.5473914934
1.5473481015
1.5473056413
1.5472630247
1.5472151290
1.5471709380
1.5471023661
1.5470354876
1.5469817802
1.5469167034
1.5468657891
1.5468154866
1.5467642742
1.5466991029
1.5466313086
1.5465652192
1.5465051874
1.5464584135
1.5464130499
1.5463445116
1.5463010564
1.5462373508
1.5461812628
1.5461310175
1.5460692606
1.5460154043
1.5459497652
1.5459092013
1.5458482639
1.5457858057
1.5457236046
1.5456613028
1.5455996336
1.5455370115
1.5454797989
1.5454187965
1.5453640427
1.5453211417
1.5452793435
1.5452358941
1.5451901110
1.5451409709
1.5450790633
1.5450139434
1.5449570806
1.5448991071
1.5448360643
1.5447705428
1.5447107250
1.5446717558
1.5446055108
1.5445452464
1.5444808588
1.5444331053
1.5443698882
1.5443158998
1.5442553518
1.5441913957
1.5441323749
1.5440679905
1.5440211714
1.5439610244
1.5439082198
1.5438653817
1.5438196418
1.5437772831
1.5437326849
1.5436789029
1.5436199410
1.5435657784
1.5435003844
1.5434511006
1.5433931208
1.5433292136
1.5432845381
1.5432332301
1.5431787590
1.5431462025
1.5430949648
1.5430785858
1.5430343592
1.5429911556
1.5429477914
1.5429134112
1.5428522831
1.5428469425
1.5428332466
1.5427926744
1.5427590084
1.5427329205
1.5427038010
1.5426710135
1.5426228579
1.5426070823
1.5425760019
1.5425421169
1.5424803215
1.5424500874
1.5424001866
1.5423958826
1.5423982131
1.5423933571
1.5423757085
1.5423499833
1.5423387586
1.5423182575
1.5423160608
1.5422999484
1.5423008906
1.5422702631
1.5422340911
1.5421899164
1.5421327356
1.5421230286
1.5420731562
1.5420396995
1.5420258069
1.5420000068
1.5419539481
1.5419213448
1.5418708956
1.5418232198
1.5417872864
1.5417541832
1.5417302665
1.5417021098
1.5416841532
1.5416267625
1.5415891139
1.5415386569
1.5415035325
1.5414482000
1.5414110147
1.5413756251
1.5413219041
1.5412722003
1.5412420854
1.5412312667
1.5411743324
1.5411351080
1.5411041868
1.5411085782
1.5410748864
1.5410291745
1.5410006300
1.5409666641
1.5409440970
1.5408945919
1.5408661034
1.5408109081
1.5407953397
1.5407370920
1.5407341718
1.5407356057
1.5406758469
1.5406497077
1.5406314280
1.5405730459
1.5405387607
1.5404886405
1.5404538397
1.5404236659
1.5403882689
1.5403673917
1.5403642879
1.5403630380
1.5403545211
1.5403220871
1.5403261776
1.5403174034
1.5402860395
1.5402531356
1.5402382332
1.5402336189
1.5401773018
1.5401783351
1.5401561009
1.5401213407
1.5400710736
1.5400284523
1.5399770891
1.5399327330
1.5398912892
1.5398473786
1.5397956617
1.5397402163
1.5396872217
1.5396326323
1.5395924138
1.5395532956
1.5394975415
1.5394613624
1.5394257439
1.5393935370
1.5393533193
1.5392989328
1.5392598584
1.5392252833
1.5391909148
1.5391547293
1.5391200084
1.5390631859
1.5390319758
1.5389931641
1.5389507383
1.5389088821
1.5388737157
1.5388355726
1.5387986987
1.5387446746
1.5386979531
1.5386586698
1.5386231778
1.5385848705
1.5385476099
1.5385159679
1.5384834942
1.5384487369
1.5384011071
1.5383481507
1.5382967974
1.5382577114
1.5382154470
1.5381638009
1.5381097575
1.5380547961
1.5380000742
1.5379481497
1.5378988431
1.5378565948
1.5378100793
1.5377614950
1.5377288502
1.5376972955
1.5376649832
1.5376145522
1.5375668489
1.5375306346
1.5374784857
1.5374309986
1.5373938306
1.5373456365
1.5373076858
1.5372552787
1.5372214864
1.5371904109
1.5371478226
1.5371067667
1.5370667817
1.5370181890
1.5369765831
1.5369436632
1.5369059462
1.5368689681
1.5368321658
1.5367860713
1.5367557295
1.5367040609
1.5366604520
1.5366279098
1.5365963803
1.5365624192
1.5365260830
1.5364842593
1.5364373333
1.5363893114
1.5363412079
1.5363059908
1.5362843562
1.5362660880
1.5362135757
1.5362195318
1.5361674357
1.5361170643
1.5361175779
1.5361156312
1.5360911153
1.5360618290
1.5360115132
1.5359751711
1.5359622634
1.5359123361
1.5358914871
1.5358693174
1.5358215933
1.5357967994
1.5357557947
1.5357309245
1.5356942426
1.5356658051
1.5356272085
1.5356069533
1.5355916129
1.5355530055
1.5355065783
1.5354735338
1.5354255970
1.5353987183
1.5353740187
1.5353486361
1.5353081627
1.5352639093
1.5352313047
1.5353251202
1.5352929240
1.5352454669
1.5351955391
1.5351512468
1.5351113810
1.5350929576
1.5351865305
1.5352798916
1.5352691300
1.5352185216
1.5352034173
1.5351988403
1.5351652727
1.5351285090
1.5350995237
1.5350729429
1.5350463901
1.5351392728
1.5351132580
1.5350885757
1.5350675314
1.5350409382
1.5351360416
1.5352284300
1.5353237822
1.5354159028
1.5355056773
1.5355939821
1.5356458207
1.5356833239
1.5357241014
1.5357893461
1.5358556163
1.5359273278
1.5359458752
1.5360099417
1.5360074407
1.5359731177
1.5360438153
1.5361313731
1.5362386774
1.5363402150
1.5364290662
1.5365169976
1.5365650952
1.5366292694
1.5367117760
1.5367465291
1.5367997719
1.5368801410
1.5369226154
1.5369687853
1.5370399070
1.5371277623
1.5372143169
1.5372420279
1.5372428673
1.5372891188
1.5372632777
1.5371903269
1.5372146478
1.5371801389
1.5372213634
1.5372653644
1.5373684077
1.5374678681
1.5374816721
1.5375584821
1.5377133511
1.5378386029
1.5379426820
1.5380355182
1.5381233697
1.5382144398
1.5382915817
1.5383657363
1.5384398967
1.5385122936
1.5385776208
1.5385790422
1.5385628118
1.5385375087
1.5385135631
1.5384905530
1.5384743993
1.5385343361
1.5385985114
1.5386287486
1.5386412818
1.5387095792
1.5388103404
1.5389167703
1.5390216579
1.5391351565
1.5392478224
1.5393608585
1.5394706809
1.5395711317
1.5396829782
1.5397982469
1.5399171378
1.5400363112
1.5401574165
1.5402749724
1.5403966341
1.5405175344
1.5406384982
1.5407591284
1.5408812789
1.5410024281
1.5411243058
1.5412488843
1.5413713078
1.5414973997
1.5416235593
1.5417419782
1.5418606997
1.5419760688
1.5420948664
1.5422028102
1.5423073253
1.5424114111
1.5425104114
1.5426028846
1.5426886094
1.5427713228
1.5428537523
1.5429357157
1.5430040049
1.5430847548
1.5431703920
1.5432364615
1.5432077335
1.5432086406
1.5432372145
1.5432571211
1.5432822070
1.5433331928
1.5434133192
1.5434407644
1.5435210984
1.5435040462
1.5434982142
1.5435001611
1.5435301452
1.5435190675
1.5434900216
1.5434608072
1.5434315634
1.5434026854
1.5433740238
1.5433763896
1.5434653966
1.5435311882
1.5436106927
1.5435927344
1.5436119527
1.5436957258
1.5437745095
1.5438283515
1.5438595236
1.5439465686
1.5440294840
1.5441154871
1.5441819423
1.5442433039
1.5442899093
1.5443691236
1.5444276904
1.5444991070
1.5445731932
1.5446436970
1.5447154144
1.5447859764
1.5448627413
1.5449086151
1.5449619426
1.5449890546
1.5450099201
1.5450593207
1.5450930551
1.5451080418
1.5451040293
1.5450995734
1.5451092203
1.5451253790
1.5451784724
1.5452063639
1.5452206677
1.5452576102
1.5452894066
1.5452856285
1.5452825353
1.5452654293
1.5452609857
1.5452667605
1.5452628980
1.5452542732
1.5452464601
1.5452670470
1.5452843851
1.5453617671
1.5453971299
1.5454465490
1.5454397671
1.5454464232
1.5455028117
1.5455722928
1.5456376218
1.5456990291
1.5457529288
1.5458251058
1.5458383519
1.5458813434
1.5458800588
1.5458915674
1.5458764956
1.5458506936
1.5458349105
1.5459075493
1.5459792631
1.5460443941
1.5460998075
1.5461516967
1.5462021792
1.5462034375
1.5462188186
1.5462249022
1.5462795274
1.5463153935
1.5463797040
1.5464462458
1.5465217263
1.5465794527
1.5466131488
1.5466881816
1.5467542453
1.5468125265
1.5468971089
1.5469799437
1.5470645675
1.5471578493
1.5472604195
1.5473661290
1.5474738342
1.5475825977
1.5476910326
1.5477976108
1.5479047676
1.5480108795
1.5481089080
1.5482080958
1.5483145407
1.5484167107
1.5485177157
1.5486168026
1.5487172995
1.5488214617
1.5489245749
1.5490235786
1.5491250589
1.5492280529
1.5493320152
1.5494370723
1.5495407321
1.5496409741
1.5497384728
1.5498384214
1.5499416194
1.5500501753
1.5501807949
1.5503283889
1.5502324428
1.5503497210
1.5502508474
1.5504955808
1.5492960038
1.5495576859
1.5496610824
1.5497607620
1.5498547625
1.5499502330
1.5500432781
1.5501369888
1.5502194843
1.5502964114
1.5503796012
1.5504626748
1.5505414737
1.5506040809
1.5506708134
1.5507389398
1.5507508674
1.5507221562
1.5506913804
1.5506818271
1.5506523872
1.5506257986
1.5506303895
1.5506368903
1.5507070543
1.5507808798
1.5507845659
1.5507762066
1.5507610340
1.5507922797
1.5508233221
1.5508140181
1.5508047624
1.5508253773
1.5508366511
1.5509048431
1.5509780547
1.5510411155
1.5511064621
1.5511926058
1.5512749884
1.5513748627
1.5514735745
1.5515677647
1.5516638350
1.5517588875
1.5518437225
1.5519325668
1.5519823304
1.5519583251
1.5519419215
1.5519888729
1.5520436626
1.5521033728
1.5521604746
1.5521562109
1.5521440272
1.5521436823
1.5521400297
1.5521409424
1.5521227213
1.5521425688
1.5521846738
1.5522395899
1.5522439960
1.5522657098
1.5522713200
1.5522842984
1.5523517341
1.5524200307
1.5524885579
1.5525600615
1.5526246048
1.5526973452
1.5527673746
1.5528348379
1.5528407096
1.5528649515
1.5528401805
1.5528167950
1.5528021035
1.5527980064
1.5528057242
1.5528034424
1.5528712986
1.5529208178
1.5529582667
1.5529797256
1.5530250060
1.5530747238
1.5530867113
1.5531060164
1.5531221868
1.5531620866
1.5532013291
1.5532556865
1.5533150867
1.5533179251
1.5533295473
1.5533525472
1.5533689840
1.5533799674
1.5534088314
1.5534328502
1.5534779067
1.5535292449
1.5534996082
1.5534729708
1.5535189203
1.5535888049
1.5536421818
1.5537019075
1.5537158842
1.5537806653
1.5538456207
1.5538725272
1.5539414467
1.5540096582
1.5540758932
1.5540330384
1.5539884537
1.5539540825
1.5539217562
1.5538725571
1.5538242730
1.5537843954
1.5537510125
1.5537024692
1.5536652216
1.5536274813
1.5535801702
1.5535338491
1.5534882273
1.5534533922
1.5534202340
1.5533801384
1.5533467159
1.5533141503
1.5532729031
1.5532333925
1.5531944723
1.5531494746
1.5531064466
1.5530618357
1.5530142459
1.5529833674
1.5529461125
1.5528974003
1.5528652081
1.5528251960
1.5527874243
1.5527438814
1.5527057774
1.5526642060
1.5527299175
1.5526999014
1.5526532445
1.5526107685
1.5525783763
1.5525408158
1.5524970427
1.5524596345
1.5524115966
1.5523799112
1.5523421147
1.5523102607
1.5522684635
1.5522277075
1.5521806607
1.5521500423
1.5521021700
1.5520699461
1.5520350101
1.5519918206
1.5519543006
1.5519065993
1.5518717583
1.5518301793
1.5517875046
1.5518532141
1.5518213693
1.5517889916
1.5517581809
1.5517108403
1.5516795517
1.5516493021
1.5516168135
1.5515816729
1.5515448227
1.5515012500
1.5514664058
1.5514333413
1.5513866672
1.5513554062
1.5513089150
1.5512799021
1.5512494726
1.5512189487
1.5511835147
1.5511546575
1.5511224005
1.5510791993
1.5510376579
1.5509985607
1.5509656142
1.5509110840
1.5508647087
1.5508225382
1.5507801948
1.5507495714
1.5507200291
1.5506878945
1.5506526103
1.5506146608
1.5505781555
1.5505464605
1.5505157196
1.5504700101
1.5504401501
1.5504040305
1.5503586188
1.5503142472
1.5502758907
1.5502446890
1.5502125962
1.5501838134
1.5501562116
1.5501124868
1.5500724630
1.5500272202
1.5499953715
1.5499653765
1.5499259601
1.5498975009
1.5498683122
1.5498333341
1.5498037479
1.5497632175
1.5497230973
1.5496926246
1.5496527601
1.5496246756
1.5495932057
1.5495618580
1.5495166403
1.5494819931
1.5494445184
1.5494024417
1.5493723866
1.5493452737
1.5493002603
1.5492684483
1.5492371608
1.5492015635
1.5491722256
1.5491448286
1.5491173216
1.5490725436
1.5490329226
1.5489953763
1.5489572930
1.5489290164
1.5489018539
1.5488500290
1.5488134493
1.5487863069
1.5487493420
1.5487207784
1.5486918405
1.5486480633
1.5486212600
1.5485911388
1.5485530046
1.5485189365
1.5484863489
1.5484498570
1.5484137796
1.5483764315
1.5483500746
1.5483066580
1.5482768133
1.5482356713
1.5482075887
1.5481786057
1.5481370125
1.5480944905
1.5480677788
1.5480254223
1.5479877795
1.5479501519
1.5479207566
1.5478875117
1.5478476633
1.5478173704
1.5477756865
1.5477455718
1.5477199035
1.5476941525
1.5476596992
1.5476160198
1.5475896966
1.5475315482
1.5474747218
1.5474157568
1.5473757620
1.5473449321
1.5473036097
1.5472648113
1.5472238868
1.5471944539
1.5471577826
1.5471171218
1.5470817895
1.5470456809
1.5470076886
1.5469655616
1.5469233712
1.5468968932
1.5468486536
1.5468049565
1.5467731487
1.5467266087
1.5466834219
1.5466394342
1.5465858355
1.5465418983
1.5464948348
1.5464581616
1.5464275932
1.5463980077
1.5463617564
1.5463371053
1.5463119402
1.5462845537
1.5462480193
1.5462159897
1.5461915509
1.5461582916
1.5461168483
1.5460876429
1.5461436225
1.5461044080
1.5460621844
1.5460213487
1.5459847183
1.5459433053
1.5459126850
1.5458838614
1.5458452604
1.5458055598
1.5457643373
1.5457286196
1.5456935015
1.5456681759
1.5456306981
1.5456020907
1.5455608410
1.5455368226
1.5455128172
1.5454827807
1.5454557488
1.5454120072
1.5453556954
1.5453133503
1.5452828462
1.5452253357
1.5451714549
1.5451314325
1.5450941431
1.5450434585
1.5450033752
1.5449626746
1.5449218093
1.5448927736
1.5448545079
1.5448238184
1.5447970534
1.5447616069
1.5447333345
1.5447050323
1.5446746040
1.5446442398
1.5446055697
1.5445700592
1.5445421397
1.5445038930
1.5444746094
1.5444418487
1.5444107089
1.5444734191
1.5444472862
1.5444216154
1.5443855240
1.5443527898
1.5443221168
1.5442862865
1.5442588668
1.5442211762
1.5441820846
1.5441510094
1.5441193800
1.5440898112
1.5440511823
1.5440232563
1.5439944049
1.5439617981
1.5439236631
1.5438846918
1.5438599940
1.5438215729
1.5437959995
1.5437677417
1.5437392426
1.5437043318
1.5436753354
1.5436391593
1.5436040146
1.5435680350
1.5435449232
1.5435185699
1.5434849301
1.5434538329
1.5434289545
1.5433908139
1.5433651127
1.5433363216
1.5433085488
1.5432721355
1.5432351169
1.5432068474
1.5431698986
1.5431470546
1.5431166569
1.5430822362
1.5430591612
1.5430348285
1.5429965052
1.5429584172
1.5429353279
1.5429076188
1.5428751511
1.5428367048
1.5428123028
1.5427829913
1.5427538358
1.5427319579
1.5427089635
1.5426866624
1.5426625688
1.5426251345
1.5425895032
1.5425667420
1.5425359486
1.5425027646
1.5424682710
1.5424412163
1.5424194695
1.5423974325
1.5423721117
1.5423428472
1.5423125745
1.5422863345
1.5422490509
1.5422142659
1.5421910492
1.5421680180
1.5421328957
1.5420951848
1.5420591350
1.5420376491
1.5420006609
1.5419651353
1.5419418708
1.5419163263
1.5418879581
1.5418595496
1.5418276664
1.5418015726
1.5417667807
1.5417425576
1.5417202998
1.5416985773
1.5416613786
1.5416389264
1.5416146659
1.5415780289
1.5415413396
1.5415117455
1.5414817936
1.5414484442
1.5414115848
1.5413868209
1.5413632163
1.5413328602
1.5413112705
1.5412799562
1.5412568678
1.5412249394
1.5411919700
1.5411570844
1.5411279121
1.5411049930
1.5410722159
1.5410385418
1.5410086287
1.5409805895
1.5409472510
1.5409185565
1.5408863082
1.5408547980
1.5408246938
1.5408040447
1.5407833808
1.5407628425
1.5407422040
1.5407083884
1.5406815355
1.5406564430
1.5406361190
1.5406099648
1.5405869451
1.5405509821
1.5405165774
1.5404961524
1.5404759321
1.5404448399
1.5404094531
1.5403868829
1.5403637497
1.5403310283
1.5403039132
1.5402730524
1.5402400908
1.5402189056
1.5401986802
1.5401758403
1.5401511492
1.5401267513
1.5400997655
1.5400710406
1.5400434119
1.5400156683
1.5399895982
1.5399590762
1.5399287883
1.5398974669
1.5398694560
1.5398351963
1.5398106865
1.5397907846
1.5397685373
1.5397409496
1.5397116839
1.5396838769
1.5396589325
1.5396339348
1.5396001786
1.5395685190
1.5395404343
1.5395079014
1.5394725994
1.5394405655
1.5394188748
1.5393937572
1.5393732150
1.5393513503
1.5393298467
1.5393060503
1.5392816367
1.5392584448
1.5392255029
1.5391938207
1.5391691075
1.5391468685
1.5391252894
1.5390986555
1.5390747288
1.5390527594
1.5390189937
1.5389857723
1.5389592138
1.5389338596
1.5389121208
1.5388820367
1.5388587037
1.5388359604
1.5388138375
1.5387849111
1.5387515351
1.5387293617
1.5387092932
1.5386884985
1.5386601779
1.5387200523
1.5387812192
1.5388410535
1.5389007068
1.5388669304
1.5388378455
1.5388135028
1.5387818974
1.5387565684
1.5387224095
1.5386885275
1.5386645657
1.5386432436
1.5386120429
1.5385890807
1.5385701196
1.5385511865
1.5385320432
1.5385066279
1.5384876368
1.5384615153
1.5384332666
1.5384077915
1.5383801811
1.5383527947
1.5383306120
1.5383071299
1.5382796112
1.5382550909
1.5382228066
1.5381914522
1.5381727340
1.5381388011
1.5381203109
1.5381009901
1.5380814481
1.5380554796
1.5380256244
1.5379970958
1.5379671793
1.5379426663
1.5379193195
1.5378939896
1.5378756478
1.5378562894
1.5378373984
1.5378186728
1.5377875373
1.5377647406
1.5377407248
1.5377111334
1.5376860674
1.5376561913
1.5376281375
1.5375965988
1.5375704343
1.5375421243
1.5375180760
1.5374922653
1.5374606688
1.5374318400
1.5374011599
1.5373830207
1.5373636024
1.5373437533
1.5373113677
1.5372926786
1.5372731350
1.5372531628
1.5372314245
1.5371995306
1.5371782820
1.5371535374
1.5371303609
1.5371106195
1.5370905650
1.5370677522
1.5370432532
1.5370129196
1.5369896611
1.5369608110
1.5369284015
1.5369017433
1.5368766926
1.5368561820
1.5368306867
1.5367983801
1.5367802648
1.5368387411
1.5368111805
1.5367924853
1.5367719568
1.5367543633
1.5367365730
1.5367099130
1.5366876160
1.5366628194
1.5366412687
1.5366200466
1.5365938294
1.5365667535
1.5365482962
1.5365294552
1.5365091458
1.5364898672
1.5364638422
1.5364445644
1.5364236952
1.5364013887
1.5363784883
1.5363604958
1.5363369212
1.5363098031
1.5362871292
1.5362694779
1.5362508998
1.5362323176
1.5362029840
1.5361792698
1.5361482242
1.5361291720
1.5360978191
1.5360778484
1.5361359611
1.5361945894
1.5362543566
1.5363071145
1.5363648162
1.5363831018
1.5364111225
1.5364746330
1.5365337220
1.5365931446
1.5366378166
1.5366861165
1.5367313412
1.5367924435
1.5368570094
1.5369199431
1.5369777469
1.5370374044
1.5370712115
1.5370992768
1.5371135063
1.5371241328
1.5371536461
1.5371761380
1.5371763019
1.5371657859
1.5371908234
1.5372368606
1.5372550429
1.5373062864
1.5373593178
1.5374242874
1.5374930048
1.5375580967
1.5376198331
1.5376834700
1.5377462235
1.5378033655
1.5378611964
1.5378815520
1.5379027801
1.5378968113
1.5378837104
1.5379049515
1.5379192546
1.5379576115
1.5379947719
1.5380043705
1.5380224808
1.5380739277
1.5381133021
1.5381810362
1.5382457129
1.5382901863
1.5383442715
1.5384016054
1.5384576046
1.5385137105
1.5385709493
1.5385608873
1.5385855155
1.5385882252
1.5386099679
1.5386216588
1.5386317453
1.5386863814
1.5387197052
1.5387790958
1.5388400212
1.5388932026
1.5389500415
1.5389389113
1.5389443459
1.5389299407
1.5389227834
1.5389567029
1.5389856503
1.5390229020
1.5390655091
1.5391150846
1.5391540098
1.5391933836
1.5391987443
1.5392136982
1.5392014322
1.5391907343
1.5391787161
1.5392205780
1.5392729905
1.5392641643
1.5392557326
1.5392438296
1.5392304334
1.5392130069
1.5391955034
1.5391815725
1.5391658829
1.5391526376
1.5392120860
1.5392754366
1.5393422926
1.5394058255
1.5394719109
1.5395433557
1.5396098910
1.5396792275
1.5397514971
1.5398288972
1.5399068336
1.5399847966
1.5400592398
1.5401295623
1.5401900108
1.5402544825
1.5403141793
1.5403831099
1.5404452154
1.5405122292
1.5405793031
1.5406433416
1.5406999955
1.5407533228
1.5408084086
1.5408638144
1.5409204963
1.5409629680
1.5409736892
1.5409736418
1.5409794832
1.5410088056
1.5410473961
1.5410985713
1.5411248965
1.5411544210
1.5411744601
1.5411953571
1.5411920845
1.5411934939
1.5411761264
1.5411509688
1.5411397756
1.5411263369
1.5410884005
1.5410735530
1.5411290648
1.5411388055
1.5411630306
1.5411908652
1.5412077339
1.5412160084
1.5412334041
1.5412608145
1.5412518342
1.5412085082
1.5412274093
1.5412285220
1.5412207097
1.5412714393
1.5412328144
1.5411908705
1.5412242136
1.5412346864
1.5412141708
1.5412780110
1.5412549430
1.5412739789
1.5412606811
1.5412487052
1.5412567166
1.5412812176
1.5413198802
1.5412832567
1.5413208432
1.5413594329
1.5413521865
1.5413621281
1.5413888196
1.5413964789
1.5414052144
1.5413991061
1.5414385151
1.5414953429
1.5415530347
1.5415439899
1.5415265032
1.5415139304
1.5415009086
1.5415090233
1.5415153953
1.5415452125
1.5415786661
1.5416263978
1.5416575278
1.5416998660
1.5416793227
1.5416332006
1.5416863512
1.5417404686
1.5417906590
1.5418252355
1.5418753380
1.5419206533
1.5419574446
1.5420018484
1.5420613494
1.5420985084
1.5421389504
1.5421739228
1.5421777619
1.5421970681
1.5422441685
1.5422393993
1.5422109304
1.5421844690
1.5421385252
1.5421030169
1.5421506736
1.5421672129
1.5421270903
1.5421577754
1.5422138137
1.5422692147
1.5422811706
1.5422334533
1.5421930778
1.5421737149
1.5421565088
1.5421407470
1.5421942624
1.5422487962
1.5422982617
1.5423447080
1.5424020195
1.5424557847
1.5424983983
1.5425057659
1.5425164667
1.5425442273
1.5425940779
1.5425842603
1.5426181797
1.5426628124
1.5426936070
1.5427465129
1.5427875496
1.5428176986
1.5428669272
1.5429144533
1.5429251753
1.5429140098
1.5429016538
1.5429192879
1.5429580890
1.5429995305
1.5430360548
1.5430847313
1.5431379816
1.5431929217
1.5432350487
1.5432709735
1.5432823344
1.5433155158
1.5433617100
1.5434078012
1.5434115360
1.5434140493
1.5434579128
1.5434880131
1.5435370452
1.5435293196
1.5435207897
1.5435130193
1.5434925090
1.5434990402
1.5434918502
1.5435126667
1.5435463642
1.5435743725
1.5435193971
1.5434715955
1.5434714314
1.5434789888
1.5435305451
1.5434950776
1.5435209199
1.5435009678
1.5434858689
1.5434734020
1.5434587651
1.5434425024
1.5434390201
1.5434632852
1.5434740213
1.5435232402
1.5435720711
1.5435984469
1.5436097116
1.5436576736
1.5436086195
1.5435710155
1.5435686760
1.5435861583
1.5435946298
1.5435912101
1.5435945169
1.5436428179
1.5436838023
1.5437154483
1.5437101032
1.5437033823
1.5436868429
1.5437264955
1.5436922989
1.5436973950
1.5436654454
1.5436490836
1.5436321103
1.5436165208
1.5436061646
1.5435998948
1.5435877621
1.5435846432
1.5436377182
1.5436786880
1.5437230057
1.5437377746
1.5437437407
1.5437363344
1.5437340140
1.5437356576
1.5437778259
1.5438125472
1.5438150805
1.5438418239
1.5438562093
1.5438658522
1.5438995169
1.5439502618
1.5439586207
1.5439652311
1.5439738056
1.5440154765
1.5440685703
1.5441251249
1.5441859692
1.5442391375
1.5442688400
1.5442754464
1.5442609185
1.5442455470
1.5442293917
1.5442126332
1.5442103768
1.5442231115
1.5442352617
1.5442750800
1.5443029397
1.5443332783
1.5443494341
1.5443370802
1.5443203383
1.5443209239
1.5443163955
1.5443409357
1.5443645962
1.5444076034
1.5443985940
1.5443967822
1.5443830357
1.5443704529
1.5443950663
1.5443794890
1.5443770854
1.5444103784
1.5444643706
1.5445314456
1.5446069574
1.5446736390
1.5447369847
1.5448045223
1.5448687535
1.5449239469
1.5449668294
1.5450083552
1.5450616818
1.5450995197
1.5451369472
1.5451772288
1.5452069475
1.5452429710
1.5452862977
1.5453112672
1.5452940864
1.5452780576
1.5452707319
1.5453082586
1.5453552985
1.5454049358
1.5454520416
1.5454897976
1.5455251162
1.5455640547
1.5456062614
1.5456294396
1.5456519457
1.5456642200
1.5456675311
1.5457017281
1.5457475330
1.5457923840
1.5458302684
1.5458751423
1.5459290298
1.5459764837
1.5460252943
1.5460739134
1.5461177459
1.5461700523
1.5462212970
1.5462684300
1.5463173381
1.5463650548
1.5464131008
1.5464271600
1.5464132014
1.5464262973
1.5464204342
1.5464243010
1.5464345740
1.5464475055
1.5464448319
1.5464407425
1.5464311609
1.5463857043
1.5463450487
1.5463101950
1.5463145151
1.5463315129
1.5463418830
1.5463373124
1.5463214148
1.5463325498
1.5463518135
1.5463967034
1.5464446863
1.5464172549
1.5463916435
1.5463612654
1.5463397446
1.5463209453
1.5462908908
1.5462716678
1.5462472290
1.5462193924
1.5461984171
1.5461712225
1.5461450515
1.5461269559
1.5461085977
1.5460890288
1.5460587855
1.5460399792
1.5460221824
1.5460041079
1.5459862397
1.5459683428
1.5459494966
1.5459299451
1.5458997758
1.5458792083
1.5458608746
1.5458308482
1.5458095784
1.5457865373
1.5457583634
1.5457389109
1.5457146649
1.5456927474
1.5456667692
1.5456473160
1.5456218407
1.5455967913
1.5455764887
1.5455542558
1.5455283922
1.5455105715
1.5454905506
1.5454710923
1.5454478165
1.5454265246
1.5454036170
1.5453773354
1.5453435263
1.5453099254
1.5452770531
1.5452545843
1.5452225695
1.5451935182
1.5451567149
1.5451224901
1.5450937445
1.5450587368
1.5450300662
1.5450001793
1.5449585895
1.5449242345
1.5448999627
1.5448714610
1.5448410823
1.5448162592
1.5447920750
1.5447642520
1.5447416526
1.5447162173
1.5446981667
1.5446720902
1.5446458792
1.5446235719
1.5445980486
1.5445734083
1.5445481690
1.5445259067
1.5444967460
1.5444795373
1.5444625519
1.5444455511
1.5444272531
1.5444079506
1.5443892314
1.5443680136
1.5443409030
1.5443160961
1.5442923489
1.5442752702
1.5442571003
1.5442372806
1.5442155461
1.5441900242
1.5441681211
1.5441398810
1.5441225147
1.5441056164
1.5440781834
1.5440607959
1.5440431811
1.5440900084
1.5440844168
1.5440720478
1.5440609453
1.5440840703
1.5441080036
1.5441366048
1.5441932905
1.5442534979
1.5443165078
1.5443756197
1.5444337418
1.5444940012
1.5445302172
1.5445752887
1.5445659707
1.5445519800
1.5445503101
1.5445442586
1.5445355611
1.5445558570
1.5445549777
1.5445730645
1.5446163754
1.5446623532
1.5446717914
1.5446865313
1.5447099879
1.5447529366
1.5447811530
1.5448234545
1.5448650797
1.5449031948
1.5449556571
1.5450019922
1.5449985010
1.5450040708
1.5450424734
1.5450890014
1.5451347595
1.5451791308
1.5451776551
1.5452180683
1.5452470386
1.5452839129
1.5453190859
1.5453457820
1.5453988756
1.5454545093
1.5455075722
1.5455549114
1.5455983718
1.5456442940
1.5456481156
1.5456450579
1.5456355543
1.5456349676
1.5456764962
1.5457258887
1.5457690265
1.5458143224
1.5458582546
1.5458721822
1.5458611858
1.5458531745
1.5458389395
1.5458283904
1.5458376992
1.5458349091
1.5458451645
1.5458402188
1.5458359333
1.5458216423
1.5458147901
1.5458019858
1.5457894579
1.5457764560
1.5457628869
1.5457481011
1.5457378000
1.5457518736
1.5457461932
1.5457684867
1.5458194678
1.5458716036
1.5459239456
1.5459642852
1.5459951036
1.5460005335
1.5460007970
1.5460441423
1.5460721861
1.5461088452
1.5461456911
1.5461883732
1.5462312071
1.5462556472
1.5462844967
1.5463185536
1.5463532561
1.5463905611
1.5464208539
1.5464684454
1.5465141893
1.5465578195
1.5465400809
1.5465192513
1.5464966870
1.5464743026
1.5464494930
1.5464247915
1.5464689959
1.5465131623
1.5465182047
1.5465547628
1.5465839831
1.5466144123
1.5466610526
1.5466985175
1.5467272929
1.5467546681
1.5467915568
1.5468303349
1.5468161219
1.5468210845
1.5468267698
1.5468117291
1.5467981480
1.5467930277
1.5467848508
1.5467719753
1.5467575264
1.5467426097
1.5467282339
1.5467168308
1.5467596166
1.5467448346
1.5467487162
1.5467713723
1.5467876863
1.5467797986
1.5468224463
1.5468630150
1.5468789463
1.5469073635
1.5469533873
1.5469968041
1.5470319335
1.5470615748
1.5471021772
1.5471372736
1.5471902520
1.5472397835
1.5472926569
1.5473479304
1.5474071960
1.5474679165
1.5475280119
1.5475878871
1.5476465931
1.5477037822
1.5477599887
1.5478159801
1.5478714591
1.5479266652
1.5479796305
1.5480350538
1.5480906093
1.5481411522
1.5481880987
1.5482366786
1.5482784141
1.5483201361
1.5483750861
1.5484294892
1.5484847437
1.5485448239
1.5486057878
1.5486667038
1.5487269447
1.5487864438
1.5488429963
1.5488959819
1.5489500278
1.5490010092
1.5490453982
1.5490943743
1.5491438344
1.5491851800
1.5491733608
1.5491599851
1.5491441632
1.5491481202
1.5491484214
1.5491491701
1.5491532547
1.5491379259
1.5491211452
1.5491065583
1.5491267249
1.5491500410
1.5491969618
1.5492283595
1.5492552414
1.5492809198
1.5493172482
1.5493203557
1.5493376270
1.5493533437
1.5493502134
1.5493335793
1.5493479041
1.5493561179
1.5493717408
1.5493834683
1.5494142930
1.5494479068
1.5494705922
1.5494537279
1.5494404974
1.5494281724
1.5494332618
1.5494291412
1.5494196693
1.5494157372
1.5494071570
1.5494154463
1.5494342747
1.5494495829
1.5494368371
1.5494286314
1.5494210391
1.5494370707
1.5494348621
1.5494182766
1.5494017860
1.5493903615
1.5494022743
1.5494126709
1.5494284798
1.5494489497
1.5494733496
1.5495019136
1.5495261865
1.5495250251
1.5495213414
1.5495510104
1.5495936963
1.5496183728
1.5496347776
1.5496615865
1.5497016348
1.5496884734
1.5497214182
1.5497490757
1.5497892302
1.5498288502
1.5498661442
1.5499095611
1.5499579979
1.5499979221
1.5500448529
1.5500873518
1.5501232996
1.5501515586
1.5501874836
1.5502313523
1.5502745019
1.5503147499
1.5502946602
1.5502766719
1.5502547768
1.5502313886
1.5502093940
1.5501824207
1.5501622327
1.5501446991
1.5501267324
1.5501071890
1.5500794810
1.5500599314
1.5500368208
1.5500149924
1.5499927082
1.5499652774
1.5499458613
1.5499216168
1.5498940819
1.5498676121
1.5498489848
1.5498289465
1.5498071302
1.5497889439
1.5497685261
1.5497451862
1.5497264504
1.5497063849
1.5496890951
1.5496696964
1.5496429029
1.5496154786
1.5495876927
1.5495694002
1.5495473634
1.5495193550
1.5494949487
1.5494751275
1.5494474917
1.5494195965
1.5494028228
1.5493854771
1.5493685832
1.5493517130
1.5493296580
1.5493019767
1.5493420092
1.5493143652
1.5492944447
1.5492767164
1.5492527378
1.5492259626
1.5492020819
1.5491760480
1.5491573078
1.5491377075
1.5491183771
1.5490915913
1.5490700485
1.5490454138
1.5490207553
1.5490607557
1.5491007487
1.5491419154
1.5491760501
1.5491964246
1.5492311174
1.5492741711
1.5492991925
1.5493358887
1.5493358380
1.5493559370
1.5493572932
1.5493766768
1.5493943606
1.5494221961
1.5494499417
1.5494687299
1.5494656060
1.5494546057
1.5494393186
1.5494571319
1.5494638045
1.5494854783
1.5495245741
1.5495650757
1.5496054561
1.5496446555
1.5496815984
1.5496905472
1.5497076094
1.5497417345
1.5497821064
1.5498213122
1.5498612581
1.5498924635
1.5499267047
1.5499603387
1.5499732595
1.5499912809
1.5499888044
1.5500064771
1.5500153823
1.5500393125
1.5500793702
1.5501190314
1.5501594175
1.5501881732
1.5502096432
1.5502172041
1.5502253713
1.5502257618
1.5502114621
1.5501987933
1.5501841061
1.5501784797
1.5501716464
1.5501776937
1.5502092307
1.5502445602
1.5502880300
1.5503293277
1.5503803070
1.5504250356
1.5504702005
1.5505229481
1.5505761391
1.5506296424
1.5506847635
1.5507401799
1.5507940819
1.5508503535
1.5509058017
1.5509597514
1.5510148687
1.5510715720
1.5511285604
1.5511860816
1.5512443478
1.5513036245
1.5513623056
1.5514211173
1.5514803528
1.5515392929
1.5515973485
1.5516558101
1.5517153076
1.5517745276
1.5518336025
1.5518918299
1.5519501958
1.5520075746
1.5520651710
1.5521229687
1.5521809884
1.5522402225
1.5522996743
1.5523593547
1.5524191427
1.5524785950
1.5525385991
1.5525984602
1.5526583930
1.5527184776
1.5527777570
1.5528368365
1.5528959791
1.5529537304
1.5530100207
1.5530672487
1.5531254124
1.5531831637
1.5532417492
1.5532997882
1.5533565366
1.5534136178
1.5534699386
1.5535254098
1.5535809907
1.5536364473
1.5536920886
1.5537471979
1.5538036848
1.5538607381
1.5539179453
1.5539748097
1.5540312827
1.5540879842
1.5541455701
1.5542036883
1.5542614554
1.5543188738
1.5543757874
1.5544301752
1.5544846588
1.5545399135
1.5545955540
1.5546497036
1.5547028925
1.5547570514
1.5548100568
1.5548641584
1.5549171749
1.5549691799
1.5550207481
1.5550732833
1.5551277116
1.5551810754
1.5552361103
1.5552918273
1.5553474213
1.5554030301
1.5554585101
1.5555135752
1.5555689969
1.5556248734
1.5556805434
1.5557352006
1.5557896489
1.5558452287
1.5558971125
1.5559473227
1.5559957819
1.5560409904
1.5560832851
1.5561233619
1.5561361254
1.5561569224
1.5561530379
1.5561381548
1.5561234919
1.5561396291
1.5561719688
1.5561703671
1.5561780883
1.5562042830
1.5562365569
1.5562710587
1.5563115477
1.5563534141
1.5563794143
1.5563958475
1.5564136040
1.5564220024
1.5564062392
1.5564001508
1.5563914918
1.5563874821
1.5563836899
1.5563783756
1.5563740858
1.5563608621
1.5563595556
1.5564029062
1.5564392528
1.5564769226
1.5565147419
1.5565495167
1.5565686063
1.5565832729
1.5565679119
1.5565510514
1.5565345867
1.5565249826
1.5565169591
1.5565005449
1.5564843304
1.5564716996
1.5564782744
1.5564733150
1.5564961627
1.5565267138
1.5565651521
1.5565991123
1.5566232273
1.5566359643
1.5566710772
1.5566777810
1.5566893267
1.5567157571
1.5567530273
1.5567749765
1.5567750849
1.5567869032
1.5567770991
1.5567753842
1.5567848119
1.5568011767
1.5568316508
1.5568604833
1.5569025013
1.5569412344
1.5569805074
1.5570053836
1.5570357982
1.5570759591
1.5570905821
1.5571080922
1.5570962867
1.5571080700
1.5571027441
1.5571395137
1.5571730951
1.5571958109
1.5572262221
1.5572532268
1.5572834929
1.5573091126
1.5573437199
1.5573624828
1.5573918547
1.5574218398
1.5574282721
1.5574668470
1.5574833532
1.5575198142
1.5575417727
1.5575741855
1.5576089123
1.5576422825
1.5576714245
1.5577030836
1.5577374819
1.5577701610
1.5578149669
1.5578547307
1.5578942763
1.5579303211
1.5579590479
1.5579885213
1.5580151472
1.5580388802
1.5580574684
1.5580916682
1.5581129420
1.5581503818
1.5581824821
1.5582040576
1.5582269544
1.5582401161
1.5582672147
1.5582863234
1.5582953539
1.5582984453
1.5582889355
1.5583108971
1.5583379885
1.5583736120
1.5583998565
1.5584413819
1.5584852917
1.5585291289
1.5585689912
1.5586121252
1.5586456216
1.5586751411
1.5587109761
1.5587260092
1.5587174769
1.5587156912
1.5587119469
1.5587122873
1.5586969436
1.5586878075
1.5586843066
1.5587223082
1.5587591451
1.5587954249
1.5588311175
1.5588552457
1.5588918745
1.5589216942
1.5589604305
1.5589946130
1.5590287045
1.5590638353
1.5590744041
1.5590880840
1.5590994622
1.5591226361
1.5591515158
1.5591945928
1.5592390731
1.5592841004
1.5593262558
1.5593737000
1.5594237736
1.5594722451
1.5595223938
1.5595732351
1.5596213735
1.5596698071
1.5597179961
1.5597629154
1.5598048635
1.5598467417
1.5598723381
1.5598953095
1.5599259551
1.5599603245
1.5599944704
1.5599815993
1.5599652064
1.5599477088
1.5599298949
1.5599120835
1.5598979530
1.5599010200
1.5599279383
1.5599540154
1.5599766506
1.5600134191
1.5600536315
1.5600982020
1.5601460275
1.5601958478
1.5602451514
1.5602953833
1.5603452831
1.5603956889
1.5604450308
1.5604964995
1.5605486107
1.5605998997
1.5606499546
1.5606979051
1.5607464675
1.5607937431
1.5608408909
1.5608866217
1.5609332818
1.5609817280
1.5610302298
1.5610781275
1.5611259740
1.5611768472
1.5612270612
1.5612778185
1.5613263000
1.5613755249
1.5614250811
1.5614741796
1.5615230704
1.5615704480
1.5616185859
1.5616679465
1.5617168581
1.5617667725
1.5618179788
1.5618693618
1.5619206288
1.5619732340
1.5620250683
1.5620765330
1.5621284846
1.5621807226
1.5622331424
1.5622851869
1.5623373187
1.5623895060
1.5624417898
1.5624936507
1.5625450004
1.5625966787
1.5626484167
1.5627005230
