sampled_theta1
0.0114865019
0.0232664180
0.8314683721
1.9891588985
1.7385871506
0.9333371776
0.0795775888
1.1349802110
1.0673128837
0.0608195484
0.0097498567
0.2032364365
1.9330477811
0.2634112350
1.1909559524
1.6849832145
2.3047595601
1.7947324315
0.4730041440
0.1176453364
1.0257395865
0.6606599641
0.1781459740
0.9534620034
0.3399060998
1.2857452808
3.2178556615
0.1521577498
0.1449634908
0.8855587981
0.5820543589
0.2437777659
0.5923689545
0.1142397655
0.8694533659
1.1138943380
1.3835957944
2.2673435518
0.6876234094
0.0399961568
2.4657187589
2.6584354886
0.3233161578
0.0008522680
0.7277958971
2.4507498180
0.2464683215
0.7756397650
1.5044492359
1.6626922577
0.3546223965
0.8894884776
1.8609045302
0.8941034982
0.0855228648
1.9780365563
1.9462775932
0.9440523969
0.1831695375
3.6232805812
0.6288242147
1.5203873316
0.5437848544
0.8033352053
0.0007250922
1.9850093948
0.9389840722
1.7175350783
0.8651803220
0.1675002600
0.7089724335
0.1316837940
1.5933339237
0.2827484854
0.0367768015
0.7456787898
1.2318903770
0.2929092939
1.2373668064
0.3703681103
3.9354833697
0.7283410966
0.4093103022
0.3404474268
1.7814970252
0.4616346098
1.4032915726
0.0542059450
2.1849801509
0.9118630010
0.1249561022
0.5230658729
0.8272556639
2.4744977494
0.1949703949
0.1501896976
0.9875736789
0.2926380953
0.5797143503
0.1151089315
0.3966652845
1.5884907224
0.0766895296
0.8089838554
0.4209970215
2.5919055337
0.3792793370
1.6751329921
0.5492296154
0.6042972985
3.7780988394
0.8781421466
1.4447235647
0.2234872045
1.1026789431
0.3693498342
0.0643373475
1.8088852082
1.4061288644
0.9602812221
2.6778535022
0.1925297045
0.8676764109
4.1681785327
0.0845357518
1.8054667395
3.1797486189
0.1669503335
2.0231704778
0.0957195386
1.5415897845
3.9723064476
0.0610750196
1.9329426663
3.7015057155
0.2080420296
0.3495272516
1.4884903589
0.8562977406
1.4128685378
2.0960434625
2.5071842499
1.0181871171
1.6523616233
0.1512645561
0.7101457759
0.1902255032
0.9007973758
2.4565644873
1.6044821078
0.1353960047
0.4411029365
0.8725259323
2.2018233581
0.5391924789
0.6348583178
0.9057104112
1.9949003566
0.9367021651
1.6748824354
0.1587767303
1.9560254435
0.4647707290
2.6006361707
0.4011665302
0.5293964543
0.1082692216
0.4164711437
1.3053889856
0.0368431194
0.4214306023
1.9590385287
0.8241927510
1.9940534322
0.1355412845
0.2625903693
0.5437929305
3.4262309365
0.2280160412
0.0307409095
1.5780207986
0.5665619494
0.3436212301
0.3177951674
2.1630981876
1.0935954934
0.8418449044
1.2306846522
0.9487400407
2.8683655123
0.0956985920
0.0079385563
0.3633492852
0.2434554488
0.1116500350
0.1088176079
0.3666016254
0.0749166615
0.3158852133
0.8800732507
2.5329120414
2.4063043176
1.7095975979
1.1688428000
1.3185063149
1.1710590749
0.0029388544
1.6112094340
2.7104047712
0.4467062791
0.8531650544
1.1203257062
0.7551954887
3.5975561258
0.4318255962
1.1349296184
0.9504772887
2.5312510088
0.6359489837
1.8405381922
1.6505881722
0.4346216064
0.0979426644
1.3113432226
2.2801159456
1.0755279881
0.2571365781
0.7648656039
1.8595249136
0.9229831692
2.9582163364
0.3278579038
3.0871661476
0.5564989717
1.7667643723
0.1089122850
0.2977952822
0.3077551943
0.0220723919
1.2643015481
3.6841052314
0.3302691485
1.6068904328
0.1176083596
2.1680493354
2.7741190075
1.3602016079
1.1639268887
0.4622996490
1.3255962418
2.5324309547
0.0209653909
0.6786790350
0.0793713354
0.1821863014
1.1512062907
0.0005557581
0.0337887311
1.5460378320
1.5462284099
0.6010357523
4.3007675781
0.8240633163
0.7510242069
1.1406278095
1.3610186423
0.4308406504
1.9907139818
2.2542534387
0.9520712480
0.1083975562
0.7006967743
0.0973936331
2.8159232966
1.2686857525
1.7992764041
0.0386783584
2.8779228410
2.4788548854
0.1180892567
1.4045393249
0.9940222656
0.2088093630
1.4520905536
0.9463534648
3.0425146919
1.0377755152
3.9546766530
1.0224614701
0.1977184281
2.0351981376
0.5238874846
0.1356532543
3.3375380399
0.1146380266
2.1022153797
0.3229433800
0.7548698963
0.1812782903
0.2941163792
0.9620105560
0.2692447277
1.4285097016
0.1117782638
1.1441146238
1.0189789537
0.7603738357
4.0888891772
2.5204245948
1.2682831206
2.2213148354
0.5894429957
0.2266436720
0.1109736099
1.7539668655
0.1948879609
1.8576260658
2.0191594391
1.5490357059
0.1332917369
1.6696363763
1.9916566972
0.2451318970
0.0800913572
0.3412080686
0.1408510094
1.1395726072
0.7238428655
0.1076823199
1.5041130999
1.0002708121
0.1778771978
1.4860615342
0.3489540381
0.6627099485
1.3151774748
0.5832114262
2.4012661899
0.8062438439
0.6855113622
1.1525718578
0.7470257751
0.1672440705
1.5059262886
0.2385285566
1.9128549558
1.0915686567
0.6525002398
0.8869354174
2.0522056979
0.2907615320
0.5269292164
0.8949919649
1.6778904029
1.2028170148
0.5078319186
1.6518340023
4.6089757759
0.2728003721
1.8956704003
0.2955445301
0.2709775223
0.3435365357
2.0462856748
0.7551794925
2.6504166975
0.7873670640
0.1837673208
0.8482724337
0.3004009785
2.6688620676
1.5496641104
0.4766714378
0.7431340139
1.2935031966
0.7662170989
1.7055581063
0.1614544848
0.5198141761
3.8336231703
1.7594146831
1.6949874581
0.4382088361
0.0705303951
1.4315077674
1.2746884119
0.7156403009
0.2576577221
0.7692037973
0.7465714830
3.0079582811
0.3543273780
2.2781684671
1.0537477294
0.9772742670
4.1079598013
0.9337759644
2.9574856030
0.5544066734
2.0336901340
0.6197700901
1.1908650405
0.0345719746
0.5875939187
0.4823111253
0.2602869046
0.3138458948
1.5111110490
0.9035014329
2.1794293323
2.2643700531
0.0976441915
0.6826497216
0.7067195311
0.7522098483
0.1579164153
0.7854130812
1.0534183651
0.4626474068
0.3268863940
0.3796474536
0.2562840168
0.9809558122
0.0868950595
1.7100396800
0.8207837502
0.8640256587
0.1007994931
0.1229666342
2.3940305664
0.8581495095
3.9455236709
1.3654554880
0.2851441024
1.0811389265
1.0218691765
1.3910819386
1.5661179828
1.1069290468
0.0210981278
0.4119498305
0.9091243278
2.5454271087
1.5990361777
1.0007716516
1.4768534253
0.2597988008
0.8561277561
0.8760933816
0.2193757074
0.5672583681
1.2549403729
2.9743825355
4.3350450766
0.3030879624
4.6775549585
1.0139198874
0.9871094418
3.2401700627
0.6539955923
0.4112934943
4.7811980280
1.5546713880
1.3234506542
1.7343804179
1.3304907980
0.9634714877
1.3661827718
0.8998819982
0.5096674372
1.1252030273
0.1558462476
0.6478959828
0.6044222068
0.1728141901
0.4293645835
2.8900535946
0.3668700833
0.3046187041
1.2163258265
2.4199429046
2.3796376258
0.1962338200
0.2373875444
1.0677919835
0.3627703156
0.7143402782
0.0191077148
2.6661486644
0.9350722976
1.1248627057
0.9735736322
0.2554460323
1.3229638784
0.2551722880
0.9406048259
1.2761159437
0.4046335243
1.1183893553
0.0152048884
0.2814422567
0.8298684959
0.1900470232
0.3120519946
0.2016458281
0.0896673349
1.0065370982
0.1215118812
0.8188889495
1.6673013380
0.6895707534
2.2354837124
0.2764105093
0.2792590089
2.5892727419
0.4545854326
0.8238685695
0.4848197499
0.1986541661
0.1067823474
0.9428610817
1.9686932869
0.4288653177
1.3464694954
0.0477310951
0.5578073085
1.1358365899
0.0862777589
0.2335393939
2.6634177991
0.1903859289
1.2621324645
0.1491645575
0.0103191652
0.1236600404
0.2660981239
0.0686102401
0.7988514091
1.9504084148
1.7453998987
0.4126056239
0.2906528002
0.4548294120
1.3056647617
1.0309399816
0.1245647728
0.3940739713
0.1425725175
2.8760199702
0.0261944587
1.0116702106
3.0071895043
0.5501310392
4.1702486602
0.9805139494
1.0614524870
1.4350731230
2.0618754418
1.2947376919
0.6542884336
0.4045525487
2.3661343868
0.1460488013
1.3090778573
0.9250395771
0.1101379595
0.7364253628
1.9319254176
0.3420152010
1.6714932387
0.3884317749
0.1829818483
0.1263819285
1.5127335932
3.4104464969
1.6900651521
0.2583231163
0.8968532526
0.2265933301
2.1193161876
0.2042873172
0.8223072050
1.3507102594
0.4981786946
0.4361438043
0.0797724121
1.8852824468
1.7126605127
0.5320717361
0.9333767816
0.4475423627
1.5437046920
1.0086821716
0.8693372039
0.4781686118
0.5724596931
0.4246360351
0.6982300903
1.7917533591
0.7208467866
2.8785214461
1.6781401547
1.5040313758
1.0495559436
1.4120218582
0.3682907618
2.0435181417
0.9060391133
0.4994802431
0.5188127734
0.7835267494
2.2012930177
1.8277884686
0.2096772070
4.4258702349
3.2172506018
0.0193344391
1.5208671919
1.5628187712
0.4305210942
2.3077816279
2.1431158003
0.5980405850
1.0321932845
1.3754951861
0.1462677424
0.3639753456
0.7528756330
1.1547029531
1.8567396574
0.8792551418
0.0737355397
1.9664635021
0.2370783812
0.8020670278
1.0647055708
1.5619348397
0.9310759111
1.0495684519
0.6071101782
1.0005743236
1.3124457913
0.2341642441
1.3270535520
0.5198094110
0.6385259163
1.6549552926
0.5935937462
0.3720852326
0.4523134555
1.9363030012
0.0782574568
1.5775983085
0.5156843769
0.9890945222
0.2647670812
0.0657378127
1.2853020326
0.5229925316
2.9876598588
0.3813213886
0.8275791092
0.4666307808
0.4018339295
1.0838099668
1.5079770264
3.9907557393
1.0840589451
3.6013132101
0.0476792945
1.4704883797
4.5078487994
0.8348201812
0.2411730906
0.4508820889
0.3027854691
0.3181274846
0.4833412749
1.8930683247
1.7224608674
1.4515002166
0.1041987400
0.3481706251
0.0290480898
1.6540580402
0.9711460953
1.3046400268
0.3971161328
0.3648362439
2.1841685121
1.3677394611
2.1846064641
0.2364742398
0.7386926973
0.9951826985
1.1978538722
2.8015105750
0.7224877350
0.0624803874
1.5685489620
0.2341748185
0.5977028505
2.0271839256
1.2241185399
0.6557899362
0.3424296184
0.4238278413
1.0560294703
0.7594526757
0.4776541800
0.9869268979
2.0623418761
1.1884346162
2.0988811436
3.3353814306
0.2266244088
0.6767371947
1.8437199934
1.4051723379
0.1059848377
1.9074583069
0.1804522834
0.4415460232
0.3656006718
3.0044898479
1.0460028238
0.9177897225
0.3393015756
0.2146221244
0.2153050969
0.1205261860
1.5235515323
0.3418037798
0.0993711533
2.3600164947
2.0573463412
1.1760784242
2.1353254248
0.5864317907
2.1158820195
0.3199245867
0.7475190009
2.9675057941
1.4185037827
0.5630309405
0.2045154671
0.2616124477
0.2331679152
1.3133815315
0.5890602508
4.7662550883
0.0017092208
0.2918733934
0.8010121042
0.5683914293
0.2907137520
1.5220479596
0.2905565988
1.6352430315
1.1039142209
1.3502917506
0.9629098622
4.5247964946
0.4140585573
0.3182066678
2.0695803381
0.2643118878
2.8000595040
1.7072389609
0.8391634754
1.9073478432
0.5616160588
0.0870974186
4.0997137725
0.9302811217
3.5954744325
0.2444843378
0.4316489358
0.4936908550
1.0030666394
3.2066488774
3.0501760093
1.5919439556
1.5851437698
3.0755463156
0.8945073186
0.2860028074
0.6524347864
0.0495202338
0.0130090247
0.1450809937
0.5280346223
1.0163547814
2.0172782032
1.3191105891
0.7861481435
0.8180614084
2.4314545874
0.1497169022
0.2598656339
2.3191067694
0.0125444749
0.0993805806
0.2215808859
0.2140487860
0.5432277898
0.3933240802
0.2472778034
0.5975285098
1.2354245113
0.3997301306
1.7992533992
0.2358891415
0.4955222299
1.3226279148
0.3299821428
2.1803821362
0.0536730731
1.5359590458
0.2178883236
1.1944639086
1.0641346909
0.4088833454
0.9763075514
1.0171940046
1.4624584330
0.0762392964
3.7960818705
1.1425868906
1.1156777165
2.3347730728
1.5674728913
3.3591811839
0.7889739492
0.8309731851
0.3863358756
2.0422412862
0.6003820668
0.7067111404
0.2321684402
0.1175055736
0.8823587731
1.2449145003
1.1357793385
0.1528260952
2.1670576497
0.3086547416
0.3117418113
0.6011280863
2.9248191264
0.1796024883
2.5881111105
2.5902127083
2.4480178707
1.5387245554
0.1224871162
0.1392570462
0.0689764233
1.0176824047
1.0366482872
0.7358477933
0.2319840506
0.4629516042
0.0402424644
0.0488135253
0.3650028454
0.7703738212
0.7975825434
2.9816193185
0.9533124595
3.4649029489
2.1964723600
0.1330825382
3.0300179188
1.4820008763
0.5784620841
0.6361748995
0.4004356811
0.1353663048
0.4018397193
2.0188706856
0.5932197317
0.6237216365
0.1414858442
0.2643672820
0.5059315070
1.4804483959
1.5529336485
0.3085369391
0.9982397651
0.0235800783
1.4101591896
0.8019271354
0.5944252661
1.3324272617
2.3103041950
0.5942710210
0.0407291632
1.6945945365
1.9741417608
0.8250846688
0.4019977076
1.5522339623
0.2384669733
1.9545855946
0.3392384196
0.0122323619
0.0503677865
1.1378968552
1.9638912461
2.2379519178
0.5936782625
0.4054018126
2.6757517438
0.2704556448
0.0569258205
0.3902961026
0.1115685070
0.2426861980
1.7590401122
0.7043447399
0.2947148922
0.1436560803
3.5271331187
4.5052224059
0.8124612180
0.2264964204
1.4393600936
1.2382064780
0.2173490700
0.1591863606
0.2570346712
