eta3_1
0.6452131799
0.5978619466
-0.1896005069
0.4630329706
0.1701589551
0.2478256310
-0.2793941222
-0.2640330887
-0.0294722713
1.3102384644
1.1416564607
0.9799572587
0.0215391002
-0.3067725545
0.0793625290
-0.0919403752
-0.3020926113
-0.9778412375
-1.5844192536
-1.3585353970
-0.8895296745
-0.9909062012
-0.7486909516
-1.6909060475
-2.9224521242
-3.8915788199
-3.4283018622
-3.0791294783
-3.0938083362
-3.6639569429
-2.7150156462
-2.5463890544
-2.4919434461
-2.3030150513
-3.1358364961
-3.4757087590
-3.5436935362
-2.7890948219
-2.8857546068
-2.8181789223
-2.5743142808
-2.8785346091
-2.8053070276
-2.7849420282
-2.9363454553
-2.5279933789
-2.9007825624
-2.7847410457
-2.5423251241
-2.9379408291
-2.3165718898
-3.6293272947
-3.7334120175
-3.1432357398
-3.0877266521
-3.0770072952
-3.0287358403
-2.9724472593
-4.0205067063
-4.1874089405
-4.1518121145
-4.0885449465
-4.5845894406
-4.2593141600
-3.6506519883
-3.8071740580
-3.4501254999
-2.3934377515
-2.6960347667
-3.2461227032
-2.5458637229
-3.2372762136
-3.4759738702
-4.0009510756
-3.1320630657
-2.9968559525
-2.5570438873
-2.2531883656
-2.4773475704
-1.8418634614
-2.5700273855
-2.7405037945
-3.1217556612
-3.2182090472
-2.3505650690
-2.3258173884
-2.4531133531
-2.5580003016
-3.1157492926
-2.6802029953
-2.7210804733
-2.6724232473
-2.1127390892
-1.7193970034
-1.6214061775
-1.7139164966
-1.7114244942
-1.4471526240
-1.7149419103
-1.5248628696
-2.4169934041
-2.1545553472
-1.5200565121
-1.7385244807
-2.3214744401
-2.8645972380
-3.8131373873
-4.9551121182
-4.6487033667
-4.2825599982
-4.2967466119
-4.4069522446
-5.0607036417
-5.4052464541
-4.9528878386
-4.6633999674
-3.8468312220
-2.4996720773
-3.0269749905
-3.3982282674
-3.1504515628
-3.4203906373
-3.0679522118
-4.1575259016
-4.1188971704
-3.5723055752
-3.6367659803
-3.2592785166
-3.0911665319
-3.9178209452
-3.8984024595
-3.6479847517
-3.7386065500
-3.7927650383
-4.2854729807
-5.4281414204
-5.6082804436
-4.9283194873
-5.1038417856
-6.8176395447
-7.3223827817
-6.3587527706
-6.2478598530
-6.3652000400
-6.5417137609
-7.1235249469
-7.3134224001
-7.2870777311
-7.3163307437
-7.1842388841
-6.9571715167
-7.1291798888
-6.8184457000
-7.0831730420
-6.4795999883
-6.8782638069
-6.8835541740
-6.6370587146
-6.9214133372
-6.8473095522
-7.4041889042
-7.0183934129
-8.0121959868
-8.2496151509
-8.4876398627
-8.8144786703
-8.1546245676
-8.8036684669
-8.5716868746
-8.7627961035
-9.6317102683
-9.9998083479
-10.6366538952
-10.5287507504
-10.6944635158
-10.7558863047
-10.7786962013
-11.1736146483
-10.5381983672
-10.1190733855
-9.4090935287
-10.0786820618
-10.2347949041
-10.1380800271
-10.3193252215
-10.5445924988
-10.3558694284
-9.4854775356
-8.5836802134
-8.3029185408
-7.6859278564
-7.1817238243
-7.4612994352
-6.8162965537
-6.9248567759
-6.2335917170
-6.1385952931
-6.2158227353
-6.0282494818
-5.9667595282
-6.2778973993
-5.9539970878
-6.8601244705
-7.7981720721
-8.3144149136
-8.3602449117
-8.5599741783
-8.4495461769
-7.6466466307
-7.5832505757
-7.9498438627
-8.4954768494
-8.0060511397
-8.6143841752
-8.2331673010
-8.1659410618
-7.8858080471
-7.4883254092
-8.2230143193
-9.2655521079
-9.3596842300
-9.3948485079
-9.5772168842
-9.9533255884
-10.4789458876
-11.5296297998
-11.0354524795
-12.0331229699
-11.7020065261
-12.4709933976
-12.5126236807
-11.5975595446
-12.0392850133
-12.4276558482
-11.4771786303
-12.6319281320
-12.2527252777
-11.9296156000
-11.8781307762
-11.8292717217
-11.3398289144
-11.1296073605
-11.2923270985
-11.0615618755
-10.2634719910
-10.2426691761
-10.2708136633
-10.7270512347
-10.8222083835
-11.0211536606
-11.3612935937
-10.5488362648
-10.6323971404
-10.1280556706
-10.2598173518
-10.1964485100
-10.7087325970
-12.0884829893
-12.2141543801
-12.7074611286
-13.0686023597
-12.4057609517
-12.6403437822
-12.0002565052
-12.1631882963
-11.1614168878
-11.2701845572
-11.4665937460
-11.0705723460
-10.7160271459
-11.5130527883
-11.2059404825
-10.3532253783
-10.7113013505
-10.1442010257
-10.2440233367
-10.0452849862
-10.2086210504
-11.4165819443
-12.1577024625
-13.3106578528
-12.9037911934
-12.3518096552
-12.4393074970
-12.9681816007
-13.1019859848
-14.1247858228
-14.6455698039
-13.4756176070
-13.4143346742
-13.9561173086
-13.8633742787
-13.5692228179
-14.3232337230
-14.1256568164
-14.1736940647
-13.8065989722
-13.3206642836
-12.8572528435
-12.0606044730
-11.4252011183
-12.2993242456
-12.7195665752
-13.5227693832
-13.4837000962
-13.5101831428
-14.1956166116
-14.1588143503
-13.8260684155
-13.1724604006
-13.8402660124
-14.3560088847
-14.1599957033
-13.8275247411
-12.9638997181
-13.2570718421
-12.3250291960
-12.3062462702
-12.3214143496
-12.4134759548
-11.9189317201
-12.4937282005
-12.4526444235
-12.8888326372
-13.0961389873
-13.8471110771
-13.4562329977
-12.8124112540
-12.4445597350
-11.5777833068
-12.4517271512
-12.3723347989
-12.2734249405
-12.2462250908
-12.0293702218
-12.2637358100
-12.4647052793
-11.6521539261
-11.4829437838
-11.0493818207
-10.7582726247
-10.8275961923
-10.4745184147
-10.6953153953
-10.6280730745
-10.1809380374
-9.9436610703
-9.6308419155
-10.2359165150
-11.2196924512
-10.6835021657
-11.0514176583
-10.6516335318
-10.0514306791
-10.5878489090
-10.0664191540
-9.8170487634
-10.2399730408
-10.9418869956
-11.2954017762
-11.6148456349
-11.3978775300
-10.8457982200
-10.7668242514
-11.2021261043
-11.1248666598
-11.2033146087
-11.0105162786
-11.0847120078
-11.1016324691
-10.4293833149
-10.3528588561
-10.4253513991
-10.9736969529
-10.4685744294
-10.8802891846
-10.3759051528
-10.9945457873
-10.9179674066
-11.0291880539
-10.7903648716
-10.9367352199
-11.5057767200
-11.5011808471
-11.9175543179
-12.0191991213
-12.2793231435
-12.5441337530
-13.0400061346
-12.7135996241
-11.8422230684
-12.1806283097
-11.5800524528
-11.2692369570
-11.7570420328
-11.7692230740
-11.9574410458
-11.1649161519
-11.2601746424
-11.0430479716
-11.3405577328
-11.7124111729
-11.3538868372
-10.3405517678
-10.6878953299
-10.6165741286
-10.7078738500
-10.9142647491
-11.1200577257
-11.4378769235
-11.1110427611
-11.3633796433
-11.3519125946
-10.7958631302
-10.3822765091
-10.9454229947
-10.8381600576
-10.5200225577
-9.5074818703
-10.1393999106
-10.0336625113
-9.8747248911
-9.5140468484
-10.6265108404
-9.9409421129
-10.0280085579
-9.8693442213
-10.2596379519
-10.1432462035
-9.4554781970
-10.0550689254
-10.3122153265
-11.2068879689
-11.5593296074
-11.4267062012
-11.2377236340
-11.5560757802
-12.0448206397
-12.5912931654
-12.8399381206
-13.5602812906
-14.3049230800
-15.4806154324
-15.4817529338
-15.1490314750
-15.4062437301
-15.2017510031
-15.2915713846
-15.2777482877
-16.2472003112
-15.7198096831
-15.7618304928
-15.1059031287
-15.4440734681
-15.6720190155
-16.0506277312
-15.6976958803
-15.8222280828
-15.9684699402
-16.0803003139
-16.0900584153
-15.1237363156
-14.7338646826
-14.2115564286
-15.3771114851
-15.4028236638
-15.2610106644
-15.9180966604
-15.8620625366
-15.4516881255
-14.8629243400
-14.8833848286
-14.5755450199
-15.0487062121
-14.6827311548
-14.3584344497
-14.4775025862
-14.7714705694
-14.6552476702
-15.0085954789
-14.3019672017
-13.7770387164
-13.9321465279
-13.2252028607
-13.4744158348
-13.5083029077
-14.1043211856
-14.0363688231
-13.6401022674
-13.4262746872
-14.2971826292
-13.9181724289
-14.0387649584
-14.4246784737
-14.3524703230
-14.7022937083
-14.1279529040
-14.0700581551
-13.8508320577
-14.0630106570
-14.8596098964
-15.3513043934
-16.4222249473
-15.0086192542
-14.9477407681
-14.3513524061
-15.3191212096
-15.0483170976
-14.8871746504
-13.8729058401
-14.6112533822
-14.4096234518
-13.6986741111
-13.0409782674
-13.5130254970
-13.7302659252
-14.5019167630
-14.5809690010
-14.6573399254
-14.5686528257
-13.5205359516
-13.9845055909
-13.7879133628
-12.8932206563
-12.9487973938
-13.0296370453
-12.8201371909
-12.9556414582
-12.7470141758
-13.7385486662
-13.8505717100
-13.0226594701
-12.0118019420
-11.6086365211
-11.7375011833
-12.1051879040
-11.8220509354
-11.8177464538
-12.0890862010
-11.6388736863
-11.4425222778
-10.6723405646
-10.7466090637
-11.4271095485
-11.4345664389
-11.3868159373
-11.1303657232
-12.0295324899
-12.2089172681
-11.6590330589
-11.4359203937
-10.5615094152
-10.9353225336
-10.9858845689
-11.0951550669
-10.8783758995
-10.2490056238
-9.5526731452
-9.2829857206
-9.2874284865
-9.9039020040
-9.5670497782
-9.6060827465
-9.5030439438
-9.7829395389
-9.1029967780
-8.8133400534
-8.4404571431
-8.4996216011
-8.4779503790
-8.6707322552
-9.0803117897
-7.6438187436
-7.3110889415
-7.6808207777
-8.3497742392
-8.2611831146
-8.3652447361
-8.1461910158
-7.7461433482
-7.8048112583
-7.5988105075
-6.8045058326
-7.6297610938
-7.8263638425
-7.8495279751
-7.2918241508
-6.9054470994
-7.8608218666
-7.1077505797
-7.1817769068
-7.2055036915
-7.5715212878
-7.1081267827
-6.8452086613
-6.3705737535
-6.0802951795
-6.1199353998
-6.3129575289
-5.7238208991
-4.5014541658
-4.0977567765
-4.1795401036
-4.3843154777
-4.6348520003
-4.2488730319
-3.4825294997
-3.0789810272
-3.7332409761
-4.3029940451
-2.9625474057
-2.3455595971
-2.8706104278
-2.5410321865
-2.4098468593
-1.5196401127
-1.0107176947
-1.1934733929
-0.8634882047
-0.1771340453
-0.1523515558
-0.5804040552
-0.4256571819
-0.2441470016
0.2648057126
0.0182229702
1.1508254265
1.2798577068
1.9645381821
1.9431665350
1.9843834143
2.0666602833
2.2381102785
2.7263725991
3.0101510065
3.7469725342
3.9045447442
3.5045240191
3.6511959937
3.7696527761
3.2814135530
4.3532066610
3.5580599178
4.2090050279
5.0847586125
4.9217444838
5.1973873046
5.5854931687
5.4785802939
5.7689587675
6.6838079669
6.0667259143
5.2836866413
4.6979887846
4.5235651940
4.2817094727
4.0270067428
3.3551203846
3.9359949808
3.7953327112
4.1492525247
4.2688553691
4.4637159162
5.2087671160
4.9289368226
4.5336551012
4.8989885332
4.3076036470
4.7171551995
4.1753865288
4.0721869321
5.1189620866
4.1946964068
4.9965442572
4.7270016144
4.6651686192
4.5813378587
4.0163823071
4.3035847488
4.0036207359
4.2251909074
4.2799611049
4.0047082026
3.5463620071
2.2982933966
2.4656913250
1.8930596443
3.2496730860
3.5060910844
3.8428394407
3.8416044970
4.7546169029
4.9449251174
5.4242659264
5.5442066181
4.5749153872
4.7921901635
4.5878304396
5.2825147211
5.3667633789
5.6657503994
5.0851132029
4.5011117238
4.3182947032
4.9303781123
4.3469256262
4.4432793335
4.7099218586
4.6362204550
5.3307557329
5.4692423184
5.7282266192
6.4678842721
6.0697215212
6.0618298159
5.5456253824
5.6348573745
5.3899058164
4.9088823383
5.6735269400
5.9165136136
5.8186685104
6.4644867556
6.4147719610
6.2017408621
6.6226968583
6.0391715818
6.1359017293
6.0634824432
5.7073719567
5.3906290501
5.7566263652
6.2761616288
6.9829233567
6.6828334574
6.5316588996
7.0519630900
6.7879063826
7.3167198674
7.7067555226
7.3724548127
6.9795576045
7.0836867077
7.6772564328
7.6384925825
7.8368416673
7.4847974874
7.4670279991
7.2207167439
7.2330558723
7.3430132094
7.5300739626
6.5204697883
7.0565075693
7.4676365761
7.4950469335
7.8318262456
7.3489920155
8.2359485497
7.5535101959
7.5306642115
7.7093224945
8.1887709874
9.2388529784
9.8480766820
9.7240692120
9.2735705995
8.8699416894
8.9172021649
8.1285714323
7.5958877427
7.4448730744
7.2441776691
6.4006113407
5.8786819823
5.3436416176
5.0687165457
6.0124532118
6.3080965589
5.6395495444
5.7139220171
5.5383247236
5.1689914192
5.2368245824
5.3290183679
5.9003011952
5.2940233837
5.6344956644
5.5059387422
6.3682215374
6.8236026362
6.5974154264
6.6856349025
7.3136197198
6.6677866320
6.2689492573
6.2485776593
6.7616647581
6.5193047253
7.1240961008
6.3621093438
6.6018589490
6.8379857758
6.4222299304
6.4195284750
6.2942218775
6.5120332841
6.5754774580
6.9999959375
6.3130188468
5.1321801714
4.8645244158
4.3071669064
3.7690983884
3.5865480618
3.8691101280
4.2537371172
4.6779460043
5.4599295685
5.0875756053
4.4696786677
4.3650297824
4.5992375432
4.7601982189
4.8184118803
6.0349101529
5.3999514279
5.2687700312
5.5234220326
6.2085664179
6.0397165956
6.0791475541
7.0926467487
7.1256133689
6.3102810777
6.0769946311
5.8551465749
5.5925962614
6.1851336906
5.8824565394
6.4519515398
6.5041255284
6.2605779502
6.7581561321
6.7450544381
6.4632137716
6.6748621055
6.5015250223
6.2158882134
7.3442473582
8.0016460232
8.0931569334
8.7485328738
8.5762380137
8.9178958469
9.1233332114
8.4747767344
7.6769625985
7.6254444648
8.6531190092
8.5550485608
8.6167915223
8.3383372903
8.5963425850
8.4917528915
8.0569628452
8.1768912648
9.2947780236
9.0684671892
8.8862500339
8.2124429090
8.7823420228
9.0968096685
9.1699270134
8.8700422149
8.1357745062
7.5386913818
7.4467486627
7.3998391598
7.3385384976
7.2864581361
7.7590605645
6.8902309157
5.9096511992
6.4848949010
6.2785501196
6.4050584293
7.1656457995
7.2019453757
7.4554690997
7.8582816007
7.0498893977
7.1275430975
7.8495051627
7.6749867273
7.6303650901
6.4968127155
7.0605475175
6.8906079715
7.1466053527
6.6604627691
6.0526036630
6.1779816585
6.8738520562
6.3260040239
6.1743846304
6.2626331879
6.5701248901
6.7922146001
6.4159537794
6.0585030033
6.4480791025
6.7038547648
5.7782947468
5.1970943533
5.0747798699
4.9967531936
4.4643091374
5.1945920460
5.0089319095
4.7212658068
4.7466470355
4.5183112094
4.3504732405
5.1950528063
5.2783258291
5.0104839309
5.0647531022
5.5727379306
4.7164203418
5.1282320971
4.8108842190
4.9970083762
4.6590828430
4.3763219561
4.6675317052
5.2454606263
6.0123140836
6.0644746532
5.8315740461
5.5632629121
5.9448725622
5.7944810405
5.4458221858
5.4743899995
4.5812236338
4.0746999947
3.6351795587
2.7277198208
2.2469881870
2.4882419734
2.1614834234
2.1948563075
3.1550847817
3.1138231320
3.7195639743
3.3846665321
2.4610388869
2.2008577651
2.1196009669
1.8087939210
1.6543165844
1.3824324204
0.4568493407
0.6456267837
0.7264715919
1.1430799034
1.2737811522
0.6853465543
1.0245717704
1.1982611217
1.3722763125
1.5631226950
1.9933477153
1.5543976800
1.2192692056
1.4569637185
0.8655163941
1.3993409562
1.7611304979
2.3693746777
2.9635949212
2.8837529140
2.3175706138
2.4146813052
1.7789086706
1.9737988085
1.0002638966
1.0275343183
0.1813400614
0.1274738143
0.7433486109
0.6163321275
1.1189613370
1.4569190755
1.6480042153
1.7677684168
1.0737266589
2.6192555356
2.4237742901
2.7964920947
2.7140720036
2.4535065791
1.5227685209
1.1506012176
2.0673921814
3.0940066814
2.7725682411
2.1607253806
2.5339532206
3.2750599347
3.1535237415
3.8118835759
3.7448413197
3.7055573184
3.2638712095
3.6666990318
3.5904406973
4.1995951934
4.8528835172
5.1467233105
6.2215596745
6.0776553667
6.7955622774
6.7028021193
6.9186936642
7.2261156921
6.9890968912
6.6226077192
5.8642651818
6.4361366383
7.3521593000
6.8828363995
7.1802499152
8.0747025096
7.5049739874
7.3920305267
7.7764513474
8.0981044315
8.6670457407
9.0603856787
9.2558267164
9.9255507074
9.3863223285
9.9826383647
9.5378642429
9.2736641375
10.0970931168
10.1913323577
10.7329211512
9.9993654879
9.7417333735
9.7909710865
10.0335455626
10.0525345425
9.9310617675
10.6958752532
10.9440827594
10.3097584670
10.5563423172
10.1238162667
9.9269425072
9.7760003773
9.5824894093
10.5522132878
11.4704526904
11.5071398664
11.6153452977
11.9419088699
11.1905243717
11.7618367432
12.6906209970
13.1034967831
12.6092048260
12.3592691154
12.2103986369
12.0784317342
12.4836282795
13.4422725090
13.5981493470
13.4962948964
13.2504615652
13.2025459730
12.9701012032
12.3849705013
12.5596542289
11.8707427751
12.3176073466
12.7743124639
12.7251569962
11.8581278324
11.4282781340
11.6311729598
12.1929707433
12.2779198618
11.8088254742
11.6014464536
11.2176447126
10.8984332250
10.5988947119
9.5483828930
9.5642832182
9.3291678062
9.0797031620
9.9353289703
9.1244912353
8.1263344593
8.4892408034
8.6974307182
9.0312147958
9.3703912443
9.2430233911
9.1560932298
9.0412823607
9.1032829837
8.5207534929
7.8729823327
8.1320595376
7.5902151579
6.6364489908
7.5923704766
6.9510864367
7.4001836457
8.1711715891
8.3268394764
8.8348663387
9.5291829111
9.2134503248
8.6750071841
8.3950601549
8.6947170644
8.7648746820
8.7316547899
8.0949875632
7.7385926977
7.0582828730
7.1670257206
7.8883003554
7.5596884239
7.4049313127
6.8452173081
6.9037862007
6.6476167088
6.5513732484
5.6238996345
5.9707170293
6.3942118351
5.7737463172
5.2318631256
4.6081013111
4.7921527720
4.8708114621
4.4336365068
3.4927303227
3.6801465603
3.5294252721
4.3137102874
4.1385018750
4.2304790994
3.2011857389
2.3519562496
2.4570171816
2.2769153529
2.8667733980
3.2103803162
3.2330049540
3.7816476861
2.7642799919
2.7584071345
2.9595834839
3.3434813105
2.8133050101
2.3535460972
1.8411590979
1.4313025900
0.8277404251
-0.0252368296
0.2426606069
0.0246538690
0.0143698526
0.0202289193
-0.5319874855
-0.3655715679
-0.6064197961
-0.3251341358
-0.2194041788
-0.6411605678
0.2703682186
-0.3427170191
-0.5104724513
0.2958249083
-0.1486872542
0.2697885160
0.7548741466
1.4885481019
1.3561500988
1.7497789889
0.9447336502
0.8723083550
0.0081243307
0.2557868197
-0.0803918921
-0.1924896039
-0.0546480161
-0.1371400735
0.1433617139
0.8789339101
0.8789196749
1.0156465701
0.8307859409
1.7936570781
1.3854615435
1.9437089208
1.9526503861
1.9822239691
1.8843823717
2.4978981919
1.8670259735
1.4517180240
0.7540926928
0.4118861043
0.0431696949
0.9037670253
1.1604027581
1.5031720456
1.8989153291
2.0020141447
1.2755933150
1.0575530258
1.2809272366
1.7008780674
2.0232048308
2.3357152155
2.6146662247
2.9442649463
3.5179086283
2.7276566362
3.4290877137
3.1563865566
3.3429175448
4.0424652350
4.4415539638
3.8183159924
3.1272927578
1.9606423518
1.8674560427
1.6091506853
0.8847889141
1.0321553139
1.8743373749
1.6221825092
1.5764717722
1.3454626223
0.7357102001
0.4163399785
0.0724459110
0.4913308817
0.4143224800
0.1389801921
-0.4559947843
-1.2129913794
-1.4717557792
-1.6726888076
-0.9713119817
-1.9638538767
-2.8020228409
-2.3688349188
-3.1124730738
-4.0293192236
-3.6613646010
-3.5908560796
-2.7548953291
-2.1518051188
-2.1844674937
-2.4000943275
-1.9842604355
-2.2375027457
-3.1641593354
-2.8253202602
-2.7514843006
-3.1411023878
-3.8133554796
-3.9602126639
-4.8005963525
-4.8195028803
-4.5541024508
-4.1428047344
-3.9661875754
-4.3443551099
-4.5303882994
-3.9455252008
-4.5874643414
-4.5175593016
-4.5348468971
-4.6765890824
-4.4959327976
-4.8063661255
-5.2981680895
-5.7046421984
-5.0646601871
-4.4542792036
-3.7194742351
-3.0578072284
-3.0282703591
-3.7694675757
-3.1117455400
-3.8343518513
-4.3600857737
-4.1053304507
-4.2039068212
-3.2834430534
-3.1123952075
-3.5529365992
-3.4810630399
-3.9875173309
-3.5225915399
-2.2781290147
-1.9957191575
-1.6392196033
-2.2660958171
-2.4177155442
-2.6548726675
-2.6315506238
-3.7520014743
-4.1668054068
-3.7058341979
-3.6706643088
-4.1479446741
-3.8373860432
-4.1415132866
-3.8300652341
-5.2428520724
-4.9057861363
-5.0621942021
-4.9161452133
-4.6149054396
-3.7048769073
-3.9002220316
-3.2781388315
-3.9858659114
-3.6866528466
-3.0901692169
-3.0693502067
-2.9202865531
-2.5853909094
-2.6625557392
-2.1974256769
-1.5377106128
-0.5412018297
-0.4585889853
-0.7320767322
-1.3636844286
-2.1459637781
-2.1938616575
-2.0908831915
-1.4650556902
-1.6986190860
-1.8368074806
-1.3096581847
-0.4641964078
-0.4247131747
0.6914335054
0.9431504326
0.4071886335
1.0246963514
0.3037500611
0.4121449048
0.8277104409
0.3068469202
0.5787150080
0.0594126621
0.3949476001
0.6737282383
-0.1567242515
-0.2765264806
-0.0152855098
0.4895689959
0.8958805686
0.8335873598
0.8378070584
1.2091276422
1.2026445398
1.4337245564
0.6045260016
0.4315096560
0.3186720563
-0.0735639831
0.1538663047
-0.0935435113
-0.3097116859
0.1207992200
-0.0189573614
-0.0359358176
-0.1784834588
0.1255661951
0.0176306649
-0.0850837243
-0.7092746743
-0.4908810087
-0.2770444176
-0.8995317467
-1.1613178535
-1.9534267743
-2.4347223023
-1.9815914124
-2.2989090538
-2.3671367905
-2.5821602368
-3.1871353309
-3.6454758364
-2.9099688106
-2.7809806564
-2.7773421699
-3.3388715714
-3.1742462851
-3.8938106055
-4.3901657009
-4.4701077644
-4.3012817658
-4.0831035352
-4.1572579062
-4.0367747680
-4.2711536851
-3.5350821398
-3.7578531354
-3.1524671810
-3.3756127123
-2.0959397634
-2.8625680346
-0.8192026745
-1.1188757739
-0.9056394484
-0.8520818284
-0.5250068039
-0.3294448871
0.0642365370
0.4320188993
0.2309644890
0.2265724320
1.0850135127
1.1430409546
1.3123620265
1.2459081978
1.5246399240
0.6946027153
0.8218211907
0.9079071050
1.3375435221
0.8325561058
0.8140993300
1.5659319779
1.7443752056
2.0165693359
1.4145353598
1.6629610991
2.3028342934
1.9287743490
1.5444778904
1.4414070921
1.7305911997
2.9501196521
3.5411251152
3.5286476751
3.7541956430
3.9888927857
4.2273691073
4.2124060892
4.2453868549
4.5469954204
5.1861260768
5.2422220879
4.6935080260
4.9795329183
5.1699930379
6.3253313163
6.1414836955
5.9618768567
6.4202259695
5.6046040775
5.5555037527
4.9812061808
5.0561535172
5.1110849004
5.2053357288
5.1009623747
5.5944126154
4.5487266200
3.6247500186
3.6190380837
3.4489294583
3.2317500849
2.2332636978
2.5288512663
3.2875646228
3.6678628575
3.9582272469
3.9063091065
3.6506937584
3.8962773591
3.3871428317
3.2195068789
3.6788377633
3.5838718512
4.0677754559
4.6596357279
5.2815688658
5.1224152031
5.7353384845
6.3396731097
6.1774484033
6.3325456899
6.9031353033
6.3772854330
6.0283251035
6.4869455618
6.3817009316
6.8435305198
7.8669942994
7.2889199531
6.9690202064
6.6469684705
6.5760217457
7.0668337903
7.4002883156
7.9656428181
8.1162894938
7.7432904882
7.7964838932
7.7506149049
8.3539565737
8.6567640367
8.7588219741
8.2156928393
8.4365942684
9.4190814746
9.5207995735
9.0509031111
8.0265380664
7.3052207280
6.9678952829
6.3097372501
6.8475578693
7.2652401368
6.8063719971
7.3278028651
7.0683567188
6.8626610874
7.5588274406
8.4726561836
7.9967721667
8.3450601405
7.3201534836
6.8900976696
7.0251446132
7.2225476689
7.1782583078
6.3929532044
6.1667985386
6.0165551916
6.4688394300
6.8562267948
7.1866787892
6.6120300098
7.2891619463
6.3446252965
6.2738050480
6.0017942731
6.6043250826
6.5572688118
7.4027037904
7.8334939432
8.3771337860
9.1925667009
10.5216965679
9.6691906836
9.6748949391
9.3096676413
9.8698386187
10.2775620543
9.6967110422
9.7286424456
10.0597151928
9.8349926968
8.8757334529
9.3616653429
9.1965989225
8.8382089903
9.7188142870
9.7829215608
10.5109725887
11.1415500172
10.9582035129
11.2443964298
11.8560815460
12.5442848615
11.8173600609
11.9266553401
11.3580005714
11.2998493335
9.8969665334
9.6657262003
9.4854758710
9.4435445975
9.4044383234
8.6252244836
9.1376019404
7.9582770502
7.6627259531
7.7971842912
7.7353416772
8.0429076960
8.1327495941
7.6474055279
7.4462480129
7.0863188108
7.3281013448
7.7741843803
8.0770277192
8.1238505532
8.2110588138
8.3514596855
8.4798942851
8.8518807268
9.4042789264
9.2267477131
8.7528227346
8.9687937371
8.6326571084
7.7707411377
7.5843316743
6.9117495769
5.5977406557
5.0948438938
4.8451441820
5.2825903598
5.5013429600
5.2443182819
5.5436890611
5.2741853460
6.3388086584
7.0367773325
6.5595747683
6.6545380779
6.7688611585
6.3288447370
5.1308662650
6.3762397364
7.2193350211
7.2633097200
7.9315824177
7.7865941713
7.7613852510
7.6890079742
8.5688234287
8.5095198648
7.8967192953
8.0803646391
8.5286630467
8.1950082388
8.7421980134
7.5020937561
7.7153718740
7.1992136804
7.2107780136
7.6345518868
8.4772021768
8.4419660629
7.6201019280
6.9598818581
6.4776932117
6.4716484417
6.4078536683
6.4776796002
6.0284245296
5.8636421774
6.3835765064
5.6444556463
6.8240193492
6.9363782754
6.4107094856
6.4644369700
6.3013235957
7.4695797036
7.1381411459
7.2400869030
8.1054813151
8.1009324492
8.3323802990
7.9245345672
7.4746837148
6.9421967155
6.8657782823
7.2497935058
8.5915863288
8.5801207661
8.4713421797
8.6763498291
8.3891392678
7.9606448082
8.7309975942
9.9330902838
10.5050847682
11.4158307489
11.3634833187
11.8408060741
11.6443367297
11.4715603048
11.5751036669
11.8638075222
13.0280707337
12.8042648046
12.2097859126
12.6053876105
12.4623752911
11.7682484780
11.9583427122
12.3352098269
11.7878376110
11.5352402664
11.1917094027
11.6081924402
11.8873272994
11.4088374537
10.6915819318
10.6116937694
10.8217054541
11.0721028245
10.1633245088
10.1640202147
10.1168703721
10.2391900591
10.7190583942
10.2535285510
9.8199118039
9.6634965938
10.2582977712
10.3856626802
10.4035017622
10.5471303958
10.6012361030
10.8335409303
10.1264482697
9.6719447940
9.9286639421
9.3535651940
9.6262946949
9.6541192241
9.9161528314
9.0263353225
8.8477181526
9.4032417570
9.8755407330
9.2095995904
9.9120177457
10.1469317902
10.8774976264
10.4003322262
10.7094489135
10.1642893585
10.1813778837
10.5383022572
10.0888974133
9.2502317949
8.5012062056
8.3589824771
9.1681293113
9.4144604839
8.9118264026
8.5437374134
8.3029228496
8.6592288977
8.9425876304
8.8489079126
8.6546008671
9.2551769221
9.3340205229
9.2515485701
9.3509446468
10.1957490471
11.0825866442
10.2726311216
9.4880881453
10.5195227342
10.4955650105
10.8113491225
11.5712752537
11.2595118091
11.7534443643
10.4703989149
11.1481995868
10.2086460957
10.1654614952
10.3067921159
11.1362269678
11.0213195174
11.0653965062
11.1624515580
11.6138338874
11.8392242032
12.5351896922
11.9470825471
11.9830437361
12.3054471884
11.9697093148
12.2971360419
12.5680748804
12.6507519004
12.9163274504
12.9486896054
14.7233622231
14.1197569380
13.6776635514
13.8265923682
14.2449303036
14.0597574271
13.7214972196
13.3920049069
14.3655860722
13.8641567507
13.4865585252
12.4434543745
12.1450047734
13.1593845508
12.4888043634
13.2540133335
12.8482824188
12.9349316314
12.7720282143
13.6915165286
13.0627378272
12.9020574317
12.7476617688
12.0214164375
11.7580491144
12.3491296463
13.1454729944
13.9109594926
15.1994857739
15.1556422144
14.7333523516
14.9426060668
15.1710205904
15.5180223972
15.3030330786
14.8271377285
14.7149399199
15.0888271241
14.5006055955
13.9175837251
13.5984149712
13.3659883330
12.4882562781
12.0235175300
12.0292964760
11.9379974159
12.2626872433
12.2412463861
11.2687478197
10.8944627169
10.3543377433
11.1661977723
10.5340391822
10.7489500447
12.0006538537
12.7227471741
13.1365925362
13.5059866093
13.4288422584
12.8100336789
12.6482581967
12.7284137043
12.0731742895
12.8128138998
12.4398301615
13.1122088273
12.5026025221
12.0189196907
11.7550229143
11.7875063510
12.5110630934
12.8960882738
11.8332282242
12.5286416290
12.3964081144
11.7760149320
11.8731279870
12.3130494271
11.8888962096
11.5012734200
11.8257550397
12.1522851671
12.5409806911
12.6893951444
13.1891558440
12.5964823433
13.3810471542
13.4154999132
12.7546385247
12.6252876429
12.9643144078
12.6467631821
13.3012210838
12.9333194532
13.4386471239
13.0580008954
13.8151641403
13.9645361751
15.4364125195
15.5109120785
15.2116829331
15.5120025225
15.8503473184
15.9890775922
16.4806136242
16.3804543928
15.6772996771
15.6068205751
15.4406452491
15.2271020943
15.7574706432
15.7885849847
16.3164275140
15.2942956215
15.7639897991
15.0689748395
15.3711567081
14.9192654719
15.0973118383
14.9403863824
15.0049262080
15.1096461885
15.4256700924
15.6355067727
15.8715244873
16.1427026922
16.4434795837
15.8154717808
15.8109230482
14.6247998670
15.0932392777
14.2287638740
14.3564704407
14.7430317480
15.1078950978
15.4211768540
14.9223329138
14.8952831392
15.0713126753
15.4785728056
15.3479266417
15.6410517458
15.8618882291
15.5907562172
15.8973144626
16.0581349124
16.6191862362
16.6164628326
16.8526574837
16.7904702518
16.3669733293
16.5765149740
16.4218539230
16.8208207705
15.7760927211
16.4886602658
16.0400113260
16.0461202908
15.9025412730
14.7282050632
14.1938962119
13.7999211924
14.8298248780
14.7502045698
14.2417748167
14.7631510059
14.7093824126
14.4233277763
14.7385322062
14.9804177934
14.7187790267
14.4529112945
14.9949008045
15.1865846173
14.6844986021
15.0025232304
14.5276544878
13.8078232606
13.6444908651
14.7947087202
14.3736802241
14.8325586651
15.0471055861
15.3389072022
14.9896453324
14.2288449323
13.5898610389
13.4835652300
14.6283191055
15.4591441369
15.2457644700
14.9136185897
14.0584172939
13.7214816882
14.7752793397
14.0163043048
13.6634662545
13.0943149447
13.6592035841
13.3680720458
13.0729273977
13.2336964031
13.1138149891
13.0766563203
13.5544471427
13.3233149236
13.2090339783
13.1177027762
11.9889513529
12.9355052643
12.0428516223
12.2827433836
12.8391688157
12.9293504212
12.8914998774
12.9607580763
13.3012875976
13.6131472602
13.4545610979
13.0455343915
13.0349742032
13.2050938356
13.0433807261
12.7893108218
12.3704295883
12.6243694374
14.0449740903
14.3143777041
14.0101524333
14.1782228311
13.9837476692
13.6207666835
13.9738304566
13.5598913013
13.9204930829
13.5540149960
14.2870868827
13.7277213816
14.7725525167
14.3550588656
15.3927450111
14.9365158626
14.8916286233
14.5627969165
15.1978279807
14.7876041640
15.1451502269
14.9421292443
15.1432005927
15.1285985363
14.7948515959
14.9647126835
14.3073419935
13.9013496132
12.9797270029
13.2528391118
12.5706292029
12.5044356297
12.3282227794
12.6880936000
12.7904718684
11.4060002924
11.6041328157
11.6351359355
11.6317867847
11.7170888940
11.7503226477
11.8163102404
11.4483397258
10.4976755911
11.3025802728
10.6509856403
11.5501036314
11.6219873455
11.9212140836
12.7475632770
13.4086288468
13.8067069588
13.0571328824
13.1059121613
12.4226656429
11.9599398271
11.5262261270
12.4373323172
12.0365982670
12.0057182167
11.9836733877
12.4526339658
12.2577211275
11.5738308238
11.1584657952
11.5202735513
11.1847542069
11.2721577203
10.7663784519
10.7765291194
10.6683159347
11.3877842041
10.6550138898
10.0999340677
9.6875389426
9.7491309086
9.1429462586
9.2351599001
9.6033883514
8.8500132749
8.4137874176
7.8558513625
7.4979948164
7.6251358914
7.9254767045
7.4797962139
6.8120599565
6.6311495787
5.8769531359
5.0194843614
4.7987358029
4.9470513623
4.4691685713
4.1505197685
4.3823198205
3.5612027395
3.3853806037
2.4833777901
1.8755646356
2.3325201113
2.5472928867
3.1763992879
2.0245612667
2.5744328319
2.3724921966
1.5941585988
2.0980736093
2.7966452110
2.9516643426
2.7447250389
2.9867255760
3.5659428181
4.0168940251
5.0986864794
5.6468395835
5.7420512389
6.1748311906
7.1704421832
6.5413383334
5.8779632055
5.9536481055
6.5899507000
6.6318261928
6.1381927188
5.9811198263
5.8643381282
6.7822414681
6.9407826509
6.8103687265
6.7727819360
6.5548261445
6.7666004944
6.1079317533
6.7091205727
7.3427342629
7.0495377428
6.4222119117
6.0284486396
5.6400937464
5.9861514494
5.8403964309
6.4592018674
6.4627171538
6.2516347303
5.3782662885
5.1677763777
5.4267930064
5.8631690863
5.7944824733
6.0918130884
6.0623449170
6.3938392739
5.9672908720
6.2389825956
6.2951385611
6.3796757601
6.1794739139
6.5773953167
6.6244418656
5.7549802096
6.2610691484
6.4954649516
6.6073436036
7.4401292703
7.2139989912
8.0381835871
8.1313926651
8.2669872400
8.3598816624
8.7155432636
8.7011874511
9.4058453736
9.8455746478
9.4936548699
10.3312557798
9.6519206296
10.7253163154
10.9787246897
11.3121031182
11.4149927442
11.7020287959
11.4791510452
11.1551395029
12.2358553151
11.8672461744
12.2669405648
12.1459368724
12.6939586668
11.5285181748
11.6422832995
11.8375156985
11.4411203350
11.5000417268
11.8674056114
12.1522582425
11.9212582554
11.9492652091
10.7516089485
10.5981754200
10.6908458577
10.6056689322
10.5376319825
10.4548187617
10.6618931555
10.5743789914
10.9220002460
10.7446050068
11.4044529486
10.8427390655
11.1939481102
10.3452078258
10.4696459914
10.2561315319
9.4443065873
9.1887106181
9.5356301978
10.3673761521
9.9788427061
9.1140854130
9.4972747277
9.6478642277
10.1325468858
10.1794591956
10.0151755434
9.7353931438
9.8972332149
9.1533212044
9.5383570538
9.4895900861
9.4605023184
9.7059323043
10.4289454351
10.4978716720
10.1787815663
10.1933176148
10.3902173330
10.8318874516
11.4577978229
10.9753306558
10.7338648514
10.9259411107
11.1852152256
10.8960035042
11.6495216094
11.3806868746
11.4756307604
11.2950416799
11.7169229366
11.5205260470
12.0689651913
12.7734390946
12.3051026683
12.7106113513
12.7542993499
12.8708200884
11.3080215804
11.1957703704
11.1763935233
11.0410204851
10.8176255459
10.7087147607
10.7579385688
10.5409803364
9.9239716264
10.3779628441
10.9293896628
10.6659136580
10.5172042403
9.8916274314
11.2349443730
11.3240612924
11.2465669647
10.2289539785
9.8996680532
9.6291009264
9.5745061017
8.6406575997
8.8083584779
9.8208986569
9.5353204975
10.4967583108
9.8954784496
9.8289478477
9.3827067425
8.7937923076
9.5414813548
9.8621658637
9.8762542170
9.4680104983
8.6620882587
8.9666534656
8.9458360914
9.3147158021
9.3748072690
8.8529026109
8.3430037175
8.6980584764
8.0459742887
8.3346444483
9.3056305142
9.3814377146
9.1169922192
9.0869932141
8.6983404479
9.2833193389
9.3326958585
9.4818693737
9.5589782613
9.1400002235
8.9135712404
9.3440813173
8.8609022018
9.0107326600
8.4309097760
8.5632479847
8.6019511443
8.7745984158
8.6845788747
8.1143853390
7.7103950786
7.6944344501
7.8395097210
8.0373159609
8.6664297840
8.8840174237
8.7073875081
7.9422912921
8.3910156687
9.1109444039
9.1488996306
9.6246315161
10.2182570760
9.8425002497
10.0650961246
9.3464209032
9.8673459671
9.2342638488
9.8593701072
9.1758612381
9.4133090655
8.5020033250
8.6215469155
8.2562292093
8.9631059109
9.4707371386
9.1952360751
8.3974734388
8.1163668139
8.6586173475
8.9986986391
9.6192019490
9.4083577837
8.7523073138
7.9701198549
8.6285502789
7.2662968376
7.5834181470
7.7024574667
7.8950390696
8.2803621631
8.6096460144
8.7852678800
8.0244385679
7.4677159411
7.7327741882
7.9093533893
7.8476139100
7.4172739019
7.2308938152
6.4376577290
6.4575930261
6.8138703084
6.8384620643
6.9620465079
7.2784780850
7.1401728903
7.2461698071
6.9019253952
6.8697044146
6.5167258977
7.0719740134
6.3843774294
6.3379912721
6.7544917034
7.0497199994
7.6194913014
7.9430405270
8.5204894857
9.0786500411
8.5822907802
8.8609868144
8.3364498263
8.1976905041
8.0724399268
8.5849337026
9.4526878610
9.6099110027
9.9625074782
10.5127806871
10.2214545230
10.4280768281
10.7815215815
11.0128876333
10.8987460694
10.5567038590
10.4369584266
9.7640262164
10.5966982718
10.5397661013
10.4158931760
11.2016924829
11.3354061335
11.7062569571
11.4462014484
11.3459237413
10.8535327700
10.6238645657
10.5734287401
10.7399662543
11.3902472734
11.2333678161
11.3906472153
11.1650688220
11.3635808957
10.7888345741
10.0348057302
9.0072021937
9.2228872978
9.4039714369
8.7883227218
9.3679582641
9.1702998958
8.5939486951
8.4386783177
8.3859157300
8.4746635457
8.5627355905
8.5682894372
8.4155050103
8.4452308424
8.7642235286
9.8836260049
10.1173108664
11.0271239673
10.8437825593
10.4125814474
10.9840775489
11.3212647479
11.8223631285
12.0864185981
12.2725380491
12.6266092446
11.8647209530
13.0306297780
13.0733206489
12.2964305997
12.3969023877
12.3167737307
12.9446291899
13.3556868330
13.5590263448
13.1304943913
12.9604241720
13.8436580024
14.3138638661
14.1299956185
13.6910365073
13.8387760489
13.4025507833
14.3078698344
14.6150376051
14.6817796547
15.2494760221
15.8408602621
15.5383769632
15.3899792605
15.2773876822
15.2654029184
15.2213731349
15.1564178282
15.3364188800
15.2808041707
15.3139149643
14.7002532977
15.1108900532
15.0769956653
15.9547784545
15.6110376027
15.5840934425
15.3082352790
15.1719075290
15.0680368668
15.1661039753
15.2643160749
16.0679136343
16.3514089498
16.4835654355
16.3456422193
16.0408128557
16.5842046229
16.8527399691
17.6467886679
17.7568621611
16.7632893406
17.4247335194
17.8151687036
17.6977950097
18.8210401499
19.3477602057
18.4326530510
18.1555788685
16.9078821804
16.9202580315
16.7793828720
16.9268792179
16.3095441759
16.2994483723
15.3557107175
15.6003910415
15.4628242340
15.5361054355
15.0013146470
14.8615671084
14.7152005997
13.8809686128
14.5225128785
14.3354960808
14.1923773975
13.8614247047
14.0457900015
13.1314887578
13.5734021248
13.8011291995
13.4016735230
13.1539031676
12.1672659415
12.1776056452
12.6319503156
13.8861205622
14.0362398580
14.8597826273
14.5486335855
14.9235523840
14.1229557918
13.8610237514
13.2585202534
13.2173912115
13.5598873654
14.1411651132
14.2398796197
14.2669476004
13.7789427312
14.6134324252
14.7734875114
15.5108224199
15.7411515846
16.5140589706
16.2428683232
15.5662681475
15.9592684911
15.9759715826
15.7373691568
15.6279620234
16.0601879462
17.3615904952
16.7598144313
16.4682497308
16.3560996701
16.6699863389
16.1874979631
17.2915160194
17.2048206477
17.5436411383
18.4383335437
17.0313227137
17.1212728434
18.2771992428
17.4122944008
17.6475926395
17.1612533228
16.1854538195
16.6287686720
16.7719569975
16.8419986197
16.9374274834
17.1176501549
17.4158683216
17.4530414794
17.7192246228
17.7239090462
17.9315082445
17.8591280548
17.5994267787
17.0596526028
16.1947698706
16.5247240001
17.3847791033
17.3282462692
16.2277211664
16.4519477269
16.6119855212
16.9010231628
17.8036272387
17.0424080201
17.3869029047
17.2441702170
17.1165443391
17.6495813572
17.8602068593
18.5302584188
18.6420949067
20.0195374513
20.0471728975
20.3978820591
20.5405846427
20.0486968822
19.5003630092
18.8656584903
18.9610784278
18.9311076680
19.1275532052
18.6802272443
19.0037345888
20.1608162575
20.1459423837
20.0669427765
19.9882046228
19.5889768647
19.6801900021
19.6728375100
20.0780334767
20.1232016794
20.0726708319
19.6272279140
20.5062023607
20.2643697290
19.4805947365
19.9181186377
20.3702296156
20.6962835720
20.6697397626
20.8839548894
20.3428587591
20.6490244958
20.0121508270
20.7074823221
20.8051087018
21.3608220670
21.3713859385
21.0472263465
21.3408116165
20.9999897701
20.2309357919
20.4993880217
20.4069804654
20.2577950505
19.6590966562
19.8562045058
19.6527149665
19.2085796269
19.3912416825
20.0129705546
20.1717398296
20.0750786364
20.5703653524
20.7381537024
20.9008095165
21.6123770757
21.5364699846
21.9984149364
22.7025115301
22.5715480589
23.5535033789
23.2727762021
24.0965184467
23.4974309159
23.2539567963
23.3010376963
23.4648236721
23.0000049259
22.5922807489
22.3727938460
22.2362744899
22.4618384948
23.0267478390
23.5341912270
23.0879769288
23.0987261923
23.6618158457
23.6448049482
23.7036992198
23.5821988859
23.8862304574
23.4714229930
22.6852685532
21.3100790133
22.1311275116
21.5604893962
21.2106809911
20.5642301383
21.3838894677
21.8338777398
21.4754928979
20.2543663490
20.2525668682
20.0679571485
19.2434585444
18.1031680435
18.2529325345
18.2466635978
18.7912510861
18.7842960835
18.8981413782
18.6386808346
18.2452956993
17.9373232169
17.6565013574
17.8584500995
17.7434952829
19.0275110018
18.7785828905
18.1178108716
18.3044280676
18.1220991415
18.2672194664
17.8161118334
18.7962169673
18.0269736153
17.7348624228
17.3564859631
17.3247328505
17.3976520102
17.6670387142
17.2955387614
18.1976634056
18.1118108982
18.1635622373
17.7610665842
18.4354298443
18.8929102198
20.1156969170
19.4657757741
20.5129602220
19.9924312121
19.9883435221
19.6959548780
18.9787616517
19.1801621871
19.1423700503
19.9866842959
19.6338851223
20.7081030709
19.7088901642
18.9219706061
19.1787568338
19.5488895353
19.5041334207
18.7696193492
19.9809642698
19.8703280663
18.6174136843
19.3950156505
19.7850202399
19.0393209199
19.3746195052
19.3573637387
19.7239075353
19.8021765210
19.6688143074
19.3740139708
19.2750394333
18.9502740585
19.0014635567
18.7558589685
18.8271754965
18.7548096397
19.2219891469
18.5945435284
18.6427002011
17.6938016302
17.6250500521
17.3331908019
17.3117700764
16.6620319529
16.5814954069
16.2429911733
15.6203809603
15.0980131738
15.8270657978
15.8096524186
16.3809897108
16.1868069599
17.0474597659
17.5464145002
17.7434394348
18.3031813279
17.8686049069
18.1811846207
17.9770862988
18.4100978602
18.3375400097
18.1394656858
17.0746090031
16.6465671192
16.1155713466
16.1974968401
15.5236975140
15.9799836992
15.8175575531
15.5929333908
15.9209380092
15.9085919713
15.7359242658
15.1880000353
14.4022649133
14.7143676910
14.4317989655
14.3562472187
14.4863801837
15.0249208203
15.0327106694
15.4523176125
16.1746216541
15.3214432084
16.1035998990
16.1141754103
14.7191391140
14.7215144022
14.5753416106
14.4870692217
13.6708794456
13.7012517875
14.1285259241
14.0432688109
13.8022401008
13.4266620808
13.4643037628
13.9322597639
13.5428123109
13.2046805046
13.0244648324
12.3968589945
12.8105248948
12.7069342051
11.7284136034
11.0256823412
11.2617326264
11.5089611546
11.8460440063
12.2107204861
12.5985442140
12.7202167215
13.5062682024
13.3440769852
13.8633001363
14.1850501482
14.3957128912
15.1800846379
15.4798927868
15.5977813859
15.9014711083
14.9295742850
14.4470970100
14.5710949461
14.2602040153
14.7913759622
14.7767193889
15.2164292912
15.7265335529
14.7586233224
14.2266382514
14.9584754978
15.2418807855
15.6065015647
15.4549349588
15.0199264540
15.5037105551
15.1490014768
14.6789843174
14.4818812468
14.3938014530
14.8755045008
15.2959928993
14.9354631888
14.7227017614
15.3972000005
15.5997366290
15.6126976775
15.7354988856
16.0790497434
15.3869853863
15.1648060157
15.2134784273
14.8872245103
14.8911610435
14.9810070788
15.7416595737
15.6369695175
16.3788030818
15.4789266880
15.1178928253
14.4327383940
13.9946602304
13.7933158505
14.1572192628
13.7271734325
13.5872072989
13.5740242014
13.6334788218
14.6694631184
16.3683202628
16.5542518110
16.9239089976
16.6374152652
17.6029020881
17.0119206379
17.5287391210
17.6389255566
17.8280874096
18.4009922932
18.4105297519
17.5981661509
18.5262972081
18.4970732061
17.8170812750
18.2401574881
17.0301879754
17.2696486244
17.0134628829
17.3639349393
18.1119894141
18.0201029328
18.0891383236
18.1975659335
18.1069625100
17.8685281907
18.2066941927
17.7479839020
18.8993177181
18.7533276485
18.0161115408
18.2375589118
17.8087357891
16.8276080049
16.2525839123
16.3399672946
17.0770591010
17.1406932361
17.5673731644
16.8857116028
16.7256879553
17.0773413343
17.5023712859
17.1149952538
16.8488232719
16.3627020065
16.5404228432
16.8581461023
17.6078138361
17.2121794930
16.5173603491
16.9153106016
16.7120875819
15.9668947386
16.4628499607
16.7217951516
16.5101886635
17.0291399306
16.4289648742
16.0297068007
16.3040797709
17.3011807363
16.5121401977
17.1663689939
16.7213569899
15.7726920086
14.3190722518
15.3450477805
15.3056682277
15.4477284353
15.5967189796
14.9928569223
15.3198782925
16.0971218194
16.6983015194
15.6324346239
16.0805757392
15.1237549832
15.9508045720
15.6051919699
15.5511736896
15.5252962380
15.2545028472
15.0984317467
15.3148444742
15.4638511956
16.1193554757
15.3703753761
15.5553754691
16.1408040867
16.2162190168
16.1975412343
16.2949758289
15.9037379227
15.8610270754
16.2674826793
15.9264027139
16.2660339013
15.9833983021
17.1844615054
17.6521074460
17.3308947367
17.9109674098
17.9442515219
18.6885799857
18.4258535122
18.2493023021
17.6721126456
18.1503246548
18.8939624561
19.6111008744
19.3359209714
20.3669772295
21.2635735336
22.1557720136
23.3979174515
22.9088666001
23.0900403745
23.1675948585
23.1026787855
21.3946239133
21.2014908458
21.6099095572
21.5687201787
21.7387419034
21.4763972680
22.0680525025
21.1153917269
20.9616595589
22.0983236624
21.9642208600
21.6170434480
22.3102100657
22.5113591020
21.3735235383
21.4076577008
21.3248939296
21.0500567917
20.8316427873
21.3528878035
20.3951595194
20.3492985849
20.6974087156
20.1576876962
20.1981347079
20.3628217289
19.6841541854
20.0316666636
20.0028657197
19.7111434421
19.4817904603
20.3498647901
20.4504324167
20.0956653138
20.3769173319
20.9880084148
20.5690512418
20.6946981162
21.2131772621
21.3403914390
21.5622447571
21.2771311522
20.8371164179
21.2111270343
21.6022214937
21.2674884307
21.1738468406
21.1126398753
21.7327477975
22.1107260768
21.5771080701
21.6687842999
21.8958449758
22.5620476490
22.4531621461
22.4223305816
22.7429330287
23.2110525929
22.8730045465
22.6292147330
22.5022755065
23.3285102518
23.8497836779
23.2297326637
22.5301743313
22.6775488302
22.7299258596
23.5033679422
23.4977965782
23.5621575066
23.6110121424
23.1186527155
23.1495081055
22.3750086299
22.4843356503
23.0605307606
22.9228753507
23.7968455906
23.6178071133
22.5892479015
22.5300295844
22.2427658570
22.2445160981
22.1245385999
21.7461228938
22.1753011472
21.7397965435
22.7091260254
23.9625533285
24.4768631838
23.6962665409
23.8796523585
24.1137467787
23.3231731354
22.4551330102
22.6889422101
23.3545799716
24.2153699981
24.5499323467
25.8220716560
27.0182959285
27.5660679435
28.3540211544
28.5637772964
28.6945269875
28.5098300196
28.8532917208
28.7207272513
29.4121245009
29.6829126117
30.5877093888
29.9367826468
30.5137187750
31.3091391209
31.4622453772
30.6383419986
30.5111438117
30.1396454089
30.6101053214
29.8919118009
29.8112247669
29.6210745237
28.7288180557
29.5912381458
29.2898079456
28.1245375316
28.0100099683
27.4393328332
27.6755577569
28.6870299558
28.5017599724
28.1612371978
28.9569958585
29.1653690590
30.1705068552
30.9280291801
31.4488677963
31.0863689104
31.4951599568
31.2997921793
30.6091262422
30.8766632183
32.0077455752
32.5717965643
33.3226702717
33.1992597085
33.6067548230
32.4715659900
33.4909182181
33.6233578534
33.6893901436
33.8856758553
33.5457206775
33.2836625611
32.4265759047
32.2512193219
31.9403341364
31.9127047601
31.3574216864
31.5166274286
31.9909920272
32.7165272103
32.1303702929
32.1100051354
32.0386864295
32.2242827491
32.3974267622
31.7290055930
32.5496208809
31.7520045702
31.1742935081
30.8877087811
30.9252003672
31.0779758026
30.7618030304
30.1017509240
29.6387642773
30.2763552799
31.4225712433
31.4655498878
31.7905479298
32.2427915691
32.9927198985
31.9332819663
31.5488566444
31.7133359216
31.7343900201
32.0327567219
31.3647982550
31.4949135523
31.3935947004
32.6910048614
32.7037144968
32.7619979713
33.8936893561
33.5049248559
33.3032993289
33.5662645109
33.6990494734
33.8065085513
34.2281110511
34.7909758948
34.1322493178
34.4346219380
34.9282611081
34.7728374970
34.6970603843
34.3890858051
33.1094885603
33.3985898153
33.3894810855
32.8385565300
32.9852282722
32.7682820051
32.5763329107
31.9068370200
32.6672593489
32.4346477634
32.5402335224
32.9035914750
33.2670072630
34.0816106988
34.1353468433
33.5658949573
33.2085261082
33.0423683133
32.9051047907
32.3322510403
31.6418827969
31.8805599845
32.1327826274
33.0947638670
32.8977076941
32.9279872441
32.4330311593
32.7380283207
33.7306005284
33.0695995216
33.2664620921
33.6095742579
33.6835180263
33.2719063927
33.3415516735
33.3758160421
33.3786659269
32.3062411193
32.6040599787
33.3493195280
33.1463857128
32.7647446379
32.3213075057
32.8465577155
33.6858016615
34.4978300317
34.6486635763
35.5963967251
34.9947639935
35.0020281666
34.5570835694
34.0584172547
33.7640553420
33.5951854738
33.2540026329
33.3950331545
32.5302356483
32.4382098678
31.9099536870
31.3358795831
31.9637752383
32.1952475048
32.0188228534
31.5373802130
31.3843255367
30.1510342077
30.4404063115
30.1693800925
30.3408119916
30.2811537034
30.6514264998
31.4984657401
32.3915432000
31.7508483318
32.0499803716
32.1033708647
31.7308510127
32.1589519791
31.7853718591
31.9718120127
32.2522941457
32.5978301910
31.7515284957
31.8554615323
31.5204568936
32.2977418671
31.3613675002
31.5423671013
31.7924919550
31.9106100198
32.9440565468
32.7553768652
32.3284827069
33.1855602486
32.1044049166
31.4854183947
32.2584769319
32.5270559508
32.6298936449
33.1434714160
33.2802781833
33.6830340431
33.2273106568
34.1374189289
34.4191541885
34.9851706085
34.5056552672
34.0094533705
33.5249237886
34.1017542853
33.9441876426
33.6963919312
32.8347366253
32.0463295821
33.0320325643
32.5582584501
32.2959627723
32.7205619542
33.5268358209
34.3853991030
34.4924869312
33.9426434708
33.7684392747
34.1413044660
33.9228798394
33.7810386652
34.8874882688
34.0750015265
33.3912657147
33.6593164075
34.5506433477
34.2329083032
34.8152623811
35.1100895486
35.5348807372
34.9416216121
34.5243427753
34.8330178394
34.8988336187
34.8991321782
34.6036313918
34.4254303404
34.0056678125
34.9336561668
34.7927186689
34.9864029788
34.4721480430
34.9393971667
35.8582899356
36.5063788545
36.2552983592
36.1425075697
35.8570587426
35.8663341566
35.7975731709
35.8200570981
36.2735992444
36.3041972376
37.1363742487
37.7652404007
37.6826657872
36.5536135987
36.0666218511
35.0280073420
35.4723598494
35.0944638521
34.7601989514
35.3121039994
34.8874913168
34.7496208699
34.3302513794
34.2311879539
32.8096785768
32.5939738782
32.5377506247
33.1178133044
32.9731515953
33.0966688445
33.4486093651
33.2017141869
32.6788421376
33.0581579147
33.0725929538
33.0035291899
32.9240427015
33.1912065087
33.1199362738
32.9388500598
32.3202452960
31.3877598302
31.9402314786
32.2258637888
32.2501898773
32.0723894412
33.0681566141
32.7077272502
32.8503725824
33.0088965804
33.0669862507
33.0075363181
33.3900100613
33.1716912419
33.2874517142
32.7875076389
33.2781051747
33.3309620677
34.3146987405
34.8580114129
34.6843925830
35.0384851162
34.9948369877
35.7907507275
35.7435631325
36.4041962314
36.0419475230
35.8404735112
35.5715521709
35.2865566804
34.8037054741
34.0791510364
34.1781422424
33.7209557475
33.0781195769
33.3743800083
32.7230391735
32.3333893674
33.1844102452
33.2989565392
32.4574180450
32.8802920799
32.9192708220
32.9946432040
32.6069544453
33.4750964387
33.4839555628
32.2132330247
32.3657222255
32.7881312722
32.9098102240
33.1887156171
33.6279949953
34.6290672568
34.9935983560
34.5031159118
34.7473305556
35.2946146585
35.9812843275
35.8716129557
35.0601897523
35.3885309003
36.1374073177
35.9897854245
36.0560193232
36.6479832003
36.4120809741
36.3666236302
36.5544110172
36.5089271900
36.8684693718
36.7377758878
37.5376981319
38.1882023048
37.9041965537
39.1314534410
38.1456054992
39.2923803216
39.1008529594
38.8000293774
39.2619669105
39.6312183464
39.9151388650
39.8825739130
40.3729654616
40.5144325376
40.0419505805
39.4020714374
38.2496900367
38.1509808128
38.7014396710
38.4955412660
38.8470845841
38.9426245739
39.2383405389
39.0523457256
37.9659171227
38.1528552587
37.9826068301
38.5292012003
37.9704006246
38.5265226512
38.7351382966
38.2078412980
39.1945411835
38.5172635683
39.2911111923
39.3311607703
39.9801868502
40.8587265792
41.7122511245
42.0966212844
41.6881564394
42.4439783461
42.1838128416
41.5194386328
41.6667581282
41.1718280280
40.7354176209
40.4183645712
40.2861883215
39.9038114993
38.7495510391
38.5943704906
39.2060153143
39.8007831840
40.2553645737
39.8053516331
39.3083154868
40.4720735724
40.8496444720
41.0146894648
40.4813402470
40.5395863665
40.7636266473
39.9026387711
40.0103198133
40.1756366082
40.3408056096
40.6969722903
40.0499546886
40.1755234774
39.8332165238
39.6929477820
40.7031742833
39.4019650135
39.6207199225
39.7648435824
39.4319671468
39.5223003953
39.2505815821
38.8595925236
38.1844331341
38.5801085472
37.7571160933
37.9007290224
38.2098572354
37.7656233629
37.1641416704
37.8775284402
37.7342120335
37.3989678561
37.1093611380
36.8091280631
36.5710401872
37.0051999184
37.4526054819
38.4555779435
39.0758706450
39.1131965686
38.6872221671
38.3981459493
37.8909008541
37.8152792144
37.0493856980
37.7309485080
36.9905523511
37.5592864959
37.7222574874
38.3728227715
38.4408988267
37.2581871628
37.4980449136
37.6082479506
36.9777168560
36.4326197173
36.6692479397
36.5576701145
36.0705853507
36.6124807343
35.4845573214
35.8855121831
35.8622006057
35.1129001949
34.9415788102
35.3538096754
35.4259948567
35.0861585447
35.4238230894
34.8823980342
34.7382324187
34.7339173999
35.0294076540
34.8812351515
34.7303860371
33.7943809165
34.0099334488
34.4181488615
33.9392045529
33.8799471615
33.3377243420
33.1461314638
33.2338486482
32.6201673669
31.6383661379
31.7076181090
31.6268098964
32.0329093165
31.3378075380
31.5239563492
30.8403791984
31.5875933982
31.5027823933
32.2817378931
32.1727384951
32.3250341232
33.3453560228
33.1846074662
32.7325989239
32.7075554086
33.4348602966
33.2490233365
32.7783186630
32.9257902490
32.8051203664
32.4610758490
32.7904330028
33.5729485725
34.2151443784
34.4403660561
33.8609930836
34.5300709215
33.7519730890
32.9457793123
32.7704326409
31.8911299538
31.5769004304
30.9021059099
31.1288963816
31.7442082141
31.4242507994
32.1668058132
30.7334972868
30.6161130759
30.8985039364
30.4512544246
30.6184142299
30.8481810948
30.6010316369
29.9883927631
29.4427336854
29.2500862337
29.3852540064
29.2739845857
29.2257066157
30.4198808759
30.4752354650
30.6652895678
31.1683927964
31.5726737402
31.4265622464
31.6757810974
31.8933900879
32.0546199713
32.1518044332
31.4763457442
30.6587600381
30.6558671186
30.5415559131
30.7684001331
30.4858542476
29.9683437811
30.7717438741
30.7005700850
30.2580443591
30.5198477468
30.3592738975
30.9489430361
30.9488120677
30.7165267381
30.1378009723
30.1848138151
30.0231206446
29.2224976107
29.9060411301
29.1270926043
28.5634741201
28.4218394741
28.9694793204
29.7035086105
29.5504273476
29.9016100227
29.9628977699
30.9089742098
30.1730708395
30.2413342227
29.8242830225
28.7956385390
29.0534451068
29.9024888423
29.7075549571
29.7561539912
29.3832351282
28.6290277112
28.1631161629
28.1952105915
29.0963585600
29.3904352073
29.0007294432
29.4173754838
29.3529413086
29.0658232359
29.3602443284
28.9745925583
29.5861299538
29.7039520059
29.3703313773
30.1302349451
29.4234964058
28.6378848517
28.4047821483
28.2729802954
28.5478358630
27.7453105037
27.1267116646
26.1012451405
25.5446658249
25.4002765838
25.1013183132
24.5028982639
23.9823367435
23.3565538350
23.1313059017
22.7784653214
23.5834064102
23.6228769584
23.5858842706
23.4965434050
23.2311415323
23.7409735896
23.8180030896
23.8048130679
24.1866810664
23.4524172622
23.8200171940
23.2296546692
22.6167214007
22.5249739215
22.8125588440
21.9500106438
21.8937388793
22.2216419961
23.1022258089
23.0641735654
23.4744229348
23.6088481101
24.5183861302
24.8544551655
25.0284778864
25.3805079564
25.7032683502
25.1881177147
25.4115773882
25.0969570241
25.0171228738
24.7974386531
25.6199268360
24.8048089529
25.0896469695
25.2999101900
25.2555249777
25.2056661016
25.5668527880
23.8520812243
23.4828488003
23.5688111835
24.5311989530
24.5109633172
25.3177334092
26.0439557497
26.1123636073
26.1117782207
27.2451708768
27.6395335446
28.0777093265
28.3990044377
28.2873966667
28.3652102697
27.5375330040
28.6317674554
29.1719026124
29.4340133302
29.2490073272
29.0239211471
29.0118686520
29.1321669226
28.1518701154
29.0330332563
28.8276164778
28.1026548288
29.0684594116
28.8180662273
28.3992857102
28.9630344071
28.8751149051
28.7408858330
28.9221945010
28.4169100697
27.5899635159
26.5389291245
27.0035049794
27.1344750780
26.6643480422
26.7928423351
26.1152152452
25.6836273055
26.5454186101
26.5169436478
27.1367344777
27.2008457565
26.6081229299
26.5243629354
26.0735012566
25.3951768964
25.7359729751
25.2029922319
25.6261128631
24.9210406279
24.7795752097
24.6051342345
