eta5_2
0.4220979657
1.3061804166
1.7973348582
2.3451939933
1.9560408190
1.9866874488
1.5603273598
1.8364491856
2.2796959673
1.3765203067
1.4523178014
1.4250274066
1.6389759484
1.4643912072
1.0470601168
1.6364960204
1.1022143814
1.5234538651
2.4131254916
3.0377907075
2.6500487874
2.5155212836
2.8986234418
2.4971627409
2.0913971991
1.7113087875
1.6828265486
1.8577854401
0.8258810703
0.5207877236
0.3323996795
0.8244360361
0.4328923746
0.3619300179
0.5749318285
0.8261674086
1.8884706900
1.4418891448
2.3743330187
2.9578192028
3.3367854249
3.4180823652
3.4012914231
4.4842473298
4.2824736393
4.7515764584
5.0239806982
4.2714360099
4.1899055880
5.2372730450
5.0759974749
6.0112351991
5.9403958444
5.8327700413
6.4508671553
6.6577016381
6.1423002912
6.4526552991
7.5395286894
8.2013138300
7.5945521647
7.1987399201
6.7779190667
6.4603630016
6.7538016136
7.6137463364
7.4119835660
7.6262053557
7.6767173723
7.1149572575
6.8281049861
6.9852586230
5.8041722838
6.6074692911
5.5299798636
5.9180139635
6.1697892223
6.2561012264
6.6493051121
6.7653376240
7.5277384552
7.8772425176
7.7748075389
8.0393671035
8.4325789828
8.5267659244
8.4326225002
8.5819079204
8.9888352570
9.3543614232
8.4320718906
7.8273163980
8.1058293243
7.2563030501
6.9069928041
6.8107227353
6.5352044534
6.5694027539
5.8096126240
5.7565899378
5.4654954948
5.5045005028
6.0089668064
5.9819172230
5.6975872495
4.9407931864
4.7683787146
5.3582169152
5.4650351412
5.6257450292
5.2072597431
6.0051026553
6.3575073778
6.8872661632
7.3395751864
6.6285186230
6.4782483699
7.1056438753
6.8443488488
7.3613320689
7.7815078417
8.4901535953
8.5631419851
8.4904737408
9.2821583706
9.2691880980
9.7070433459
9.5637634234
9.1890285999
9.8069262619
9.8921028993
10.6994054779
10.3808332703
10.3404663617
10.8614278438
10.2132649102
9.9911966993
10.0468763706
9.3049919786
8.7303683227
8.0886389827
8.7572936868
8.7488960230
8.9670253295
8.5196267347
7.8545030554
8.0124377814
7.5010403402
8.2405816968
7.7820960450
8.6188033654
7.6015336463
7.0013953781
6.8163234923
6.7508709148
6.4797314325
5.9029476984
5.9160859094
6.0319196700
5.7279427640
6.3806322473
5.9566728797
5.7728163166
5.3135161636
5.2886092609
4.4962415772
4.7025204545
4.3878645875
4.0572303021
4.1586727175
4.1058585791
4.0894435681
3.7756923695
3.6507766193
4.3044166553
3.8238762733
4.1512933595
5.0613351443
5.1313749983
5.5656474349
6.6340719832
5.6866532851
5.7800470602
5.7279038530
5.6372157320
5.7539608763
6.3104185595
5.7436141324
6.4349063967
5.6353800422
5.8624727900
5.6540690984
5.0595157275
4.4128945293
4.5409895720
4.2319130762
4.3918920579
3.9664958010
3.4379296600
3.4945269301
3.3215939858
3.6398539712
3.2984305414
3.2914154031
3.2931103238
3.2840722569
2.8532318154
3.5028027095
3.6423222425
3.0942686882
2.5323979038
2.9779671042
2.2857105114
3.6710063289
3.0964141108
3.3528339391
2.9676484385
3.2720121802
2.4533325498
2.3809720843
2.7659622089
2.3902978025
3.5158238655
3.3413694819
3.8969190809
3.6322976450
3.3670327229
4.0117716527
3.9820808331
3.8002315527
3.9663591897
5.0121409420
4.3499894259
4.7250961170
4.7666219322
5.5018744775
4.9743452342
4.8176773331
5.7522797281
4.7672859324
4.3217030295
4.3459690141
3.8011058783
3.9514045492
3.9559829804
4.5026601020
3.8779855483
3.9985940188
3.9910530242
4.0455562654
3.7854598295
3.6268915247
4.6886592126
4.9945345338
5.2838288676
5.4552371404
6.8185858409
6.1080859629
6.6704259533
6.9325161800
7.6842314508
8.0620134893
7.9632708868
7.1919813778
5.5223498464
5.1965717630
4.9283988217
4.6722951501
4.4568591316
5.1450184587
5.3103426183
4.5417101751
4.6943739278
4.7472623689
3.8478660077
3.3944582083
2.7653632032
3.0799280959
3.2484800314
3.2840611779
2.5164676793
3.1102865594
3.3866118341
3.7247129177
3.7257954853
3.4840181632
3.7399732004
3.8617469290
3.6698148674
3.1405474638
3.1906452595
3.3514994254
3.0197562132
3.4693593663
3.0758818518
3.0866931071
4.4611677350
4.5201235720
4.5633122372
4.4655836374
4.2366678762
3.3840693799
3.7825963051
3.2268162169
3.5393375079
3.1839077586
3.8908342543
3.5873976190
3.0980310536
2.6205316174
3.1899532350
3.1298068324
3.0301731215
3.5745428507
4.4029711158
5.0418113158
4.3659650418
4.5541605191
3.8633086587
3.1925660028
3.2240196579
3.7843542596
3.9548363190
3.2734622459
3.6153213333
3.6249541292
4.3327488711
3.8405761492
3.8585842560
4.8197616083
5.7841344286
5.2860151750
5.5952008113
5.5679564415
4.9143905446
4.4097722632
4.2035790321
4.4229585574
5.0940971200
5.4856090929
5.2394876440
4.9532894357
4.9276677077
5.2713953289
5.5110114315
5.3848159922
5.6253089782
5.3398068411
4.9498214852
4.8686813712
4.1874240863
4.0053794160
3.4338621559
4.3854084529
4.8278318061
5.3829897195
5.2765009812
4.4736269355
4.9478392128
5.2026577809
4.9236421101
5.0144414446
5.4325050595
5.6540136945
5.7149620101
5.3716583471
5.2246329025
4.8147471006
4.7905385129
4.6698161571
5.1109913189
3.6051560717
3.8581407283
3.6179240330
3.1958629696
2.8055612234
2.9785025699
2.9551045404
2.3904669181
2.8665158381
3.0722932744
2.9171521104
3.3560872790
3.5514246305
3.0274489077
2.5649450802
2.2794902436
3.1498995464
2.7421132426
3.2416558664
2.8827278684
2.9982811225
3.3733447091
2.2885342294
1.4759167354
1.5993662804
2.3237176315
2.0022141938
2.0213153259
3.1521361627
2.8060281586
2.9853006768
2.8408928704
3.5020891246
3.8948799083
3.8693451115
4.3782452171
4.5018773011
3.5831094332
3.9053177478
4.2234799069
4.0326805633
3.6665119112
3.0168604650
2.8107250930
2.3666748002
2.1210617254
2.1017606724
3.0019786862
1.7889753261
1.7276539938
1.7261737082
1.8719754224
1.7277754663
1.8635285467
2.5746803878
3.0249690536
3.2237884922
3.6165477065
3.2395312172
3.4218174831
4.0089691643
4.5207951015
3.7166807646
4.2138259547
4.3631650121
5.0414090341
4.5914203711
5.0251007009
5.0423624308
5.2686594395
5.6474253068
5.2815061534
4.6051194758
4.7721589416
4.5739862221
4.0402222306
4.4958996786
5.2026637118
4.0459762218
4.1605060753
4.7350499114
5.3109517523
4.4304595973
4.1852789626
4.1601016921
4.6548789407
4.4550883079
4.8677538685
5.5238992239
5.4640928282
5.8225973234
5.7057242320
5.9156693299
6.2328691205
6.0478857488
6.3161752441
6.6189423686
7.2107480655
7.3926114315
7.5024972161
7.3034890248
7.4982456694
7.5534033288
8.2501406435
7.9863305416
8.5211167437
8.3340001650
9.2565252314
8.6747995404
9.0565378579
8.8667334728
7.9418472785
7.7867205129
7.9404529488
8.6019904982
8.5321573159
8.5871919252
8.9604413753
9.0720885581
10.1286315855
9.9267148985
10.2662007888
10.2118557780
10.4174835845
10.1540265990
10.7707881394
10.6663431858
10.4385635022
10.4365239735
9.6268076004
9.4818063713
8.9902484302
9.1906111689
9.5276957752
8.7850857686
8.0878400694
8.1800172276
8.3263711682
8.4843346176
8.7627907690
7.3779243969
7.1279274827
7.0531490775
7.0682615770
6.0587482619
5.5343044344
4.7063792961
3.5431539415
3.7399545024
5.1913743022
5.4124821908
5.2467381476
5.4610788424
5.5457859089
4.8197563283
4.2334966457
3.5777218481
3.6414031878
3.8904324321
4.6924534986
4.6907442580
4.3007508874
4.7249684735
4.2208220061
5.3802050974
5.3523174160
5.9961933197
5.4868289159
5.0691859570
3.6507829794
3.9460147487
3.8415972508
3.8514812913
3.6473805794
3.5561201219
3.3923010316
2.8480618165
2.7674693920
1.4036939188
1.8949121749
1.7625033310
1.2271920662
1.5707341118
2.0781841023
2.6671982870
2.1461633143
1.5207832842
0.4690729627
0.7510102862
1.1030086543
0.7302213451
0.8911001232
1.0297352717
0.9387267872
1.4028957832
1.8294821762
1.0832087708
0.5785356246
0.5698607631
0.4453661964
0.6385840688
0.0590774190
0.3023833315
-0.6701050664
-0.2272588236
-0.5301300167
0.3668065025
0.3880328905
0.4064872086
0.5465945658
0.0837301550
0.9647032638
1.0174822777
0.9770578287
0.5627937122
0.7651089740
-0.0564620687
0.2284881740
-0.2054742428
0.5069328655
0.3659898324
-0.3691979564
-0.6944761749
-0.4869865795
-0.0242109772
-0.3358598149
-1.0484680294
-1.9194464449
-1.1097764843
-1.4590627384
-1.7252173653
-1.8036969141
-0.9512375428
-0.3700500125
0.1744698881
-0.4841935428
-0.9861275400
-0.4235855345
-0.8692316617
-0.9492344508
-1.1609863127
-0.2255990775
-0.6673788618
-1.3707091200
-1.1115442796
-0.4014833292
-0.6706450101
-0.4585936004
0.2946140154
-0.8029620101
-0.1300526378
0.8490846002
0.2396207221
0.3132664288
1.3285257586
2.6251417944
3.6011088495
3.4540624802
3.8881429028
4.0326525312
4.4743674204
4.1586639506
5.0025021129
5.5686696430
6.1464994113
5.0589119597
5.3673075761
5.4328918305
4.8007299928
4.9932269215
5.5109884490
5.2469176221
4.8987345480
5.1695980742
5.5381725165
5.5149961572
6.1229787663
5.4465078522
5.6098910983
4.7786250098
4.2816205202
5.3503664611
5.9523237823
5.5278880330
4.9684987913
6.2895862014
7.4149523406
6.9592850510
6.7420111218
6.8983815343
7.0293144541
7.1415927585
6.6629472466
6.8008464528
6.8997537547
6.7235671752
6.4162981290
6.5429725516
6.5785046492
6.2844760213
5.8115207200
5.7481109763
5.9379241414
6.6603069605
5.8607469244
6.4497735754
5.9052441586
5.6838919539
6.4607436527
5.9393503313
5.9473225948
5.9257317126
5.6321947759
6.7181734189
5.9681512365
6.0752019650
6.0120018462
6.0741525191
7.0412053859
7.4120473160
7.3728498545
7.4563663974
7.1204785577
6.5664918001
6.7699269862
6.0752710644
6.3914679126
6.3490500576
6.2901109049
6.1641157284
5.6319961269
5.6915798431
6.1719937395
6.1970913048
6.1330897388
5.6150158693
6.3448861058
6.6688588850
5.8915151686
5.8219107810
6.2161593720
6.1599921578
6.3767672249
5.4004317152
5.7313804116
5.6719239603
5.5320480040
5.4979768335
5.6205005391
4.7288329169
5.5836267311
4.7789300784
4.5394664792
4.6605895312
4.1442306784
4.2690852995
5.3387124951
5.1377327423
5.0094339550
4.4303202596
4.7222545743
5.1778265075
4.5917837055
4.3548379158
3.3128578354
3.7627253544
3.3561176416
3.7682739181
3.8747173979
3.8695483244
4.1937642202
4.2645289956
4.0931150584
4.5412511636
4.9177775402
5.2633974314
6.0961513511
6.4024939489
6.7264733386
6.7872120812
7.3766872109
6.5301520599
6.0491876155
6.4378835472
6.6679312657
6.2167787610
6.4498817631
6.3767096795
6.4983921480
6.5421708222
6.0493583523
6.4448770973
6.7649329786
6.9353583153
6.4969473745
6.1820350990
5.8662056672
5.4420662618
5.5821870908
5.4011614002
5.5060506741
5.4170901732
5.8376838320
6.5711659691
6.9937648241
7.4776775692
6.5719585301
6.3017335843
6.2537219437
6.4293262477
6.5778196895
7.0495542358
7.5386331125
6.7012791304
5.4965536699
5.4389815444
6.0862491054
6.7759553725
7.2302022259
5.6151266374
5.7372672825
5.5564635883
6.3930711794
6.6229493293
6.7602660663
6.7759065794
6.9246312911
7.0545498547
6.8835763654
6.7995254919
6.6117206756
6.4785380170
6.4918569020
6.1014279526
6.3452229873
5.9108822801
5.6821233297
6.0160863854
6.2576942467
6.0236677485
5.6157429280
4.9993864517
4.6108491686
5.5736101056
5.5833791427
5.4717352583
5.6052698463
6.0787507755
5.5232912723
4.9537438633
4.5778255220
4.5471776986
4.4464198491
3.7631014668
3.7646228030
3.2340592596
4.1360144104
4.1378506022
4.3223713180
3.8074057484
3.5915111592
2.8817486804
2.7836460342
3.1175180818
2.1725725948
2.7955436702
3.3896842208
3.5988591124
3.1654591266
3.4039172861
3.2360763082
3.5192947779
4.1465202103
3.9961501198
3.2438686701
3.2549255514
2.6215823082
2.6117807925
2.6502710156
2.5239559178
2.4324787502
2.7790625321
2.6425549683
1.8401208613
1.6924279470
0.9656213444
1.8265967720
1.5187483292
1.6236031087
1.7194683597
2.3298550119
1.8474277181
0.9196541443
1.0860382920
1.2950142338
1.6993361398
0.9183954105
0.5390668657
0.3782237180
0.3984358237
-0.0531716492
0.4590608312
1.1505478227
0.9787070047
0.4082232803
0.2397652623
0.5385403141
0.9076690999
1.2116865196
0.7039948737
0.4639593940
0.4962037323
0.8321964021
2.0132272300
1.5066767254
1.8843762693
1.8069954352
0.9600977343
1.7498499922
1.7544447475
2.0908408410
1.9989874386
2.5138364504
2.9919818497
2.1072429523
1.8150569834
2.0106021061
2.4166453890
1.6759215122
1.6348839277
1.4185159493
0.6227359474
0.7239235085
0.7395704110
-0.2676849154
0.1547062350
-1.1232604221
-1.9538118372
-1.0514904521
-1.3435523327
-2.6565270309
-2.3737858941
-2.7051443550
-2.6564043972
-4.4480578517
-4.0347755556
-4.3522795623
-3.8328607985
-3.7234138829
-2.2844144151
-2.0305221318
-0.8428579033
0.0723578301
-0.2584365057
-0.2911948912
0.2629452457
-0.4391964923
-1.1139331084
-1.4562908482
-1.9341191446
-2.7551168653
-3.4176042511
-2.9634591030
-3.1652689445
-3.2645132892
-3.4762759175
-3.2769179115
-2.7175092672
-3.0669541926
-3.2329007891
-2.1141663912
-2.0277963112
-1.7919804086
-1.9348004321
-1.1216152080
-0.8040692047
-0.8409934980
-0.5703325279
-0.5676725780
-1.4695684606
-1.2905770966
-0.7763843178
-0.8245970467
-2.0110385704
-3.2594020639
-2.8822651945
-3.7002133371
-3.8248718987
-3.7985127735
-3.3210433701
-3.0314570506
-2.9336842997
-3.4406861285
-2.7054004539
-2.3478744363
-1.8005012545
-1.9866669488
-1.9326489070
-1.5794104927
-1.9926182671
-2.0928559609
-1.4877833013
-1.4982417642
-1.5396017018
-0.9228118674
-0.7976779738
-0.4776668285
-1.0153539766
-1.2408552470
-1.7448169118
-1.9997319945
-2.0539140220
-2.7364327602
-2.4505403390
-2.6130977168
-2.5252359057
-2.8142300225
-2.6682767818
-2.8946662065
-4.0329252121
-3.5582368832
-3.8308964490
-4.4327091890
-4.0544198378
-3.7628637310
-2.8592556307
-2.6418481117
-2.4320539549
-2.5694853117
-3.4245384034
-3.3448449054
-2.6847901674
-3.1133188710
-3.4594275768
-3.0635685739
-2.9573253489
-2.6191884214
-2.9097866787
-2.4295435771
-2.2355653789
-2.2788268145
-2.4563822731
-3.0885895461
-3.6058491778
-3.7511871350
-4.0515574516
-3.9477010941
-4.5347763636
-5.2630610247
-4.9574021718
-5.3258689310
-5.0135876880
-4.3798090371
-4.7727390827
-4.2061853762
-4.0704229227
-3.7677768314
-3.8756316623
-2.5597141002
-2.1987339187
-2.2304623914
-1.8678916536
-1.5503460205
-1.0960084644
-0.7578583469
-0.9279537226
-0.8061505640
-0.6363435382
0.6731491738
0.1661841002
0.2936778941
0.7256102017
-0.5077684774
-1.7139159373
-1.8350232239
-1.2975517966
-0.9578113478
-1.5181996103
-1.2976162259
-2.1266042166
-1.5720163789
-1.9820900133
-1.9407209877
-2.3117773151
-2.5252934575
-2.1722952107
-2.4122669527
-2.8072857405
-2.6659445739
-1.6100481842
-0.9151339576
-0.4838063313
-0.2827827983
-1.2130665799
-2.0804460476
-1.4557595942
-1.7769357378
-2.4579393044
-2.3068302064
-2.0087705037
-2.6583607143
-3.0973448131
-2.9563414608
-1.9705885674
-1.2513163255
-0.9617628128
-0.9953794125
-0.5231873395
-0.0962458503
-0.0201072942
-0.6236147855
0.2725740701
0.1106807038
0.5734921170
-0.0950525932
0.1180126540
0.7873332970
0.7625244400
0.7922973792
1.0132856444
0.9749633303
0.2402521912
0.8351067350
0.8409583729
0.4302081363
1.8587413327
2.0705949273
1.4636090689
0.9684108538
0.5636279095
0.2197497599
-0.1496121567
-0.8427251680
-0.1233664399
0.2249368071
0.6541951509
0.5401458438
0.2232766795
-0.0695903729
-0.5365679481
-1.0501086046
-0.8702353592
0.1095178775
-0.7924643082
-0.5807754968
0.1091310116
-0.3635480572
-0.8969235482
-1.0930924694
-1.1649780649
-1.1898181638
-1.4786026724
-1.5011554007
-1.9209410027
-1.3680745711
-1.1203739995
-0.9752572588
-0.9729630823
-0.7912331878
-0.6599944257
0.1862641362
0.4389892722
0.5965715973
0.8552887776
0.3999647128
0.7753822727
0.5418802554
0.8254295603
0.4883323801
-0.1916993572
-0.7514838195
-0.4529563032
-0.5334109533
-0.4715917828
-0.9563914498
-0.4967967764
-1.1240450790
-1.0561871215
-0.0198180299
0.7908862752
1.1548207742
0.9947228646
1.2183232728
0.9629635816
0.3819572397
1.0978639305
-0.3018923913
0.2403847167
0.0919789760
1.1265144371
1.0417143794
-0.0869079004
-1.2113193114
-0.1348020794
0.4522250387
0.0787971681
1.1339327149
0.2411252908
-0.4044751203
-0.4565620307
-0.1792316381
0.5145616096
1.3183974598
0.4741200086
-0.0889441637
0.0289446259
-0.0021651190
-0.9294559913
-1.0822232706
-0.7033872115
-0.4406056633
0.1241441978
0.2216368811
-0.0793368994
0.1585893112
-0.4379033575
-0.2858208916
0.7536249493
0.1504537280
0.0159463115
-0.2793277310
0.0118096433
0.1036727447
-0.4243745469
-0.0488445751
-0.6009688778
0.3283610338
0.2090705418
-0.3577952427
-1.4355834802
-1.4117980235
-1.2210809223
-1.5806230568
-1.2449388038
-1.1946885089
-1.0233956432
-1.1530209154
-1.0967146574
-1.0144254127
-0.4424875753
-0.6431013270
-0.2118430237
-0.5346884801
-0.6575889607
-0.4692675791
-1.1186739739
-1.1593630103
-1.1569310077
-1.3340536926
-1.0446570638
-1.1421380083
-1.3136787007
-0.9522352463
-0.7332123610
-0.8613443362
-1.4484601057
-1.5337179708
-1.9233721549
-1.0859614553
-1.6780032572
-1.3433859726
-2.2475524679
-2.6059767283
-2.2762929495
-2.3219443960
-2.0018780819
-0.7545449427
-0.6631674808
0.0148482096
-0.1109709739
0.1580030902
0.1249440150
0.5715931761
0.9915693554
0.9910522703
0.6569528780
1.1089513599
1.3622017199
1.1220152973
1.3027705219
1.2360316142
1.2613047587
1.8229609590
1.7252155596
2.2836057095
2.0049434493
2.2926453597
3.2726817768
2.8097443831
2.9408988758
2.8134220595
2.7836641261
2.5691188157
3.2482034555
3.5423353594
3.3941770724
3.5845340424
3.2823644472
3.2003719656
2.4708021335
3.3598176887
3.3793339340
4.3554119977
4.4513084872
4.6435626017
5.2176707745
4.9802991053
5.4402969637
5.2572686527
5.0902168940
4.6631654959
4.6531497504
4.4296243758
4.5929119678
4.0058383357
3.1952170183
2.1344713845
3.3171579066
3.5123208731
3.2230568952
2.3744146048
2.7677051111
2.6734247066
2.9170792650
2.9584967491
3.0402331593
2.9708597874
2.6493694977
2.9436601277
2.8635174963
2.0320882612
1.6504285492
1.4357992523
1.8022858310
0.6256964864
0.8674678704
0.7406378594
0.2407347936
0.5613630692
0.7970569956
0.7206345438
0.4372750974
0.8639753390
0.6098140099
0.6664205932
1.0355977070
0.4865337460
-0.4587246350
0.1921446311
0.1680495798
-0.3031080956
0.3545893022
0.8030792479
1.7883229963
1.9272872619
1.8314539224
2.1814788822
1.2692028080
1.1439093582
0.6634674209
-0.2686537890
0.2853396813
0.7243669848
0.3880585863
0.9935645022
1.6499892769
1.7033899838
0.9463180282
1.0077107483
1.5916464717
1.9166008843
1.2353026533
1.1309279450
1.0370031501
0.9294220999
0.8532214212
0.4060648504
0.2764398055
-0.1236147218
-0.7246211485
-0.2430965059
-1.2756075732
-1.3609670718
-2.7743143195
-3.3039763620
-3.7780317976
-4.0456235449
-4.4577099345
-3.9846735084
-3.6155574467
-3.7619204844
-3.7833528562
-4.2782102317
-4.8441497524
-4.6513865165
-4.5508997376
-4.3812287164
-4.6132850038
-4.4404862493
-3.9581909956
-4.5318629803
-4.8130057282
-5.5679517371
-5.1819331185
-4.9462370829
-4.0145686469
-4.7583164599
-4.3925344574
-5.2036096766
-5.6596722994
-5.9994991496
-5.7303376330
-6.4250479346
-5.5455278849
-5.5419363919
-5.0825230802
-5.6400924774
-6.1039323871
-6.3484382867
-7.1025693348
-6.2298998010
-6.2891266975
-6.7143682812
-7.8303324541
-8.7118729972
-9.0565432527
-9.1590561016
-8.5233415156
-9.5440969320
-10.3945254296
-10.3219898513
-9.8473204174
-9.2654677505
-8.5013510862
-9.0553299515
-8.8802863038
-8.2378826255
-8.6830858180
-7.4602356820
-7.6416757060
-8.4030267306
-8.2842492761
-7.6032251957
-7.3850710574
-7.7623470867
-7.2584589976
-8.0013873624
-8.6190725305
-8.7141133924
-8.6604938388
-8.0546418552
-8.9141504783
-8.8688734332
-8.3070184027
-7.8319902565
-8.5618628873
-8.3637183196
-9.7462790792
-8.8677242867
-9.2777907138
-8.8782418635
-9.3613059084
-9.0814002280
-9.4005565638
-9.3429015088
-9.7482737118
-9.4395334400
-9.0202169903
-8.8798485508
-8.6085748522
-8.2321234318
-8.3475069444
-8.6862829806
-8.0828248842
-7.9203739945
-8.5430705332
-8.5753776406
-8.7496371940
-7.6739715425
-8.0920576162
-7.8109158801
-7.6177879432
-8.0779519246
-8.3888730509
-8.6460188777
-9.2917807683
-9.5078090886
-8.9788323398
-8.6842872693
-8.5596445285
-8.2154963120
-7.3968306460
-7.3251697055
-7.8891317848
-7.5256726481
-7.4610258151
-7.7627232512
-6.5992504807
-7.2405317494
-7.2855075805
-6.0995810393
-5.3996995312
-4.6789644764
-4.6458648922
-4.7738441454
-4.5975325786
-5.2546880356
-5.1236629591
-5.6231759105
-6.1288081304
-6.2791208308
-6.4200175895
-5.7490858188
-6.1271384435
-6.9012333701
-6.8182403592
-7.2393790100
-6.7270213713
-6.7728786277
-6.1305716822
-6.6880537767
-6.1156992964
-6.5613682063
-5.8275693379
-5.5653844854
-5.7305361646
-5.9454978110
-6.1055270562
-5.9099431357
-5.5698749583
-5.2835069980
-4.5731462334
-4.4834478786
-4.3352011535
-3.4188197748
-3.7475115101
-3.2760312656
-3.1565502340
-3.3150705007
-2.9669351699
-2.0599782459
-2.1860115955
-2.9381354479
-2.8269598891
-3.6001995738
-4.2797879762
-4.6111118047
-4.0608484487
-4.4371536502
-4.2464837657
-3.6933851846
-4.2098645317
-4.3199980338
-4.6339555947
-5.0036252442
-5.1694896270
-5.5244098799
-4.6526732652
-4.8897201411
-4.1352591202
-3.9379171800
-3.4174090061
-3.6048055525
-4.0508654971
-4.2013496063
-4.8641650089
-5.2944813495
-4.3152429473
-4.6292384641
-3.6860654996
-3.5421715155
-4.3682342837
-4.1388814288
-3.5647485500
-3.8280463129
-4.2845354207
-3.2766341550
-2.7942146344
-3.8013461502
-4.0352825432
-4.3968761889
-3.9029500752
-4.3170674598
-3.8549490835
-3.0012234597
-3.8318042857
-4.5061142553
-5.6266955366
-6.1051474604
-6.7066404053
-6.9052373851
-6.6077869713
-6.8491724776
-7.3360989063
-7.7027869713
-8.5760663625
-8.3921690905
-8.1193102946
-8.9839536436
-9.7768528138
-10.5662088398
-10.9112409266
-12.1236155871
-12.8615839239
-12.4095918123
-13.1144253210
-13.4745491624
-13.7309041453
-13.4585759556
-13.6365637576
-14.0214308926
-13.3857841118
-13.2175612163
-13.2352791893
-12.8164635053
-12.8644900712
-11.9434198678
-11.5777786939
-11.5110016487
-11.7809406611
-12.1648241980
-12.5126171258
-13.5417671559
-12.9114528493
-14.0568361516
-13.3434267375
-13.4905042742
-13.7636293748
-13.7531984252
-14.0569768114
-14.1486551668
-14.9426699723
-14.8845819192
-14.9262283970
-14.4174976905
-14.6803410933
-15.1161046317
-15.9012581749
-16.4122275183
-16.3655356115
-15.9358062617
-15.9643297468
-16.2263982660
-16.7653229145
-16.9060862594
-16.7012432423
-16.9934043838
-18.0837708931
-18.7574522525
-19.0149539890
-18.7914874791
-18.9758713648
-19.4154315307
-19.6093351108
-19.7505482272
-19.8989106398
-20.8630516112
-20.5826786465
-20.9885706345
-20.6470442600
-20.6263131725
-20.0271153191
-19.6301597596
-19.5753251142
-19.8520002680
-19.4620597482
-18.7332509061
-18.2710821798
-18.5806103453
-18.5905125225
-18.9247522414
-18.9121382248
-18.5821305651
-18.6783516784
-18.1484866017
-18.3911470534
-17.6792922138
-17.3607515760
-17.8655233247
-17.5108221057
-18.8274657822
-18.9746753547
-18.8885561049
-18.6138866980
-18.3356504760
-18.4615479851
-17.8045608956
-17.5501253414
-18.0614334760
-17.7901024967
-18.1257550528
-17.9595427087
-17.9643141655
-17.2300568233
-17.4991688921
-18.1965863055
-18.8348978932
-19.3737305109
-18.6706855559
-18.7643107876
-18.9739028568
-20.3987688235
-20.7427799725
-20.4771384197
-19.8308339617
-19.6655567218
-20.0845214101
-19.8647402081
-19.8458881744
-20.0383923735
-20.5383308974
-20.3045335184
-20.1719466594
-19.9252542254
-19.9198040000
-19.8441717304
-19.1822737100
-18.3463436442
-18.3348086069
-18.5006069669
-18.5660737993
-18.6746691577
-17.8055181755
-17.1050447231
-16.3852216193
-15.7155682559
-15.7967773875
-16.3873584349
-15.9334604998
-16.8757172767
-16.3801878345
-15.6674756327
-15.4364274866
-15.6081505763
-16.8144117351
-16.8321343893
-17.5790887402
-16.7246637230
-16.9759905534
-16.2137769055
-16.6362114555
-16.7321839653
-16.4772188380
-16.6496788216
-16.8083810393
-16.6244763516
-17.2678876267
-16.8265227106
-16.4768199055
-16.8442239954
-16.5939738275
-17.5279539617
-17.2221597608
-17.7502731346
-18.1210791053
-18.3561476978
-18.4387164680
-18.1425526891
-17.3054831446
-17.6140460148
-17.9799853835
-17.8322549417
-17.8341942267
-17.9305310151
-18.3465919383
-18.5666809888
-18.5373988807
-18.1036797873
-18.2392334092
-17.9602342013
-17.3620220571
-17.2355908053
-18.3027705836
-18.3805367613
-19.6908677976
-20.3856064118
-19.8412609921
-19.4061796983
-20.1783579172
-21.0037233047
-20.0828571563
-20.3746394317
-20.0164549470
-19.5703969555
-20.0202457171
-20.2858763371
-20.3051439588
-20.0274789556
-20.5937276688
-20.6439564565
-21.0586583348
-21.3545593311
-22.4398389293
-22.4030287810
-22.1113784459
-22.0321719802
-21.8317119021
-22.4484901339
-22.7578010053
-21.3426337052
-21.7037774415
-22.0398814267
-20.6807154594
-21.1655522546
-21.3362417184
-21.1128656189
-21.3956651796
-21.2363532820
-21.0821089447
-21.7063194486
-21.7745550383
-21.4705621366
-21.6766234011
-21.4254060761
-20.3581431795
-19.7078122620
-18.8048861290
-18.4781882223
-17.8872700751
-17.9448221999
-17.5903586137
-16.8484364638
-16.8654982023
-16.8357310024
-16.2324295893
-16.2217128948
-16.5706587359
-16.1323453958
-17.4976365809
-17.6853041246
-17.3720847668
-17.5510888728
-16.6457013009
-17.3803791199
-18.2538151694
-18.9270017261
-18.9162970148
-18.9562533862
-18.4648732934
-18.6011999920
-18.8846292765
-19.1582533478
-18.4661706833
-18.0338913286
-16.8228463001
-16.1708435300
-16.1051868177
-15.7034717752
-15.7887147208
-15.7060538918
-15.8960623006
-15.1913966056
-14.8494836566
-14.8828435075
-15.7351261459
-16.1032347121
-16.5489203443
-16.6573515088
-16.9611551470
-17.6095063352
-17.8929960211
-17.7968152080
-17.8745252396
-17.5017190890
-16.9932046756
-15.6913400953
-15.6360338497
-15.6293268792
-15.3727458031
-15.2729382527
-14.8271683902
-14.1460797160
-14.4606846245
-15.1448816363
-14.6930305930
-14.2706570538
-15.0029835967
-14.9630212480
-15.4801832310
-15.8588540666
-16.9743234785
-17.0627289823
-16.6520991812
-17.1165137794
-16.7081629635
-16.6169987609
-16.7236406160
-17.1260543565
-16.7803025582
-17.1269518638
-17.9394976523
-17.8134936445
-17.3818796548
-16.7744298366
-17.8357637940
-18.0223301206
-18.4136892847
-19.0359080479
-18.8296663163
-19.2060114732
-18.8839304645
-18.7396316112
-19.0936686918
-19.4555027602
-19.9236799662
-20.7721203832
-21.9411615510
-21.6116301203
-22.4372806330
-22.7283810782
-23.2810322840
-22.9820739211
-23.2331721139
-22.6814913664
-22.6879119813
-22.8669558766
-22.4500943909
-21.9602241329
-21.5384974514
-21.1549204803
-20.9613667281
-21.4832461795
-22.2871044372
-22.7805652937
-21.3436019665
-20.7840372524
-21.2015267621
-20.9262649057
-20.0654137176
-19.6206232729
-20.1485878624
-20.5627236861
-19.9853367823
-19.7665831704
-20.0296463207
-20.1863619033
-19.9957298405
-19.2002171901
-19.0696574996
-19.1751869886
-19.5823833075
-19.9355812952
-19.5216232089
-20.2459065267
-20.4928365748
-19.4405839097
-19.5169377160
-19.0213660991
-18.5448324983
-18.7891622486
-18.5392256190
-19.0652373906
-19.2984822103
-18.9993322209
-19.4283822462
-19.9164279515
-19.5030883035
-19.9230482903
-20.5845312121
-20.1421926567
-19.8501296994
-19.6013812702
-19.7851328604
-20.3194115986
-20.2684487890
-20.4737688236
-20.7007420303
-20.5270454664
-20.6749388844
-21.3315555432
-21.4490556347
-20.9589602804
-20.6636530045
-19.9010915733
-19.2934901882
-18.5778440349
-18.4631213260
-19.1684905480
-19.3324462569
-18.9754911021
-18.5997191700
-18.4430347318
-18.5317769965
-17.9882714170
-17.8814951330
-17.7513113135
-18.0538672764
-18.3357288582
-19.2102718553
-18.8516883463
-19.3317068395
-18.9914772103
-19.1657777609
-19.1988408761
-19.7649007073
-20.2058923568
-19.9803351607
-20.9889953956
-20.9373287695
-21.6750317219
-21.5598206176
-22.1431614336
-22.4322265327
-22.7645098354
-22.7374307998
-22.2696294758
-21.8121718416
-20.8592002768
-20.9647771669
-21.2724744877
-22.2845751653
-22.4558877642
-23.0983582879
-22.9713265046
-22.7841066062
-22.6302222980
-22.0221552510
-21.5528909943
-21.6582472000
-22.2327652377
-23.0943882392
-23.1586250757
-22.5947779185
-21.5067589874
-21.4503045878
-21.8161414721
-22.0041763288
-21.6190927055
-21.1092413663
-21.1084940443
-22.0025793952
-22.5051961926
-22.9910405466
-22.3276006289
-22.6369916677
-23.2094064764
-23.5610691683
-23.7625307071
-24.1856124790
-23.4882401640
-23.1634564284
-23.7826651361
-23.4474544105
-22.9909841563
-22.9455549285
-23.3575563802
-23.3846355716
-24.0819499627
-24.6955781390
-23.7341716260
-23.5450233633
-23.6864424414
-24.5206783484
-24.5904283442
-24.5439896464
-24.2885762904
-24.4117606821
-25.1014721362
-24.8111325080
-25.1912979229
-25.3567928068
-25.4465949993
-26.0977014565
-26.5964047379
-26.5802096459
-26.6917434080
-26.3120758030
-25.3618563750
-24.6684627862
-24.4684884126
-25.3993567931
-25.7528087108
-26.1803558194
-26.8626540276
-26.3684904150
-25.7700514446
-25.2893210209
-25.2545215018
-24.9541782887
-24.9031239607
-24.8965188162
-25.2045639325
-25.1025256106
-25.1628133556
-24.9610837659
-24.8650616079
-25.2439036137
-25.5093342721
-25.3652259335
-24.5695782903
-25.3274755598
-26.0160664959
-26.0477685661
-25.5297659709
-25.3509268881
-25.5987541648
-25.1433867642
-24.7418842301
-24.7509307106
-25.2473251062
-25.4997094411
-26.7418654485
-26.4347781797
-26.9008207729
-25.8138541621
-26.5126873579
-25.8129227809
-25.8509834626
-25.7955295849
-25.9983873407
-25.4922161540
-25.9109402645
-25.7457240931
-25.8110728704
-26.5862831629
-26.9827474604
-26.7343653883
-26.4501758521
-26.5287211920
-26.6180494507
-27.1560819498
-27.1630963828
-26.0097427865
-25.7304645656
-24.9261989623
-24.9229637882
-25.3015682358
-24.3167507519
-23.9401037752
-24.4287932575
-25.2398860699
-25.0685032912
-25.1709397971
-25.2017581535
-25.7730919527
-26.1253404390
-26.6316505258
-26.5413917103
-26.3892354510
-25.6674149987
-26.3911348530
-26.9077581721
-26.5037292711
-25.7720649772
-25.7223495775
-25.9062780591
-25.6624327878
-25.5566595078
-25.0410559453
-24.6238337892
-23.6261620696
-24.1622900448
-24.7113405368
-25.3246096120
-25.1290381920
-25.7580701235
-25.1654321547
-25.2094850810
-25.7002670947
-26.3492296571
-26.5999911491
-26.9835695491
-27.4855163777
-26.4348799301
-27.2392160051
-26.8493308010
-26.8378335121
-27.0893550155
-26.2258030798
-26.4799766089
-26.6070670270
-26.5029100370
-25.6110650284
-26.8253387482
-25.7834924732
-25.2421825219
-25.1909329368
-24.3315862272
-24.5850032585
-25.2867249126
-24.7297618325
-24.9617465198
-25.1480103899
-24.7197238935
-24.8603576261
-24.5665833072
-23.4668440514
-23.8533158526
-23.6955390375
-23.2251712389
-23.2828329134
-23.2940001245
-22.8394688374
-23.5618441368
-23.4796601761
-23.2901254211
-22.4488700861
-22.2359651622
-21.9644952178
-22.3909836245
-23.6681893101
-23.4124897160
-23.4815121374
-23.0548816850
-23.3885151073
-23.7678473330
-24.1405636681
-23.3302056977
-22.8128481596
-23.2246665261
-23.8428381762
-23.7441433646
-23.8265229045
-23.9714384841
-24.2848377016
-24.3144336209
-24.1401453138
-24.2903184549
-24.8314180747
-24.7777298162
-24.4785636196
-24.3734614625
-24.1915727757
-22.8958577275
-22.3874532547
-22.8690657119
-22.9918303739
-22.7209785401
-22.1053420475
-21.9303658481
-22.2814252173
-22.6015294056
-22.8911212968
-23.1877461103
-23.4809633564
-22.7407148179
-23.3304526734
-22.8430309191
-23.4601290081
-23.7380778902
-23.1983694487
-23.2374094127
-22.7568149684
-22.7231567631
-22.7613223683
-21.8035406168
-21.7272375615
-21.2283826529
-20.7408964435
-20.7485283702
-20.6022603413
-21.1380534296
-21.5477451946
-21.2875919085
-20.8593043950
-20.6208570142
-21.5190019942
-21.6367010005
-21.3745518429
-21.6514536045
-21.6864280908
-22.1705430950
-22.4325753455
-22.2765969826
-21.6098725130
-21.6547594636
-21.2069680809
-21.5401655696
-21.8670284911
-21.9133108541
-20.7729069994
-20.3932561743
-20.4581056145
-20.2589235752
-21.2574751659
-21.1127742087
-21.1272717848
-21.5124707367
-20.8472220908
-20.2145121442
-19.9787631336
-20.0335778456
-19.8320499387
-19.0034277162
-19.0693373870
-19.5902374613
-20.2068309888
-20.8245686981
-21.0324017726
-19.6367395202
-19.3899441810
-20.1713462731
-20.2696476043
-19.1073937551
-18.5896698622
-19.0001874066
-18.0806791260
-17.9003772659
-17.1821082454
-18.4582133217
-18.4597545458
-19.2058419329
-19.1454693174
-19.4066746938
-18.6620784748
-18.6079932166
-17.3133959922
-18.5319684032
-18.5268496932
-18.6461037486
-19.1345790542
-18.8230573487
-19.5592005094
-19.6168483471
-20.0865873228
-20.7629264851
-21.0709281245
-21.6408277661
-21.3989229594
-21.0302794499
-20.8347921619
-21.1333966302
-21.3371280451
-21.6845950566
-21.8358809295
-22.6594639777
-22.3407718588
-21.5668333605
-21.4112299844
-21.5363799462
-21.8155713524
-21.9348271376
-21.3401612094
-20.7749951948
-20.9898232869
-19.6489933617
-19.1918277913
-18.5468809252
-18.3477174243
-18.6283154666
-19.0879930147
-19.7864204051
-20.1160776902
-19.9705975351
-19.1519063400
-19.6091501996
-19.7195395268
-20.0735657372
-20.0103424925
-21.0607122699
-20.2833038281
-21.0820188238
-20.5526685143
-20.9714490282
-20.7007484704
-20.9302984011
-20.2715326554
-21.2177794012
-21.7367527443
-21.7269290845
-21.5262800831
-21.4082459371
-21.5211284350
-20.6490887628
-20.5066073656
-20.2059524845
-19.4283197719
-19.1926756712
-19.1925900586
-18.5461563698
-18.6829668111
-18.7634592863
-18.9655513815
-19.1901170284
-19.3793416769
-19.2833946082
-19.7854894329
-20.3714242807
-19.9543621288
-20.4799914016
-19.6457138224
-19.0602304680
-19.4546625465
-20.0290101265
-20.0995806502
-20.7276041033
-21.1229892300
-20.0988718390
-19.7677012420
-20.2398089429
-20.2084666601
-19.4230785970
-19.0517622713
-19.1493749828
-18.6317201373
-19.1664034722
-18.0859454820
-17.5238735833
-16.9589263900
-16.2819149379
-16.8739223081
-16.4135341745
-15.8862121045
-15.7056751653
-16.3943665597
-16.1413021007
-16.3743909617
-15.7134369580
-15.4744120672
-15.7699172950
-15.1942338766
-15.6605987536
-16.1124880695
-15.2472710144
-15.4075462585
-15.5360622819
-15.1576821943
-15.0273267006
-15.2311075148
-16.2522480141
-16.6204557168
-16.1216238713
-16.4741954583
-15.9032871599
-16.4170165749
-16.1045399210
-16.2540078874
-15.7729885438
-16.6705634421
-16.7302940561
-17.1819112476
-17.3767996113
-18.2558776180
-18.2224537065
-18.2327085194
-18.3803990822
-18.7222074987
-18.9120911669
-18.8873543729
-18.6486137542
-18.6534895332
-19.4212538006
-20.4836053986
-20.0191815468
-19.7476906904
-19.5261192734
-19.5898138354
-19.3750976117
-19.0699512745
-19.6557301958
-19.7867428609
-19.3272137760
-18.9870488759
-18.3000842477
-18.9700933666
-19.2778364483
-19.1862313350
-18.9027052015
-18.7609867841
-17.4115150958
-16.7500285228
-17.4751736128
-19.0010730081
-19.1909782768
-18.0726463822
-18.8735144006
-18.4536067881
-18.2536700194
-18.0963048546
-18.0446634400
-18.6051512569
-17.8498327843
-17.7916920466
-17.6955700784
-17.0113137137
-16.8147333885
-17.2789061071
-18.0304213071
-18.0866014264
-17.8595290043
-18.0916721208
-18.1886690809
-18.1425213399
-17.8226176315
-17.7598163618
-17.4379062350
-17.4684605335
-18.6069268501
-18.5195040362
-18.9396681719
-18.8941981966
-18.2310724806
-18.1455549785
-18.2819959567
-19.3292963732
-19.2048961755
-18.6254897199
-18.3189502365
-18.5968547076
-19.2664040367
-18.8415564505
-18.7614387350
-18.1827142144
-19.4620341997
-19.4842846462
-19.2211341612
-18.7110035295
-18.6463078557
-18.9107057059
-19.8822294919
-20.1683233621
-20.2577163900
-20.2988909683
-20.0662094211
-20.1706776979
-20.0648931189
-18.9694356427
-19.4330930148
-19.4204924815
-20.2159428117
-20.3058722483
-20.0004726479
-20.4179374819
-20.6615997275
-20.7636033459
-20.0945240959
-19.9533423467
-20.2740834847
-19.9969080779
-20.2081637788
-20.9675963188
-21.5187229508
-21.5202002502
-22.0999418994
-22.1631289134
-22.2309231932
-21.5798875512
-22.3908693748
-22.1042236240
-22.2187204186
-21.8798040385
-22.5375224699
-22.2528508900
-22.3807406501
-22.1796790333
-22.3356919320
-21.6606667829
-21.8921677607
-22.1145228659
-21.3120052784
-22.0432723640
-22.0622401159
-22.1659704096
-22.2580645607
-21.6604743073
-22.0056711169
-21.7831103769
-22.6975454345
-23.2815599914
-22.7914561331
-22.2160075523
-22.1526809353
-22.7260307419
-22.2625783969
-22.2318320804
-22.1662304842
-21.8399257643
-21.8837260064
-21.9201283249
-21.9014335787
-21.6336205659
-22.8578343882
-23.3714326421
-23.9058813093
-23.7371526810
-23.5249726952
-23.7816806050
-24.1840901290
-24.5509462172
-24.5414591332
-25.1353074149
-25.3398729713
-25.6493406954
-25.2839430370
-25.7208954287
-25.5656728192
-25.4428419966
-26.4031829122
-26.0589868514
-26.2134493116
-27.6306974411
-27.1013126885
-27.3522474718
-26.9264542482
-27.0238924879
-27.2790565885
-27.2375484994
-26.7233458959
-26.2969048711
-26.5711305854
-26.1869758139
-27.2131043886
-27.8120037432
-27.2688265021
-26.9129484405
-27.1934462498
-26.0783941219
-25.6424780186
-26.2626588955
-25.9941000964
-26.1041670600
-25.5967071682
-25.7815055128
-25.8771838405
-26.2332696887
-25.9131408923
-25.6608302762
-25.4328032968
-25.6328246054
-25.8288563432
-25.3899500185
-25.5029385511
-25.5980198415
-24.4735376174
-24.9283031807
-25.3972387430
-25.3299029049
-25.1616498908
-24.9969312904
-25.8387620040
-26.8801814869
-27.7774163161
-28.1139345218
-28.7215162292
-30.0981605663
-29.7656368916
-29.3940369013
-29.1996796528
-30.1576319124
-29.7099745036
-29.4851689648
-29.2144556158
-28.4580249047
-29.2512993420
-29.2405055289
-29.2298219754
-28.4411074456
-28.4478088784
-28.1783910259
-29.0176756634
-29.2184998486
-29.4284706440
-30.1764709974
-30.1883499690
-30.2441290753
-30.5783929229
-30.1733769474
-28.9449544576
-29.8719130498
-29.4312854916
-29.4629659507
-28.6122938439
-28.4934927105
-27.8470647626
-28.0035368734
-28.4626487047
-28.6107719983
-27.8694546473
-28.2869734329
-27.5318238811
-26.9250856373
-27.3642743261
-27.0931923989
-27.2455675241
-28.0361167079
-27.5326875822
-27.7638729868
-28.0050889634
-28.9891600852
-29.6449092465
-29.5893260978
-29.5800782833
-28.6402132428
-27.7836369546
-28.3671930094
-28.1653025337
-28.1137735999
-28.9541545741
-29.2170174317
-29.0198574802
-28.6237676721
-28.7166517235
-28.9361412368
-28.9452939020
-29.2014900785
-29.3946134742
-29.2368446015
-29.0249928699
-28.2266927426
-28.2324762559
-28.4719969982
-28.8384145748
-29.4208763906
-30.2260273438
-30.0284405303
-29.4434019536
-29.7547556846
-29.5159414565
-29.2284753866
-29.2350610111
-29.0192220955
-28.6924041305
-28.4563020052
-28.2110750321
-27.7798472178
-27.6418315737
-26.0602328599
-27.4396312663
-27.5229552458
-27.3423899852
-26.3986377179
-26.2448052975
-26.5337333345
-27.1529565472
-27.0396927635
-26.6478969699
-27.0725103011
-26.4458520672
-25.5436766963
-25.2795775932
-25.5272281273
-25.3224974899
-25.2722161846
-25.8367466756
-25.3304547061
-25.1099509890
-26.1295581632
-25.9346463455
-25.7025971885
-25.6091303737
-25.9575233968
-25.3912031029
-24.5191826664
-25.0760622611
-25.1100078088
-25.1190340480
-25.6573912196
-25.7111296687
-25.9449624881
-25.3601632391
-24.5857860355
-24.9921109429
-24.9854335965
-24.5577860869
-24.6996499856
-23.8249055022
-24.0582093155
-23.2237321187
-23.9866180716
-23.9196657029
-23.6034861255
-23.4919675400
-23.1800755492
-24.0704450978
-23.9724411251
-23.8261212819
-24.2958557681
-24.2333405337
-24.3273145775
-24.1513063826
-24.1412317011
-23.6502295242
-23.6553893253
-23.8341356415
-23.7289952635
-23.9092268253
-23.5808860815
-23.8841106166
-23.9897407215
-24.0788905121
-24.2480396118
-24.7075955172
-24.7058317551
-24.6837889382
-24.4833674072
-25.2601141888
-25.3868820321
-25.0656285894
-25.8677677863
-25.8316090306
-25.1593939201
-25.1153506287
-25.4993967257
-25.3657045737
-25.7226144495
-25.2961331441
-25.2329868122
-25.2394863704
-24.3909307820
-24.8310756628
-25.2799907087
-25.6995270457
-25.0991994535
-24.9197678439
-25.4751384205
-24.8215024450
-24.5167871483
-24.5313916794
-23.6731209495
-23.8117380009
-24.3300819125
-24.5939927634
-23.1414888065
-22.8586060508
-22.6070694805
-22.1396960538
-22.3355121844
-23.5636859160
-23.7955454079
-23.8940568275
-24.9421747840
-25.5336033456
-26.5189809217
-26.5872111665
-26.9366087668
-26.4291401967
-26.1592054466
-25.7741628803
-25.6458186266
-25.3968596800
-25.1783936989
-24.6663545449
-24.2333714903
-23.9067711504
-23.1827925776
-23.3643239123
-23.1276889213
-23.5513406124
-24.4585943024
-23.8779023405
-24.2491304979
-24.5829402336
-24.5470115618
-24.7429342009
-23.9885574464
-24.0314302327
-23.3221661961
-22.9395463070
-22.2894912749
-21.8857601076
-21.7282393108
-21.6264133086
-21.6789678842
-21.3819006313
-21.1710865816
-22.0637878635
-22.0680405308
-21.6969718213
-21.8510018863
-21.1420260195
-20.8334927710
-20.4224183154
-21.4330839581
-21.9310990241
-21.9338289939
-22.3419087538
-23.0851978649
-22.9046321715
-23.5819761117
-23.4458579384
-23.4724393105
-22.3123027337
-22.0574490173
-21.7760779265
-21.5021851562
-21.6558913125
-22.2673787356
-21.4456936385
-21.7752318834
-21.9887309933
-22.6156816057
-22.9431129425
-23.0281468410
-23.3536917933
-23.0506379202
-23.3363723467
-23.5435585293
-23.8751994317
-23.8672677003
-24.2783095149
-23.2885115026
-23.5389383841
-24.1143537949
-24.1846873150
-23.3147318632
-23.8645167867
-23.9798105484
-23.1554689849
-22.6953768618
-22.3004289810
-21.3928624156
-21.0819910762
-21.0191028383
-21.2235080088
-21.5999659846
-21.9011400166
-22.5797634830
-23.2989716118
-23.1700641542
-23.3646100195
-23.4657124894
-24.1335617835
-24.4301533329
-24.5726951620
-24.3617544968
-25.0489969334
-25.0256195997
-24.6567494625
-24.2920919932
-24.1700895200
-24.2951557067
-24.1928894994
-24.3712129798
-24.3095894262
-24.1826553819
-23.3684837004
-22.8946147966
-23.1093511965
-23.5107889202
-23.1279550772
-23.1156532954
-23.8036420863
-23.5902827437
-23.8312419463
-24.8444526000
-24.7364688111
-24.7536469166
-24.9802874280
-25.5381378542
-25.3904867870
-26.2399500176
-26.3668638328
-26.8137281497
-25.8816923285
-25.8045710271
-25.2562539156
-24.9772591357
-24.5104849024
-25.0225349342
-25.4242548073
-24.8591891228
-25.0157666972
-25.3853415924
-25.1427943499
-25.4540280562
-25.7007065683
-24.9573822812
-25.0426389385
-24.8159653139
-24.0512495756
-23.9063173893
-23.6898790021
-23.2733196061
-22.7015885722
-22.6261673361
-22.9612614114
-23.0046213058
-22.7592242987
-22.4366085465
-22.3695747020
-22.0685949938
-22.5475614420
-22.0248966486
-21.6973625333
-20.5916083873
-20.0886394487
-19.5269024234
-19.9376207543
-20.0006676300
-19.6677532671
-20.0375419319
-20.3692403752
-20.6341864905
-20.4014218236
-20.0888728832
-19.5054565428
-19.6145417308
-20.7818791938
-20.5635292091
-20.6800768463
-20.5054067179
-21.3681623218
-21.4385337638
-22.0833324207
-21.8060664033
-22.1059349208
-21.8141205077
-22.4188573751
-21.4215493301
-20.7097001633
-20.8953958647
-20.8116124332
-21.0818412492
-21.4556277458
-20.9878435577
-21.4363640559
-21.4547110573
-21.6907062670
-21.9543703497
-22.1852503002
-22.6046613845
-22.5006875989
-21.8645434896
-21.8417652796
-21.7463484565
-21.5745706692
-21.6801376797
-21.3890842315
-22.1300759390
-22.8232165191
-22.3281694917
-22.4571103220
-22.8193260386
-21.7907427567
-22.5615871234
-22.9328134878
-23.0154073097
-22.8802665605
-23.2818879243
-23.0060334383
-22.7477333965
-23.0250762754
-22.7627763487
-22.1959573885
-22.2163456346
-21.9261429547
-22.2113338549
-21.5575452346
-21.6042241580
-21.4938867402
-21.1234690842
-21.3943338918
-21.5982235952
-21.4308626293
-21.2581505192
-21.7131371556
-21.7754902934
-21.4728556203
-21.2731909999
-21.4248282956
-20.8790212867
-20.6373973334
-20.1995380172
-19.7886348599
-20.9520423067
-20.4520698153
-20.5394555784
-21.3072767328
-21.6165301912
-21.6968560774
-20.9878246586
-20.4338722550
-19.7268174318
-20.7540627801
-21.0249303558
-20.7327408091
-20.9571458382
-20.8807943642
-20.9121464541
-20.6880942575
-19.9421174099
-18.5154146673
-18.3176235525
-18.2803112070
-18.4463604907
-18.9715728166
-18.6224793692
-19.0712370760
-19.2570565142
-18.6282969609
-19.0261433966
-20.0256298059
-19.4196487747
-19.8062350692
-19.0227788746
-19.1855249182
-19.3429214322
-18.8723468943
-19.2456580329
-19.0413612070
-18.4271176053
-18.2458340585
-19.0005052404
-18.5818602957
-18.3990812437
-18.1352834579
-18.6715615151
-18.9053531553
-18.3660848265
-18.4158695704
-18.0289709274
-17.9846584576
-17.6901181522
-17.9601351716
-18.3795280214
-18.5067839962
-19.2009909820
-18.2667585919
-18.7962974869
-18.4998724741
-17.8581999353
-17.9906561706
-17.6211248135
-17.7903061739
-17.5510701462
-17.0700987948
-16.3701312003
-15.9210236203
-15.7181601148
-15.6143796875
-15.7043836036
-15.5496183589
-14.8808582174
-15.3759657450
-15.3145128264
-15.6595972862
-15.6152205259
-15.5819709469
-15.2927795943
-14.5047367545
-14.4042989319
-14.8763987522
-15.3239980021
-15.4415955644
-14.8298976172
-14.7739711314
-15.3396360707
-15.6375173902
-15.5178345142
-15.9382337013
-15.8868405392
-16.0340910821
-16.4734473051
-15.3597210306
-15.8416402684
-15.4760703853
-15.9486274002
-16.2284101217
-16.2159213001
-16.6094388106
-16.0172400755
-16.2652181926
-16.2829633771
-16.8148186699
-16.4049966010
-16.8260543891
-16.7928795658
-16.3424499227
-16.3476798123
-17.6430029097
-17.4863460729
-17.3199699512
-17.3862509144
-16.9778299860
-18.0093563083
-17.7997682424
-19.3334637962
-18.7646192129
-18.6819400405
-18.4174627488
-18.6526784641
-18.8103210111
-19.4664297714
-19.5662046885
-19.1983269686
-18.3525042190
-17.6519445924
-17.9840535768
-18.0286191170
-17.2303260314
-17.8330200334
-18.4039433109
-18.5251628216
-18.5481715169
-19.6085457231
-19.3170817551
-20.0303822724
-20.0864657267
-19.4931089956
-20.3699295783
-19.8575425166
-19.5850046785
-20.0201148624
-20.5305640085
-21.1164246139
-21.4596735732
-21.8689686316
-21.8461281381
-21.9348539438
-21.8167970041
-22.6951610070
-21.6958521039
-22.6731538829
-22.7050393003
-23.9111016772
-23.7328940032
-24.3837219097
-23.4870067724
-23.1380245246
-23.2792370180
-21.8869023128
-22.0021941842
-21.6584880378
-21.5001072858
-21.9710045461
-22.2817904570
-22.2576351915
-22.5067094221
-22.8508218633
-23.5396478662
-23.9350415970
-24.3413741463
-25.0940676630
-25.1814260640
-25.5946438772
-25.0686088109
-24.9734391276
-23.6929449537
-23.9539119491
-24.0263100955
-24.2441093462
-24.1144864873
-24.5154246869
-23.7709014758
-23.9275068574
-23.7636260541
-23.7270393222
-22.8048149099
-22.2579535805
-22.8679263838
-22.0576387698
-21.7548131904
-21.3405691315
-22.1304458683
-22.2005573458
-23.0239078468
-23.3531295927
-22.2867144348
-22.6212231942
-22.8077807685
-22.7879059067
-22.9111285031
-23.1908934557
-23.1992384156
-23.5653725072
-23.4937533056
-23.5142139256
-23.1076914773
-23.0367703776
-23.4821715976
-23.7658599110
-23.2964382537
-24.1316853414
-24.5810726864
-24.4516636877
-25.0811819178
-25.5537398408
-26.4460327980
-27.3224013359
-28.0524409213
-28.0767009402
-28.6314769823
-28.9314236982
-28.2868190261
-28.1630311100
-26.6619221994
-27.0122426380
-26.3362462131
-26.3036694591
-26.3146610300
-25.8534021973
-25.5813797513
-25.4585869389
-25.7607973412
-26.0059856939
-26.0533674876
-26.2515476906
-25.1100716728
-25.1619577141
-25.6572259009
-24.4088336622
-24.8370077336
-24.3862831710
-24.3208963917
-25.3320073040
-25.6659705080
-26.4460043159
-25.0743966899
-24.3835995780
-24.5312234703
-25.1360400051
-24.7428411682
-25.4618497978
-25.1321334315
-25.5565180916
-25.8101104315
-25.0766216651
-24.5056261523
-24.5466827304
-23.6693032890
-23.2490534669
-23.8203843706
-23.8620181058
-23.0040759868
-23.0395895686
-24.0066508398
-23.5651452235
-23.5998494099
-24.1625811564
-24.4527569494
-24.1311349969
-23.9423797136
-23.8356595584
-24.0228744008
-24.6622008533
-25.7176403245
-24.6812180103
-25.2184491743
-25.3141123493
-26.6647457252
-27.8408963779
-27.9835344537
-28.3325712426
-28.3618620916
-29.0145435232
-29.2257327814
-28.6593508142
-27.9609355417
-28.2334993406
-28.3367066293
-28.1159514799
-28.2801466648
-27.8888076331
-27.7590904469
-27.6130906498
-27.7706289010
-27.6801019081
-27.2265711068
-27.5102217472
-26.3730995587
-26.5839457864
-26.5185644991
-26.4542054287
-25.2909230495
-25.0606828699
-25.0968328789
-24.5054352527
-24.2514461738
-24.9568576809
-24.8237577782
-25.2710120890
-25.9891683703
-27.1003980912
-26.8057369615
-27.6022861121
-27.8359715390
-27.9700810000
-27.4425331802
-27.3127026609
-27.2075008478
-27.6917480145
-27.9859829197
-27.4758615283
-26.7521314302
-26.6093528720
-27.1107359743
-27.2037934254
-27.6825140379
-26.9888882168
-26.8795699276
-26.8514680833
-27.5980290982
-28.3525170734
-28.4803753845
-28.0135543763
-27.4231996235
-26.5631129655
-26.5434258205
-26.1110209162
-26.2682942066
-26.1106567067
-25.8731089201
-25.9940702899
-25.6468968239
-25.6648787921
-25.2807296108
-25.2525513803
-26.0760431692
-26.5797110129
-27.0388839461
-27.8166258988
-28.0063446089
-27.5175915947
-27.6352754062
-27.6791052633
-27.7786215882
-27.6355919258
-28.1337540062
-28.3530430825
-28.4393078325
-29.2579744456
-28.3936063288
-28.6670085548
-28.5979489038
-28.1058321383
-27.6696498765
-27.0524704298
-27.7496740273
-27.4097752355
-27.4259878107
-28.2287081817
-27.8462432831
-27.7311462546
-27.2469585854
-27.9409651397
-27.8996324708
-27.6842452163
-26.8468624310
-27.9208088811
-27.3484764784
-26.7010063245
-27.2632958007
-27.5274281236
-27.3035763277
-28.0544732665
-28.0541885012
-27.9304821264
-27.8473978726
-28.3251064443
-28.3487013546
-28.0740579720
-28.8281193530
-29.0400559500
-29.0740510350
-29.4090999451
-29.7697890678
-29.9959873522
-30.4217026962
-30.2659463672
-30.4255291154
-31.1068634172
-31.6063323867
-30.1524375452
-30.0388361872
-30.5242883958
-30.3903181021
-29.7101333330
-30.1030053307
-30.1282774015
-30.3676067477
-29.7967103883
-29.5907076104
-29.0045642339
-28.0939383475
-27.5872138834
-28.1964446149
-27.9317032291
-28.2294042580
-27.9034014082
-28.3316776893
-28.3378432697
-28.3947472797
-27.7493124030
-27.7711359675
-26.9896532682
-26.9556695219
-27.4594992656
-26.8293726705
-26.7574195448
-26.6747550438
-26.8986922553
-25.6026245273
-25.6532522669
-25.5145347990
-26.0146058490
-26.3015144745
-27.2277194005
-26.6028880069
-27.0386383973
-27.3198241283
-26.8221114247
-26.7711293378
-26.5247804845
-26.1063991969
-26.6752208034
-26.0851502106
-26.9374283780
-27.6245528708
-27.4455796173
-26.8547943888
-27.0946990824
-27.1819370443
-28.0539081575
-27.9634201169
-28.3438397831
-28.8805092047
-29.2786111631
-28.6115918408
-29.7533250365
-30.0905547612
-30.1459559041
-30.2487034655
-30.2733541569
-30.6899585667
-30.3772036178
-30.1597816265
-29.9987605355
-29.7663694421
-29.2592706023
-28.5477226660
-28.3645197391
-27.7478586618
-27.2953101540
-26.6509738288
-26.7621939518
-26.5288361556
-25.5167646691
-24.9395333720
-24.9610790588
-25.4300587167
-25.0395655841
-23.6656940845
-23.9794052254
-23.7444255087
-22.8865836319
-22.4978976220
-22.8886481128
-23.1812307499
-23.7271411307
-24.0496638554
-24.7477197307
-24.2716411629
-23.9678992004
-23.8427100383
-24.7948373190
-25.3150197063
-25.9891223375
-26.6620791726
-26.7259641506
-25.9471967725
-25.8257175019
-25.2905723663
-25.7848912879
-26.3320582488
-25.5562003331
-25.9542071957
-25.9954918700
-25.5204211836
-24.9711221118
-26.3666740927
-26.4432020386
-26.6053440371
-26.6648039658
-26.8827270192
-26.1824218739
-26.0618259845
-26.2539063560
-26.3771641443
-25.8429194293
-24.6977741097
-25.2424257262
-25.0009780097
-25.5353950122
-25.0150699634
-24.8157944168
-24.1555863899
-24.0995293835
-24.6244273688
-24.7729488489
-24.1617800004
-23.3315283296
-22.7240540420
-22.7502755020
-23.2136618753
-23.2148028453
-23.8128269568
-24.2268165659
-24.5147129972
-23.7224965557
-23.4276719624
-24.2581088775
-23.9685897059
-23.2924602864
-23.3031947676
-23.1859443738
-22.2285307443
-21.6610764061
-21.2252118615
-21.3331446597
-21.2504714364
-21.1185835235
-21.6791452064
-21.1178441391
-21.1398028728
-21.6221265483
-21.6042908116
-21.9606601773
-22.1673537278
-21.8406152794
-22.1316342824
-21.8058063173
-21.4754397706
-20.9313672001
-20.6804342646
-20.3498539495
-20.6020155842
-21.7219443889
-20.7255299097
-20.5192114372
-20.3177772699
-20.5472089005
-21.7116789683
-20.1814494249
-20.1066725390
-20.3269881456
-20.1374319836
-19.5232935671
-19.9825718310
-20.4573757037
-19.7362741019
-20.6053661667
-20.0309346852
-20.3498766560
-20.5382598854
-20.2228061165
-21.0925973099
-20.4334657263
-21.4014103023
-20.7955111704
-21.1078725972
-20.3759435883
-19.4111283373
-18.8391748564
-17.8619943518
-18.0772372667
-17.3381775556
-17.4502045222
-16.2272162429
-16.4191048967
-16.1258878095
-16.2285130089
-17.0219398421
-16.5756986910
-15.8170469097
-16.2093204352
-17.2926600342
-16.9422729322
-16.9146835896
-17.6629678198
-18.1096189197
-18.1144507779
-18.1558014270
-18.4104238639
-18.2913861902
-18.3447920953
-18.5956816980
-18.6198431841
-18.1821559372
-18.0029731929
-18.6444287363
-18.8681836569
-19.6102504278
-20.2291937942
-20.3180555039
-20.4041915757
-19.9834765041
-19.9006673642
-19.4222335727
-19.7903988224
-20.3247129596
-20.1965467267
-20.5728836048
-20.4426774182
-20.1585735439
-19.8884775749
-20.2538087351
-21.0665995558
-20.6177326471
-20.5633288798
-20.6710964745
-21.5368286939
-21.3673256588
-20.1596445474
-20.4089254555
-19.4716620551
-19.6500778763
-19.8760313189
-20.6056772536
-21.1428831145
-20.8616753663
-21.9458261164
-22.7310913613
-22.7452507107
-23.0855080238
-22.8046762564
-23.1368103558
-23.2919927206
-23.8363464674
-23.5765485387
-23.3043896340
-22.5373546164
-23.2471901937
-23.5290006376
-23.0045073977
-23.6453588658
-22.8916926292
-22.7369739944
-23.9527378614
-23.8163873765
-24.3367910293
-24.5136247775
-24.3136058472
-23.5727308235
-23.9782954631
-23.6956488820
-23.1149750743
-23.5211483915
-23.2991274650
-22.9573526912
-23.1843465016
-23.4855543658
-23.3943982843
-22.9559756964
-22.8211252354
-22.4578803435
-22.3109036662
-22.2968052381
-22.1852814818
-23.2036953747
-23.0038592355
-23.2314887675
-23.2218727417
-23.1071592444
-22.9699311048
-22.4925204085
-23.0005519449
-24.0166407973
-24.3467373385
-24.8024741825
-24.3191107508
-25.0306156206
-24.6737698281
-24.0456971730
-23.4856416799
-23.9779865027
-23.0895321455
-23.2019644216
-22.2792354350
-22.1958018423
-22.3995947598
-22.0532476720
-21.8709172003
-22.3615585526
-23.3395511720
-22.2542513697
-22.2992145197
-21.8465725791
-21.3465446780
-21.2891048815
-20.5185434398
-19.9223360853
-19.0718667127
-19.3902914010
-19.0964656212
-19.1567522012
-19.0115518970
-19.0958958334
-18.8339495117
-18.5258314673
-18.6956699724
-19.2497353459
-19.0037671027
-19.0273982763
-18.4821047301
-18.4161125048
-17.6044708515
-17.5030925012
-17.2070613019
-16.7456437330
-16.0115106430
-15.9310234500
-15.6665216604
-16.0781602335
-15.9670896557
-15.6459275808
-16.1563489692
-16.0120110512
-16.1906295340
-16.0753849977
-15.5782881971
-15.8529695805
-16.5303234670
-16.3595754764
-16.1030238188
-16.2639650955
-16.3425754863
-15.7563309963
-15.8851899641
-16.3949000491
-16.6979375439
-16.6511964022
-16.3177673398
-17.2021851172
-16.6303005116
-16.7863618935
-16.2565440631
-16.8199709074
-17.3294884061
-17.4628688283
-17.5974007638
-17.6271587226
-17.9112242523
-17.6604028260
-16.9026138495
-17.3973315209
-17.1746802309
-17.6857775067
-17.9915023203
-17.7215921203
-17.5128681696
-17.5524111020
-16.9088245935
-16.1069901894
-16.4196761050
-16.7327168031
-16.4023741432
-16.3767833853
-16.5168503177
-16.7555532544
-16.4234745675
-16.6155205807
-17.3792972374
-16.9927724655
-17.0748917388
-17.4554574870
-16.7246183437
-16.6733618414
-17.8395983844
-17.8483826198
-17.9461346953
-17.6263107817
-17.0717982942
-17.5666635382
-17.2985923797
-16.8070344149
-16.9731457616
-16.3486314213
-16.2705450858
-15.8354006726
-16.7157516521
-17.4790864189
-17.2220333792
-16.7470944990
-16.0559388368
-16.6100152919
-17.2545000836
-17.2861094051
-17.3109234440
-17.7009275972
-17.7247221914
-16.9257683789
-16.5198605661
-17.0493400903
-16.8877671007
-16.3997527134
-15.3508503353
-15.7070787105
-15.9775927639
-15.9431713573
-16.2248829699
-16.9832461211
-17.1647688160
-16.7440180621
-16.6618807792
-15.8890854422
-16.4159568569
-16.8375763728
-17.1664937399
-17.2401079855
-17.0889211740
-17.9008645091
-17.8961737320
-17.8484841028
-17.9251466857
-17.5611650030
-18.0531231569
-17.5192334803
-17.2885897677
-17.7246133596
-17.3873487797
-17.7884142267
-17.5937924038
-17.6618002046
-17.8545503102
-18.0720697115
-17.5848312171
-17.4429605709
-18.1050626859
-17.9984057554
-18.2623804207
-17.6524368700
-17.5107875135
-17.3440757253
-17.2048997543
-17.0296703480
-16.8368273225
-17.0459427777
-16.9511191418
-16.8489155620
-16.5922050448
-16.4102914444
-16.5906945872
-17.1307446914
-16.6794140991
-17.4928869151
-17.0595127161
-17.7564440373
-18.5055664083
-18.3870133074
-17.8689697922
