eta1_1
-0.9030622645
-1.1189510676
-0.9728235525
-0.8781017864
-0.5561366962
-1.0003764029
-0.9728065974
-0.5024281427
-0.6258528237
-0.2674469991
-0.2948815007
-0.7988585744
-0.5657396211
-1.0080603450
-0.4389527832
-0.2767183784
-0.1822767052
-0.0963008072
-0.6378489709
-0.9749663314
-0.5416650321
0.2791596736
1.1856224360
1.4644811108
0.9653282741
1.0189327774
0.6460946041
1.0186328388
0.4252201620
-0.5205948169
0.1649458031
0.2903675490
1.5083093500
1.0451030127
1.9485216313
2.4736437226
1.8642616166
2.9551819620
2.5310404596
2.4989514525
2.4970198662
2.2978182679
3.0558495574
2.6729081683
1.4786055756
2.0190025763
1.5809924189
2.2738801504
1.9284600425
1.6031542325
2.7496337433
2.9455088755
3.2505834335
2.8338743024
3.2729960096
2.8221299725
3.2236167969
3.6137088452
3.4317038245
3.5924256561
2.4655553598
3.0495804095
2.5725392709
1.9935319242
2.3302396274
2.2247549392
2.6989370578
2.1105464454
2.1987455179
1.7297071494
1.7012198485
1.6230899817
1.0671901073
1.4604224267
1.6311884969
1.6419340915
1.1324517038
1.7213569431
1.8989443879
2.4557752016
2.5080751358
2.8704864804
2.8020312553
3.2360207147
2.9538645975
3.6930841302
3.3972202325
4.4528677103
4.2745940201
4.2493575406
3.5128003048
3.0944723482
2.9955838410
3.3625450944
3.6687343125
2.9840110190
3.1687453427
3.4605999657
4.0385682974
3.7693569358
4.5879164898
4.0426713502
3.2642718594
2.9479564409
2.4173674895
2.8775391051
3.0726988007
2.8068824401
2.5745101943
2.7496614271
2.0657325844
1.6605127779
0.5639612657
0.3690900705
1.0849411711
2.4502639421
3.8126224550
3.7967256336
4.2979405826
4.6614848353
4.6417637275
4.5421775765
5.2854679346
5.5953213876
5.0227888713
4.5857624001
5.6646039380
6.2859501879
6.3989479925
5.5206455573
6.3860828761
5.8663910322
5.8175577621
6.3469543195
6.2333419133
5.4517224157
4.9673359197
5.0410841132
5.2882552973
5.1989429481
5.4706878130
5.9790926656
6.6664707734
6.8518534163
7.0586358896
6.8239513131
7.0818319133
7.0546963136
7.5427108190
7.8412112310
8.4637057999
8.4125347928
8.6674091841
8.7348532575
8.6928478457
8.3653465977
8.7864834512
8.8829665670
8.8884207102
8.7297488328
8.6514330550
7.9217649612
8.4799820645
7.9553156361
7.9726627504
8.5971962553
8.5588352197
8.1848186113
8.0023303222
7.8772865339
7.9437821591
8.1265061786
7.6081240191
7.5935476844
7.1775498131
6.0763375080
5.3522921611
5.8406060516
5.9651931495
5.9085524160
6.2524981148
6.0828915804
5.6864645200
5.5504875675
5.9271717847
5.6024537938
5.4107571681
5.7377300218
6.9329628426
7.2180882912
7.4021983716
8.3723965738
8.3849981355
8.4046586891
8.5013726614
8.5057105683
9.5441252587
9.7008179105
9.7647742790
10.0637182598
9.6591192431
8.7925813144
8.6609163312
8.4532987032
8.0837662709
7.5565077161
7.2847059918
8.4357058167
9.0114307531
8.9236649201
8.3384479132
8.4252263958
8.2453178153
8.8124981095
8.7686883469
8.5073287172
8.0262956873
7.9737359977
7.4232434986
8.2340838759
8.1677071491
8.1373698600
8.2956706107
8.7006029537
9.1107888863
8.8157566466
9.3842055261
9.1757408920
9.5696776994
9.3240405313
9.4253600501
9.8480377169
10.2020612297
9.5366621289
9.5449894929
10.0787404155
10.1462325029
10.2635342124
10.6211810996
9.6743551467
9.8839347874
9.5655161878
10.2970251105
10.5408826425
10.0666450134
9.7849066276
8.5736991661
8.8351016170
7.9969709851
8.1755866554
7.9300127953
8.0020805238
7.6150531655
7.7190484318
7.4533588651
7.5471910257
7.4652063080
6.8764720447
7.6945390754
7.5811181802
7.3184750819
6.6317047319
7.5790811426
7.1678552389
7.1518396777
6.8302167986
7.3071426270
7.2705569652
7.3728560873
7.8212862532
8.2173641125
7.9694149756
7.3940620474
7.0642693180
6.8633021407
7.1538774383
7.9716210746
7.9957751934
7.5032585267
6.4371455074
6.3911602792
6.6388483893
7.1429636609
7.9171656756
8.0076099084
7.4538906668
7.8050451865
7.1586842937
7.2277489918
7.6674483108
7.5363616031
7.2008438792
7.6864540653
7.5099559658
7.2949979069
7.0425549605
7.0208917747
6.3424962928
6.7089703934
7.6624678175
8.0976558765
8.2661093358
7.3419045355
7.7506959874
6.7104275746
5.5916927161
4.4688919893
4.2146002850
4.8151562320
4.7154075067
5.6619970349
6.2917717152
5.1276980491
5.0452746467
4.5336330026
4.3310179450
3.5399184083
3.0186689052
2.3655034032
2.2936802664
2.0089951049
1.6980712135
2.1283712850
2.2611989477
1.7847630434
1.2374042345
0.7332714466
0.3159524808
0.4993930570
-0.5936173351
-1.2333652494
-1.6204340101
-1.8696351019
-1.2559118844
-1.6551906392
-1.7648389264
-1.8250158241
-1.4496701654
-1.7503636023
-1.9952044734
-1.9677544571
-1.4680624318
-1.9733740710
-1.9299573724
-1.2018083453
-1.0906790587
-0.3814710760
-0.1656321166
-0.2364128853
-0.8845676549
-1.5705759926
-2.1485383936
-1.4518139709
-1.2692426464
-0.1783721474
-0.9709026760
-2.1263713633
-1.7757306895
-2.4701877210
-2.2639044890
-2.2510787324
-2.6547259604
-3.1065149140
-2.4374172638
-2.3316728329
-1.9981761745
-2.1241850178
-1.4607867949
-1.4157944110
-0.9483214480
-1.7639283026
-1.2126344949
-1.0293815005
-1.3355148912
-2.0276674422
-2.5809694994
-2.4220980962
-1.4956686810
-1.3091187297
-1.0125212079
-1.5541954719
-1.1663517234
-1.7787154156
-2.1045609826
-2.9806711677
-3.2922215135
-3.3294060852
-3.8755760328
-3.7231052866
-3.0733103855
-3.9539159417
-3.7189688269
-3.4925846497
-3.4980618046
-4.0734653896
-3.2329350075
-3.3377068125
-2.7540029527
-2.2753639402
-2.4749222967
-2.9168523999
-2.4259241480
-2.0224356127
-1.2465598377
-2.1545311935
-2.0038953357
-1.5270007010
-2.0814806385
-1.7021672643
-1.4734690936
-1.5774441231
-1.3371212171
-1.4728188646
-1.4078805646
-1.5392014290
-1.7131979056
-2.0574063429
-1.8831160635
-2.4236870979
-1.5318554444
-1.1979668752
-0.4964917395
-0.1594736241
-0.8219707593
-1.1691279369
-0.8030582648
-0.5248382965
-0.6242857850
-0.8388613142
-0.9851012513
-0.5321548734
-0.3565890381
0.5189481701
-0.0834555695
0.4996157248
0.7106760978
0.7651084069
0.7594253904
0.3054471525
0.2318785908
0.3468192824
0.0898825892
-0.6378913355
-1.1884452961
-1.2021056563
-1.3925232906
-0.8038116868
-0.0971137947
-0.1535973180
0.0959993275
0.5704078215
0.0537607301
0.5958491786
1.2385385811
0.7633805377
0.6988590957
1.6970286177
2.3029992230
2.7066839687
3.4989573299
3.2657921586
3.2162141552
2.8500184982
2.8387364038
3.0962994901
2.6396631014
1.9826350768
1.6364880373
2.0923145112
1.8527985118
1.1193365487
1.4416886421
1.5420249613
1.8285154442
1.4190712675
1.4305472878
2.0320714935
1.3706167316
1.0286567603
1.7698000649
1.3623453445
1.3158213624
0.8216017818
1.4297521840
1.2894423735
1.2199511160
0.4955156486
0.6460620099
1.9712065073
1.8185640431
2.5627105524
2.1442069335
2.1025252288
2.0621793664
1.7524481805
1.5363860328
1.4274594420
1.3680212590
1.6136247328
1.7977437226
2.0121832284
1.4180185263
2.0834441824
2.9426294634
3.0576750975
2.3599796126
2.7239473681
2.6047316049
2.9537938440
3.3809358634
2.5542364780
2.4010790745
1.9366401866
1.5644512680
0.4649190128
1.6251134936
1.8554281062
1.3109677786
0.9145593910
1.5369504384
1.8664788494
1.7059376089
1.8116018738
1.6984597449
2.2489435961
2.7291377372
3.6026812123
3.9128120489
4.2274850773
3.8659518237
4.6865930701
4.2925640795
3.7321451447
2.4791735702
2.8957119006
3.5442284585
4.1993016467
3.0091476397
2.8702774748
2.8057165475
3.9116532222
3.9231713175
4.2722117215
4.7082125344
4.2601721719
4.2004811108
4.1813223184
4.6051338550
4.8305969066
4.9006325600
4.5086640187
4.5463470557
4.0454285982
4.3663486060
4.2781239553
3.9462731274
3.9937897156
3.7931441398
3.4201212587
3.4040628357
3.7637816119
3.6328838623
3.2062677616
2.8014149767
2.4826413237
2.1906994805
1.7286072712
2.0338442173
1.9404811695
1.7699217081
1.6848679432
1.4866051783
0.6648836107
-0.0436640735
0.2392636294
-0.1266748682
0.3077845811
-0.0464776112
-0.6933266385
-0.7480987114
-0.9732405385
-0.6038689846
-0.3249163650
-0.7146076211
-1.0577713957
-1.4295484409
-1.7239447466
-1.9061110479
-2.3009485740
-1.6212547782
-0.9021443127
-0.2329161400
-1.1509987039
-2.0162369918
-2.0514394194
-2.4711892205
-1.4259394853
-1.8308478298
-2.4348470070
-3.1130248980
-2.9629271351
-2.9989273237
-2.5312695804
-2.3921240171
-1.3129528915
-1.6753461569
-1.5114947769
-1.9205428995
-2.2423564172
-2.2358407608
-2.7879659782
-2.6047356983
-2.8376570233
-2.1571171730
-2.2715689681
-2.4040205325
-2.5894116807
-2.3175734679
-1.9464172595
-1.7428098253
-2.1426520026
-2.9309684305
-3.2787331126
-4.6416030959
-3.8844539832
-3.1912422608
-2.8925995679
-3.3862413983
-4.0305142976
-4.6310974332
-5.0629410822
-5.4424329663
-5.7117870694
-6.0574546883
-7.1495181070
-7.3190884173
-7.2210181599
-7.1858836373
-8.0728980160
-8.7300028697
-8.7686945944
-7.8262828726
-7.7643287645
-7.5412975712
-8.5433531457
-8.3016235327
-8.1112486824
-8.5846471408
-9.2568619337
-9.1614729012
-8.9847498415
-9.0811939867
-9.1927547028
-9.2031236667
-9.2617436377
-9.5627449113
-9.3514080418
-8.3190560174
-8.2858208184
-8.1925419747
-7.9081283661
-8.9355973574
-8.5275144937
-9.3520604069
-9.1489723359
-9.9858070515
-9.7533312508
-9.0596425949
-8.4526699856
-8.5569334869
-8.8852920617
-9.5020398599
-8.6794319668
-8.7970151730
-9.4586470505
-9.8919692266
-9.7680762447
-9.2978180976
-8.9086313718
-8.7800481021
-8.8852521493
-8.9645166892
-9.4475591719
-9.7092990881
-9.6503990916
-10.1427582398
-10.7882365371
-10.9071901949
-11.0618815763
-10.9305728826
-11.5272200702
-12.0658463528
-11.8751893663
-12.1046820140
-12.4276988169
-12.6668694937
-12.6540980713
-13.3296586325
-14.0188054300
-14.3518102248
-15.0640308345
-13.9734261527
-13.3617595578
-12.9211283297
-13.1579772869
-13.6883077335
-13.7925730494
-13.3332825684
-13.8893577065
-14.0976668682
-13.4745752272
-13.4422196189
-13.4983036053
-13.1040415396
-13.3211662850
-13.9184041311
-13.5415409368
-14.0594286491
-14.4857746185
-14.3737093333
-14.8105838675
-14.3525640430
-14.3968684449
-14.7363130592
-14.6715037727
-13.6994121708
-13.2268951403
-12.9864583999
-13.3543111354
-13.2075304784
-13.9548918883
-14.3400949991
-14.3038607775
-14.9942432817
-14.3530256430
-13.5812257645
-13.5742451006
-13.2575956062
-12.7831987856
-14.0120630597
-13.3631029506
-13.2807478811
-12.5999356041
-12.0685936571
-12.2313360872
-12.0389728176
-11.5434918928
-11.1114563769
-10.5842613768
-9.6083822950
-9.5567558732
-9.1775455387
-9.5554467478
-9.2527119610
-9.1665559303
-8.7984693001
-8.3875282424
-8.3753128643
-8.9954138701
-8.0811691018
-8.0054632842
-7.5055940670
-7.6263224598
-8.5842764228
-8.6294850983
-8.7756480746
-8.3399520246
-8.0929702251
-7.2119219268
-8.0507411362
-7.3268137237
-6.8972794162
-6.9467683835
-6.8208658158
-6.6600989987
-5.3554163925
-4.8028592205
-5.4797158927
-4.9968928148
-5.1237997827
-4.7974360808
-4.0050911604
-3.7531640489
-3.4024441932
-3.6365081540
-2.8600718103
-2.8136028145
-2.6867112951
-2.3657167265
-2.4328031861
-2.4190141993
-2.6711690201
-3.6117841571
-3.6199657604
-3.7606161562
-3.7931382529
-3.9678100112
-5.1995924464
-5.6119335672
-5.6791751392
-5.9729798354
-5.9836435016
-6.6926071081
-7.9157327581
-7.3014100518
-7.6955026832
-7.3813905926
-7.6103091190
-8.5012423628
-8.9843896472
-9.7873132300
-9.4078519579
-9.9190340598
-10.3324444707
-11.0704231306
-12.0920261265
-12.0223593697
-12.4033595352
-12.4377515887
-12.1934595075
-12.5767309900
-13.7081103147
-13.2861234799
-12.4962384791
-12.4750339295
-12.0804146181
-11.7529179883
-12.0980761750
-11.7125310085
-11.9591195239
-11.4010172076
-11.1596320474
-10.3505069776
-10.3553236382
-10.0651169192
-9.4561448073
-9.2491068809
-9.2612608948
-8.8306680885
-9.0080206631
-9.7034367471
-9.3409919917
-9.6302924932
-9.6903508457
-9.6907973123
-10.1126021661
-10.4278864658
-10.5284364504
-10.3078672939
-10.2485231908
-10.0695419189
-10.3410045044
-10.3096488603
-10.8168494501
-10.4719411809
-10.3366531836
-9.5937475686
-9.5042572287
-9.8079415370
-9.9648469658
-10.3535145118
-10.8726383563
-10.8938682059
-11.3796813178
-11.3243248284
-11.8312589544
-11.6126983579
-11.6776661846
-10.9402992633
-10.7018210749
-11.9063534987
-11.9309347789
-11.4701956388
-10.8202854418
-10.0648616463
-9.6638137786
-10.0772378287
-10.5248975521
-10.1557584795
-10.1605554490
-9.9728723562
-9.3112604362
-9.2870572142
-8.6233345766
-9.1281778432
-9.6034551083
-9.9711565485
-9.4482865536
-9.5841310033
-10.3088357330
-10.2820196936
-9.9169329407
-9.2149596432
-9.4975037940
-9.2644347274
-9.1623256673
-8.6805801050
-8.3513521471
-9.0037183921
-8.1428149448
-7.8742093211
-8.0521268918
-7.2337998305
-7.2116195690
-6.9620871991
-6.2857580270
-6.3841432527
-6.8345025261
-7.3172376707
-6.9480980445
-6.7535131800
-6.9794069362
-7.4189406439
-7.5534212244
-7.4894257416
-8.0492895574
-7.6772106359
-8.5290220691
-8.9997330470
-8.7002303395
-8.4621457852
-8.1487517410
-8.2174240787
-8.5743662899
-9.1920822438
-9.7665480286
-9.5090671156
-9.7112590663
-9.9602547479
-9.4323364789
-8.8566312679
-9.7592232229
-8.8505981908
-9.2350806485
-10.3335159484
-10.5185411880
-9.4119524878
-8.5088742377
-8.5226458202
-7.8616235525
-7.9516454802
-7.6678309486
-7.5823592557
-7.8000794078
-7.7221263665
-7.3229549548
-7.4041593472
-6.5454949194
-6.1853463324
-5.8496215236
-6.4009530209
-6.2530981045
-5.7484005647
-5.6254900905
-5.9933064468
-6.4947526192
-6.8099832941
-6.8393544233
-6.4591149509
-5.8796384231
-5.6185133146
-6.4016700369
-6.7942004699
-5.8616102948
-6.1091877209
-6.0339856857
-6.4088723918
-7.3133419546
-7.4993727238
-7.6298814555
-7.9667956088
-7.3405907069
-6.5779332355
-6.8747232453
-7.1734185063
-6.8725418328
-7.3837840047
-7.7213155604
-7.5063707315
-7.7701612870
-7.0757078497
-6.6582262772
-6.1071965515
-5.3291972074
-5.5362552439
-5.4946731009
-5.3585680113
-5.1214370583
-5.3526562527
-4.9749270743
-5.3232893476
-5.7706998855
-4.9927550839
-4.3006322354
-5.2317663039
-4.6049745949
-5.1872979309
-4.5970601717
-5.6976535507
-5.0831989756
-5.1046611400
-5.1658497401
-4.7016746062
-4.6740767969
-4.7639599096
-4.5320310729
-4.6305839078
-4.6787931438
-5.1087226118
-5.4823955698
-5.4884116191
-5.6490234585
-6.2443662678
-6.8952216403
-7.1382580807
-7.5975873585
-8.0176892891
-7.6680072024
-7.1035628375
-7.3024304733
-6.9448570581
-6.9936222691
-6.7802120878
-6.4306400053
-6.0311214229
-6.0703627430
-6.0435518002
-5.5012968723
-5.9285060663
-6.8181804903
-5.5861692027
-5.9802297598
-6.2575383310
-5.9931779843
-6.1236054330
-6.0798498518
-5.8745607059
-6.3029400648
-6.6999351100
-6.1405994094
-6.3722764311
-5.9757330859
-5.9372641744
-6.2691515558
-6.2428360766
-6.9434910121
-6.3214658392
-5.5357276170
-6.1560696459
-5.7546498356
-5.9440786680
-6.8434618193
-7.7086227526
-8.2586518645
-8.1957244170
-8.8328685584
-8.9662819328
-8.5689294411
-8.6823378887
-8.8320690459
-9.0688958800
-8.4806138491
-8.1476349259
-8.7515285142
-8.7466890771
-8.6301346092
-8.4280683291
-9.3411498034
-9.2894482065
-10.4460619739
-9.8395741270
-10.2357612328
-9.6583425605
-10.1940580769
-10.6971543231
-10.2236101321
-10.8517222675
-10.5662120261
-10.9814771835
-10.3608795748
-10.5195795224
-9.8510147405
-9.1434926303
-9.2561687648
-9.3881827485
-9.8677884176
-9.2546404912
-9.1757707903
-9.2360774375
-9.7835824941
-10.5779674977
-9.8953334207
-9.5509331845
-9.4911903814
-8.4530146544
-8.4720814579
-8.4103494437
-9.0153543238
-8.5239002824
-8.4624785193
-7.9187619868
-8.0005930902
-7.9208540208
-8.0925691371
-7.8521584590
-8.5245554106
-9.0592646937
-8.3222744498
-7.6815021791
-7.1358563288
-8.1366136157
-8.6775781911
-9.0049969648
-8.5058949748
-8.0570547700
-7.3140404905
-7.9852861292
-8.2794590298
-8.4715644394
-8.1546847296
-8.6097577769
-9.0810684039
-9.1455434848
-8.4372110549
-8.1566877118
-7.9756189616
-7.9952630082
-8.0822822927
-7.5735990661
-8.0315243599
-7.9971852813
-7.3992892991
-6.1488076188
-7.3391212897
-8.0137324467
-7.9120644789
-8.1442763463
-8.1667684794
-8.4360902558
-7.9434531639
-8.5639476201
-8.3925011679
-8.1862392984
-8.6391720922
-8.2358997288
-7.5049615559
-7.0901575532
-7.2371327939
-7.1246218521
-7.4668523819
-7.2497845234
-5.6862767628
-5.3210459601
-4.6865403403
-4.1718997670
-4.3843746717
-4.3851094445
-4.5256797035
-3.2521055795
-3.0215118468
-3.0064113727
-2.7965158618
-2.9335040993
-2.7556113706
-1.9457069450
-1.5961763297
-1.4950411314
-1.7455258863
-1.5920118378
-1.4581478238
-1.1022757579
-1.8497510570
-2.2504875816
-2.2469719644
-2.7590724559
-1.8058335190
-2.4643633788
-2.3346304621
-3.3600461417
-3.3909956213
-3.3706844899
-3.3565478680
-3.9268708297
-4.4350047085
-3.6196267562
-3.2448742988
-3.5898727448
-3.9452797297
-3.7368446009
-3.1754345894
-3.2097437618
-3.0657417824
-2.6814966717
-2.6930318537
-2.3427118022
-3.6453614317
-2.5923491482
-2.9760104693
-2.8417892967
-3.2962667902
-3.4220946971
-3.6995415775
-3.8565684264
-4.1970639200
-5.6306679547
-6.1576332919
-6.2230287714
-5.7748709150
-5.2554290119
-5.0198768969
-5.3045867384
-4.4284240960
-4.4359542862
-3.5133184058
-4.3688556602
-5.3485803177
-5.4125352004
-4.6681641808
-4.3207731177
-4.5459087750
-3.8928910084
-4.0842878448
-4.4096745833
-3.8874728074
-3.8603993982
-4.4074746982
-4.7724310816
-4.7497687749
-5.1050847415
-4.8433141799
-5.2160621363
-5.8263466016
-5.5315552721
-5.8984842418
-6.0430013258
-5.9084869286
-4.9996076399
-4.4053606759
-3.4717480475
-2.7228757464
-2.6892249629
-3.4831287556
-3.8671714983
-4.4190073963
-5.5283334965
-4.9861235016
-4.3553932061
-4.8683536682
-4.3075023223
-3.7455630581
-4.3923828706
-4.1505504504
-4.2799789211
-4.2431712300
-4.2213789924
-4.7441646060
-4.4343895975
-4.1845331729
-4.6303188327
-4.4152896891
-3.5805938561
-4.0144191539
-4.6009459039
-5.2130519742
-5.5360142311
-6.0332640756
-6.8651151034
-7.5533617221
-7.8043580744
-7.5232028926
-7.5088129009
-7.8222576712
-7.4709118812
-7.7724369473
-8.0274149574
-7.5579777465
-8.6397735403
-9.6095576873
-9.9281482132
-9.5248710246
-8.8531211229
-8.6958405761
-7.5884238641
-6.8434605621
-6.2656777558
-6.3206576043
-6.7890521442
-6.5962907818
-6.2521869818
-6.2502765105
-6.2084461516
-6.1573718669
-6.6305212666
-6.4132319521
-6.9800973971
-6.7849178282
-6.8333410522
-6.5491524733
-6.4809448233
-6.5964993626
-7.1452243390
-7.0496286208
-6.5384763565
-6.7014164017
-7.3458832755
-7.9292227043
-7.9568463868
-8.7773522622
-9.2756035381
-10.2028329803
-9.8350920739
-9.9035662836
-10.0623575985
-10.1118672744
-10.2523204526
-11.1151567448
-11.3030045306
-11.5556490581
-11.5017021455
-11.4451631536
-11.3635748273
-11.1543308759
-11.4168471024
-12.1287472978
-12.0620784961
-11.9042909052
-11.7557405059
-11.6941688203
-11.5399508365
-11.3029153241
-11.1609404901
-11.2313315135
-11.6268674260
-11.5482761115
-11.8867262806
-11.2069525761
-9.8970906522
-8.8449616910
-7.9437915369
-9.1882435987
-9.2196280403
-9.5858379613
-10.2044120018
-10.0904660747
-10.8688025417
-11.5245408533
-10.5948476306
-11.0870638053
-11.2576964830
-11.0330769429
-11.1587197578
-10.4219571947
-10.1156361280
-10.4173970929
-10.8238911338
-10.6890048952
-10.8419250610
-10.7158476807
-11.1183832327
-11.3092364618
-11.1237825967
-10.2364823546
-10.6852259401
-9.7755522798
-10.3617323123
-10.5735869665
-10.9167798239
-10.4411868154
-10.6007449650
-10.6918156425
-10.5709953524
-10.1505973959
-9.8396448150
-9.2786468794
-8.9769627676
-8.4809113058
-8.3606769964
-8.9331114918
-8.1073675435
-8.6791015846
-7.5893712978
-7.3960541827
-7.1583764533
-6.9395629435
-6.2305375649
-6.1852087315
-6.3213385449
-7.1305481777
-6.6411670927
-6.9943735623
-7.5747565422
-6.9005094998
-6.0652984671
-6.6138023404
-7.4641884111
-8.5446210181
-8.2479562854
-7.5524158770
-7.5987410650
-7.2369948860
-7.7486439402
-8.1950407750
-8.6324655069
-8.7181469757
-9.1024965170
-9.0162865864
-9.4140664547
-8.9842425557
-9.8089780429
-9.4130863251
-9.4024263460
-9.1658964012
-9.8659110358
-9.5953794112
-9.5289446227
-9.3638552440
-9.3643725481
-9.1097682911
-9.3826979802
-9.3996633791
-9.6254291888
-9.0917285463
-9.1133799446
-9.5591710308
-10.2643772143
-10.2633664112
-9.8158247630
-10.0582211795
-8.9956907690
-9.3678579675
-9.2022178200
-8.7743130179
-7.9588651441
-8.9161260446
-8.5485033910
-8.4452857099
-8.7652505351
-9.1627888203
-9.1365737459
-8.5450140019
-9.0157909401
-9.0057491141
-8.6207573944
-8.4578971197
-7.5840152228
-8.7977138804
-8.7280672565
-8.3911778362
-8.1406887150
-7.4885963354
-8.4169114072
-7.4679065793
-8.4494591536
-8.8506477072
-7.7459284655
-7.8374852054
-7.4443879666
-7.1855776739
-6.7263002774
-6.2767205918
-6.6972437831
-6.8217288105
-7.1449855313
-6.8880621677
-7.3788732513
-7.5525302263
-7.9735891734
-8.6572535680
-8.8290239851
-8.3954884743
-8.4643756821
-9.0321521325
-9.4291364684
-8.9837564072
-7.9124461610
-7.8417406117
-8.6142342061
-8.2848401970
-7.8114066439
-7.8965966514
-7.6653464841
-7.9152293091
-7.2979849456
-7.6758087519
-7.2191934605
-8.0497870981
-8.2835298852
-7.8841092796
-7.7903452566
-8.1482288551
-8.3191172891
-7.8663294782
-8.3399055921
-9.0573432371
-8.9550411880
-8.8893333929
-8.3353033813
-9.0899353693
-8.8385641040
-9.3709601661
-9.8866804926
-9.3750447333
-9.7083413949
-9.2767867858
-8.6655104777
-8.7337702981
-8.4118654777
-8.5788921650
-7.8536784152
-8.3073721780
-7.3688751975
-7.4396266652
-8.0016047411
-8.1844702146
-8.1597553594
-8.4342543840
-8.0355771381
-8.9296827028
-9.3331215542
-9.3793399777
-9.0081985900
-7.9322510570
-7.9250944476
-8.7706268356
-8.2410352742
-8.3939625577
-8.1703523107
-8.3619166376
-8.5061729357
-8.3313416011
-7.6613074530
-6.9867076044
-6.3107222911
-6.6600262770
-6.5305765391
-7.1700152063
-7.3363874696
-7.1200178968
-7.4628613431
-7.6496124087
-7.9534743311
-7.2638459135
-7.3427551794
-7.0934455911
-6.5497926667
-6.8201276245
-6.6399912624
-6.7645101757
-6.8715849655
-6.3718073295
-6.4326840950
-6.5961661757
-7.0002945968
-7.6663004258
-7.9432683270
-8.2416336009
-8.6072910305
-8.0288762226
-8.2810067396
-8.5751914723
-8.4307897484
-8.9538558549
-8.6040212096
-8.0214386645
-8.5220667317
-8.0643537224
-8.4242800251
-7.9338750218
-8.1534235189
-7.4892567550
-6.2310950838
-6.1711069214
-6.0664893543
-5.2082174054
-4.8451605850
-5.4110046148
-4.9188250851
-3.7077228254
-4.7632246343
-4.9777624718
-4.9471307191
-5.2683879913
-4.3249592739
-4.7795158580
-4.3975956046
-4.4278672319
-4.5763321931
-5.2650058144
-4.5506658217
-4.9113936905
-4.4430422331
-4.4919798154
-4.9233913296
-5.2034765964
-4.4971911187
-4.0593121027
-3.7863048129
-3.8450979675
-4.6618287371
-4.3416637136
-4.7358062319
-5.1892840126
-4.5721208723
-4.8448696415
-4.8570967874
-5.1351724234
-5.2711704063
-4.4927702038
-4.4097112744
-5.4887055492
-5.7289147347
-5.4143263436
-4.4123985791
-4.1257963145
-3.5121164514
-4.2553484680
-4.0968801873
-3.9086016081
-4.2866020503
-3.6107316997
-3.1304817314
-2.0190922467
-2.4392986739
-2.1215813133
-1.4754758798
-1.7512226580
-2.4477162030
-1.9032993939
-2.2085184603
-2.2207144816
-1.1719879095
-0.9812686833
-0.9875843965
-0.8330516619
-0.3365768204
0.3850220694
0.7755823823
0.8472556979
0.7883041198
0.1555112689
-0.6505676965
-0.5215446125
-1.6198911500
-1.6718883035
-1.4857987160
-1.6637701664
-1.7143835990
-2.2028839249
-1.7515682702
-1.7983598195
-2.1357389488
-2.2475010188
-2.3745157993
-2.9789924976
-3.0431381632
-3.5074941260
-3.5085407771
-3.2495128484
-3.0183480500
-2.9708567026
-2.4139026953
-2.3355185716
-2.2312055552
-2.0422091141
-1.4976341836
-1.6390228795
-1.3325665112
-1.7212473497
-1.9748159936
-2.2449776297
-2.2252614304
-2.2545538650
-2.0128254282
-2.8579127087
-3.2865742795
-4.6768670615
-4.6833429750
-4.6034453855
-3.6989013500
-3.0890690365
-3.1437856001
-2.6945232648
-2.0962496462
-2.1418765350
-1.9885065280
-1.7219090820
-1.8049989236
-1.8983025488
-1.9261675841
-1.6133255440
-1.3734902365
-2.1840576335
-1.9776445258
-2.5064906464
-2.3577596155
-1.4186215008
-0.5548967467
-0.2366827186
0.1353052635
0.6037955020
0.3542199504
0.2748605564
-0.0608230405
0.4854046752
0.2849229676
-0.5218672245
0.5483234249
0.6105573218
0.7507678886
1.1033221952
0.4841465307
0.4671728960
0.0078221460
-0.6620025512
-0.3408280046
-0.5593162366
-0.7556367145
-0.5666235218
-0.3523689110
0.6001672336
0.7508708970
1.5505831418
1.7295621283
1.2568950211
2.0465781499
1.0566760193
0.2681802734
0.7016521715
1.3944480123
1.5044159096
1.5506113011
1.4750823720
1.1608096626
1.1160527571
1.2886575474
0.7882115524
0.8042811939
0.8063631884
0.4102355287
0.2911553519
0.1448142017
-0.7103615090
-0.7791271269
-1.5313023068
-0.8379139847
-0.7932166730
-0.3490653412
0.6171586055
0.2826933865
0.7843939442
1.2999125780
1.2904300683
0.2226790771
0.7622831130
-0.2352015425
0.4579595130
-0.0190339348
0.0066986810
0.2720014112
0.7019484636
0.1658675955
0.1629135491
0.5955781894
0.5837645610
0.2066571080
1.0346650906
1.2049834084
1.7531755864
1.4848115568
1.0761341284
0.6945250731
0.9892278107
0.5154870170
0.7215865578
0.0234677002
0.4099586085
0.5806988240
0.3626865464
-0.1098951598
0.3350740855
-0.6015342050
-1.0981261595
-0.9459697613
-1.2669417491
-1.2477455970
-1.2126215644
-1.5249532119
-1.9156772651
-2.2300947797
-2.3016518615
-1.5453229176
-1.6913064214
-1.0035581307
-1.2279468479
-0.9176492084
-0.3033968403
-0.8137991857
-1.2389815566
-1.1420924284
-0.5185032648
-1.5606411985
-1.4400592318
-2.4155386463
-2.4042919936
-2.6959880683
-2.7583973082
-2.5214921984
-2.7052253110
-2.6420160461
-2.7807566959
-2.3586349485
-2.6181293065
-1.9146806890
-1.6381949652
-1.3091396849
-1.7996544754
-1.7661088831
-1.7963599060
-1.9435795946
-2.2651395088
-1.8301679089
-1.0320994066
-0.9045798737
-2.0266691210
-2.0825402057
-2.0901429251
-1.3337410520
-1.3948300621
-0.8989444547
-1.0983735374
-0.0604972450
-0.0443838441
-0.8610824542
-0.4314365177
0.1115641575
1.0930948718
0.6396991468
1.2447228652
1.0038539092
0.4140047968
0.6601155012
0.5518774116
0.6506016382
0.0367856429
-0.3647731060
-0.2851011901
-0.5810417990
-0.1088167699
-1.6341394792
-1.1140022275
-1.0316908305
-0.9535728747
-0.3692889539
-0.1362379270
0.1906636643
0.2204646403
0.3362438671
1.0710976522
1.8165487786
1.8527689229
2.3901504301
2.6515669790
2.3126832689
2.4795526326
3.0956161498
3.7177311998
4.0612421058
4.0984856882
4.0599667836
4.4603403731
4.1755236208
3.4950777890
3.2648867972
3.2086869206
3.6461594977
3.4236916218
4.0442385222
4.2147216251
4.2842079444
4.7289580795
4.3337406201
3.9459469956
3.3011351182
3.0484165274
2.8264692437
3.0806955486
2.6419267834
2.5601697180
2.7493350500
2.8058081213
2.5171962496
2.3749841314
1.7436094756
0.9979645575
1.6659335519
2.2667623393
2.4561008475
2.6554894010
2.8052926940
2.1021539504
2.2695455069
1.7754709474
1.8034763178
2.1566889049
1.8989417383
1.7922787394
1.6298573623
2.0011175028
2.6655675652
2.6584860705
2.3617358985
2.8057834689
3.1092446948
2.8321889449
2.6943773696
2.9380202508
2.6728899331
2.3096228839
1.8965787740
2.4665295602
2.6295530671
2.2568606170
2.0802993899
2.4459536899
2.1258941196
1.5885911928
0.6398275042
0.8993015689
0.7059748346
1.4488585180
1.5765987622
1.1872838328
0.5468684190
-0.0503525180
0.0135711217
0.4033283990
1.8681229451
1.6006887255
1.2856734916
1.1265682903
0.6406675922
0.7427877389
-0.1423583835
0.0200031524
-0.3300540435
-0.7677341845
-0.7752418347
-1.6630583927
-0.9478747895
-1.0815976879
-1.1566381836
-1.2126238761
-0.5225347123
0.0425868750
-0.4341365950
0.0673234975
-0.1849231941
-0.3630111344
-0.8151793846
-0.3576485497
-0.1733602130
0.4273653432
0.4639828591
-0.4919904236
-1.2924281067
-1.3261020586
-1.3465414570
-1.7455623976
-1.4966731783
-1.4600448177
-1.4191003899
-2.0419031666
-2.1750124856
-2.3903555878
-1.9094565750
-1.3544189230
-0.5665964680
-0.8591425168
-0.7124296521
-0.9511652317
-0.8180347237
-1.0438496414
-1.1746522406
-1.9270183373
-1.6369094239
-1.3290435706
-1.0305829620
-0.4306780807
-0.1648915809
-0.0903290114
-0.0150406130
0.0204166150
0.6051976823
0.9431355029
1.4248178943
1.8546060450
0.9210602469
-0.4397279551
0.3637301678
0.2712902044
0.3362482140
0.0296888641
-0.1816586739
-0.7228745900
-0.5542389220
-0.5554098226
0.1430348707
0.8591699102
-0.0868756783
-0.5838814399
0.4268643802
0.3760148229
0.5220006196
0.5009168703
0.9179588947
0.9665938229
1.0855636909
0.7708765484
-0.0069705539
0.1895111225
0.8736341707
1.0864580565
1.0132755933
1.1057050777
1.7731259617
1.0649574714
1.0241458257
-0.3411598305
0.0501657165
0.2401868584
0.7073390435
1.5046701807
2.1322102773
2.0284737784
2.0805903315
2.1020919816
0.7308773182
1.0560851739
1.0072788976
0.9050283031
1.2718764909
1.7310691414
2.4114471762
1.9723322061
1.8942617017
1.7972071205
1.7828036385
1.8402893576
1.6349826710
0.5578362188
0.7873678414
0.4246351462
0.5175623825
0.5592005221
0.9155654815
1.5219114173
0.9712203348
1.1896747274
1.4322327062
0.9082611817
1.2302939220
1.8177757494
1.1427954921
0.8380575057
0.6606376187
0.0179512068
0.1049521917
-0.2665067279
0.4187604479
0.1072331731
0.9114635113
1.2459205427
1.0921274299
1.0511477696
1.5140044383
1.8342557965
2.1765628117
2.7258995902
3.4612060930
2.6804707708
2.8641538847
2.5229073313
3.7218493309
4.3369467246
5.5848753776
6.1865882035
7.0377525436
6.8446799565
6.0815421300
5.4264326212
5.1544370403
5.0966691948
4.4697624823
3.6411318154
3.2964363330
3.3119969565
2.3593455413
2.9747304578
1.9350250182
2.4672610409
2.3705495089
2.3570577668
3.3689750334
3.3074894629
3.5416846423
3.8862575616
3.5983633061
3.6247464592
3.9510267771
4.0993650361
3.4475132109
3.6608469507
3.9073331587
4.5849806122
4.8186364754
5.1504453092
4.9245839284
4.8793952501
4.6365183041
3.6522155781
3.2559065658
4.0036128465
3.6410087339
2.9721851145
3.2867220238
3.4231983956
3.5865040062
4.0184672749
4.3639787358
4.2317373563
4.8027488125
5.1314599907
5.6954813184
4.9802652469
4.9108206201
4.4700270176
3.9540111867
3.5750658826
3.6046793061
3.3934426870
3.6998431085
3.6063173863
4.7317017250
5.1093866533
5.1283482700
5.4841968414
4.8512313878
4.1443643926
3.9234622948
3.5674565869
4.5310927081
4.4300705649
4.6902687783
5.1598738688
4.8291936016
5.0487782287
5.5095204817
5.7358088717
5.8519432680
5.5761540834
6.2299128004
5.7062230055
5.3600904095
5.8036916520
6.9014899055
7.2950936528
8.3403115297
8.3537404205
7.4535489999
6.6867937842
6.1418021805
5.3060115304
5.7621995494
6.2273786639
6.1740886887
5.7432233292
5.6506770000
5.6025665408
5.2902339530
5.2857342819
6.2891878920
6.4955963775
5.6150029518
5.3417107921
5.2511441032
5.2312295788
5.1069334271
4.8498654437
4.8727037421
4.3382522376
5.3348661424
4.9265829782
5.5273815628
5.3089942773
5.2567401787
5.9122742602
5.9142453046
5.8804940652
6.3558311623
6.1552059074
6.6105837836
6.9064387761
6.6269405955
6.5381041830
5.6895859451
5.2927479541
5.4648304978
6.1920739223
5.7809926022
5.7488795586
5.3263636431
5.9192517197
6.0729424101
5.3829500903
5.7832102677
5.3162772860
5.5813396746
5.6989861672
5.6253428264
6.0725622251
6.2228451379
6.4069347473
5.5704211196
5.4505347164
6.3902478893
5.5360387906
6.4146623627
6.3583358651
6.5041569481
6.1654702514
6.9117029288
6.2290866518
5.5081143393
5.6427616926
6.2421513349
5.6901387437
6.4655041402
6.8982182105
6.8972655539
6.6313571146
6.9083204844
6.7036709439
7.8376189982
7.7830676530
7.1151693257
8.3885403860
8.2998867785
8.3081795214
8.7396967731
8.8263676585
8.0839847635
6.8732981368
8.0174153316
7.9016263165
7.3685120943
6.7780196831
6.3863310032
7.3295372862
7.8669866077
7.2811317760
7.7475940375
7.7760460971
8.0403077126
8.3330220883
7.8310230387
7.5939322362
7.6165268089
7.8109173310
7.5287149455
6.8173286165
7.1588496591
7.8064460409
7.6663145381
8.4249229846
7.3686124977
7.4889560231
7.2297956573
7.3913019383
7.8825983206
8.2524367183
8.6409854774
8.2883597872
8.1968605964
7.5756137219
8.0868932757
7.9639750368
7.6885031044
8.2622666586
7.8169528090
9.5733320178
9.2678300256
8.6227017721
8.4719641113
8.1874249447
7.7645191781
6.3919159396
6.1031786917
5.7199433048
6.6285668175
6.6713685694
7.3439705071
7.6731229217
7.3779589461
7.9412249984
7.6285304271
8.0643127567
7.9926004217
8.2948524124
8.8943958524
8.9024101124
9.3989347843
9.4980832653
9.6922170376
10.0279047958
9.5670331097
9.0854520039
8.5446373425
8.3675991359
8.1622253221
8.2100374640
8.4586848684
7.8702634622
7.8128922344
8.0667678278
7.7464585607
7.8989825685
7.4957874170
7.2900684885
7.8168150345
8.1325953519
8.1333430085
7.4117728652
7.4600060866
7.8268940962
8.1269707026
7.8683306038
7.1431190036
7.4307961583
8.2858334892
7.8224525263
6.9697910204
7.0424024714
7.9746325327
7.2438994114
7.5322674080
8.0355667160
7.3187414935
6.9612884295
7.3525553655
7.4329792614
7.3392168826
7.9290832146
7.4521465034
7.1814143277
6.1960657323
6.9390313685
6.7509668466
7.1073747106
7.5742622441
7.4012034891
7.0079539497
6.9630167009
6.7591158828
6.5858916725
7.1531406176
7.7347236110
7.0525022154
7.7433586753
6.6495938029
6.7288124551
6.3349259526
6.1802481429
6.1281698541
5.8782921857
5.5439369320
5.5330903111
5.2847783424
5.4288071969
5.5928883370
5.3853830070
5.6921848099
5.2082405195
5.3996003652
4.2110370481
4.6722389663
4.2338956640
3.6804150273
3.3345651063
2.3962959392
2.7610740228
2.8629373814
3.3598169586
3.4643023565
3.0007252583
2.2632054837
2.3197626518
2.3994240470
1.8636256788
0.9601882083
1.2344915546
1.2068733677
1.5195362217
0.8226647441
1.0147322849
0.1277145006
0.0193767336
0.5697024356
1.0937960133
1.6252038172
1.5674636042
1.4987211581
1.7645290635
1.9900242640
1.7208463248
2.0887214284
2.5632023213
2.4665960831
2.4119056577
2.4419222017
1.7977724238
2.6289565754
2.4962826520
2.7702810617
3.0367752106
2.3133633556
2.5690036049
2.4742975209
2.7156499842
3.2432556719
3.6362647523
3.7032345396
3.1637368358
2.6788567459
2.7927452120
2.2658648571
3.0197964492
2.7614588394
2.9605389115
2.0979689466
0.6341321568
1.3320566772
0.5350685504
0.2764886233
0.1789905594
0.7967555112
0.7972265141
0.4583373984
0.4880223353
1.1554695543
1.4456376723
1.1170586319
0.5773816896
0.5555005878
0.5538816305
0.7109696428
0.1375263425
0.2547150184
-0.0038137817
-0.0175407291
0.4956672648
-0.5773542986
-0.0681215712
-0.0914557640
0.5197378333
1.0082305418
1.3346548000
1.6592817091
1.8630665381
2.7634596753
2.8215756580
2.5902085481
2.4514230020
3.1652472451
3.1357501801
3.4206684850
3.3838965262
3.3537699452
3.6272194816
3.4545482315
2.7281747353
3.3164012909
3.8341474916
3.9601530626
4.0310067309
3.6067718986
2.9336226273
2.6474967703
2.6058800528
3.3987647237
3.7033938822
3.4131317205
3.5507889559
2.6448890936
3.3328283261
4.0025744144
3.7419863311
3.1974374435
2.0452603118
1.5782189301
1.7494716120
2.3529436359
1.7101132254
1.5237790382
0.9224352700
0.4476634020
0.2227259422
0.3739156745
1.0516866927
1.7674462497
1.5924249789
1.4701078520
1.7992468150
1.8076723457
1.3515134299
1.7342586604
1.8862097195
2.1021200838
1.2035750086
0.9772292788
1.0106260558
1.4542271710
1.3323424800
0.7983640573
1.3432837214
1.5788780828
1.0720695001
1.6544725238
1.6509360636
1.5752022894
2.0049576159
2.0476239657
1.7309436237
1.6168813350
1.4503163925
1.3771247196
0.3722847086
-0.1208932515
1.0057279707
0.7933069293
1.2670624832
0.6521168964
0.7570937850
0.7929454043
0.3963630029
0.7577042307
0.5638723441
0.0597945703
0.2154731184
0.8036543086
1.3023802903
1.8048036177
1.6758177496
2.0967830145
2.5087568109
2.2626441094
1.7404481559
2.2241452173
2.0283811460
1.3679285513
1.4435191229
1.5084838216
1.0618077906
0.8206403298
1.0077091647
0.7856695079
1.3915760346
1.4014306072
1.3376897705
1.7316853080
1.4780553364
1.1087562189
0.9631297242
1.4112370821
1.3750326822
1.2508311348
1.3402176170
1.0453845240
1.2053192261
1.7777844382
1.6586210094
1.8396170356
1.7040655870
1.4961600578
1.0175958771
0.8165471957
1.3648727143
1.7740274198
2.5490212254
2.3343132161
2.0851661409
2.5406831582
3.1650578796
3.4267974602
4.0900142116
2.8092040355
2.6092947281
3.1731983913
3.3386878074
4.3925145160
4.6015580948
5.0743116768
4.5679746421
4.9688459312
5.1393540741
5.0699709767
4.5864520832
4.5547234328
4.7505314776
5.2682529911
5.2758781243
4.3753485593
5.0523834221
5.0986828039
5.4976213606
5.7033126517
5.9938515468
6.2957235434
6.6761898739
7.1126940338
7.4541028033
8.0366168420
8.1780143592
8.1539045937
9.0095484011
8.2494594602
8.0181427038
8.0381527335
7.4411031499
7.6703067459
6.9526965307
6.8593201472
5.7210056535
5.1624804818
5.6488047819
5.4242124547
4.5648875571
4.2532306976
5.2543983453
5.2695276069
5.4470720165
5.3763521756
4.8897051296
4.9418879714
4.4982455032
4.6171415152
4.8037287476
5.1018280001
5.6672596493
6.3581477020
6.9687001016
6.7576066411
7.1619773501
7.8232136418
7.4390622870
6.6508187613
6.1173156477
6.1046394344
7.0211583511
6.2463358792
6.5817011088
6.6255486787
6.6734509279
7.1001200759
6.9128738236
7.1219362819
7.3095228917
7.0768441644
6.9183058515
6.2804997243
5.9493862544
4.9379824871
5.2175693025
5.5283747480
5.5517572272
5.1747994622
5.2929336612
4.9594887461
4.8083189007
3.6776088850
3.6566138052
3.5572385804
4.4321881381
4.7219219558
4.8504262591
4.6167311878
4.2309411563
4.7468322782
4.8084123547
4.1472250481
4.9435700904
5.1897688476
4.4983886021
3.6581033314
4.1277644437
4.3153184209
4.9481140501
4.6652172122
4.8423936491
4.9788467070
4.7303260098
4.8054124996
4.4780980835
5.7044368803
5.2517172530
5.4339924674
4.8226241703
5.3125773374
4.7483400387
5.0715715920
4.6534719337
5.8039614449
5.3774254019
5.6267928413
5.1842253568
4.9360844141
4.3019314156
3.6876772015
3.5140634360
2.9642932423
3.3338142701
3.3853111665
3.3750121807
2.8246504407
2.5715056241
2.2255012428
3.1139313501
3.9846218610
3.3518919172
3.6406432072
3.2071422746
3.5255579459
3.7196434504
3.7787530563
4.5561892200
4.2444943231
5.3529197663
6.2083627807
6.4319492373
6.1459691677
6.1333457918
7.2386748799
8.0602436317
6.7171462725
6.4631172739
7.0238099374
7.1104492837
7.9232998362
8.8053443736
9.4236538836
10.1880942828
10.5486361205
10.3394201991
10.6940224110
10.9936198910
10.4740335799
10.6434082542
10.6944017524
11.1478998942
10.5657162610
11.2962034473
11.3096530226
11.4515056616
11.1037565985
10.7430961063
9.9362156347
9.5554734125
9.5759549335
10.1147469288
9.3185589429
9.9325163648
9.6529933473
9.7957164735
9.8447461954
8.9445496294
8.9048847184
8.3006270566
7.9436207006
7.1855264495
7.1497988760
6.6505897450
6.6100569936
6.7957849282
6.9613204442
7.2803887263
7.6786787264
8.4229398152
8.7910365055
9.4369552817
8.5392693447
8.8460752166
8.0814803489
7.7321966104
7.2479849447
7.8940503725
8.4732539023
8.6694847256
9.1002095986
9.8550537922
10.5037759886
10.5711420260
11.3676742148
10.9917762752
10.4801332718
11.2766924779
10.3246270497
10.7882750429
10.4159870042
10.4221112552
9.6407049778
9.9613949748
10.4911687208
9.3118530394
9.5843529783
9.0808592080
8.6601142031
7.5815914132
7.4234477785
6.5726503792
6.1963289440
6.3999791171
7.0294670230
7.4009463016
6.8620275078
7.1547995410
7.2812162972
7.4621976644
7.7436496687
7.3170328697
8.2219670631
8.3031854454
8.5180186638
9.6788999564
9.3973246801
9.7414364791
10.5502488177
9.9282273074
10.1041713985
10.1528580142
10.7606280064
10.9536493737
11.1238931725
11.6607764923
12.5332214961
12.8497142982
12.8660775867
12.2117343884
11.7552956449
11.2631002550
10.2620090734
10.7869578090
11.3907900890
11.7323104248
11.9233447540
11.5303681785
11.4019721859
11.7828062726
11.3413207489
11.2410783193
10.8419138120
10.2691540206
10.9496335345
10.1792934115
9.8214354424
9.5551305382
9.6945390013
10.0666106323
10.0376951099
9.2738306126
9.7009984309
9.0520936063
9.1031065356
8.2841483358
8.3613356886
8.2892279512
8.5526530707
8.4944456327
8.5966403486
8.2526016205
8.5681670337
8.1812660825
8.0460319996
8.3791414496
8.2236640864
7.8189283830
8.3247464483
8.4987461912
8.8940890201
8.9554813143
8.5819605305
9.5490768697
9.1287691934
9.0991536220
9.4370485415
10.0575600951
10.4852083327
9.8320805020
9.6381200036
9.9552767693
10.1030847572
10.1208659424
9.5439201469
9.5853805389
9.9338523137
10.5592740476
10.7798026338
11.6820114397
11.8366666832
12.0666602859
12.2922664060
11.7230791115
11.1918903625
10.6037595138
11.0025472883
10.6836641977
10.2337117241
9.7470844138
10.5247300906
11.8339108205
11.2703054938
11.2761294711
11.6192440117
11.4587158015
10.8710624194
11.1666206062
11.7768417965
11.3047410061
10.4660389614
10.7792247050
10.3928683787
10.1190920677
10.0211825344
10.1923819252
10.6495774991
10.4472872187
10.1906380062
10.7819857684
9.6613066744
10.1826253177
10.8978502291
11.3841337937
11.4835540901
12.0639137183
12.2936624530
12.1345044671
11.4685157395
11.7059054809
12.5071945681
12.1916659447
12.0818973190
12.6280538535
12.6723919838
13.3200581314
13.4664527007
14.5750387308
14.6668024436
15.1679856531
14.8572310229
14.7418459898
14.2819763837
13.8117844491
13.0767599265
14.0527570953
12.5253647500
12.6448943872
12.5402370211
12.9274999741
13.2902834894
12.9559611351
12.8367997321
12.7775584320
12.8361174226
13.2718215974
13.2218541717
13.8548392858
14.1002561591
14.0870219577
13.4441414204
12.7432642096
12.4038238721
11.4972156499
11.8764637049
11.3953397039
10.9681574180
10.0905633889
10.4560860205
10.5801999439
10.4096677005
11.1371757184
11.0435424262
11.3052664728
11.4158923788
11.9554193894
12.4297366208
12.6611134747
12.6523206659
13.4757964818
14.1417712088
14.9553689355
15.3613889130
14.9701615011
14.5085745527
14.5212511512
14.9715529987
15.2244302390
15.8674980834
15.7150457807
15.6302188216
15.6600676602
16.6892687276
17.7383580829
17.4415465330
18.1408175199
17.7409843833
17.1382656185
16.7626706962
16.7728880524
15.9606562083
15.8302233258
15.9898632022
16.8304426940
15.6567216944
16.0554281682
15.7170650603
16.5232722761
15.3918400990
15.7581822490
15.1096449154
14.3093646624
13.2986926143
12.8950935708
12.8094680342
11.1979697000
11.2064910100
11.6206836846
11.5476757202
11.9225738701
11.6599300110
11.7537269499
11.5614541793
11.5894224130
11.0264181608
10.4527430136
10.7075594187
11.6174928505
10.9730371720
11.2532870063
10.6460176283
10.6712755281
11.0153483554
10.3369520535
10.8205892861
11.0060054854
11.8681995834
12.3478805817
13.0337138244
13.2141070066
13.1174965470
12.6275091421
12.6315067657
12.6566168508
12.6469620604
12.7311029675
11.9083925140
11.4617912406
11.3453033959
10.9934308901
11.4271903607
11.6150265350
11.1534358905
11.9531583120
11.7918151478
12.6379440465
13.5379156068
13.5375901408
13.7974792343
13.1170134786
12.8316061074
12.9043627317
13.1090623432
12.9402532069
12.8871676134
13.2217845924
13.5665436433
13.9168979055
13.3301604951
12.9947101647
12.9791543207
13.1852655168
12.8560921079
12.3515503263
12.4755084941
12.0235168784
11.9326161945
11.2476054714
11.9617351014
11.6840909108
11.9241370215
12.1123850668
11.8015257324
11.9757136799
11.2634354243
11.5543934085
10.9898207276
10.6766133747
11.1584403391
11.0376544860
10.4973851075
9.1997059599
8.5229751599
7.9698607043
8.6141842280
9.9117860807
9.2145335840
9.0002120491
8.1666320521
9.2089899307
9.3952637036
9.9950097276
9.5703187110
10.0657519351
9.7482191897
10.1361463129
11.4884086724
11.0897347236
10.8732071772
10.0051230080
10.7429270978
10.9363859547
11.2684868665
11.8309376919
12.0161553198
12.0322913550
11.7902920752
11.8122202854
11.6570978441
12.3184828904
12.2039209557
12.1994531470
11.6264691549
12.5472929268
12.5584436065
12.1795342250
12.9209014736
13.0726593107
13.0492820323
13.0764752394
13.5066147936
12.9926400936
13.6600144429
14.2588777500
14.5916128003
14.3259582902
13.9213269666
13.7463542355
14.8550052180
14.7423994549
14.3972439547
14.9846377733
15.0513750122
14.5677600223
15.3925692615
15.5933936418
14.8870691831
14.8296035497
15.1065693871
15.0028104493
16.0661621144
16.3488502894
17.7443823774
17.6478925780
17.9903587528
18.6087971036
18.6080882537
18.4500577494
19.4536217221
20.1638966056
20.6977047731
20.8518881332
20.4398830516
21.0564827468
20.9305824639
20.9841267467
20.9779868842
20.8493368370
20.8474003313
21.3449729262
21.4354452521
21.6884264194
21.8356913971
21.7327673304
21.7603265056
22.4516345138
21.5223279758
20.9476991063
20.2928609068
20.6975445910
19.8880825852
19.5393872601
19.9405774969
20.1383371038
20.6114942799
21.6249967081
21.4529514968
21.3017661595
20.8976015782
21.4916681163
20.5456182391
20.4236141517
20.2985111711
20.0003894459
19.6807045133
18.5202260643
18.5248591119
19.1324802353
18.7836505456
19.7631709256
19.5792521403
19.0452556421
18.5227745173
18.8911725189
19.8564301585
19.5521226389
19.3743541788
19.3384717091
19.8721468368
19.5336824000
19.5640776632
19.5920546784
19.2900105249
18.5704178105
18.4612327630
18.2476122515
18.4636414726
18.6477241650
19.1551869879
19.4816201715
20.7265575389
20.8134202127
22.0451587330
21.9592288371
22.6056454037
22.9065136772
22.2422395292
23.0380003717
22.9854114098
22.9362596792
23.1491308478
22.8679480155
23.1227213015
22.9476002757
22.7069845507
22.8566090336
23.2030637539
23.2173701742
22.4871755051
22.2188882248
21.7630140990
21.6583874533
21.4989092387
21.2022100569
20.8118611105
21.0222810392
21.2735181516
21.3428829177
20.9298015691
21.2482203687
22.0732777747
21.4477357276
21.0905875172
20.0802180597
20.3092842124
20.3644624870
21.1307483718
21.3331808058
22.3571747919
22.6637396482
22.6746664171
23.0799979389
22.8339594144
21.9525634596
21.4045000644
20.8475643798
19.4941204286
18.6599481262
19.4481780237
20.5149300186
21.3997791817
22.7970272861
22.9428623913
23.1042670137
22.1872629415
22.6111321591
22.8484189688
22.6768004529
22.4731500890
21.9111271976
21.9363720576
22.1354948139
22.0513242580
22.0874165318
21.8263689864
21.9086497814
22.1692339946
21.6547296366
22.1442437380
21.1370424444
20.4732401251
19.7492443651
19.2904844582
19.5892309392
19.0290141512
19.8372510373
19.5293570403
19.8670906256
20.3292837443
20.5047239704
21.2802654088
22.2519012053
22.8848187087
22.9658106886
23.2360643629
23.5980534204
23.4051332751
24.1934048856
24.2948051755
23.8688813795
23.9192552805
24.2179704182
24.0071635743
24.4132057691
24.7855910955
24.8850296049
24.5250179858
24.9573333155
24.5208293683
25.5300614656
25.3067872165
24.9222880868
25.0843212526
25.6390406195
25.9307802428
25.5936738432
24.6780117483
24.5269090584
24.4979737687
24.3970755784
24.5104430935
25.4353477643
25.8929056342
26.3602252150
27.3172887562
27.1341854152
27.6006317792
27.9295081329
27.8145053217
27.2945019461
27.1365156192
27.2088533303
26.8234664278
26.7087885109
27.4239938298
26.4389757233
26.1374784728
25.5047629489
25.1742907262
25.8112939546
26.4799994557
26.4472915281
26.6918822297
26.4377348977
27.1104067797
26.9973304474
27.2406919557
27.9121662906
27.9250757316
27.9538649829
27.1419816521
27.0619487210
27.3351727983
27.5840180499
27.0103732528
27.0936906606
26.8317287242
26.4445885131
26.7737287297
27.1882274836
26.9408007173
27.9535774689
26.7738535379
26.5031573136
27.3403504730
28.6053194213
27.8326276900
28.7486498438
27.9679319858
28.0435968207
27.6494728424
28.4565869359
28.0614695362
28.1114627012
28.9171519372
29.0503157344
28.9032765031
29.1428978270
28.5546431230
27.7162183913
27.4546489638
27.3171598799
27.3203841492
26.6534867655
26.0164449229
26.1420914883
26.5992378705
26.7161752504
26.8679355371
26.2184525730
25.8771983692
26.5482210452
26.9609293365
27.9790692354
27.8178605085
27.6168832724
27.7366508776
27.5830868236
27.2433855663
27.3635512898
27.1987803296
27.7676623657
27.5754072721
27.3667818418
27.8261877349
28.6215072599
27.7084038698
27.2723216294
27.0834840725
27.1135570784
27.0552048746
26.6748805125
26.6562460499
25.7572793031
25.8665094145
26.7552120590
26.2083770479
26.6554072122
26.8185119271
26.5911027018
25.3244645100
25.1061533988
25.8496754594
25.5014562662
25.7528310957
26.2985325352
26.2701924297
26.1520758781
26.6256504331
26.1682295353
26.0924212416
26.5497285025
26.1542779642
24.8092976017
25.2088770984
25.9803295143
26.1889537925
26.6243860038
27.5110056427
28.0322807580
29.2677596093
29.2660263146
29.3856403664
29.4877622503
28.9398172960
29.1559626688
28.7933743566
29.3131856806
30.2786289997
29.8195312082
30.3170554514
30.9287240441
31.2732729998
31.6813713737
32.9773197949
32.6070997442
32.6586925596
32.3959260412
33.0609093075
33.1674272614
33.1484933286
33.6383995452
33.9361896264
34.6670476294
34.8790030914
35.3784967772
35.1607296672
35.5844473681
35.8425728233
36.9598092853
37.7009658450
37.5830510578
38.2334964381
38.6607068677
38.2349947584
38.1769409283
38.8519639391
38.3517319191
38.2656836403
38.7421175996
39.5371336694
39.8318912937
39.4439954326
39.4581499373
39.3808703721
39.8351526223
40.4184932518
40.8027547750
41.1445530374
41.1715005785
41.1857263060
41.1320475080
40.9511996726
41.1537456487
41.1683337243
40.5086233623
40.8691949354
40.5280160956
41.4557518382
42.0003553398
42.3715322838
42.2886451760
43.0518393754
43.5039551104
43.4082070805
44.5577524700
43.6574030272
44.7163010612
44.6244897775
44.0860156731
44.3622854185
43.6783468916
43.1535349333
43.0562011743
42.7671553693
42.0614644000
41.8560092325
40.7157322891
40.4130693974
41.1221859009
41.2973944803
41.1056204811
40.1342218774
41.0556381586
40.7717806801
41.1234057905
41.4644269486
40.5943107325
40.8979602594
40.7140356197
41.5441545536
41.4707309263
41.3716604103
41.6090846809
42.0270622589
42.2542898802
42.1950097508
41.5008780336
41.3743490424
41.7924428971
41.4530738760
41.1393613796
40.7850338636
40.0018338056
38.8305481512
38.4908111097
38.0772367686
37.8736750985
38.1400994992
38.5856347442
39.1224759845
38.8141189931
38.7747525653
38.9275132901
39.2759557401
39.0633133902
39.1278103610
38.8430020823
38.8544174145
38.9828024939
39.4022424290
38.9809011713
39.5176587242
39.2794794928
40.5314579195
40.7615892283
40.4713575225
40.6221072026
41.0550815257
41.6817357033
41.3474804574
41.4005054116
41.6112858197
41.7909610250
41.3688719193
40.8006521478
41.2148405930
41.7849404957
41.8324260518
42.0481390891
42.5438366208
43.2563449315
42.7118633286
42.6460414480
42.5754276529
42.6951897325
42.6386869816
42.5703637741
42.8750469649
43.0970494263
43.3648656808
43.3428462509
43.8274438661
43.7472232125
44.2137543471
44.5866927848
44.2119752065
44.8766473445
45.3566334098
45.6728256049
45.2296545058
45.2788562648
45.3799511076
44.8515306994
45.3351570514
44.0621548238
45.0448449559
45.7808789330
46.4584698108
45.9037513791
45.7477549016
45.6859448849
45.5334566561
45.4095582533
45.7110643508
45.8531531624
46.4450871993
46.0752594978
46.2338705066
46.8525358119
48.1418110981
47.9496504519
48.3556971419
48.6270270373
48.6154905944
48.6860370075
48.7898876178
48.6019348839
48.9277463255
48.8849399574
48.9143460984
50.1003786124
50.7950729890
51.0916384557
51.2297979687
50.5247206302
51.1143644258
51.1645954627
51.4041599018
51.4976956752
51.4397798877
51.4372648837
52.0149240367
51.6818144669
50.6652437018
51.1696849526
50.7715010984
49.5775741249
50.3243495753
50.9009451334
51.3065546813
51.0602612938
50.2987079808
50.4103893117
50.0509723145
49.6866595463
49.2671089746
49.3816139428
49.3559183141
49.3439862146
49.2999287509
49.7023732793
49.5801712977
49.4766811968
49.4820858272
49.3546176555
49.8901084050
50.6140498551
50.3676834862
50.8000298955
51.3819526364
51.5077433442
51.3119026468
51.1115561682
51.2766729781
51.8503241891
51.6715899224
51.9279970380
50.9374892714
51.7482947014
51.1841639400
51.4573274712
50.6844926213
50.5992760498
50.7139216960
51.4718819074
52.5355285106
53.1830160247
53.6673383315
53.7240010578
54.8041883013
55.3343023299
55.8145201540
56.3522528319
57.5624864276
56.9711882462
57.2130575393
56.3177444567
56.3068108870
56.0459874316
57.2108273786
56.8358928053
56.9609311323
57.0910160942
56.9739442708
57.1665115717
56.9606008196
57.2861760099
57.0986767203
56.6566629202
55.8633422998
55.4511394253
54.9977889502
54.6540134835
54.8518507880
54.4163989020
54.1353202343
53.8629417623
53.2890557843
53.2847887736
53.4956901863
53.5528252618
53.7574935595
53.9345466512
53.9800009324
54.0988490542
54.0673076511
53.9712370448
54.1023623848
53.9405242414
53.7554068845
54.1206149805
54.5435198512
54.4572537849
54.7542495729
54.6736728663
55.0429764224
56.0164442968
55.9596013371
56.1314794016
56.6165390925
56.4406808602
56.7020598058
56.9261898802
57.2949319220
57.3750148920
57.3999583056
57.8904624448
57.4163568193
57.7477126268
58.3676384100
58.7543295911
58.9153912183
58.7388899394
58.4284676475
59.1518517519
59.4342512075
59.7965893529
59.3513158311
59.3417808402
58.8379704360
58.6608909088
58.5057286276
58.9727833632
58.1983967974
58.1704922721
57.4144961008
57.9241704542
57.8223408644
57.8714981006
57.6363686403
58.0098531487
58.5968134796
58.9688694683
58.8104167344
58.8977324525
59.5776530856
59.1546628908
59.3983482458
59.8152823500
59.7228080632
59.9237973894
60.5964722732
60.1038935380
60.2988201899
60.2430372059
60.2665664922
60.3905720800
60.1876088471
60.7150960498
60.3529464699
60.2158666782
60.8914519447
60.5864245667
60.7829755688
60.9793782938
61.4679252390
61.6258627026
61.3666584626
61.5521415511
61.6046023911
60.8694009062
60.1206107896
60.0755033726
60.8149323546
60.9181697163
61.2605414152
61.6035380361
61.1050023010
62.4182279566
62.6683471514
63.1900233167
64.5941295121
65.4339248853
65.2329779906
64.4808997320
63.9709348235
63.7113393452
64.3610237760
63.8059794041
64.5898576069
64.8336531223
64.6543262894
65.0663208660
65.3066094827
65.3838528186
64.9815281470
65.4222569908
65.3648141762
65.2894461809
64.7865449684
64.6517312561
64.2850754089
64.7306913056
65.7258907535
65.8361726591
65.7882738939
65.9941170248
66.0072001067
66.7363553512
67.3117547763
68.1606355261
68.4090884087
68.5084643872
68.3847642185
68.2206811265
67.7231595656
66.9901109630
67.9005932438
68.5140400268
68.6416896330
68.3854845739
68.7050130871
69.2265839782
69.3707622640
69.6572079407
70.2058069882
70.4393865823
70.5626866303
71.1576706843
70.5941237012
69.8898565437
70.0580168365
69.9558415673
69.9749119757
69.9325206595
69.4034764711
69.5948158983
70.2777776032
70.4647386738
69.6517561261
70.0877175582
70.3784923587
70.6610946393
70.6517299439
