likelihood_theta1,theta1
1.8968014026e-40,0.0114865019
8.1462031290e-40,0.0232664180
1.1745940441e-27,0.8314683721
9.1602216425e-26,1.9891588985
2.1157382255e-24,1.7385871506
7.4967624532e-27,0.9333371776
8.3474171085e-38,0.0795775888
1.6854682182e-25,1.1349802110
6.5166382627e-26,1.0673128837
2.2713060730e-38,0.0608195484
1.4813010994e-40,0.0097498567
5.6347448198e-35,0.2032364365
2.4104761501e-25,1.9330477811
6.5636627945e-34,0.2634112350
3.4080608329e-25,1.1909559524
2.8611067633e-24,1.6849832145
1.5343729724e-29,2.3047595601
1.3511225584e-24,1.7947324315
4.4095378468e-31,0.4730041440
8.2652464568e-37,0.1176453364
3.4587282755e-26,1.0257395865
3.7257169323e-29,0.6606599641
1.8069353030e-35,0.1781459740
1.0599032620e-26,0.9534620034
9.4345947269e-33,0.3399060998
9.3232151430e-25,1.2857452808
3.8772309236e-57,3.2178556615
5.1281544849e-36,0.1521577498
3.5601762166e-36,0.1449634908
3.2066240630e-27,0.8855587981
6.4497608504e-30,0.5820543589
3.0639764275e-34,0.2437777659
8.1797775611e-30,0.5923689545
6.8258664056e-37,0.1142397655
2.3887707790e-27,0.8694533659
1.2676300217e-25,1.1138943380
2.0126331436e-24,1.3835957944
5.8554746246e-29,2.2673435518
6.6172886074e-29,0.6876234094
4.2404589608e-39,0.0399961568
1.7364097129e-32,2.4657187589
5.1770749520e-37,2.6584354886
5.4864574309e-33,0.3233161578
1.2269828455e-41,0.0008522680
1.5233749168e-28,0.7277958971
3.5060915762e-32,2.4507498180
3.4084298126e-34,0.2464683215
3.9849542070e-28,0.7756397650
3.4237780808e-24,1.5044492359
3.1320985488e-24,1.6626922577
1.5046332956e-32,0.3546223965
3.4433756964e-27,0.8894884776
6.6352024991e-25,1.8609045302
3.7426721551e-27,0.8941034982
1.2254452597e-37,0.0855228648
1.1240715229e-25,1.9780365563
1.9468167161e-25,1.9462775932
9.0225241126e-27,0.9440523969
2.2823999625e-35,0.1831695375
6.8454178546e-80,3.6232805812
1.8591749317e-29,0.6288242147
3.5384272186e-24,1.5203873316
2.6113774631e-30,0.5437848544
6.8502743175e-28,0.8033352053
1.0609979328e-41,0.0007250922
9.8945460321e-26,1.9850093948
8.2676056563e-27,0.9389840722
2.4165350585e-24,1.7175350783
2.2077958772e-27,0.8651803220
1.0901753374e-35,0.1675002600
1.0339238611e-28,0.7089724335
1.7781006333e-36,0.1316837940
3.6584442501e-24,1.5933339237
1.3439179839e-33,0.2827484854
3.1699314166e-39,0.0367768015
2.1906991456e-28,0.7456787898
5.4224052326e-25,1.2318903770
1.9340844917e-33,0.2929092939
5.7505549914e-25,1.2373668064
2.4460159802e-32,0.3703681103
9.5610024037e-104,3.9354833697
1.5404487939e-28,0.7283410966
7.7149944925e-32,0.4093103022
9.6001635525e-33,0.3404474268
1.5207238279e-24,1.7814970252
3.2656398956e-31,0.4616346098
2.2677544618e-24,1.4032915726
1.3768307282e-38,0.0542059450
8.2486829993e-28,2.1849801509
5.1416363218e-27,0.9118630010
1.2371411599e-36,0.1249561022
1.5752341873e-30,0.5230658729
1.0842604385e-27,0.8272556639
1.1419213127e-32,2.4744977494
3.9049666780e-35,0.1949703949
4.6443854422e-36,0.1501896976
1.8750853263e-26,0.9875736789
1.9155876827e-33,0.2926380953
6.1091672353e-30,0.5797143503
7.1690244494e-37,0.1151089315
5.3541577797e-32,0.3966652845
3.6727532476e-24,1.5884907224
6.8967639958e-38,0.0766895296
7.6404519586e-28,0.8089838554
1.0747747064e-31,0.4209970215
2.5333269035e-35,2.5919055337
3.2017740043e-32,0.3792793370
2.9852637738e-24,1.6751329921
2.9766148898e-30,0.5492296154
1.0734455253e-29,0.6042972985
6.1689773511e-91,3.7780988394
2.8014090148e-27,0.8781421466
2.7981555208e-24,1.4447235647
1.3409359522e-34,0.2234872045
1.0848120484e-25,1.1026789431
2.3712953509e-32,0.3693498342
2.9349013251e-38,0.0643373475
1.1802997322e-24,1.8088852082
2.3047283040e-24,1.4061288644
1.1899456792e-26,0.9602812221
1.5666854236e-37,2.6778535022
3.4990861785e-35,0.1925297045
2.3118540629e-27,0.8676764109
5.7201591846e-126,4.1681785327
1.1506837990e-37,0.0845357518
1.2204843898e-24,1.8054667395
2.1485733231e-55,3.1797486189
1.0616741037e-35,0.1669503335
4.7048340201e-26,2.0231704778
2.3088582494e-37,0.0957195386
3.6453584691e-24,1.5415897845
5.4323300897e-107,3.9723064476
2.3144886363e-38,0.0610750196
2.4144857531e-25,1.9329426663
2.7367689170e-85,3.7015057155
6.9494833095e-35,0.2080420296
1.2819469063e-32,0.3495272516
3.2832193955e-24,1.4884903589
1.8726306872e-27,0.8562977406
2.3925032687e-24,1.4128685378
9.1424721191e-27,2.0960434625
2.2911168221e-33,2.5071842499
3.0710332874e-26,1.0181871171
3.2440982301e-24,1.6523616233
4.9029845737e-36,0.1512645561
1.0593742628e-28,0.7101457759
3.1527199244e-35,0.1902255032
4.2210863194e-27,0.9007973758
2.6733395152e-32,2.4565644873
3.6134585985e-24,1.6044821078
2.1650405597e-36,0.1353960047
1.8769930478e-31,0.4411029365
2.5275700029e-27,0.8725259323
4.9649099350e-28,2.2018233581
2.3369590455e-30,0.5391924789
2.1241606794e-29,0.6348583178
4.6086119934e-27,0.9057104112
8.2209474757e-26,1.9949003566
7.9475197448e-27,0.9367021651
2.9883369638e-24,1.6748824354
7.1278572858e-36,0.1587767303
1.6538657994e-25,1.9560254435
3.5492356251e-31,0.4647707290
1.5478948898e-35,2.6006361707
6.1025950957e-32,0.4011665302
1.8406255757e-30,0.5293964543
4.8530692456e-37,0.1082692216
9.4591049455e-32,0.4164711437
1.1132059436e-24,1.3053889856
3.1893283237e-39,0.0368431194
1.0879581819e-31,0.4214306023
1.5710217395e-25,1.9590385287
1.0228114978e-27,0.8241927510
8.3541017428e-26,1.9940534322
2.1816882166e-36,0.1355412845
6.3624043306e-34,0.2625903693
2.6118860931e-30,0.5437929305
8.2040922306e-68,3.4262309365
1.6183143549e-34,0.2280160412
1.7816337415e-39,0.0307409095
3.6926968457e-24,1.5780207986
4.4925184112e-30,0.5665619494
1.0627245985e-32,0.3436212301
4.5625093234e-33,0.3177951674
1.5556609184e-27,2.1630981876
9.5424903053e-26,1.0935954934
1.4289526685e-27,0.8418449044
5.3521301466e-25,1.2306846522
9.7780839468e-27,0.9487400407
2.8630589660e-43,2.8683655123
2.3059234151e-37,0.0956985920
1.1263340134e-40,0.0079385563
1.9729115579e-32,0.3633492852
3.0249789203e-34,0.2434554488
5.8924365988e-37,0.1116500350
5.0090843668e-37,0.1088176079
2.1802415092e-32,0.3666016254
6.1247218567e-38,0.0749166615
4.2784511978e-33,0.3158852133
2.9019413344e-27,0.8800732507
6.1479308910e-34,2.5329120414
2.5867994986e-31,2.4063043176
2.5283972369e-24,1.7095975979
2.6045826893e-25,1.1688428000
1.2453343284e-24,1.3185063149
2.6772095689e-25,1.1710590749
3.9736270868e-41,0.0029388544
3.5783415527e-24,1.6112094340
1.9864652548e-38,2.7104047712
2.1865314371e-31,0.4467062791
1.7664912647e-27,0.8531650544
1.3842361702e-25,1.1203257062
2.6529026875e-28,0.7551954887
3.4081909648e-78,3.5975561258
1.4540457204e-31,0.4318255962
1.6843376316e-25,1.1349296184
1.0072909321e-26,0.9504772887
6.7020852872e-34,2.5312510088
2.1757732170e-29,0.6359489837
8.4392724049e-25,1.8405381922
3.2623233351e-24,1.6505881722
1.5708925840e-31,0.4346216064
2.6408668189e-37,0.0979426644
1.1720818810e-24,1.3113432226
3.7434883315e-29,2.2801159456
7.3536755171e-26,1.0755279881
5.1652413474e-34,0.2571365781
3.2182707170e-28,0.7648656039
6.7483588263e-25,1.8595249136
6.2564189759e-27,0.9229831692
2.1166245779e-46,2.9582163364
6.3754365494e-33,0.3278579038
2.0943496865e-51,3.0871661476
3.5408211952e-30,0.5564989717
1.7188430220e-24,1.7667643723
5.0364902723e-37,0.1089122850
2.2974115416e-33,0.2977952822
3.2449211288e-33,0.3077551943
7.1266148827e-40,0.0220723919
7.5864680293e-25,1.2643015481
4.6726214138e-84,3.6841052314
6.9007456347e-33,0.3302691485
3.6015666914e-24,1.6068904328
8.2481930585e-37,0.1176083596
1.3509622590e-27,2.1680493354
2.7811008919e-40,2.7741190075
1.7191616273e-24,1.3602016079
2.4493745952e-25,1.1639268887
3.3239156158e-31,0.4622996490
1.3203735552e-24,1.3255962418
6.3036648933e-34,2.5324309547
6.2801925603e-40,0.0209653909
5.4767572680e-29,0.6786790350
8.2352048255e-38,0.0793713354
2.1809181068e-35,0.1821863014
2.0835654273e-25,1.1512062907
8.4656503308e-42,0.0005557581
2.3961159657e-39,0.0337887311
3.6606513152e-24,1.5460378320
3.6612491108e-24,1.5462284099
9.9687566574e-30,0.6010357523
1.4416893219e-140,4.3007675781
1.0202898489e-27,0.8240633163
2.4397788232e-28,0.7510242069
1.8158672446e-25,1.1406278095
1.7291454058e-24,1.3610186423
1.4148869091e-31,0.4308406504
8.8972214142e-26,1.9907139818
9.1650335814e-29,2.2542534387
1.0350748171e-26,0.9520712480
4.8891673738e-37,0.1083975562
8.7043501952e-29,0.7006967743
2.5549773302e-37,0.0973936331
1.4314833064e-41,2.8159232966
7.9213791568e-25,1.2686857525
1.2950188790e-24,1.7992764041
3.7690495259e-39,0.0386783584
1.3712965790e-43,2.8779228410
9.2568199199e-33,2.4788548854
8.4725790648e-37,0.1180892567
2.2840134969e-24,1.4045393249
2.0835605557e-26,0.9940222656
7.1844648025e-35,0.2088093630
2.8875383692e-24,1.4520905536
9.3862723313e-27,0.9463534648
1.3319676132e-49,3.0425146919
4.1702816341e-26,1.0377755152
2.0000377810e-105,3.9546766530
3.2852372683e-26,1.0224614701
4.4149995666e-35,0.1977184281
3.6626973109e-26,2.0351981376
1.6074922290e-30,0.5238874846
2.1946010694e-36,0.1356532543
5.0405619824e-63,3.3375380399
6.9811474851e-37,0.1146380266
7.8510771444e-27,2.1022153797
5.4189186775e-33,0.3229433800
2.6356410890e-28,0.7548698963
2.0909976670e-35,0.1812782903
2.0184622751e-33,0.2941163792
1.2252251189e-26,0.9620105560
8.1754675123e-34,0.2692447277
2.5945298060e-24,1.4285097016
5.9356875100e-37,0.1117782638
1.9006378575e-25,1.1441146238
3.1097185338e-26,1.0189789537
2.9425407824e-28,0.7603738357
6.2727971263e-118,4.0888891772
1.1708167270e-33,2.5204245948
7.8901920814e-25,1.2682831206
2.7012678223e-28,2.2213148354
7.6484829190e-30,0.5894429957
1.5290269510e-34,0.2266436720
5.6691252487e-37,0.1109736099
1.8970199100e-24,1.7539668655
3.8905619736e-35,0.1948879609
6.9062457576e-25,1.8576260658
5.1057322996e-26,2.0191594391
3.6695033360e-24,1.5490357059
1.9369363677e-36,0.1332917369
3.0516264947e-24,1.6696363763
8.7409375824e-26,1.9916566972
3.2330304370e-34,0.2451318970
8.6330661067e-38,0.0800913572
9.8374363256e-33,0.3412080686
2.8799007665e-36,0.1408510094
1.7908633640e-25,1.1395726072
1.4049234469e-28,0.7238428655
4.6911390733e-37,0.1076823199
3.4210703779e-24,1.5041130999
2.3059124395e-26,1.0002708121
1.7843390080e-35,0.1778771978
3.2598071962e-24,1.4860615342
1.2589364671e-32,0.3489540381
3.8937624152e-29,0.6627099485
1.2109671602e-24,1.3151774748
6.6248107639e-30,0.5832114262
3.2179124050e-31,2.4012661899
7.2467894141e-28,0.8062438439
6.3289627210e-29,0.6855113622
2.1204636956e-25,1.1525718578
2.2510471352e-28,0.7470257751
1.0768089769e-35,0.1672440705
3.4355400838e-24,1.5059262886
2.4839448803e-34,0.2385285566
3.2836946251e-25,1.9128549558
9.2709562215e-26,1.0915686567
3.1233502198e-29,0.6525002398
3.2877394365e-27,0.8869354174
2.5364701148e-26,2.0522056979
1.7920707570e-33,0.2907615320
1.7324857537e-30,0.5269292164
3.8030638966e-27,0.8949919649
2.9511527094e-24,1.6778904029
3.9165824983e-25,1.2028170148
1.0779047321e-30,0.5078319186
3.2495523134e-24,1.6518340023
1.4402198402e-180,4.6089757759
9.3326535396e-34,0.2728003721
4.2045312818e-25,1.8956704003
2.1227482993e-33,0.2955445301
8.7214818931e-34,0.2709775223
1.0598543828e-32,0.3435365357
2.8876805526e-26,2.0462856748
2.6520520895e-28,0.7551794925
8.4140338925e-37,2.6504166975
5.0190849208e-28,0.7873670640
2.3462606297e-35,0.1837673208
1.6121613263e-27,0.8482724337
2.5164270266e-33,0.3004009785
2.7341505702e-37,2.6688620676
3.6712089548e-24,1.5496641104
4.8535579648e-31,0.4766714378
2.0809183279e-28,0.7431340139
1.0012823799e-24,1.2935031966
3.3059977129e-28,0.7662170989
2.5846757104e-24,1.7055581063
8.1296184653e-36,0.1614544848
1.4535188477e-30,0.5198141761
2.8956139064e-95,3.8336231703
1.8206102971e-24,1.7594146831
2.7291513047e-24,1.6949874581
1.7338996353e-31,0.4382088361
4.5414713266e-38,0.0705303951
2.6327530718e-24,1.4315077674
8.3966870241e-25,1.2746884119
1.1868088430e-28,0.7156403009
5.2697764624e-34,0.2576577221
3.5081201654e-28,0.7692037973
2.2305168258e-28,0.7465714830
2.9404736250e-48,3.0079582811
1.4908037081e-32,0.3543273780
4.0103705567e-29,2.2781684671
5.3208997879e-26,1.0537477294
1.5819454685e-26,0.9772742670
8.1145401260e-120,4.1079598013
7.5541414108e-27,0.9337759644
2.2503962994e-46,2.9574856030
3.3687446278e-30,0.5544066734
3.7811222255e-26,2.0336901340
1.5201824245e-29,0.6197700901
3.4043822194e-25,1.1908650405
2.5810041490e-39,0.0345719746
7.3299273320e-30,0.5875939187
5.6203526524e-31,0.4823111253
5.8281086826e-34,0.2602869046
3.9935273518e-33,0.3138458948
3.4750344072e-24,1.5111110490
4.4303699460e-27,0.9035014329
9.7149328860e-28,2.1794293323
6.4887834742e-29,2.2643700531
2.5938465178e-37,0.0976441915
5.9575406387e-29,0.6826497216
9.8669933891e-29,0.7067195311
2.4986160515e-28,0.7522098483
6.8315753533e-36,0.1579164153
4.8304502616e-28,0.7854130812
5.2945172368e-26,1.0534183651
3.3547812689e-31,0.4626474068
6.1746029965e-33,0.3268863940
3.2373067883e-32,0.3796474536
4.9984115920e-34,0.2562840168
1.6814369791e-26,0.9809558122
1.3368359950e-37,0.0868950595
2.5222084496e-24,1.7100396800
9.5835415017e-28,0.8207837502
2.1611885148e-27,0.8640256587
3.1328674044e-37,0.1007994931
1.1096199631e-36,0.1229666342
4.3901168202e-31,2.3940305664
1.9382131175e-27,0.8581495095
1.2742167131e-104,3.9455236709
1.7837411792e-24,1.3654554880
1.4654626686e-33,0.2851441024
7.9796072429e-26,1.0811389265
3.2547571279e-26,1.0218691765
2.1090914477e-24,1.3910819386
3.6970349116e-24,1.5661179828
1.1511542004e-25,1.1069290468
6.3769520836e-40,0.0210981278
8.3190074981e-32,0.4119498305
4.8975286562e-27,0.9091243278
3.1891329242e-34,2.5454271087
3.6375168088e-24,1.5990361777
2.3246543723e-26,1.0007716516
3.1666963241e-24,1.4768534253
5.7204325052e-34,0.2597988008
1.8667180840e-27,0.8561277561
2.6983869762e-27,0.8760933816
1.1284542451e-34,0.2193757074
4.5667174915e-30,0.5672583681
6.9056168757e-25,1.2549403729
5.3940054720e-47,2.9743825355
1.3803588924e-144,4.3350450766
2.7626780407e-33,0.3030879624
1.0428903581e-190,4.6775549585
2.8700783154e-26,1.0139198874
1.8608517553e-26,0.9871094418
3.4588847135e-58,3.2401700627
3.2262341550e-29,0.6539955923
8.1647613412e-32,0.4112934943
6.0866353119e-207,4.7811980280
3.6829268394e-24,1.5546713880
1.2974038792e-24,1.3234506542
2.1759749823e-24,1.7343804179
1.3736009261e-24,1.3304907980
1.2557902728e-26,0.9634714877
1.7927494291e-24,1.3661827718
4.1523930221e-27,0.8998819982
1.1287265183e-30,0.5096674372
1.4788146534e-25,1.1252030273
6.1655698613e-36,0.1558462476
2.8259841531e-29,0.6478959828
1.0764871205e-29,0.6044222068
1.4054195793e-35,0.1728141901
1.3580720316e-31,0.4293645835
5.3311726754e-44,2.8900535946
2.1982436703e-32,0.3668700833
2.9128902170e-33,0.3046187041
4.5683768279e-25,1.2163258265
1.4205742185e-31,2.4199429046
8.0613077885e-31,2.3796376258
4.1321345398e-35,0.1962338200
2.3723336661e-34,0.2373875444
6.5629893708e-26,1.0677919835
1.9380121729e-32,0.3627703156
1.1553858519e-28,0.7143402782
5.0509305939e-40,0.0191077148
3.2307623334e-37,2.6661486644
7.7260895817e-27,0.9350722976
1.4720371744e-25,1.1248627057
1.4874949165e-26,0.9735736322
4.8393707558e-34,0.2554460323
1.2922239495e-24,1.3229638784
4.7884541747e-34,0.2551722880
8.5022885497e-27,0.9406048259
8.5125865353e-25,1.2761159437
6.7455191126e-32,0.4046335243
1.3481791091e-25,1.1183893553
3.1163239249e-40,0.0152048884
1.2816920719e-33,0.2814422567
1.1394679637e-27,0.8298684959
3.1272874934e-35,0.1900470232
3.7577120061e-33,0.3120519946
5.2539486217e-35,0.2016458281
1.5909771838e-37,0.0896673349
2.5508004276e-26,1.0065370982
1.0243077173e-36,0.1215118812
9.2423413553e-28,0.8188889495
3.0791217418e-24,1.6673013380
6.8943058970e-29,0.6895707534
1.7106251087e-28,2.2354837124
1.0663393081e-33,0.2764105093
1.1836782643e-33,0.2792590089
2.9359749605e-35,2.5892727419
2.7047888304e-31,0.4545854326
1.0165070355e-27,0.8238685695
5.9973053749e-31,0.4848197499
4.6025681229e-35,0.1986541661
4.4526151568e-37,0.1067823474
8.8394572541e-27,0.9428610817
1.3283315810e-25,1.9686932869
1.3393501173e-31,0.4288653177
1.5549612614e-24,1.3464694954
8.2078437158e-39,0.0477310951
3.6526533976e-30,0.5578073085
1.7047053815e-25,1.1358365899
1.2856166169e-37,0.0862777589
2.0296766947e-34,0.2335393939
3.8196254690e-37,2.6634177991
3.1757461757e-35,0.1903859289
7.4245708208e-25,1.2621324645
4.4097842765e-36,0.1491645575
1.6085305155e-40,0.0103191652
1.1525931487e-36,0.1236600404
7.2649747382e-34,0.2660981239
3.9739848174e-38,0.0686102401
6.2796377994e-28,0.7988514091
1.8178929849e-25,1.9504084148
2.0184452218e-24,1.7453998987
8.4758826801e-32,0.4126056239
1.7851479220e-33,0.2906528002
2.7225661367e-31,0.4548294120
1.1158918682e-24,1.3056647617
3.7512749184e-26,1.0309399816
1.2110176493e-36,0.1245647728
4.9636196083e-32,0.3940739713
3.1482138698e-36,0.1425725175
1.5886700219e-43,2.8760199702
1.1185624857e-39,0.0261944587
2.7690836543e-26,1.0116702106
3.1463730275e-48,3.0071895043
3.0416027261e-30,0.5501310392
3.4732230812e-126,4.1702486602
1.6691951477e-26,0.9805139494
5.9730842929e-26,1.0614524870
2.6779109453e-24,1.4350731230
2.0438362186e-26,2.0618754418
1.0125554678e-24,1.2947376919
3.2467601206e-29,0.6542884336
6.7297971961e-32,0.4045525487
1.4083273709e-30,2.3661343868
3.7634958134e-36,0.1460488013
1.1494639011e-24,1.3090778573
6.4861723481e-27,0.9250395771
5.4041879866e-37,0.1101379595
1.8163401460e-28,0.7364253628
2.4535646228e-25,1.9319254176
1.0095240132e-32,0.3420152010
3.0294598262e-24,1.6714932387
4.2045047546e-32,0.3884317749
2.2626902325e-35,0.1829818483
1.3368750930e-36,0.1263819285
3.4868073347e-24,1.5127335932
6.2242005451e-67,3.4104464969
2.7947373781e-24,1.6900651521
5.4061318511e-34,0.2583231163
3.9325994930e-27,0.8968532526
1.5258414866e-34,0.2265933301
5.0909105078e-27,2.1193161876
5.9004457910e-35,0.2042873172
9.8666195508e-28,0.8223072050
1.6049088040e-24,1.3507102594
8.4456240792e-31,0.4981786946
1.6382002578e-31,0.4361438043
8.4546985986e-38,0.0797724121
4.8481080350e-25,1.8852824468
2.4854105135e-24,1.7126605127
1.9651489422e-30,0.5320717361
7.5019244172e-27,0.9333767816
2.2366830393e-31,0.4475423627
3.6529493103e-24,1.5437046920
2.6400094244e-26,1.0086821716
2.3836688402e-27,0.8693372039
5.0467934692e-31,0.4781686118
5.1591108457e-30,0.5724596931
1.1902933124e-31,0.4246360351
8.2673126940e-29,0.6982300903
1.3885169094e-24,1.7917533591
1.3211151100e-28,0.7208467866
1.3091917327e-43,2.8785214461
2.9480373199e-24,1.6781401547
3.4204103318e-24,1.5040313758
4.9938712662e-26,1.0495559436
2.3814871858e-24,1.4120218582
2.2958703168e-32,0.3682907618
3.0661480660e-26,2.0435181417
4.6357097766e-27,0.9060391133
8.7294803116e-31,0.4994802431
1.4178777228e-30,0.5188127734
4.6548376429e-28,0.7835267494
5.0462114285e-28,2.2012930177
9.7140965297e-25,1.8277884686
7.4592428531e-35,0.2096772070
9.6559693488e-156,4.4258702349
4.1369943787e-57,3.2172506018
5.1890563146e-40,0.0193344391
3.5414432928e-24,1.5208671919
3.6947948548e-24,1.5628187712
1.4023988202e-31,0.4305210942
1.3718022269e-29,2.3077816279
2.7094674822e-27,2.1431158003
9.3118773489e-30,0.5980405850
3.8250893393e-26,1.0321932845
1.9094224338e-24,1.3754951861
3.8058177386e-36,0.1462677424
2.0113163184e-32,0.3639753456
2.5322529601e-28,0.7528756330
2.1791586367e-25,1.1547029531
6.9808008682e-25,1.8567396574
2.8589379294e-27,0.8792551418
5.6551399083e-38,0.0737355397
1.3814086812e-25,1.9664635021
2.3429135277e-34,0.2370783812
6.6840055289e-28,0.8020670278
6.2695256773e-26,1.0647055708
3.6939424029e-24,1.5619348397
7.2075272079e-27,0.9310759111
4.9948193229e-26,1.0495684519
1.1439763425e-29,0.6071101782
2.3172533762e-26,1.0005743236
1.1831862836e-24,1.3124457913
2.0819537848e-34,0.2341642441
1.3361019738e-24,1.3270535520
1.4533472491e-30,0.5198094110
2.3025440072e-29,0.6385259163
3.2169001186e-24,1.6549552926
8.4125027317e-30,0.5935937462
2.5770760702e-32,0.3720852326
2.5444586268e-31,0.4523134555
2.2889183713e-25,1.9363030012
7.6527618930e-38,0.0782574568
3.6931848366e-24,1.5775983085
1.3118228035e-30,0.5156843769
1.9224269124e-26,0.9890945222
6.9092126167e-34,0.2647670812
3.2445345806e-38,0.0657378127
9.2847977146e-25,1.2853020326
1.5723848696e-30,0.5229925316
1.7266266841e-47,2.9876598588
3.4036381513e-32,0.3813213886
1.0909526715e-27,0.8275791092
3.7283464867e-31,0.4666307808
6.2216612512e-32,0.4018339295
8.2940066754e-26,1.0838099668
3.4514982751e-24,1.5079770264
1.1799913968e-108,3.9907557393
8.3238700047e-26,1.0840589451
1.9364598402e-78,3.6013132101
8.1729538201e-39,0.0476792945
3.0986198595e-24,1.4704883797
1.8420524867e-166,4.5078487994
1.2515851064e-27,0.8348201812
2.7618814530e-34,0.2411730906
2.4481334139e-31,0.4508820889
2.7338674599e-33,0.3027854691
4.6137063688e-33,0.3181274846
5.7723318730e-31,0.4833412749
4.3593879373e-25,1.8930683247
2.3464849953e-24,1.7224608674
2.8804645662e-24,1.4515002166
3.8293210342e-37,0.1041987400
1.2281166015e-32,0.3481706251
1.5033778530e-39,0.0290480898
3.2263812041e-24,1.6540580402
1.4284265853e-26,0.9711460953
1.1059316570e-24,1.3046400268
5.4250088523e-32,0.3971161328
2.0652799234e-32,0.3648362439
8.4493585888e-28,2.1841685121
1.8120842337e-24,1.3677394611
8.3405175672e-28,2.1846064641
2.2864098920e-34,0.2364742398
1.9019060833e-28,0.7386926973
2.1232875754e-26,0.9951826985
3.6967960901e-25,1.1978538722
4.0413756787e-41,2.8015105750
1.3664006986e-28,0.7224877350
2.5655462257e-38,0.0624803874
3.6977321351e-24,1.5685489620
2.0828492668e-34,0.2341748185
9.2404625329e-30,0.5977028505
4.3314592562e-26,2.0271839256
4.9816995789e-25,1.2241185399
3.3539909132e-29,0.6557899362
1.0230065497e-32,0.3424296184
1.1636628508e-31,0.4238278413
5.5069697280e-26,1.0560294703
2.8888802497e-28,0.7594526757
4.9795861909e-31,0.4776541800
1.8552825119e-26,0.9869268979
2.0223946364e-26,2.0623418761
3.3072377378e-25,1.1884346162
8.5265363071e-27,2.0988811436
6.5201476258e-63,3.3353814306
1.5278073026e-34,0.2266244088
5.2554509835e-29,0.6767371947
8.1385093911e-25,1.8437199934
2.2922627889e-24,1.4051723379
4.2507705305e-37,0.1059848377
3.5543137789e-25,1.9074583069
2.0122493387e-35,0.1804522834
1.8998670319e-31,0.4415460232
2.1143388577e-32,0.3656006718
3.9889100326e-48,3.0044898479
4.7310933430e-26,1.0460028238
5.7099696519e-27,0.9177897225
9.2528735852e-33,0.3393015756
9.2236697591e-35,0.2146221244
9.4962128865e-35,0.2153050969
9.7004765779e-37,0.1205261860
3.5578239511e-24,1.5235515323
1.0027102894e-32,0.3418037798
2.8770977787e-37,0.0993711533
1.8063207816e-30,2.3600164947
2.2628186631e-26,2.0573463412
2.8479733893e-25,1.1760784242
3.3427365595e-27,2.1353254248
7.1362555480e-30,0.5864317907
5.5610346800e-27,2.1158820195
4.9000449734e-33,0.3199245867
2.2735432502e-28,0.7475190009
9.6744069672e-47,2.9675057941
2.4656729630e-24,1.4185037827
4.1336944120e-30,0.5630309405
5.9596702559e-35,0.2045154671
6.1301942515e-34,0.2616124477
1.9991849701e-34,0.2331679152
1.1926595910e-24,1.3133815315
7.5814763669e-30,0.5890602508
1.5618767443e-204,4.7662550883
2.3717427834e-41,0.0017092208
1.8643210649e-33,0.2918733934
6.5486618617e-28,0.8010121042
4.6899461692e-30,0.5683914293
1.7890255665e-33,0.2907137520
3.5487517488e-24,1.5220479596
1.7790437973e-33,0.2905565988
3.4065558761e-24,1.6352430315
1.1037368181e-25,1.1039142209
1.5999480724e-24,1.3502917506
1.2439565732e-26,0.9629098622
9.3352101958e-169,4.5247964946
8.8334951182e-32,0.4140585573
4.6259847096e-33,0.3182066678
1.7144290029e-26,2.0695803381
6.7913442233e-34,0.2643118878
4.4825736647e-41,2.8000595040
2.5613195977e-24,1.7072389609
1.3585766089e-27,0.8391634754
3.5600265688e-25,1.9073478432
3.9977393611e-30,0.5616160588
1.3540324195e-37,0.0870974186
5.3605482326e-119,4.0997137725
7.1083934197e-27,0.9302811217
4.6581459757e-78,3.5954744325
3.1511232084e-34,0.2444843378
1.4469472768e-31,0.4316489358
7.5327817433e-31,0.4936908550
2.4123530910e-26,1.0030666394
1.2812560966e-56,3.2066488774
6.6140477498e-50,3.0501760093
3.6628779636e-24,1.5919439556
3.6807673732e-24,1.5851437698
6.2767277478e-51,3.0755463156
3.7700070612e-27,0.8945073186
1.5114842076e-33,0.2860028074
3.1189196615e-29,0.6524347864
9.4971173521e-39,0.0495202338
2.3355345220e-40,0.0130090247
3.5816781098e-36,0.1450809937
1.7801647630e-30,0.5280346223
2.9832071132e-26,1.0163547814
5.3037827185e-26,2.0172782032
1.2516327914e-24,1.3191105891
4.9005964980e-28,0.7861481435
9.0970156114e-28,0.8180614084
8.4841393203e-32,2.4314545874
4.5347607626e-36,0.1497169022
5.7350648775e-34,0.2598656339
8.9699426368e-30,2.3191067694
2.1935235858e-40,0.0125444749
2.8787201601e-37,0.0993805806
1.2381226167e-34,0.2215808859
9.0005818735e-35,0.2140487860
2.5765210543e-30,0.5432277898
4.8557344520e-32,0.3933240802
3.5189738860e-34,0.2472778034
9.2038031933e-30,0.5975285098
5.6324811964e-25,1.2354245113
5.8536171190e-32,0.3997301306
1.2953000034e-24,1.7992533992
2.2329098954e-34,0.2358891415
7.8933197553e-31,0.4955222299
1.2886556403e-24,1.3226279148
6.8361515340e-33,0.3299821428
9.4471193413e-28,2.1803821362
1.3208719122e-38,0.0536730731
3.6223615473e-24,1.5359590458
1.0597200060e-34,0.2178883236
3.5525069716e-25,1.1944639086
6.2165613228e-26,1.0641346909
7.6212873610e-32,0.4088833454
1.5567462861e-26,0.9763075514
3.0231409965e-26,1.0171940046
3.0088898787e-24,1.4624584330
6.6926901123e-38,0.0762392964
2.5727446068e-92,3.7960818705
1.8630865680e-25,1.1425868906
1.2990678614e-25,1.1156777165
4.9174996878e-30,2.3347730728
3.6975234785e-24,1.5674728913
3.7039908471e-64,3.3591811839
5.1795098300e-28,0.7889739492
1.1636123702e-27,0.8309731851
3.9516001704e-32,0.3863358756
3.1517229090e-26,2.0422412862
9.8217172020e-30,0.6003820668
9.8652740390e-29,0.7067111404
1.9192697554e-34,0.2321684402
8.2009622224e-37,0.1175055736
3.0253713926e-27,0.8823587731
6.2273078822e-25,1.2449145003
1.7034134293e-25,1.1357793385
5.3029870523e-36,0.1528260952
1.3898425479e-27,2.1670576497
3.3465074815e-33,0.3086547416
3.7182867738e-33,0.3117418113
9.9896952889e-30,0.6011280863
3.3311415120e-45,2.9248191264
1.9341609172e-35,0.1796024883
3.1329245035e-35,2.5881111105
2.7855140955e-35,2.5902127083
3.9793917330e-32,2.4480178707
3.6341591961e-24,1.5387245554
1.0807879431e-36,0.1224871162
2.6508203149e-36,0.1392570462
4.0769556587e-38,0.0689764233
3.0466072093e-26,1.0176824047
4.0983635659e-26,1.0366482872
1.7951440659e-28,0.7358477933
1.9048585925e-34,0.2319840506
3.3820040352e-31,0.4629516042
4.3340955946e-39,0.0402424644
8.9678152925e-39,0.0488135253
2.0758795232e-32,0.3650028454
3.5905047910e-28,0.7703738212
6.1266460396e-28,0.7975825434
2.9044515307e-47,2.9816193185
1.0572069372e-26,0.9533124595
5.0725899365e-70,3.4649029489
5.8445398461e-28,2.1964723600
1.9155404911e-36,0.1330825382
4.1272047620e-49,3.0300179188
3.2195718528e-24,1.4820008763
5.9340310762e-30,0.5784620841
2.1866134542e-29,0.6361748995
5.9746862587e-32,0.4004356811
2.1616520075e-36,0.1353663048
6.2227037311e-32,0.4018397193
5.1357069497e-26,2.0188706856
8.3407718149e-30,0.5932197317
1.6601217977e-29,0.6237216365
2.9762323488e-36,0.1414858442
6.8055866326e-34,0.2643672820
1.0275874527e-30,0.5059315070
3.2038394380e-24,1.4804483959
3.6792387203e-24,1.5529336485
3.3330362458e-33,0.3085369391
2.2313343184e-26,0.9982397651
8.4337138709e-40,0.0235800783
2.3572381051e-24,1.4101591896
6.6659041208e-28,0.8019271354
8.5740980127e-30,0.5944252661
1.3949716309e-24,1.3324272617
1.2488204555e-29,2.3103041950
8.5438997799e-30,0.5942710210
4.5244822669e-39,0.0407291632
2.7344301902e-24,1.6945945365
1.2057569287e-25,1.9741417608
1.0403513461e-27,0.8250846688
6.2512142415e-32,0.4019977076
3.6776398502e-24,1.5522339623
2.4777971361e-34,0.2384669733
1.6947050567e-25,1.9545855946
9.2340799529e-33,0.3392384196
2.1022322158e-40,0.0122323619
1.0168419219e-38,0.0503677865
1.7517646089e-25,1.1378968552
1.4448181101e-25,1.9638912461
1.5777917124e-28,2.2379519178
8.4287933803e-30,0.5936782625
6.8964287989e-32,0.4054018126
1.7854192935e-37,2.6757517438
8.5535397162e-34,0.2704556448
1.6968685946e-38,0.0569258205
4.4422638605e-32,0.3902961026
5.8650913273e-37,0.1115685070
2.9337817261e-34,0.2426861980
1.8258396050e-24,1.7590401122
9.3917231175e-29,0.7043447399
2.0615679087e-33,0.2947148922
3.3290027905e-36,0.1436560803
9.7527701241e-74,3.5271331187
4.1546576981e-166,4.5052224059
8.1697404250e-28,0.8124612180
1.5197269246e-34,0.2264964204
2.7317163942e-24,1.4393600936
5.8021792435e-25,1.2382064780
1.0357888259e-34,0.2173490700
7.2731540335e-36,0.1591863606
5.1450287828e-34,0.2570346712
