eta5_1
3.3603942300
3.2557096966
3.9246617136
3.9741000961
3.9372221679
3.8416557324
3.9245527640
4.1207381134
3.4511868637
3.1023787602
3.3038023765
3.6742317673
4.4297404357
5.4108185696
4.7856779890
5.1509154273
5.0177415466
4.2245870131
3.9636265680
3.7920456515
4.5075921684
5.1638515953
5.1690057491
5.0729151238
4.7713067655
4.5036606271
3.8163348797
3.5201640708
4.4545451598
4.7780072098
4.4983244524
4.2006277602
3.8110750940
3.1635783020
2.9016373688
2.9211941651
2.9188649351
3.4123449541
3.7035285011
3.4045250060
3.7323002514
3.9875151126
4.9277666097
5.2028507020
4.5612194188
4.3042092943
4.1856658343
4.7847728801
4.7909066546
5.0143149565
5.0262782923
5.0755191117
4.1841419554
4.7620074754
4.4283008119
4.3909283775
3.6829908515
3.8489632285
3.9073238915
4.7686511677
4.5854153538
4.8107155374
4.6757795819
3.7322299969
3.6225969791
4.2272026971
5.2856244301
4.4884761828
4.3385772798
4.1410880883
4.2666488458
4.2947044255
3.6791796774
4.2381696105
4.8639278182
4.5756723361
4.4939665533
5.0836764992
4.4361742224
4.1377081956
4.0153087338
3.0372328387
2.8014158938
3.6189054565
3.4180603745
3.9784104909
2.7534526987
2.6633862990
3.1053598922
2.8667435832
3.6700257516
3.3104671127
3.4886074224
3.8955381321
4.3640568454
3.9166861939
3.8840761473
3.9886121399
3.1029123246
2.7601447551
3.1427963596
2.7806284143
3.1949242424
4.1249123457
4.4591449708
4.3347354616
3.9733873276
4.1178745885
4.1569176556
4.0088734475
3.8295345065
3.4728776199
4.1856029297
2.9820189463
3.5861204315
3.7174089765
3.7095858917
3.8820158476
3.4694755994
4.6194078093
5.0818006379
4.6334709151
4.5236862427
4.8351722347
5.5478620547
5.4937315268
6.2923529053
6.6809692405
6.9744429661
6.7515270513
7.2226361782
6.9190099315
7.8836293860
8.2651471440
9.1510979330
9.7423241297
10.1638167303
10.0251586410
9.8908072937
9.9700875382
9.4947792880
9.3520867521
8.8975720682
8.7451399264
7.7494470364
7.5433987509
7.4206839977
7.4285455349
7.6458294628
7.0337242371
7.4293503411
7.4006804030
7.4168282958
7.8349453084
8.0038609514
7.2575248146
7.8830958040
7.4907802358
8.0808098578
7.8311916229
6.9937752393
6.5954327697
6.6071388912
6.9479072809
7.5202612174
7.4711062684
7.3722863612
6.8351668839
6.7293303573
7.3262492713
7.6119293625
7.6614940716
6.9490773008
7.0757313790
6.4096598616
6.3253283695
5.9567753827
5.6840483301
5.1787843534
5.2672210973
5.5456422445
6.2813022862
6.6208532636
6.0355761339
5.7622293296
5.3414215131
5.9842143151
4.9139012512
4.5345802773
4.4298298031
4.0525772150
3.5778567342
3.4721210518
2.9442492096
2.5611527072
3.5035684733
4.3182944104
4.3836709411
3.7880526555
4.4019025296
4.9082298580
4.9914917523
4.9654197533
4.8785932713
4.6411511330
4.0625070857
4.0741966241
4.2434477042
4.1654956880
4.3160909129
4.1847453589
4.5741018815
4.4342695841
4.4668326411
4.2817805195
5.0034105956
4.7245291390
3.7308728761
4.4663922922
4.7611660917
4.5768981926
4.8240827571
4.5327162668
4.5929073216
5.0598175273
5.4548060357
5.3244949332
5.6696830690
5.4666217512
5.1822583351
5.8624870335
5.9452775029
6.3186229470
7.0653356292
7.0408424945
6.3808441643
6.6441224228
6.4679792812
6.4807214248
6.3046509959
6.5196878453
5.8660748694
5.7928729602
5.2607607509
5.1428607240
4.0351494098
3.5720460395
3.3930366325
2.4895990965
2.4427494289
3.0084113150
3.4339318362
4.4529444821
3.6346670948
2.9467419508
1.9984854203
2.0777225668
1.0583019821
1.0396365435
-0.0054776702
0.0128906351
0.4679951109
0.1179468221
0.1173475724
-0.2454648494
0.2047502575
0.0991433862
0.3891637948
-0.3330832389
-0.8362815793
-0.7170193143
-1.4181237356
-0.7731807904
-1.0573606149
-1.1821234440
-1.5017048432
-1.5669275459
-0.8880311599
-0.9206639752
-0.5131807044
-0.1514009142
-0.9054135834
-1.0889621631
-1.2450115755
-0.2098047240
-0.1145396823
0.0924514380
-0.3657738871
0.2481823527
-0.1741079602
0.3106515627
1.2531226532
1.0069206068
1.6375047155
1.7002960537
2.5759322362
1.8794617934
1.3919394637
1.7190623707
1.8032276768
1.9328262081
2.7739235640
1.6894115532
2.6371507510
2.0623033440
1.9867654368
1.6238430446
1.0547445950
1.2791228071
0.7690903952
0.5450499895
0.8655913892
0.4969176574
0.7465733023
0.8576975142
0.9518597392
0.3141913704
1.0901881334
0.6252405248
0.4429231210
0.0066366503
0.0113173478
-0.9021367599
-1.6589235029
-1.0060822242
-0.9227920268
-0.8621032980
-1.8548784983
-2.4943594834
-2.3146657319
-2.7798396119
-2.6893485463
-2.6326006837
-3.0436909053
-3.0513492118
-3.1376323341
-3.6898335982
-3.9193846780
-3.8133264295
-3.9575731024
-4.4438822404
-4.7018380984
-3.8681112809
-3.1643467516
-3.7623722433
-4.4627201988
-4.2583050113
-5.0160158151
-5.6465450553
-5.2327297900
-6.0203108352
-6.0458967183
-6.4220921478
-5.9928905741
-4.9809886290
-5.3973188173
-6.3915441632
-5.6045944852
-4.9720192205
-5.6142395318
-6.4281292975
-5.9975948116
-6.2849624672
-6.1728312876
-5.8454035167
-5.3810397674
-5.4176308650
-5.4121705518
-5.3661627564
-5.6623762409
-5.6246238137
-5.8283329939
-4.7437932155
-4.7868354966
-3.9875734343
-4.6822530817
-4.3690068265
-4.4829189773
-4.4813792087
-4.0901561859
-3.1464992604
-3.7490475735
-4.8931504518
-5.3841362255
-5.3620887047
-6.4850912894
-6.7160704958
-6.7671073525
-5.8849827857
-5.7263940737
-5.6062914106
-5.3371776604
-5.2879333367
-5.7878053350
-6.0777617368
-6.1100651406
-5.7510916373
-6.0292149602
-5.9226312454
-5.9704566839
-5.8231585689
-5.6004115869
-5.7485008958
-4.8616858315
-4.9608306784
-5.4139033710
-5.2751725321
-4.8918019141
-5.9375907959
-6.4643634850
-6.4839335012
-6.1257183654
-6.8204975020
-6.8597238980
-7.4390532456
-6.9929958232
-7.6820689724
-8.3210594097
-7.8275829824
-7.6411393508
-7.5078975469
-6.9973986902
-7.8353356763
-7.5683974443
-8.2090081303
-8.1541768893
-7.4969297176
-6.0642761605
-6.0167526913
-4.9452476365
-6.3067033497
-6.5340770436
-6.1445228327
-5.5569126558
-5.0527053961
-4.6110683329
-5.0752227916
-4.9897772733
-5.2234929169
-4.4746820601
-4.5680887688
-4.0413443299
-4.0674824926
-3.8612235554
-3.6187607661
-4.2197268777
-4.2165504435
-3.9015941291
-4.1626442825
-5.0999874441
-4.9937234793
-5.2489129500
-5.1475434631
-5.8392194852
-5.5371937066
-4.4539013850
-4.8296630321
-7.0532094792
-7.1052425219
-6.0369782377
-6.4084515419
-5.1890546836
-5.5068838715
-5.1038720259
-4.5539798957
-4.3237414360
-3.3082174477
-2.7575531168
-3.8134053028
-4.7365210750
-3.3107123698
-2.0951273918
-1.5475123747
-1.4931964022
-1.5286113328
-2.0369147612
-2.0931701004
-1.3553356232
-1.6483403500
-2.0529975955
-2.8140027671
-2.9352130693
-3.5536542499
-3.0495523658
-2.5881887588
-3.0541688860
-4.1110158611
-3.6307660029
-3.3500424209
-3.4259033164
-3.2362740043
-3.5430807615
-3.0927640540
-2.3987464043
-2.9227096479
-3.6712226794
-3.5817942029
-2.7874640134
-2.8578737423
-2.6828761425
-3.3536221855
-3.1638192458
-2.8857429671
-2.0731722899
-1.3252781964
-1.3879252666
-1.4738785156
-1.7420299480
-0.3292666389
-0.8596056667
-0.4078374521
-0.0249322437
0.2140597112
0.6651970169
0.4150778822
0.5165489849
-0.3298652952
-0.3917095458
-0.4101963951
0.2310223257
0.2716564883
-0.1222571849
0.2374537118
0.1708429564
0.5899604442
1.0522724064
1.0473559345
1.2803806751
1.8243018997
2.2627412190
1.8511888272
1.5835318013
1.8808303602
1.9435716154
1.7823466342
1.6780622038
1.0233514126
0.9680899102
0.3628939784
0.6967119217
-0.1258215512
-0.0549654424
-0.5151275963
-1.4680264047
-1.4567914470
-1.7245306344
-1.9118629907
-2.1562586375
-1.8945241773
-1.9017274470
-1.9970846408
-2.1092323214
-2.4738772750
-1.9151592767
-2.7460815052
-1.7862345251
-2.4021871363
-1.8035848313
-1.4137121311
-0.1916873644
-0.5628539250
0.3272359928
0.7082887804
1.3593382711
1.2830985079
2.4396474625
3.1955866005
3.2242450710
3.6325696506
3.1095731848
2.0797084333
2.8789098982
2.4884092767
2.4701040600
2.4230007074
2.6028216570
2.9042702727
2.8811294923
2.5960507814
2.6593372824
2.3970029006
2.3776330229
2.0296891941
2.9563328239
2.0628385060
1.6481783348
1.4959053584
2.1709154195
2.4057717943
2.1691035719
1.9081123097
2.5632338254
2.7597258868
2.5792274863
1.2819001606
1.4879478613
1.0529593125
1.4479938374
1.8854330502
1.6343432294
1.2074896578
0.1117745893
0.2111239094
-0.6842919408
-0.4197574483
0.2762075288
-0.0242099032
0.1832410328
0.7614261628
0.5613655075
0.8411939103
0.9093195285
1.5074207488
1.7944023225
1.7422491379
3.0368681665
3.0120594185
2.8435930610
2.7139278345
3.1259958267
3.6306114089
3.5012548925
3.5317328954
3.5624802595
3.2780154943
3.1190139534
2.0437046638
1.3361890526
1.1953674249
1.3568320816
1.2356283711
1.1272864560
1.4069816873
2.0308328364
2.2495001700
2.0768073048
1.5539461331
1.8044297971
1.1825047811
1.3832214378
1.2160162860
1.0260128642
1.3740321170
1.5523356921
2.1226455508
2.3493260701
1.6840324199
1.3899736807
1.6525677521
1.4063428119
1.9603756068
1.6032667581
1.9295663696
2.4339133904
2.7230868604
3.1233363951
3.2522627228
3.4793606476
3.1084705118
3.2307406074
3.7367471260
4.0015616732
4.6216208816
5.3137540392
5.8949349200
6.6095924063
6.4900705310
6.6097709359
6.8760366464
7.5954125899
7.4455755404
7.4143686282
8.0398672115
7.7707705543
8.1378283360
8.1402957410
9.0491534344
9.8527844347
8.9705541457
8.4003963457
7.6958327791
8.4527647295
8.8045643744
8.6823416670
8.8786244146
8.2431791050
8.6801440897
8.1170385035
7.9920408887
7.5147801370
7.5985903072
8.2463101583
7.5023561210
7.6519984143
8.2920962514
7.9386141112
7.6121842525
8.0760070661
8.1175368210
8.7068381424
8.1540130340
8.0488421584
8.2905588888
8.8552152641
9.2920563114
8.7844348106
8.3887678135
9.0571271323
9.0579812979
8.6514938454
9.1572457405
9.4829713325
9.5151745187
9.2162700949
8.8181875923
7.6815835698
8.1112161240
8.6551671793
8.9599021111
8.3828976170
7.5158009459
6.8772226360
6.8758148441
7.3654536231
6.9327091708
6.4888767908
7.3074937110
7.4639044539
7.3748658378
7.2234525870
6.9040967953
7.4840550190
7.9338024789
8.4924414333
8.9472547328
9.2957310787
8.8947682604
8.9848233845
8.4115265934
8.1260975902
7.7147831424
7.9992074932
7.7411166191
7.8993876473
7.8835687409
7.5055362043
6.9337541372
6.7958601880
6.2791557576
5.6675449104
6.0869842725
6.3103112779
6.4829010856
7.5267045858
7.1265278499
5.7983723199
6.1589411797
5.8679658234
5.9482268875
5.8752929322
5.4896441422
4.6860023832
4.7771841571
4.6050908592
4.6143476979
3.6352117225
4.3547088408
4.1688717827
3.9651196586
4.1822921307
4.0801557392
4.5550093033
3.8530414616
4.7825259305
4.4195966917
3.9737610388
3.6154834772
2.9985106198
3.2425465573
2.6109516088
2.1161076027
3.1777098814
3.0682670538
3.0685132510
3.3477968601
3.5127511892
3.4689243228
3.5687893053
2.6992385657
2.3985946563
2.0927799102
1.4499117215
1.7165086680
0.7415336231
0.2238935449
0.8189322655
1.6843215289
1.8814579183
1.6464797437
0.9882344360
0.3201555831
0.5070714922
0.9211254601
1.6473657008
2.0073309491
1.4290715288
0.5103673778
0.3242614557
0.5961738271
0.6869949417
0.4463292545
0.9551932608
0.5842735999
1.2092071021
1.4998267302
2.2924388868
2.0175850733
1.6295538809
1.9278435624
2.1500539431
2.3527670681
3.0835950056
3.0569786825
3.0462919854
2.7460636646
2.0846278989
3.0196457940
3.3919874627
3.0057776715
3.8169989204
3.2523908131
3.4426708723
3.2522423385
2.8264443063
3.1190101518
3.7780600914
3.3025249774
3.3768939912
2.3932117359
2.2368016109
2.2718073287
1.5221537262
0.8252802466
1.4347551591
0.4402723504
0.2825321019
1.5081480654
1.1839300595
1.6329106266
1.8164399401
2.3291105546
2.0927379186
3.4489789601
2.6178704962
2.6289207451
2.5427003641
3.4106667013
4.0441438790
3.6376346397
2.8028930410
3.0566596831
3.3901510987
3.3656059132
3.6863042236
3.8112648269
4.0844097571
3.5114981101
3.3828572798
3.7690785852
4.3533031405
3.9779497512
3.4357416209
4.2942773149
4.7707946213
4.3946502860
4.5011658351
3.9246663395
3.8715814764
3.3672832751
3.4560675752
4.2416589377
3.4014902102
4.0989973760
4.6975486254
5.2249378759
5.8819966376
6.5798168863
6.1141208556
6.4739528901
6.1378280938
5.3185300652
4.8944758972
4.5318914163
4.9846311675
4.7011214395
4.6103554379
4.3444837162
4.8763532742
5.2015325871
5.6092085599
5.5210610948
5.3893210285
4.3301840502
3.8407042189
4.4297138263
4.6790320120
4.6863005760
4.0589212929
4.1420361001
3.8098002467
3.2523998923
3.2604170732
3.3638999189
3.1293131845
3.4645413902
3.9989812656
3.0472428453
3.1933685315
2.4012623573
2.7964897657
2.5453235132
2.4499324114
2.1792299453
1.2954797071
1.1753773880
0.9915999474
0.2317698547
0.8400471394
0.1013457691
-0.2219170280
-0.4808452440
-0.6480953539
-0.0121912426
-0.2099899118
-0.3223698493
-0.4957138308
-1.1982244866
-1.2340416649
-1.5901805137
-1.2170101068
-0.8279461052
-0.4200765161
0.0487238498
-0.3017234815
-1.2392561613
-1.7703387905
-2.5866035264
-2.7026779250
-2.9543681656
-2.6133380252
-2.8837921512
-2.0015469304
-2.2215195841
-2.9210008992
-3.3502482646
-3.3490652952
-3.0173276555
-3.3463477353
-3.5519230417
-3.1240541296
-2.7112641939
-3.0949294705
-2.8478838435
-3.2248988292
-2.9394658269
-3.2215773013
-2.8282327057
-2.2336972794
-2.2373042470
-1.9397439464
-2.2332364169
-2.8162926551
-2.0871499345
-1.9593301108
-2.2811520308
-2.3399903877
-3.0483860308
-3.0215566822
-2.8236138644
-3.5904987305
-4.1165918156
-3.6843045774
-4.1895675793
-3.8335664183
-4.0027532887
-3.8865631376
-4.1029703158
-3.9898701017
-4.2545767893
-4.1274971038
-3.6392098891
-3.5766433944
-4.0926460149
-4.0302129403
-3.4302882863
-3.7097283444
-3.6590052392
-3.0285418655
-3.2896272217
-3.2582154676
-3.4260594770
-3.0229310019
-3.3089135082
-4.3705943881
-4.6137093585
-4.5180642358
-3.9522593650
-3.3925278394
-3.7729874476
-4.5664702698
-4.9212223805
-4.7817203870
-4.8727937588
-5.5701835868
-5.9390677975
-6.1685053738
-6.2341174075
-6.4591518274
-6.4361807208
-7.5647294721
-7.7910844538
-7.0884789299
-7.7130947216
-8.3025611076
-7.6139271915
-7.6678867014
-7.7644166677
-7.5960561764
-7.8575083535
-7.6397439082
-7.4993096746
-7.6933636633
-6.9332617722
-6.8001282014
-7.5059513371
-7.5574404347
-7.5600592180
-7.2971206713
-7.3882446264
-8.0963252739
-7.5806263912
-7.4893841838
-7.3592508358
-6.7712407286
-6.4895593022
-7.6256463417
-7.2209516472
-6.6341621961
-6.3746633350
-6.4813645678
-5.8143728629
-5.7266878462
-5.8596657979
-6.1618145133
-5.9741430725
-6.4222385035
-6.7711769082
-6.9563435556
-6.5503404737
-7.3043864723
-7.3077044415
-6.1668608855
-5.8951810536
-5.7680761784
-6.0141117732
-6.2025307302
-6.3207370623
-5.5727102717
-6.2745371247
-5.8377713195
-5.8740049280
-6.2303304413
-6.8140242783
-7.0722746845
-5.9073622111
-5.8360642616
-5.1754610392
-6.5233655431
-6.0421123590
-5.1065354016
-4.8558852132
-5.5123131210
-5.6887256875
-4.9830013160
-4.7525148226
-5.4263960199
-5.2862108816
-4.0190540170
-3.9624500675
-3.2589255603
-3.3262648032
-3.6721921350
-4.0478349098
-3.9553664813
-3.9253741144
-3.5177796382
-3.9643741167
-3.6651319527
-3.7722987990
-3.4838692178
-2.8413568454
-3.5026807532
-3.7642419430
-3.8554632444
-3.3998415429
-3.7326631768
-3.2956723931
-3.6116642470
-3.6636634519
-2.3002522756
-0.9894227571
-2.0022652750
-1.9217499427
-2.2813293488
-2.3935484816
-2.7002334428
-2.3136243582
-3.1358692155
-2.9841019440
-3.0063713065
-3.3131713741
-3.2961810242
-3.7953832166
-2.1264754396
-1.8459849921
-2.3377098513
-1.6850527115
-1.0432063995
-0.6454304963
-1.2652453339
-1.0536680465
-1.3834461006
-1.6571419575
-0.3848373256
-0.4881487846
-0.0485259932
-0.0758437164
-0.5178395690
-1.0203483049
-0.4134677555
-0.6980060237
-0.5400304432
-0.2394041106
-0.2073770653
0.0525184457
-0.1285192219
-0.6240081350
-0.4831431136
-0.9744420614
-1.2467864185
-1.3540039090
-1.5866772228
-1.8099716695
-1.7328602398
-1.6682674416
-1.6069247373
-1.1975563254
-0.9442101209
-0.6983980885
-0.5434071219
-0.9101465556
-0.8959798022
0.2551063388
0.4498389521
0.5099270794
0.6981510609
0.7402091647
0.0246811414
-0.0357290304
-0.1581582509
-0.3325787257
-0.3249597961
-0.2837316822
0.0002596756
0.0674189185
0.3605957074
1.3443707002
0.4986285420
0.6389358070
0.8145882137
0.2958516872
1.2111488211
0.2101138795
-0.1673371417
-0.0232866182
0.2951659232
1.0068348126
1.2860240055
1.3601694425
1.4650032211
2.0073071452
2.6064699620
2.3817176836
2.1540483819
1.9880894517
1.9778820898
1.4717210734
1.3735876678
1.6751558818
1.1108847988
1.4983465457
1.6596557375
1.3643658279
0.7867954601
1.0468203602
0.4903602615
0.4965172017
0.3117178647
0.7247029203
0.2321698375
0.5767511424
-0.1042916864
-0.0452352994
0.6281521462
1.4261935167
1.5042977691
0.4530200050
1.1414524537
1.0201904610
0.9067281093
1.5808186280
2.0449494369
1.9296321676
0.6710430649
0.9740704605
1.7490691910
2.1944728770
1.6137382085
1.9353332639
1.4916917371
1.1307791579
1.7179731125
2.3146442297
2.1741831379
2.0750647222
2.5892571291
2.8440604326
3.6538686926
4.0511223489
4.0105149005
3.1588078195
2.8230674952
2.2182839287
1.9683801269
3.3441797414
3.7163658838
3.7910919408
3.6620220941
4.0561867239
4.6450809748
3.6373358817
3.7124101402
3.4760130401
3.0741628076
3.2670673938
2.4223075129
3.0937351348
3.4439147601
2.7576372184
3.1251982146
3.7545468313
3.7472742430
3.3951566752
2.9406013496
2.6138120854
1.9627852659
1.7763190402
2.4603853927
2.1631154429
2.3748710351
2.0884463988
1.8475454562
2.2879728037
2.6453158577
2.7149461191
2.5863065371
3.1296621918
3.2826814367
3.4371773218
3.3280195594
3.3006352843
3.2164146981
2.7196737847
2.4851285385
2.0609489332
2.1275557243
2.6020254923
2.2809431558
1.8188872960
1.6284238194
2.2334460521
2.4763587217
2.0473359513
2.6976099309
2.9469031748
2.6862599190
1.8914490327
1.5288756646
1.5825006932
1.5172885308
1.2198088886
1.3007617059
1.0763151812
1.2169010356
1.0091750068
0.8333767289
0.6430515623
2.2612755025
2.7502663243
3.0326656960
3.2447476848
3.2041462956
2.7993887992
2.9607957499
2.8518774669
2.4890754222
1.7928462818
2.1295956280
0.9640641145
0.6527418274
0.6326019356
0.0257078033
0.0629122196
0.6103944201
0.6083403435
0.9802842250
1.3291004633
1.2098094152
1.5562484579
1.5686853424
2.3241433959
1.5072183636
1.5619177828
1.5445215033
1.4238597491
1.6221493986
1.2966542894
1.8595999915
1.1673953572
2.1638148093
1.4691345539
1.1350521169
1.1534350614
0.6615970570
0.6345207617
-0.0488593845
-0.0228686633
-0.8155131118
-0.4104523122
0.0868404595
0.2777516995
0.2335363437
0.0446355610
0.7262386434
0.7763905864
1.5829580759
1.3498562633
1.3248770784
0.4388625881
1.1498090843
1.0563825100
0.6924660827
0.8104465655
0.7229624178
1.0310790114
0.8359201299
0.2472687181
-0.0878493596
0.1863208038
-0.8896132211
-0.7217568722
-1.1163437765
-1.1642358975
-2.0210011457
-2.2466201276
-2.2908732368
-0.8722129408
-0.4968265360
0.7490137954
0.5740172982
-0.5791079960
-0.8371168006
-0.5501729492
-0.7529536038
-1.2867392772
-0.7226844832
-1.2253604243
-2.2195582042
-2.0450667446
-2.5845385550
-1.8750347391
-1.7699388305
-2.6354718775
-2.9816849583
-2.7094522456
-2.7222883638
-3.0700322839
-3.3168591921
-3.6782176320
-3.3786409167
-3.8655049183
-4.1674170676
-5.7213003688
-6.7120799702
-7.6501938701
-7.0320451575
-7.0078578293
-7.0991530174
-7.0656865282
-7.6407676075
-7.7853923865
-8.7131273402
-8.6476421861
-8.6676642008
-9.5826186703
-9.7666969209
-9.3913197803
-9.7356811119
-8.7656274548
-8.5354176610
-7.5454185006
-7.5809085835
-7.4092002737
-7.6156042581
-6.8412688602
-6.6324003019
-7.0772763154
-6.7647338236
-7.0917210385
-8.1956616680
-7.7906144682
-7.5478451063
-6.6455049971
-7.1955663380
-6.5726475007
-5.7145309379
-5.0808782863
-5.3030120828
-5.3425750409
-4.7056534527
-4.3342739248
-5.1641749986
-5.8537467303
-5.3168393791
-5.1072450750
-4.4015143526
-4.3244783891
-4.2357125127
-4.6658783649
-6.1627621501
-6.2729120522
-6.3911343489
-7.1941805544
-6.9317316210
-6.6914222844
-6.5338385622
-7.4912112661
-7.9567353929
-7.6402699673
-7.8284339472
-7.1158607770
-6.3133471273
-6.8648355441
-7.1480869180
-6.7609125232
-7.8716543218
-7.9020992423
-8.0435977168
-7.6398706510
-6.7030148892
-6.8147664308
-7.3891719607
-7.6641701409
-7.4154484910
-7.9285045639
-7.8920669823
-8.5654142551
-7.9187412267
-7.7549734773
-7.9122359103
-9.0645672541
-8.2886279130
-8.7994695429
-8.0801423904
-7.8521912592
-7.5651640372
-7.5915768959
-7.4213670510
-7.3692778238
-7.7159920946
-7.6349949687
-7.9447575047
-7.8372522134
-8.6293536666
-8.9069601967
-9.4422648747
-10.1994534418
-10.0245626947
-10.0617043092
-10.9694239898
-10.3873899093
-10.3660385090
-9.9940452581
-9.2783834857
-10.5854318768
-10.4813504585
-9.9393785758
-10.0760274111
-9.6878794526
-9.2142685596
-8.5363747659
-8.3381880394
-8.9473731500
-8.2317193830
-8.4397279647
-9.1425666254
-9.2048035370
-9.8517218460
-10.5265697867
-10.7466168503
-10.1712218640
-9.8483578120
-10.0673573775
-9.1016963121
-8.4371192351
-8.7762748620
-8.5501965623
-8.6829240635
-8.8231173164
-9.2455870152
-8.9724830148
-9.1672993370
-9.2584108986
-9.2985496279
-10.1057731365
-8.9520155798
-9.5665740529
-9.7886313732
-9.0062496366
-9.4590319652
-9.3426819468
-9.2367869895
-9.9487158137
-10.2561423214
-9.6556436002
-9.8848365789
-9.6005282321
-10.0844466765
-9.9964408428
-9.7969083344
-9.4005088674
-9.2619442410
-9.2921649702
-8.7675601653
-8.3645494575
-8.2857485033
-9.5047459308
-9.0731299957
-8.7141366879
-9.0517674306
-9.4368210494
-8.9887549203
-9.3167579344
-8.7794724674
-8.6451216537
-8.2067712200
-8.1639009451
-8.1519759141
-8.2241881270
-7.5595485651
-7.6233492610
-7.1262683787
-7.0772693987
-6.7385975925
-6.6989267555
-6.1392244038
-6.8830303491
-6.7805205806
-6.2924218772
-6.7755244473
-7.2817163600
-6.3690480820
-6.6333582933
-6.2274782828
-6.9564460163
-6.7168570375
-6.8957021694
-7.5783914169
-8.6123244740
-8.9073474447
-9.1839601900
-9.0125561187
-8.2351976719
-8.3146405014
-8.7863450645
-8.4696658333
-9.4016516825
-10.0016700922
-10.5433844774
-10.8325272588
-11.4361106851
-11.7804131259
-11.6111912915
-11.4109455078
-10.6851749328
-10.5584916938
-10.1813877781
-9.6688600164
-10.3870399041
-10.4217747263
-10.7213843435
-10.4027061207
-10.3277693329
-9.8603405331
-9.4976794387
-9.9470490818
-9.4309783273
-8.8782622660
-9.0481590785
-8.8497627896
-8.8637220270
-8.5992244267
-8.5203913894
-7.8363572140
-8.4559029405
-8.7726131645
-9.7790206560
-9.7541608620
-8.9479710288
-8.6920259553
-8.6090196201
-9.4793349858
-9.5311743513
-8.5451547513
-8.6742039066
-8.3877532148
-8.0336262902
-7.8926736531
-7.8569562251
-7.0143805581
-7.5557714163
-7.1681722019
-6.5456149444
-7.2577511955
-6.6745833362
-6.7996841549
-7.1452959400
-6.8482866691
-6.1206108839
-5.8817068783
-5.7404592539
-5.8471228131
-6.3270861759
-6.1605329424
-5.6826066715
-4.9880716946
-5.4940830085
-5.1141587497
-5.8247466940
-5.5568532259
-5.7929648098
-5.6967444702
-4.9921678639
-4.2754635597
-4.6495573994
-4.4717354121
-5.1475824089
-4.8903879285
-4.7278720575
-5.8159851830
-6.0953051215
-5.9558929173
-6.0550082032
-5.7308801315
-5.7186748554
-5.4784240161
-6.0258315168
-5.7726004574
-5.5896343122
-5.9941682835
-6.9220996302
-7.5695905237
-7.8617048351
-7.3177524397
-7.6128497760
-6.8843215246
-5.8457918544
-5.5485403154
-5.6295938726
-4.4460059108
-4.0065152612
-4.2742998713
-4.0434545438
-3.9528056336
-3.6111289732
-4.0018871503
-4.0074085151
-4.0619343154
-3.0212446282
-3.5712584919
-3.4417503939
-2.9995713381
-2.5860096285
-2.7493954875
-2.5811030577
-2.4645043355
-2.8110085719
-3.2547502298
-3.2283841864
-3.4209539299
-3.2205557833
-3.6628686336
-3.3566598207
-3.8712204979
-4.4703012225
-4.7419606398
-4.4720593488
-5.1917793283
-4.7291571931
-3.6283650291
-3.4439698687
-2.5357322656
-2.4123509971
-2.1095739619
-2.4757339060
-2.7199605755
-2.8930962623
-3.0816101996
-3.1889641602
-3.8562219996
-3.6176991336
-4.6557795495
-4.8348480385
-4.7030589985
-5.6888148614
-5.9397065736
-6.3420404886
-6.0131167199
-6.3099467574
-5.9561816701
-5.9357733797
-5.9539680393
-6.1197489640
-5.8417576731
-5.1472977173
-5.5243164782
-5.5191599752
-5.7692231156
-5.6477726265
-6.0559227091
-6.4818438850
-6.6288152183
-5.2448604022
-4.8273517296
-5.2435972454
-6.6588686869
-6.3097798182
-6.5694649696
-6.5539555770
-6.4789699050
-6.6766717602
-6.0220748542
-4.8291431283
-4.3311208579
-4.6053234057
-5.0946420096
-4.3867611368
-4.5359453034
-3.9955001150
-4.0046654424
-4.5353041373
-4.5156344590
-4.3877745401
-4.5361340920
-4.9866389304
-5.2718557925
-5.1377733589
-4.8128404160
-4.7755975495
-4.8420223216
-4.0246482688
-4.8308195989
-4.5503579863
-5.2501840304
-4.9663769584
-4.4041639154
-4.7551175003
-4.5954542898
-5.1853594458
-5.3070260509
-4.5328692724
-4.7404006786
-5.5639040522
-5.7465466732
-5.8280299090
-5.5733300285
-5.5437654019
-5.3104583809
-5.4584005324
-5.5568245076
-5.8181720329
-6.1214549906
-6.6275993778
-6.8111948121
-6.7910135275
-7.1919451005
-6.9700617952
-6.5691825536
-6.8204874459
-6.8827094906
-6.4367068533
-6.5833259776
-6.8425650920
-6.2983075855
-6.1405781046
-6.4956883176
-6.2785476132
-6.2667150222
-5.6896380239
-5.7336128519
-5.7076437801
-4.7312549842
-4.7330579468
-4.3129182544
-3.2888903742
-3.9258761458
-3.7778069364
-3.3533222989
-3.7320186275
-3.8169853298
-4.3093851705
-3.7510778045
-4.1289446701
-4.1017452677
-3.1677888174
-3.5517022985
-3.1928876162
-3.3742524956
-3.3997945465
-3.5836151829
-3.2602585860
-3.6503577860
-4.0712323763
-5.0086879085
-4.9772563991
-5.6225567958
-6.0115494410
-5.6060665210
-5.9200458946
-5.2815110817
-5.6982793183
-5.4003698029
-5.6768736969
-5.8435531136
-6.3777237323
-6.3884851412
-7.1899059974
-6.6644489966
-7.1026679529
-7.5091972568
-8.0541926333
-7.7351941402
-7.4478920005
-6.9586673241
-7.4697184054
-8.4378285165
-8.4822934824
-8.9462236912
-8.6438004421
-8.0921275113
-7.8997997399
-7.9264009069
-8.2383402100
-7.7199592386
-8.4586766005
-9.3642717006
-9.2887932965
-8.4617114198
-8.2533900063
-8.3211686438
-8.3277182642
-7.8855749554
-7.5632214026
-7.8954762037
-7.9506503209
-7.5745489819
-6.7828825051
-6.7638057975
-6.6012591537
-6.1036852527
-5.6626784961
-5.9138713952
-6.4109891692
-5.8378544036
-6.3848844475
-6.5958274531
-6.6435408261
-5.8062055964
-5.3433969263
-5.5721556725
-6.2449271885
-5.7996965091
-5.2040221284
-4.9476529794
-4.8665281555
-4.7081930267
-4.3059034635
-4.8922822817
-4.8486943516
-5.0565667605
-4.8934569312
-3.7706834475
-3.4872434168
-4.0609684296
-3.2534938855
-1.9218101038
-1.1550973485
-1.7625537175
-2.2586325984
-2.3955938478
-2.1047946855
-1.7579727692
-1.9115511675
-3.2191230620
-3.0379088029
-3.3092354095
-2.8279711438
-2.7560397665
-2.2344882041
-2.1556723346
-1.6070076323
-1.2858685778
-0.6502539882
0.1288553111
0.4722008055
0.8562968690
0.1512855793
0.8955745329
1.2801523101
1.2914395490
0.8932676483
0.4770018871
0.7567413507
0.3856637387
-0.5262355638
-0.0754874837
-0.1141154012
-0.2861126671
-0.3785401432
-0.6533330975
-0.5190583347
-1.0194209245
-1.5327882685
-0.7607234082
-0.1922817415
-0.8688498059
-0.3567508216
0.4073990509
0.9358656949
1.7144307876
1.2511135645
1.6714412158
1.9381407006
1.7134148395
1.0318906634
1.4188541971
1.5194351402
1.6646674775
2.1617932134
1.9010151060
1.6965301177
1.6184014248
1.5813077528
2.2531960152
2.5832849129
3.2682764509
3.5640675233
2.7456394286
2.3087737859
3.0342702627
3.0282245239
2.1113453114
2.4259676699
1.5467762940
1.3783744177
1.3286485099
0.6711119618
-0.1694428796
0.3077301469
-0.3560000465
-0.9381268411
-1.5957304047
-1.8065758269
-0.9943630918
-1.8061451893
-0.9322478615
-1.5665955705
-1.9779899724
-1.3723332691
-0.2643733817
-1.4193135539
-1.5250297919
-0.8025507521
-0.6408644662
-0.4691784993
0.4061818245
-0.0213648277
-0.9873594077
-1.3182568159
-2.2996423848
-1.9828404028
-1.8496008722
-1.7109405024
-1.5898997840
-1.0760889278
-1.2269160228
-0.5164237565
0.2104308996
0.5674973325
0.3553988598
0.8817976748
1.2208379089
1.0732965190
0.1829562851
-0.3837543298
0.5951681935
0.1900098024
0.7220740944
0.4987852418
0.6511162928
0.7958134392
-0.0154822230
0.3506701854
0.7943066105
0.8374562985
0.4933930683
0.7051702445
-0.0486654946
-0.5279947499
-0.3820292958
-0.5445668644
-0.0810513827
-0.0339744350
-0.1660736251
-0.7526396028
-0.8270612396
-0.0842583008
1.2098827764
0.7469866598
0.6990954715
0.7209061345
0.8152705953
1.6490685676
0.6119746329
0.6830367846
0.9644065042
0.3984707855
0.2051197320
-0.2737368440
-0.3979654752
-0.3561903079
0.7511058707
0.6868143098
1.1550681274
2.1275245485
2.5332027743
2.4304221377
1.5943465955
1.0740638395
1.0004841633
0.7908669035
1.0130700218
0.1752788425
0.7572031852
0.5380944965
-0.2627146338
0.0434049290
-1.2241396295
-1.1695604068
-0.8162622866
-0.8030380725
-0.3633155903
-0.8055419893
-0.7208110442
-0.8442452613
-0.7058607753
-0.9786687574
-0.5038758167
-1.1655196181
-1.2674163746
-1.5145487475
-0.7823504179
-0.5763547813
-0.5073242060
-0.6143615795
0.0525654455
0.0564722995
0.2689955620
0.2248323012
0.4785385656
0.5248194746
-0.3948171122
0.4620331588
-0.5986048407
-0.7235032126
-0.6904175398
-1.2170777634
-1.0785711607
-2.3577707342
-2.2210549548
-2.7996381748
-2.7439322124
-2.4834599398
-2.4789116390
-2.7263252629
-3.4366122763
-3.9983949272
-3.6235408816
-3.5247275697
-3.5076874810
-4.0568222145
-3.2496807262
-3.4469992441
-4.4525086892
-5.3255904047
-5.4256770359
-5.5862014505
-5.8210784420
-5.7375432413
-5.1500501090
-5.4260211614
-5.3226070762
-5.1533097695
-5.5245957240
-5.6091654675
-6.2006527625
-6.2180885673
-5.5121654645
-5.5164467385
-5.1636327333
-4.8521594045
-4.0260500448
-3.5041934732
-2.8939547610
-2.7583051269
-2.2429717087
-2.3703501712
-3.0731634143
-4.0462268982
-3.2264071612
-3.4545287911
-3.0842119702
-3.0233997656
-2.8612749391
-2.8446160997
-2.8396742998
-2.6434682236
-2.4919846203
-2.6755932618
-2.9207363706
-3.2581063872
-3.6605415606
-3.5358269014
-3.7458250296
-3.8095595461
-3.3081864778
-3.5223342983
-3.0966047172
-2.2219489970
-2.2387565359
-2.2117155695
-1.6859821199
-1.4329151095
-1.1999139418
-1.9132399881
-2.3606329164
-2.5784005136
-2.3886767342
-2.0288244236
-2.2108839224
-2.5648420680
-2.5267254206
-3.0080806744
-3.6918245468
-3.5780969917
-3.7979650676
-4.6996766184
-4.1379923157
-3.1566146327
-4.0416187707
-3.7527432366
-4.3415902201
-4.8648293075
-5.5069464188
-4.9025513258
-4.4340070255
-4.0743875157
-3.7218247022
-3.9095839925
-4.5552025885
-4.9171807292
-5.7457368928
-5.2254135204
-4.5301162956
-3.7559724713
-4.1845398963
-3.9330638346
-4.5342866575
-4.9424698926
-4.7710551663
-4.5414384021
-4.2301975871
-3.6585093649
-4.1113992580
-4.1172112542
-5.1605911262
-4.9602887692
-5.5605747034
-5.8889427376
-6.1177374403
-6.8554585861
-6.8867420868
-7.1919604456
-7.6666995949
-8.0823722003
-7.6769276639
-7.0995097458
-7.3718691866
-7.7472090595
-8.1160938500
-8.2268289051
-8.0879256621
-8.5539554692
-7.9180939615
-7.5555485393
-7.8154277769
-8.3830015688
-7.5549359910
-7.9573012517
-7.7949088418
-7.9712774108
-7.7920094044
-8.1272299981
-7.9067369304
-7.3218862664
-7.0042517367
-6.6404526976
-6.5604271986
-6.5419490761
-6.3189592818
-6.4311100188
-5.6568611996
-6.3635141648
-6.8302124771
-6.0506067032
-6.3024728354
-6.9914811360
-6.5779616594
-6.5740357664
-6.8208279212
-7.1905988136
-6.9801888901
-7.0834988480
-7.4382292583
-7.0226311199
-6.7211272433
-6.7263971025
-6.4700574997
-6.8110973376
-6.6351092009
-6.1902715121
-6.5546860218
-6.4198648564
-6.6997314916
-6.8345502970
-6.8133917880
-6.3275726796
-6.8332021337
-7.1885847433
-6.4431507962
-6.6322618437
-6.3989243458
-6.5624155891
-7.2521937665
-7.2730070165
-7.3161959057
-7.1421032705
-7.0715965996
-6.6498940026
-7.3043349177
-7.3945238776
-8.6694878891
-8.9140396072
-8.8161330699
-8.3934564696
-8.8859702505
-8.7925294436
-8.2473186008
-8.0749629985
-7.8343583565
-8.0117799564
-7.7894639706
-8.0365708927
-8.0967929302
-7.6909311872
-8.2546338135
-8.8227793935
-7.4406937501
-7.4825452863
-6.7745410303
-6.5390314193
-6.4187628489
-6.3881769230
-5.8932559915
-5.5798124238
-5.3101174830
-4.7048639783
-4.5047176671
-4.4256508323
-4.4349651171
-4.5887475488
-4.9842815934
-4.7655251403
-3.9987597516
-4.3835032721
-4.1814159976
-4.1487631574
-4.2738813971
-3.6256122760
-4.0896342848
-4.3473312105
-3.7214675695
-4.6199463710
-4.1257838709
-3.5993908618
-4.0433718045
-3.8034566484
-4.0578331036
-3.2381896714
-3.3163809433
-3.4962174247
-3.6313313145
-3.6517579292
-3.5662859433
-2.5246438278
-2.6713901514
-2.1389624105
-2.0919267705
-2.8374900958
-3.4330701233
-2.8261216522
-2.6037144070
-2.2666634197
-2.1126278804
-2.3997995079
-1.7143514346
-1.5431425878
-1.4121404561
-1.2488044517
-0.9961844761
-0.6799835738
-1.3481950739
-1.0143371770
-0.9416877422
-0.4447292539
-0.4012187526
0.2107750570
0.3420351177
-0.5021454432
-0.5717348501
-0.5698613358
-1.2606921679
-0.5932554320
-0.2882792246
-0.2061504700
0.6132468412
0.9530652796
0.7937763072
1.3961273858
0.6508624760
0.9096015478
0.6127239269
-0.7596521545
-0.5940615161
-0.6091588771
0.1433276002
0.7142204780
0.8967199581
0.3798273991
0.5810255585
0.5026682366
0.6753277788
-0.1560052483
0.8137830206
0.2448660987
-0.3374834522
-0.0056042451
-0.4404569119
-0.3621375469
-0.3961282882
-0.4236217347
0.8441079136
0.6668877699
0.2226497492
0.5813405049
0.1467799795
-0.0909424390
0.1613140211
0.8196224342
0.5372360623
-0.7506897575
-1.3885129569
-1.5081491942
-1.5860866647
-1.6806171298
-1.2740841670
-1.3087800212
-1.4172266681
-1.3006331603
-1.3645759127
-1.6807854530
-1.4380995326
-0.7031192033
-0.3717784431
0.1413568187
-0.1844669159
-0.3872976720
0.1492975574
0.9377416402
1.8368628684
1.3334856376
1.4274466490
1.7293403761
1.4464567147
1.5896583576
1.6352468123
2.4252764539
2.7267683649
2.5201539688
2.4166567183
2.6165361293
2.1079772221
1.6681239614
0.6349396720
0.3686454005
0.0830739412
-0.0908037353
-0.0933972809
-0.6604703642
-1.0858849749
-1.0561336742
-1.2656964107
-0.4458205183
-1.4500803991
-0.9239946016
-0.7227654228
-0.8042811218
-0.9014234216
-1.1218388462
-0.5623569896
-1.3255639465
-1.7996230186
-2.8839274617
-2.5960962087
-2.2885348157
-2.1340607513
-2.4457283716
-2.1929302292
-2.6635763589
-2.3013217291
-2.3066692828
-2.0968787955
-2.1297045505
-2.2503736869
-2.9045752896
-3.4711690225
-2.6864818590
-2.1698192053
-2.3210305838
-2.7655496503
-2.1204244523
-2.5562703936
-2.1533151694
-2.7791848130
-2.9001290873
-3.2060153908
-2.5800807061
-2.6188730594
-3.1303468118
-3.6630746536
-3.3673230895
-3.4807627484
-3.2398993786
-3.2120252226
-3.9442967303
-4.0951944407
-3.8370475285
-4.1848433575
-4.9299292684
-4.4672973280
-4.3515408133
-4.4071193224
-5.5878447657
-5.6882797119
-6.1959850074
-6.0722284983
-5.3777341664
-5.4412646521
-5.5536065397
-6.0586685152
-5.7118074298
-5.3367437651
-6.4737893924
-6.6663742440
-7.0311671480
-6.3907177640
-5.5641946608
-6.4618486651
-7.0094807171
-7.4293098492
-7.3194561524
-7.4225174188
-7.2534578220
-7.7149565283
-7.8851362139
-7.9466019741
-7.7861354465
-8.2481379841
-8.8606977382
-9.1139822380
-9.1982235556
-8.7420544285
-9.4206881244
-10.0296877264
-9.7724832496
-10.1354203275
-10.4770219325
-10.3606955138
-10.8678463703
-10.1958257705
-10.8622572589
-10.7284557525
-11.5660349237
-11.1474561850
-11.4851587289
-11.6176729003
-11.4537160787
-10.9484555181
-11.7704820709
-11.4683353073
-11.5501524717
-11.5917876568
-12.1844806073
-12.4660326217
-12.5708144936
-12.8597991478
-12.3400883549
-12.6245351494
-11.9524299762
-11.5171360083
-12.6847469637
-12.1581923381
-12.2393132275
-12.6452318164
-13.0078436561
-12.6856655839
-12.3894677338
-13.2114582082
-12.5099968662
-12.6664202073
-12.7377220014
-11.9500184967
-12.0462562491
-12.2069929281
-12.3580459139
-12.1638374228
-12.2299945540
-11.8869290060
-12.3774706137
-12.2338254865
-11.8292475795
-12.2242546295
-11.1213153623
-11.3582177272
-12.0053865802
-12.8880166656
-12.9108691777
-12.2644650523
-11.2845163579
-11.0650774481
-10.2786820587
-10.2089761266
-9.8641750095
-10.4470855361
-11.0645676465
-11.3991027229
-10.0779549017
-10.8984714002
-10.8006367934
-11.0624141381
-11.8960908659
-11.1355971641
-11.0405472593
-11.5586572628
-11.6829366034
-11.4243951338
-12.0029583548
-13.2566575760
-12.7556610417
-12.6395467873
-12.5359181595
-13.3285580935
-14.0290953294
-13.1823207262
-12.8851868457
-12.0851898082
-12.7448946448
-13.0191984835
-12.5011751421
-11.4027893109
-11.1874690216
-11.4936237872
-11.5256429073
-11.7566793685
-12.3205665503
-12.6516246241
-12.5519168209
-12.3959590846
-12.0260212207
-12.7076254568
-12.4029630813
-12.7719447058
-12.4832634169
-12.3285624195
-11.3790230545
-11.0312404528
-10.9929357754
-10.9586496549
-10.4939620259
-10.1902457931
-9.8675498700
-10.0297752107
-10.2728774608
-10.3389897518
-9.7204358043
-10.3482560697
-11.0167800654
-11.4393711665
-11.3250224612
-11.3492394843
-11.7402745377
-12.1720504140
-12.8860667742
-12.6511274828
-12.7570152848
-12.7118715279
-13.8676092195
-14.3392646925
-13.8876750034
-13.9737825819
-13.9810557406
-13.2908565752
-13.0663550331
-13.8090507621
-14.1165397431
-13.6160569706
-13.8621558715
-13.7452039670
-13.7234793804
-13.2793446433
-12.7069322684
-12.6409387327
-13.7601939564
-13.2179996894
-13.7080446156
-14.4397832152
-14.7636010335
-14.4600138441
-14.5514622157
-14.8067196130
-14.8886703344
-15.6318397697
-16.2575103127
-17.0468019918
-16.6615338087
-16.9178989312
-17.8560113728
-18.0616984551
-18.1480251125
-17.1191706460
-16.7171737709
-16.8577195142
-17.0329961038
-16.4404622221
-16.6837577165
-16.2540554861
-15.9472484445
-15.5199416808
-16.4666374749
-15.9224425696
-16.2358402448
-16.1994091304
-15.8994435601
-16.4189672645
-16.6558645209
-17.2956837416
-18.2174565985
-18.0289000719
-17.2297251405
-17.5742483790
-17.5647907370
-17.5268534531
-17.7123118762
-17.4569464215
-17.2313147082
-17.2731700702
-18.5408191689
-18.6343085199
-18.7408744635
-19.0649576351
-18.8872529245
-18.8009758595
-18.8956905887
-19.3271471068
-18.9826735162
-19.0377388117
-19.0198462145
-19.8815376870
-19.7927159963
-19.3601323838
-20.0484307478
-19.7689325924
-20.0369399013
-19.8165134565
-19.8206997047
-19.8688114386
-19.3470239679
-19.6924291609
-20.5507433042
-20.9794935854
-21.4567333497
-21.8435810177
-21.2206762844
-21.2592683668
-20.2877187528
-21.1732060320
-21.4042042706
-21.6589702844
-21.7646632763
-21.6095900315
-20.9355566185
-22.2004419683
-22.8998414682
-23.4563568379
-22.9252916007
-23.1455664900
-23.0486982249
-23.9458280212
-24.1831021476
-24.2815501925
-24.3499754960
-24.7297011090
-24.6278920139
-25.2227742388
-25.6383141459
-25.9879555681
-25.7134848436
-26.2683290319
-26.3590900510
-26.3511847557
-25.9868822965
-26.2686618146
-26.2123732900
-25.4548969017
-26.1031713309
-25.8921198029
-26.8257057408
-27.4823631127
-27.3165407340
-27.5870311875
-27.3120244364
-27.3561539075
-28.0243668980
-27.6132058264
-28.2011463260
-28.3946468167
-27.4168919830
-27.3847157679
-26.6690105491
-26.5137815104
-26.4517464972
-27.1496549971
-27.3350879424
-27.2265062927
-27.3987450097
-26.7273443644
-26.7704908816
-25.8850643158
-25.5741254805
-25.6238042127
-25.8623409189
-26.1449172279
-26.5145671279
-26.1733307771
-27.0653692416
-26.9136887866
-26.9671697629
-26.6508567969
-26.3173610766
-26.4510777367
-26.6156378505
-27.1043479214
-27.0858265137
-27.1505464926
-26.9553389470
-26.6773329281
-26.2323814116
-26.3015161772
-26.1355125573
-26.6898151179
-26.1148645582
-26.5353283896
-26.6189763064
-26.9621000864
-27.2335887650
-26.2359383023
-26.2279638554
-25.7295222638
-25.0372114294
-25.8495095632
-26.3815472232
-26.6335886742
-26.7176134293
-26.8703253214
-27.0359232116
-27.5915835144
-27.7555043519
-27.2904064860
-26.9517365596
-25.9458124854
-26.1604496275
-25.8421945245
-26.4215529186
-25.9106311693
-26.0779511067
-25.6149301827
-26.3758915236
-26.5303148188
-26.3505896821
-26.3231524923
-26.0713687912
-25.9020811873
-25.7299894455
-26.1441055782
-26.0935802843
-25.2887133948
-25.3073684064
-25.2854707049
-26.0623558674
-26.1030251383
-25.6465535968
-25.6127833182
-25.4002856233
-25.5477951676
-25.6662690105
-26.4230591726
-26.3786418310
-26.9022429171
-26.5972194547
-26.3222877099
-26.5470246621
-27.8654166350
-27.0325703904
-26.9930413028
-26.5904065225
-26.4217520638
-26.1025769996
-26.3513058965
-27.3169688014
-27.1457861462
-27.5231931510
-28.7787128846
-29.0137846881
-27.9763473758
-28.3609310251
-27.6259446894
-26.7692603915
-26.8300645012
-26.6800598449
-26.1899310122
-26.4512933889
-25.7509426044
-25.2733668446
-24.2841359597
-23.9286689610
-23.8826892277
-23.7811759416
-23.2820780668
-22.4453319646
-22.7658358917
-22.2338440614
-22.3634519117
-22.0151071264
-22.9746983835
-22.2263467174
-21.9943310325
-22.2109348065
-22.3911168008
-22.4924962825
-22.4023382683
-22.3998990372
-22.5179028323
-23.6602277528
-23.2648153377
-23.0315490183
-23.2411408582
-22.0834221934
-22.6275247384
-23.0860860939
-23.5156168043
-24.1581757116
-24.1511954389
-23.9038846780
-23.6568048128
-23.5012691919
-23.8252091528
-23.9617615488
-23.4356476808
-23.8948724686
-24.8059857727
-25.4340312390
-24.9881377196
-26.0267174921
-25.5583559333
-25.9005494323
-25.6482840146
-25.7638323381
-26.3201230196
-27.1423698396
-27.0055814737
-27.8121541797
-28.5535380420
-29.1753328504
-29.0171725587
-28.7712346226
-29.8523861482
-30.2609238915
-30.8352474358
-31.2433714603
-30.8609445815
-31.3096640907
-31.6050939032
-31.2849878747
-31.4295028846
-31.8867540500
-31.9619790356
-32.1018056766
-31.6945702598
-31.8773617802
-32.3533567176
-32.6855521572
-33.4990158951
-33.4094899412
-33.4569892626
-33.5450003843
-32.9465794556
-33.1323947144
-33.3307492960
-33.3000018736
-33.4978808999
-33.9837491791
-33.2879140628
-32.3542106904
-31.9617332330
-31.5715948465
-32.1713473909
-32.2513141290
-32.3322527087
-32.6923527628
-31.9763441464
-31.2146196997
-31.0523602244
-30.6211423473
-30.3976732991
-30.3601550742
-29.8782874680
-30.6602419156
-30.7525063757
-31.3990593482
-31.1193758928
-31.5906404898
-31.4963131848
-31.7776402631
-31.7334115643
-31.5182591059
-31.7955990509
-31.1696744189
-31.1739049895
-30.6128480800
-30.9533541948
-31.0322468837
-30.6414490342
-31.0107151734
-31.6441319805
-31.8759000729
-32.2454458541
-33.0621040058
-33.3752962452
-33.0491168805
-34.1221262515
-34.0759313415
-34.5181401390
-34.0557615981
-33.7556829521
-34.1019852433
-34.3080599099
-34.1047649719
-34.6423934454
-33.8977549112
-34.1458851685
-33.9070859455
-34.0006685263
-34.0925286584
-34.0818584579
-33.4151448502
-33.0675752306
-32.8945742676
-34.1135406922
-34.1107969767
-34.4170684251
-33.9572713440
-34.5828110312
-34.3622102722
-33.3644257614
-32.9408937143
-33.1759091395
-33.1927596014
-33.2827888321
-33.1501589305
-33.8646054780
-34.1006216415
-34.5098928627
-35.0400542680
-35.0235285180
-33.7502874106
-33.6592566343
-33.7608394011
-33.4615266118
-34.7522476874
-34.2356322906
-33.7542103493
-34.4878178063
-34.5309875354
-34.4643619686
-34.2648914308
-34.5726483448
-35.4821972820
-34.5733200486
-34.8196674106
-34.5920789138
-34.1511708422
-33.6056354755
-33.1367600166
-32.5778776474
-32.4528682147
-32.6047332320
-31.0753449439
-30.4126698681
-30.0317709360
-29.8795969913
-30.6792559930
-30.8796152588
-31.2241862947
-30.4701288266
-30.9290478771
-30.6720878483
-30.3855595936
-30.7242278378
-30.4732204385
-29.9965389835
-30.5296307894
-30.0919532003
-30.7403903493
-30.1295987267
-30.0163140302
-29.5146930634
-29.6288103249
-29.6823237409
-29.8680434666
-30.5780085185
-29.8151905745
-29.7649772085
-30.1909608111
-30.8529646544
-30.6432034443
-31.0410981368
-30.7164683961
-31.3344352914
-31.9202408619
-31.8927461814
-30.9336735091
-31.0141529176
-30.9228921755
-30.9461991003
-31.0310236564
-31.3972337887
-31.4814494570
-32.3268088591
-32.4936134302
-32.2201619374
-32.5096241283
-33.4373560285
-33.6083849473
-34.5971329319
-34.0116875438
-34.4311573911
-34.3627393824
-33.6055544502
-32.8546018086
-32.8574160566
-32.8054622391
-33.3570003105
-33.3277097550
-33.0403935701
-32.7751918981
-32.4023997580
-32.8044744684
-31.6038891989
-31.6053359219
-32.2283883034
-31.1843293062
-30.3790566501
-29.9539537067
-29.9089244828
-29.5231491245
-29.9553501777
-29.6225503341
-29.5215244414
-29.6373700487
-28.8800217674
-28.0165511889
-28.2628950076
-27.8799357042
-27.3662226503
-27.2844248159
-27.5450658981
-27.2229354060
-27.3953163248
-27.7981520993
-27.9682729217
-28.7019166512
-28.1286366172
-27.5928599246
-27.2908704213
-27.2138467403
-26.4149886576
-27.0649496332
-26.5244224261
-26.0932092698
-26.7139646176
-26.6782715039
-26.8086774504
-26.5241601596
-25.6652307856
-26.1517743523
-26.3680098474
-26.5716670978
-26.4923526390
-25.9264624780
-25.5848116094
-26.0167986711
-25.5738885585
-25.2112565921
-25.5366874267
-23.8670711619
-23.4475524591
-23.3698644931
-22.9228744080
-23.0017001718
-22.4670357167
-21.8728591499
-22.9077241134
-23.0126729592
-22.8301965857
-23.0735269915
-22.2443187609
-21.3752873782
-21.3899117497
-21.6530230855
-21.4530446683
-21.2143470639
-20.6878803502
-20.6658053864
-20.4231440871
-20.8194722871
-20.6833799469
-21.1221279809
-21.1073712845
-19.9375375402
-20.0106159866
-20.8769373268
-21.1413048652
-21.1928450903
-21.3584993770
-21.7417005367
-21.1413033174
-21.0270586166
-21.0174714873
-20.4515644336
-20.1686112849
-20.1619847031
-20.8344664911
-20.5499581471
-20.9575406081
-20.7144139855
-20.9583278843
-21.1403726386
-20.4209457023
-21.0195918441
-21.5742364600
-21.3395903721
-21.6541698461
-21.5146587036
-21.9558882410
-22.0857769802
-22.0842614856
-22.7881150778
-23.7206744301
-24.2515245754
-24.2594287181
-25.0409445187
-25.5798229625
-25.0724804234
-24.3729086540
-24.5339489855
-23.8436472222
-23.4785306579
-23.3706141118
-23.5776700693
-24.1726836012
-23.4711882194
-23.0039332445
-22.5660992037
-22.4360906562
-22.5884479998
-20.6057585565
-20.0736499679
-20.2679393525
-20.4318885865
-19.8854907955
-20.4558446746
-20.6457057712
-21.2843194857
-21.3161522785
-21.9458229049
-21.7999340477
-21.3785754411
-22.2913017647
-22.7844793398
-23.0757645954
-22.3128174483
-21.5938140064
-21.1624128278
-20.0821002731
-20.6554919731
-20.2352171653
-20.6898562702
-19.6526953849
-20.3920470859
-19.6712360065
-19.7295858660
-19.6897366481
-19.8171750983
-20.5137208004
-20.2908295460
-20.3641143453
-20.0016348244
-18.9326779175
-18.3610117858
-18.0249799385
-18.2857227618
-18.1217663816
-18.0659786231
-17.4567691805
-17.9222108968
-17.9822153323
-17.4270801075
-18.3118960381
-17.6617315662
-18.4124103635
-17.7564474700
-18.0609316010
-18.6349874774
-18.9473728672
-19.4117442703
-19.7263067696
-19.7613757679
-20.1188815975
-18.7682401663
-19.3338404671
-19.3915327610
-19.2992572906
-18.9948835578
-18.6937860426
-19.1589281047
-19.9778928256
-19.5698544969
-19.4535297053
-19.3540899669
-19.9294921642
-20.3849081827
-20.2650149866
-19.5759392858
-19.2259645110
-19.7289498363
-19.9083846801
-20.2443170837
-19.7522324412
-19.2914592032
-19.3986329469
-19.2835255990
-18.9937025185
-19.0980201387
-19.0628407056
-19.0819110335
-19.6910406203
-19.8350782700
-19.7786425210
-20.2811479784
-19.8459141746
-20.2983479619
-20.5432910117
-20.5687358313
-20.2812993735
-19.7534458181
-18.7857006720
-18.8640950167
-19.0333991159
-18.0608580546
-18.3067991833
-17.7354703329
-16.6840065153
-16.3003614482
-16.0226131882
-16.0760431378
-16.4158067712
-15.8654965566
-16.2844688078
-16.7485835460
-16.7509053547
-16.1056126884
-16.3419088176
-16.2112979572
-16.5094562369
-16.4230665349
-15.9645440947
-15.7902527859
-15.1386981769
-14.3018031582
-14.8450005190
-14.6908092189
-14.6974588348
-14.1087039325
-14.3209346423
-14.9838598924
-15.5954078414
-16.0444883889
-16.5166517674
-17.1753747775
-16.8618311633
-16.5965428818
-16.2317099801
-15.7060199578
-15.5429842534
-15.8288990017
-16.1140076301
-15.4600827811
-15.1665635135
-15.0857436328
-15.4555939169
-14.7523780177
-15.0839259827
-15.5128792974
-14.8461679286
-15.9790933213
-15.5985077099
-16.5800832137
-16.9094748967
-16.2403163282
-16.3050481398
-16.3634823091
-16.4637297771
-15.7569380167
-14.4161728650
-15.4573568058
-15.9816701022
-16.0276336562
-16.3613581530
-15.6238740340
-16.4906950725
-17.1865561066
-17.4680617508
-17.4680952603
-17.2945114206
-16.9066236273
-16.3825187709
-15.5800602934
-14.9114503421
-14.7090168889
-14.9334369208
-15.3629852614
-14.4914565262
-14.9454310160
-14.4091167568
-14.6212750205
-14.9191386053
-15.6188926084
-15.2903150346
-15.3557384026
-15.0707096659
-14.9439532827
-14.0875331359
-14.1656225833
-13.6013149426
-12.7256430486
-13.9035106056
-13.8759548989
-14.1045133295
-14.5204875135
-14.2807614355
-14.8853471557
-14.2371674492
-13.9680990548
-13.1832587724
-12.2678021721
-12.5355017120
-12.6735253863
-12.1517179851
-12.2000909105
-12.0826801883
-12.3436288996
-12.3819883110
-12.6569270781
-12.8541260118
-13.0320858280
-12.6074862456
-12.5394023012
-13.4580432633
-14.0220388285
-13.8478155417
-14.5298022953
-14.7300652781
-15.0079856236
-15.4208581874
-14.6004267973
-14.1633224425
-13.5792486070
-13.8623588880
-13.7431819458
-14.3191399112
-13.5174821420
-13.1206806132
-12.8946368111
-12.6081128531
-13.4432708987
-13.1868145621
-12.9385009256
-12.9819654042
-12.9257684608
-13.2299314359
-13.4205207455
-13.4400135472
-14.1638186715
-13.6477024704
-13.0780577893
-13.4117193960
-13.9965478765
-14.1444246598
-13.6715996617
-13.6715006367
-13.8028897718
-13.9810401626
-13.9412505825
-13.7289896861
-13.4967177368
-12.8998621738
-12.5730173700
-12.4870872129
-12.1074088117
-11.7020436365
-11.1152812151
-10.5618591962
-9.5977534166
-9.5811683545
-9.5395013155
-9.5554543569
-9.7950544639
-8.8453084847
-9.0515733564
-8.1880697080
-7.5364548065
-7.8346861659
-7.5944783630
-7.9148769772
-8.8690750183
-9.1479427962
-9.5405016642
-9.1040055510
-9.5251417610
-10.0627234779
-10.1012369268
-9.8998672698
-10.0614297158
-10.2029184789
-9.5620519182
-10.0630520711
-11.0646169464
-11.1520554288
-11.4764426679
-12.1075503101
-12.4118836517
-11.6869492264
-11.3716299731
-11.2162424482
-11.8226046634
-12.7159401676
-12.6628061476
-12.5101020782
-12.2987092764
-12.3131282827
-11.6501762305
-11.7881329961
-12.1953472469
-12.3969366538
-12.6689346574
-12.7019219757
-13.0079214161
-12.1571736962
-12.3285666498
-12.0272839172
-11.4469511820
-11.5873171911
-11.3845250649
-11.6674279077
-11.8405453231
-11.8209973198
-12.2448128331
-11.1524961041
-10.6945952190
-9.7956620023
-9.3315218984
-9.9420392620
-10.2331267296
-11.0035452400
-10.3384268082
-8.9532377467
-9.4470570434
-9.8093381642
-10.2666565321
-10.3735496488
-10.0754927783
-9.6169191768
-9.2247289003
-8.6963077417
-8.0870531940
-7.7305583756
-7.2203757164
-6.5600396891
-7.1097833007
-7.3344997476
-8.1215936924
-8.9730481351
-7.9641576161
-8.1546343927
-7.9362939198
-7.8030301787
-6.8140068306
-7.2809321361
-7.9131781544
-7.4992159284
-7.1171806203
-8.1263717954
-8.0328864607
-8.3049728969
-8.1724811032
-8.1585361097
-7.7459792864
-7.7111144594
-7.8750913986
-8.4993427639
-8.8384567007
-9.0741958152
-8.6219649396
-8.6561339618
-9.0877290018
-9.1041486857
-8.9044704709
-9.0177224557
-10.0697555966
-8.9020543715
-8.6252475458
-8.6945024164
-7.9306128132
-7.6457371280
-7.6817291102
-7.1954988573
-7.0935752490
-6.6399199640
-6.4209803183
-6.2755650610
-5.8278382404
-6.7203662766
-6.8344725509
-6.8465832087
-6.0838065455
-5.8929232006
-5.9241402141
-5.9989474283
-6.3572601013
-7.7677334112
-8.0935408796
-7.7672027463
-9.0662504192
-8.2962033386
-8.6656829313
-8.6843323893
-8.9337229064
-8.8492759048
-9.3203523800
-9.6767038842
-9.7304512812
-8.6743806117
-7.9654703944
-7.6005837401
-7.2117117048
-7.4099968879
-6.5935956254
-7.0969714553
-7.2052110674
-7.3178938140
-6.9234586205
-6.9523005221
-6.7321170083
-5.9428582371
-6.8486051693
-7.1623167933
-7.9642347115
-8.6166257589
-8.8110031060
-8.4240723431
-7.1247930400
-7.2461301246
-7.9412361489
-7.3780953013
-6.9962336654
-6.8245673254
-6.1550159421
-6.1159683724
-5.7709604332
-5.5509071925
-4.7934365405
-5.0836555588
-4.3783353560
-3.8334076816
-3.8720450719
-3.4911756102
-3.7005685925
-4.8145520726
-5.2375179941
-5.1293500408
-5.3013935113
-4.4505025872
-4.6440646785
-4.5521200288
-4.2958013647
-4.3525056159
-5.1246425007
-5.0828225034
-5.0295159792
-5.7840386668
-6.1167114794
-7.4693536311
-7.5541126116
-8.2184349976
-7.4540906245
-7.9027195700
-8.9579025205
-8.8639367280
-9.2607636789
-9.7703749158
-8.8552039393
-8.6537018137
-8.3455470117
-8.3177876368
-8.3512010287
-7.8210946566
-7.9412754976
-7.4080489881
-7.4107199933
-6.3958495659
-6.1275039559
-5.6784034756
-6.3068296652
-5.4395512714
-5.7354958507
-6.3835076724
-7.1312629176
-7.3254436984
-7.6743835003
-7.7637888546
-8.5068392324
-8.7186523392
-8.2151358624
-7.7508567601
-7.4914395146
-7.7495499451
-8.2918993626
-8.5164237896
-8.3203458681
-8.4936366085
-8.6576929092
-9.1680306154
-9.7150551620
-10.0321064541
-10.0941371036
-9.9616964803
-10.2208551274
-9.8993351833
-9.8733487055
-9.9886055063
-9.8110688669
-9.3166442769
-9.2949390930
-8.9030675574
-9.2313178313
-7.7999667271
-7.1167757763
-7.7269093201
-7.1810865273
-6.9834099707
-7.1628826000
-7.4958884509
-6.7570778314
-7.1903144659
-7.4429727374
-7.3246535635
-7.4506629382
-7.8776851187
-7.5054858867
-7.5409099740
-8.0082070377
-7.1034775049
-6.6190195373
-6.0483888774
-6.3885553373
-6.7156160193
-6.1735727007
-6.2080274252
-5.9667181631
-6.2024221106
-6.2139807771
-6.7910110018
-7.0248433573
-7.6429423138
-7.1868339543
-7.3701891513
-7.9409418035
-9.3199495384
-8.6466741818
-8.6535830507
-8.4405029898
-7.9523131470
-7.2717516624
-7.3780318650
-7.6642626927
-7.6573274710
-7.8376020959
-7.7973307337
-7.1114481637
-7.3536775129
-7.0551351852
-6.9414689098
-7.8864620684
-8.5775759706
-8.2920885098
-7.6564034793
-7.3511456146
-7.7568214684
-7.2790982611
-7.5522118698
-6.7201910877
-6.5134733759
-5.8794048986
-5.2036007901
-5.2354675074
-6.2003682257
-6.1440692715
-6.1962663626
-6.6486834142
-6.7614702321
-6.6935026267
-5.9775965722
-5.8281625689
-5.7488053776
-6.0060381822
-5.8998028088
-6.3033961989
-6.9191965059
-7.0263626996
-7.0715095964
-6.6869889100
-7.4242120713
-7.1662218818
-6.6485259019
-6.1642798268
-5.4033582391
-5.6358434005
-5.9382500487
-5.9831970413
-6.8290701558
-7.1463673076
-7.7934459325
-7.8479982726
-8.1979541837
-8.3128158301
-8.5788606263
-8.2885748566
-8.7116393123
-9.0950827433
-9.8670506077
-9.1230456538
-9.2725950863
-9.1708702517
-9.6709225107
-9.7909630314
-9.2084275207
-9.2193575810
-9.0114038966
-8.9576904113
-8.9502615373
-9.4095958993
-9.4789217279
-8.5666073753
-9.2960170534
-9.0356685683
-8.4634294776
-8.7140605641
-7.8968339474
-8.1960396744
-8.0100123995
-8.0178254676
-7.7956011899
-7.7383881232
-7.2638653774
-7.7140701304
-7.8052980314
-7.5820544517
-7.3083956509
-6.9585167584
-7.0020232464
-6.5580634233
-6.5148272851
-6.0830325010
-6.6257762914
-7.6155705218
-8.0155465899
-8.1495674065
-8.5988983425
-8.8715916454
-8.9099757492
-8.1978248432
-7.2860000420
-7.0739775229
-7.4798984630
-7.2451789426
-7.8195115441
-7.6869334175
-7.9630813499
-7.9547401513
-7.5158087016
-7.9471652021
-7.9318782159
-7.0891974130
-6.6313455705
-6.4189613620
-6.5529434697
-6.3552621244
-5.5382913705
-6.3968655369
-6.7829461711
-6.7915869962
-6.6725378094
-6.3429157687
-6.2219447102
-6.4008660111
-6.6156844001
-5.9367356878
-5.0223818934
-4.1306834622
-4.9776828988
-5.0070179987
