eta2_2
1.2888312142
1.2288794721
1.6359618010
2.1287417771
1.6746004372
1.3694424019
1.8660300541
1.8653573122
1.7081678698
1.5293756591
0.8622173746
0.2536176221
-0.2491316274
-0.5440665088
-0.3482717277
-0.4969983282
0.2819436646
0.8094293758
0.8680876512
0.4917706686
0.5870451482
0.3899137854
0.9599358357
0.2458848126
-0.1088053051
-0.5036504167
0.2218737123
0.2725933843
0.0366260695
0.8563056058
0.5695356624
0.9535021536
1.1458559358
1.0738541719
0.6990309993
-0.1647037363
-0.5461440654
-0.8138803792
-1.2967405599
-1.4693071648
-1.5401694339
-2.2478439513
-2.0119652820
-2.1766698369
-2.3414536173
-2.4249220328
-1.8747989846
-2.0149274980
-1.9465501872
-1.7762805315
-1.4829166082
-1.4375450478
-1.9302051587
-1.7681282946
-0.7475928484
-0.1360607867
-0.6716767550
-0.2720867234
-0.3829247380
0.6230588537
0.3719536049
0.7615355943
0.6064669084
0.2563590967
-0.3137264588
-0.1867010044
0.4402717372
0.6333524923
-0.7468428361
-1.9002963195
-2.3712725228
-2.7198727210
-2.9351132623
-2.2693853348
-2.9216221952
-2.4136859930
-2.1501376811
-2.7732865165
-2.0134531802
-1.7226289461
-1.0573457925
-0.9858738370
-1.6507070073
-1.1968262799
-1.6538089226
-2.1208547053
-2.0180927732
-1.6984766694
-1.9669915074
-2.0920360804
-1.3903977407
-2.3383531893
-2.7601130776
-2.7649113748
-2.6488432566
-2.6337678214
-2.8034487334
-3.4730348508
-3.2778241100
-3.6798536173
-3.4527614055
-3.5648239090
-4.8969006610
-4.9719749442
-5.2824215328
-4.5399794856
-4.2220438656
-5.5799441729
-5.4775522854
-4.9403072286
-5.0369560997
-6.2555565020
-6.4341799945
-5.7090748376
-5.6730124049
-5.1039694295
-5.8023158374
-6.2767447620
-6.9166571689
-6.8114670270
-6.9519385086
-6.3323568933
-6.5736414027
-6.7802655646
-6.3141605718
-5.6100861628
-5.1369028963
-5.2244132343
-4.8587452769
-5.3041903780
-6.2201970710
-5.1196712715
-5.1513254696
-4.8634578559
-4.8380875732
-4.8632428801
-4.7389946501
-4.5948031853
-4.7949940063
-5.1100105183
-5.9927099614
-6.3323915613
-6.4430964462
-6.2246241395
-6.3325611977
-6.3287176999
-6.1716152436
-5.5437800316
-5.1793741838
-5.0571059577
-4.3182160645
-5.0606468532
-4.6457519520
-3.9773552042
-4.0904227654
-3.7540792613
-3.2876562806
-3.7491298449
-3.8046179410
-3.4054844525
-3.7570045622
-3.3524567689
-4.6196424013
-4.3230303135
-5.1429273836
-5.6490102748
-4.8917760029
-5.4011886823
-4.6573593518
-4.3500242763
-4.8835121571
-4.3569571795
-3.7509024046
-3.8486550953
-4.4057199188
-4.4778821467
-3.9440772048
-4.0172570871
-4.3572805232
-4.1114401774
-3.8300756363
-2.8164681529
-2.8269119458
-2.5055724190
-3.0242904468
-3.0452263196
-4.2489179098
-4.4698424156
-4.6288631113
-4.6346659543
-3.8537251730
-3.3159988612
-3.2550664278
-4.1678314994
-4.2093987994
-3.8863041102
-4.3983973707
-4.3666835518
-4.5675149844
-4.6016716190
-4.7990897145
-5.0770433109
-4.7751945107
-4.8718152769
-4.8805876185
-4.4632477062
-4.0001399438
-4.4488098418
-4.5981377081
-5.1065206934
-5.2534080353
-4.9478164572
-4.8377050537
-4.5976382524
-5.4295675469
-6.3036967855
-6.1350807592
-5.4259541862
-5.4677961614
-5.7625069804
-6.3276892627
-5.8883796165
-6.1984070728
-6.5786396954
-6.4242260125
-6.2466972820
-5.7419090403
-5.5197275451
-4.9670185254
-5.8237392825
-6.1455550785
-5.9178084917
-5.3186255364
-5.0819993232
-4.9313381177
-4.8057611308
-4.9315197087
-4.9565205587
-4.9627877080
-5.1440083847
-4.9320186386
-5.0359154284
-5.1230394675
-4.9002318102
-4.5405483321
-5.1235998038
-5.0064890926
-4.9600225524
-3.9508224590
-3.9463635961
-4.2476258548
-4.2643550611
-3.7512229853
-4.0151419204
-3.7079080697
-4.1306580250
-4.3600264888
-3.7093634892
-4.4349647491
-4.2215033532
-4.0255156391
-3.9714495583
-3.9031307916
-4.5642438117
-4.3701070340
-4.8613508803
-4.0784851358
-4.0996167944
-4.2139959949
-3.9466568111
-5.3400945496
-5.6445280962
-5.2500265471
-5.1027066141
-5.3229333201
-5.7563665662
-4.8593607332
-3.7642430900
-3.9040772890
-3.3185833087
-3.1264620669
-2.9345290184
-3.5782182422
-3.4614892572
-3.8934793362
-4.7015988311
-4.4229143657
-3.1285161950
-2.6700909901
-2.8791905381
-2.7642170403
-1.9653579199
-2.0897869015
-2.6229893030
-2.9460557596
-2.5214272219
-2.6225765681
-2.8786956899
-3.0187119905
-3.8268264468
-4.0293061456
-4.4318609996
-3.8927847428
-4.1984173171
-4.6059622108
-3.8035325649
-4.6069876228
-4.8729231707
-4.9397705550
-3.9020179523
-4.1503330585
-4.3643422473
-3.9464513076
-4.1902161572
-3.5265168968
-4.2200177994
-4.2749095157
-4.5084928723
-4.5411062167
-4.5222497201
-4.8471347325
-4.2253314069
-4.8251804926
-3.7677605577
-4.4934135568
-4.4580992979
-3.6058410245
-3.0657627783
-2.7747665998
-2.9661059004
-3.8191437736
-2.7842501002
-3.0333653036
-2.4745284688
-2.0045180246
-2.6597700159
-2.5017071624
-2.8919864397
-3.1197255912
-3.1190237674
-3.1516765014
-3.4375355671
-2.7727528029
-2.5059488300
-2.6488631531
-2.5892631567
-3.0513560153
-2.9858696636
-2.7637096353
-2.7007129915
-2.0340494088
-1.4728473017
-1.7782698706
-2.1311523218
-1.9275261561
-1.0025250249
-0.3751896738
0.0534958584
-0.4299468649
-0.6894784362
-0.1010405424
0.7833361277
1.2469576910
0.5695424545
0.1141910126
0.6771809293
1.4176729731
1.7761430988
1.5961008324
1.1895638856
1.1808537256
0.3352848407
0.1359164973
1.0885347635
0.4741554821
0.3382674178
-0.2671189860
0.7773945769
1.2617906288
1.4776625532
1.4903044328
1.4091124412
1.4407225937
1.6901216078
2.1472562257
2.1679379786
2.0373435004
1.6287332529
1.2476170288
0.7242311286
0.5380251143
0.4383416199
0.2768010642
-0.2801315157
-0.5815560020
-0.6511288005
-1.2230735197
-0.8716319543
-1.4536942320
-0.8054148074
-0.5675113070
0.1255516969
0.4974351378
0.6679731049
1.2352311446
1.3215067139
1.8699823532
1.9663447257
1.4142828414
1.6633194516
2.2042281281
1.5779021887
0.7439279347
0.7678722376
0.6114984143
0.8279437596
-0.0439146594
-0.6179215530
0.3280042341
0.0036616285
-0.0356706308
0.6564312512
1.4034001566
1.7478379043
2.1871831643
2.0377983156
0.8749874549
1.1736555356
1.3173034771
1.2623306795
1.7928253781
1.4702598863
1.5793432836
1.5429010249
1.6760969391
1.1285405247
0.7581066994
0.2069716915
1.0972119482
1.0571986977
1.6904983921
1.5638987328
1.8932623165
2.6837347721
3.3760598975
3.1672328911
2.8489404286
2.2395368336
2.0943628686
2.0634499106
2.1943559451
2.3010328282
2.0530351860
2.4973458876
2.6043067677
1.8779879061
1.8662299357
2.2960021759
2.0781547316
2.0624912881
2.5014360283
2.4349955660
2.0997986629
1.8428189356
2.6960113448
3.6437282821
3.7071884014
3.5079537058
3.6282444603
3.9109073012
3.1017985066
2.1029732026
1.9995508687
2.1572261988
2.3317193244
1.9925193788
2.6624774993
2.3638863729
2.1470971179
1.7251028915
1.7851711304
2.3603547407
2.8552327907
2.2718116572
2.7306556873
2.3430572625
1.9413074269
1.4984644463
0.9289765208
0.9075717347
0.8694619724
2.0252999115
1.8170016875
2.1948553493
2.3959388920
2.3343685547
2.0318973389
2.2213744312
0.9429965229
1.6211145730
1.6623624924
1.2995587942
1.4360591721
1.5910984113
2.0582727837
1.7736485275
0.6279254139
0.5877313518
0.7331290950
0.3741292294
0.6471472825
0.8446029524
0.6626222509
1.2835481502
1.3011125750
0.4082744810
0.9452890851
1.1187632269
1.2396221044
0.7075353016
1.8218936417
2.3385717590
2.6549180749
2.2473702596
2.7400832885
2.5357486504
2.8818453651
3.1890731477
2.7357618440
3.5875007618
2.2931591591
1.6124072693
1.8776871522
2.2024785928
2.6229958733
2.0391081040
0.9068377139
0.9812175324
1.7235842138
1.8991172779
1.6638658165
1.6716235579
2.3550795175
3.1299208601
3.4564538906
3.6737866719
3.7006537054
4.2810737949
4.0642270131
3.2849955164
3.1720821243
2.5611511755
2.3021011849
1.3605306881
1.7008785958
1.9853947904
1.5749262576
2.4083426222
3.4119301634
3.4489267602
4.0577098310
4.0990169176
4.4860253780
4.3229726095
4.5172436703
4.5408011571
4.4605654022
4.4863165852
3.4406251882
3.2647462297
3.1357717834
3.2373132387
3.5588005854
3.5214078048
3.3661941276
3.3582238408
2.9161602911
2.9195863088
3.3457282842
3.1675590053
3.0563769103
2.8372040431
2.6082771961
2.0162140709
1.2856766511
0.6450833458
0.5704748547
0.3955836075
0.3180820599
0.2079960004
0.5199515137
-0.1461203486
-0.8929313077
-0.2798581704
-0.4088344023
-0.5451385814
-0.8854648313
-1.0445550532
-1.4669410696
-1.3052666415
-1.6155562929
-1.5966577777
-0.2210859663
-0.2499434244
0.1208572428
0.5712430227
0.5889946428
0.8673324066
0.8956460205
0.1643538780
0.3184091408
-0.6631644255
-0.7428025406
-0.3914560696
-0.7511144975
-1.1952793785
-0.4335748225
-1.7291960811
-1.9927937410
-1.8510739519
-1.5718333490
-1.4678659958
-1.2955737676
0.3582489674
0.9688210511
0.6309533041
0.9492048441
0.2053608964
0.2135891788
-0.4006757721
-0.4169317870
-0.2618512384
-1.2557074716
-0.8199132515
-1.3865331854
-1.8941262151
-2.2434926153
-1.9787880988
-2.4343602292
-2.3741148874
-2.2471344316
-1.9220803905
-1.3126147146
-1.0220242422
-0.6817010721
-0.7482644998
-0.6170440223
-0.3449576043
-0.5736009455
0.1032808804
-0.2481355517
-0.3046713919
-0.1286371269
-0.3498603856
-0.4393669345
0.0695338456
-0.1969836738
0.2697912034
0.6283060349
0.8653835856
0.8559528746
0.6023248793
0.6189459060
1.1590321511
1.7846929325
2.6873864591
2.7908880903
2.6071271822
3.1638277201
2.8149143687
2.9072694958
3.4001848319
3.4548440047
3.3508771602
2.5846137112
1.6210495658
0.2119351673
0.7556917750
0.7085298005
0.3304684145
-0.3554426395
-0.7037727804
-0.9785694741
-0.4369156171
-0.7540259324
-0.8793309717
-1.0086560525
-1.8550761061
-2.1718811334
-2.1974463513
-1.1121819639
-1.8754250599
-1.6802882314
-1.5367192215
-2.0118952609
-2.9500238138
-2.7178158890
-2.2061516328
-2.3094852703
-2.0402091914
-2.8416670861
-2.4807251796
-2.5815675949
-2.2789215998
-2.6447005495
-1.9005586172
-2.6759109722
-3.3136947130
-3.5508458160
-2.3220981210
-3.0100914841
-3.0249267222
-3.1424289911
-2.2167036249
-2.9093926517
-2.6976772450
-2.3923132166
-2.1373114425
-1.5133200993
-1.3414084170
-1.3954497530
-0.8058454580
-0.1427237825
-0.5344861555
-0.7204217411
-0.8964571278
-1.0222503865
-0.9025145833
-0.3579175633
-0.2774283254
-0.3808580248
0.5454231079
0.3612225554
0.2772519579
-0.6498831924
-0.2786763498
-0.6570417256
-1.1724594848
-1.0482914616
-1.0873556958
-1.2228797424
-0.8282268136
-1.0405102536
-1.7222509160
-1.0490297617
-1.0845792297
-0.8349067260
-0.9500827240
-0.4543530301
-0.5599296663
-0.8999532025
-0.2044251725
0.2693922739
-0.8433529071
-1.4017824442
-1.7195882204
-1.4900860678
-1.9762690781
-2.4518905847
-2.5177779322
-2.1462891253
-1.9206175951
-1.5434617737
-1.8305082763
-1.7751684509
-1.9947488908
-1.9938689876
-1.9476269815
-1.1344081720
-1.9457065607
-1.7257418793
-1.8540494823
-1.1099207844
-1.1642966484
-2.0525831572
-1.8534032530
-2.0171844493
-2.1007405362
-2.1630507546
-2.4051024482
-2.1515987233
-2.8937114993
-3.3486304720
-3.2786655314
-3.7485519313
-4.1299441620
-5.1287971581
-4.5079913400
-4.2929934402
-4.9833629125
-4.8461492906
-6.1356865915
-6.1628878646
-6.6109259880
-6.4262487931
-6.6954037525
-6.3857789062
-6.4386653036
-6.2108894342
-6.4465025034
-7.1091029373
-6.6894045089
-6.7768412859
-6.1275558022
-6.0375352448
-6.3385577119
-7.0539339809
-6.9880235197
-6.8951914946
-6.8963200190
-6.7292809004
-6.4154634441
-6.8206207163
-6.8457563072
-5.7167145816
-6.9540822383
-7.5048669326
-6.9385400603
-7.3439419928
-7.4919114091
-6.9771280373
-7.1535223621
-6.7567182761
-6.3468945975
-6.5281752295
-6.7287301261
-6.8034252435
-6.9202854752
-6.1645277113
-6.4242507465
-7.4763218544
-8.3029140253
-9.0865561055
-9.1083054707
-8.8215108074
-8.2977073967
-8.0727524614
-8.4168788096
-8.3657624221
-8.0209516654
-7.9440523989
-7.8898648235
-7.5204753476
-7.2976146605
-7.7001505743
-7.6160127170
-7.5850063115
-8.3547581889
-8.2013843582
-7.5838198915
-7.9417795642
-8.5131763880
-8.8296698243
-7.6399528309
-6.9755794288
-6.3856566659
-6.2108337367
-6.7781014885
-7.2386545313
-7.3650018410
-7.4912817346
-6.7970733601
-6.6714551517
-6.4032534748
-6.2657828305
-5.9197670320
-6.1915459038
-6.7966296887
-6.6984337094
-6.2935897279
-6.3900661443
-6.0513319941
-6.8244976244
-7.1884505151
-7.5026298344
-7.4714886204
-7.7459556982
-7.7901483319
-8.6365496521
-9.2958791075
-9.6849194788
-10.4744419046
-10.8094290681
-11.2044335272
-11.6047010057
-11.2851803159
-11.1716937431
-10.5699593380
-11.0853306972
-11.3911263936
-11.3465629175
-12.2239233281
-11.5940586274
-11.1652568935
-10.2835696131
-10.6889165684
-11.0225283479
-11.1744449154
-11.9512357369
-11.9275747082
-12.3048415924
-12.6979881712
-13.1645437399
-13.5013222478
-13.0962309893
-12.9492246181
-12.4818992071
-12.9277613454
-13.8127765079
-14.0149912927
-14.2036973303
-14.1953310153
-14.2562215862
-15.4679321368
-15.6140694742
-16.9682632549
-16.4396290041
-16.4976075265
-15.2047952713
-15.4176731001
-14.0306983494
-15.3452736682
-15.7263877410
-15.2162710056
-15.1642428076
-14.6991830275
-15.3002811277
-15.8010235131
-15.7671088901
-14.9120937191
-14.5947795154
-14.7323697420
-14.6504130248
-13.1553340079
-12.6967541727
-12.2949554193
-12.0715312132
-11.8464586061
-12.5465681526
-12.3432510699
-11.8913044699
-11.3575052978
-10.9600845724
-12.0866164360
-12.4133117212
-12.6926565138
-12.6475654136
-13.1856680255
-13.5690951764
-12.9784023384
-12.4972109473
-11.8583991345
-12.4353826776
-11.6432045599
-12.2181583257
-11.8253554243
-11.5015015748
-11.1911561335
-10.6470370187
-10.7008058863
-10.7600032713
-10.4727502307
-10.8831329658
-11.1928960213
-11.6190042438
-11.2874442152
-11.3983491061
-11.5421757283
-11.4646551885
-11.3332406145
-11.8321556068
-11.3513092259
-11.8488323884
-12.6586017892
-13.0687123522
-12.1147907988
-12.9508239351
-13.4408663741
-12.6559748982
-12.2878733517
-11.7986043403
-11.8563928395
-12.4565019227
-12.4840921653
-12.3694428343
-12.6095947925
-12.6899903157
-12.6294646875
-12.5020103520
-12.7227067915
-12.6415167537
-12.4433674435
-13.0216035462
-13.6106978442
-13.5266779780
-13.1030067630
-12.9592789446
-13.7965198712
-14.1293539675
-14.7502332433
-15.3298285847
-14.5308958064
-14.4432391293
-13.3988796897
-12.7555280914
-13.2355465109
-12.4431257363
-11.7941668013
-11.1018746701
-10.0931858107
-10.4278010823
-9.3245352040
-8.8470463823
-8.8651424301
-8.3311479244
-8.2429077151
-7.9574862699
-8.3102667845
-9.1211139394
-9.7595029083
-9.4363892606
-9.5512121687
-9.3847940355
-8.6266676797
-8.0850467285
-7.8757863805
-7.6677673626
-7.3244403836
-7.5311913310
-7.7937276402
-7.3265079071
-7.0997246100
-6.7629951270
-6.7541572736
-8.0415410824
-7.2573655491
-7.4277423109
-6.9118399996
-6.5026733953
-6.5124811510
-5.6145456866
-5.8133692103
-5.5094235877
-5.3065651790
-6.2251337634
-6.4933531715
-6.7387674197
-6.8040026565
-6.8627901365
-7.3341801823
-7.6315223837
-7.9148126015
-7.4936231985
-7.0299353346
-6.8453413874
-6.0835455490
-6.2419611557
-6.3777888621
-6.8677000997
-7.1871859415
-7.6414578837
-8.0980089535
-8.2099138763
-8.0151409717
-8.7563258473
-8.9526174017
-8.6932377212
-8.4126758993
-7.7456037737
-7.5497487904
-6.7147481260
-6.9730820662
-6.8130807609
-6.9299101809
-6.7691812942
-6.3033696288
-7.1084682440
-6.9386428373
-6.8521810708
-7.1826521414
-5.9813343993
-5.8498749661
-6.1218962676
-6.7150088711
-6.4069867489
-7.1951233949
-6.7010306371
-6.9868769512
-6.7530153532
-6.6351685335
-6.6427431330
-5.6267413218
-5.4334377485
-4.9353923395
-5.0569606012
-5.1512693158
-5.7116194991
-5.8615451477
-5.7998733480
-5.2967642542
-5.5597813481
-5.2099004041
-5.9439977853
-5.8785062831
-6.0257790762
-6.0704425060
-6.6746949899
-6.8826070778
-6.5389385413
-5.6463373523
-5.0364729382
-3.9807767982
-3.0111206033
-3.6513736447
-3.6755852029
-3.6041668708
-4.2730890593
-3.5048730960
-4.4262967313
-4.6114102988
-4.9475543463
-4.3311757079
-4.8461157024
-4.3932853048
-4.7102155714
-4.5401397040
-4.8598842377
-5.3395727920
-4.9553611760
-6.0539306477
-6.4744027668
-7.4856202452
-7.6860770990
-7.4121796023
-6.6212961612
-5.2124921711
-5.7715508401
-6.4827029602
-7.4660664050
-6.9544024361
-7.1933322293
-7.4467630138
-7.4126336097
-6.7467388153
-7.5851214114
-7.0945382215
-6.8897575747
-7.6448703241
-7.8451483296
-8.5205806049
-8.6085671363
-8.6006131867
-9.3972334104
-9.2880031362
-8.8672824772
-8.5359109672
-9.3218043685
-9.5593054907
-9.4977163082
-10.0686334581
-9.8625482607
-10.1581411099
-10.2561597195
-10.3702856890
-10.6595845032
-9.8658647815
-9.9117328839
-10.0734402592
-10.1401870381
-9.7205563541
-10.0178636307
-10.6040263930
-10.4330743271
-10.2149972866
-9.9435690128
-9.5370930538
-9.8552776933
-9.4498925857
-9.1034497154
-8.7292752417
-8.8138140138
-8.9901104899
-9.3901639404
-9.8508163598
-10.0579246750
-9.2694381841
-8.9534130547
-9.2904962219
-9.1571859387
-8.8189432017
-8.7040297886
-8.4868472570
-8.7037631085
-9.6334932133
-9.7371268840
-10.0189321960
-10.3644208199
-10.0492940243
-9.6086223534
-8.7582631049
-8.2334138281
-7.5181072745
-8.0746637407
-8.2216952961
-7.8827651361
-7.9991615951
-7.8478921397
-7.8262164652
-7.8977040741
-8.5164903241
-8.4530133097
-8.8088801262
-8.9303960374
-9.3172307179
-8.9380539942
-8.8137703834
-8.0874609158
-7.6962170531
-8.4895678512
-8.7375943661
-8.6865449573
-9.1818243604
-9.9039155617
-9.9624915995
-9.5834317672
-9.2637033510
-9.6539500263
-9.3689756303
-8.8800390839
-8.7123655098
-9.4461816664
-8.9202250389
-9.1318836487
-9.7737117573
-10.0515321454
-9.8451692402
-9.1090075832
-9.4164305335
-8.9595798943
-9.3365962649
-8.3927393785
-8.6869103221
-8.0101063113
-7.1360534090
-6.0353596957
-6.0503696970
-6.1230548207
-7.0243511328
-7.2177896834
-7.5750959600
-7.9284909839
-7.9253307569
-7.4287260049
-8.7311742288
-8.1567246276
-7.0004278508
-6.3259633508
-6.3064937552
-7.2467977673
-8.1531524033
-7.6806005509
-7.1326754935
-7.3395941134
-7.6726901718
-7.8789418778
-8.2783313087
-7.4446616593
-7.8073700234
-8.6216117048
-8.5091286259
-8.5364694173
-9.0909232521
-9.4954921899
-9.9120849294
-10.2008733195
-10.0701018078
-10.2593604596
-9.5323001351
-9.2744810780
-8.6106582416
-8.0024497910
-8.3249974215
-8.1245192518
-8.0295234139
-8.7864291812
-8.5379066557
-9.0829461044
-8.8136393615
-8.7617594253
-8.8381413075
-9.3180384167
-9.0512734384
-8.0657992128
-7.5495642521
-7.4500182116
-7.1794705835
-7.6069515734
-7.6410858714
-7.0695858926
-6.4469539189
-5.6967383397
-6.3898709142
-6.7004891572
-6.8859831725
-7.1288329941
-6.9980973644
-7.0663650511
-6.8047295059
-6.5696966585
-6.4400772217
-6.3008933446
-6.6023303761
-6.7826908346
-6.7390262852
-6.8610279822
-6.6244177545
-5.7616212211
-6.1386632581
-6.5511920571
-5.7184200355
-6.1351794205
-6.9670151218
-6.9618452224
-6.9553358667
-7.0826367594
-7.1242260719
-6.9772747345
-7.2641608762
-7.1192151043
-6.5816113070
-7.1000904014
-6.6713448113
-6.9582345710
-7.5385690669
-7.6983481425
-7.9924211801
-8.0214328042
-8.2197187363
-8.2410818710
-8.2168112953
-8.8712705772
-8.7569317015
-8.2052014359
-7.7612759907
-6.7749460111
-6.8091130745
-6.7550826685
-6.9953387764
-6.9082317791
-7.6874172867
-7.1320459191
-7.8586693626
-7.9135719948
-7.1029348665
-6.7785644176
-4.9015477332
-5.0042705011
-4.7302871992
-4.7848835511
-4.2541597454
-3.7001770719
-3.9285201493
-3.4288246156
-2.9374430179
-3.2035639641
-3.6133341557
-3.6035028589
-3.8138242545
-4.5237024862
-4.7580254491
-5.0097668920
-4.4559898527
-4.2342783149
-3.9650662467
-4.9321945919
-5.7820249747
-5.7490059323
-5.9889009597
-6.1544518837
-5.1974990048
-4.7279620866
-5.2856406022
-5.6771699453
-5.2488847282
-5.3331381307
-6.1547551319
-6.1388706664
-7.6878413024
-6.9543566150
-7.0225810608
-6.6122932174
-6.2943879146
-6.4366197745
-6.2667328541
-7.1542042069
-7.7684777591
-7.2021578329
-7.0750293457
-7.2436335795
-6.1820130505
-5.5901197840
-5.7005597495
-5.4575493294
-5.9349812547
-5.5534809825
-5.7658992261
-5.6934148953
-4.1623027475
-4.8103083649
-4.3266047373
-3.8400871877
-4.8804306312
-5.2459944503
-5.4479550471
-5.5614373363
-5.4865650863
-5.0918197938
-4.7548481910
-5.1213484851
-4.5656635399
-4.9814887178
-6.3760902452
-6.6022826882
-6.5300307290
-6.5860003305
-6.7976842815
-7.2993425929
-6.6690304094
-6.6963096601
-7.3454178933
-7.2351685693
-7.5573948789
-7.6403283533
-7.5764245923
-7.7921745018
-7.9304792026
-7.3271017702
-6.6713468503
-6.6228847060
-6.2415342607
-5.7892002902
-6.5308003482
-5.7787236454
-6.0238351902
-5.7827510642
-4.7161418692
-4.7545160146
-5.4624035608
-5.6715635582
-5.7463445436
-5.4840314713
-5.9966334184
-5.1163903304
-5.0338187973
-5.1225629021
-4.7374459616
-4.4463432967
-4.6532733362
-4.7175676278
-4.3416379886
-4.5206937508
-5.2136405558
-4.5307431019
-3.9712731417
-3.5043498441
-2.7829096101
-3.3695115999
-2.8527497566
-3.0557353349
-2.1813553464
-2.1498930119
-2.4596326267
-1.3744453069
-1.8615080128
-1.5650683607
-2.2266131281
-2.4210507335
-2.0466973775
-2.2300120269
-1.1147463147
-1.0802702487
-2.0001393399
-2.2416672122
-2.1439843403
-2.2631237535
-3.0854295378
-2.8716943268
-2.8883073633
-3.5989183742
-3.7632370541
-3.5938163981
-4.1883433924
-4.5179561758
-5.2799081783
-5.4970337846
-6.1195182048
-5.9458736778
-5.4156208194
-5.9617095889
-6.5106757159
-5.5327719516
-6.3640906495
-6.7492582205
-6.6048469400
-6.4520293514
-7.3874616951
-7.8676250054
-8.6132995894
-9.0425869424
-8.6453547135
-8.2974959318
-8.4138088924
-9.3992091611
-9.4805637780
-10.2636556245
-10.9787260712
-11.5398049167
-11.5764316563
-12.5517724054
-12.6293343532
-12.6230446287
-13.1154805210
-12.7651083897
-12.8494451365
-12.7002994146
-12.8031795294
-12.3216640059
-12.3685129763
-12.3821285333
-11.7354307463
-12.4359302476
-12.5244909357
-12.7523269440
-13.0013993309
-12.8235072540
-12.2945852781
-13.1214807143
-13.2088723597
-13.4345657314
-13.3263692561
-13.9939983119
-14.1169137358
-13.6873033057
-14.0220953617
-14.1235753704
-13.9529490699
-13.7435443014
-13.3541166454
-13.9839236069
-13.8644948266
-14.4510417455
-14.8303764809
-15.3247711559
-15.4595909722
-15.7593913150
-15.2905624958
-14.9480038992
-15.9911112541
-16.4267607390
-16.6433444190
-16.6254122316
-16.4603449128
-16.5892179463
-17.6897531586
-17.8730002938
-17.8620743068
-18.5247020266
-18.2154821240
-18.5468163850
-18.3705824190
-17.9216502571
-18.3685954214
-18.7324077530
-18.1282657811
-18.3987072528
-17.8154927188
-18.6678277478
-18.5080226108
-18.0078745277
-17.6747920577
-17.7804976669
-17.3063874694
-16.9432925891
-16.6640000450
-17.5193422318
-17.2076876444
-18.1273274384
-18.0989594101
-18.0717921111
-17.6721352619
-18.0795968714
-17.7518379259
-17.7085388440
-16.8337178953
-16.7726452907
-16.4221939296
-16.3154345240
-15.6769953005
-15.6729464101
-15.5386299791
-15.4063703687
-14.5563954799
-14.8448636988
-15.0649373660
-14.8433833298
-15.3100890370
-14.1991779070
-13.7987508617
-13.2763994542
-12.8857212938
-12.7936952387
-12.6924954309
-13.1209796465
-12.6892613235
-12.0179522512
-13.2124734587
-13.3394273959
-13.5783577030
-13.2355550648
-13.0846075739
-12.4321341265
-12.9640762313
-13.1492865286
-13.8539568435
-13.6084382962
-13.6590668252
-13.8509498898
-13.2866861135
-13.0472999021
-12.9798658186
-13.4523201860
-13.7253130782
-14.7431893180
-15.2501432940
-16.1260128800
-15.9937635136
-14.9496257865
-14.8014832824
-15.0056716359
-14.7031987151
-14.6804760011
-13.8774090704
-13.5583839582
-13.8827082438
-14.0654581239
-14.2180937348
-14.3311901976
-14.7750582868
-14.3757252140
-15.0084925442
-14.4284638669
-13.7744735706
-13.6886428941
-14.4650838289
-13.6118132743
-13.2276256014
-13.7085212771
-12.8135227692
-11.4626576453
-11.7703773025
-12.0190180529
-11.7218109845
-11.3540381008
-10.9427424217
-10.8240696694
-10.4485206284
-11.1073480621
-10.9846474599
-10.5661627854
-9.2100523597
-9.3265375806
-9.3394694586
-9.4674695391
-9.5774562938
-10.5692249756
-11.7722493835
-12.3693869210
-12.2467283883
-12.6139197523
-11.6700453724
-11.4799094766
-11.9021183521
-11.7266143067
-11.3312236701
-10.5726936075
-10.0404575281
-10.4955073359
-11.2896882852
-11.5299665340
-10.9633398864
-10.5284195556
-10.8005387696
-11.0237126290
-11.5768626293
-12.5437258029
-12.3398490644
-12.3637778236
-13.2098893921
-13.5393313827
-13.6009269747
-13.2119573843
-13.0464657086
-12.0618777206
-11.6035587286
-11.0924718806
-11.0339466164
-11.2206012734
-10.8794508863
-11.0632387509
-11.4852567634
-11.2094955157
-11.5163009825
-11.3695671632
-11.3621641656
-11.4937075486
-11.8809022167
-11.4094077052
-10.8458395000
-10.1077529164
-9.5880254305
-9.5482086951
-9.9617129181
-9.6451811606
-10.1431109732
-9.8895390148
-9.7213125059
-10.0883331216
-10.5659702224
-10.5581535315
-10.8729859244
-10.5006732276
-10.9809206723
-11.1297051429
-11.8397478858
-12.0999965099
-12.5275396204
-12.9812095767
-12.2084203644
-12.1472414036
-11.1666138907
-11.1806723258
-11.5888260315
-11.6010739085
-12.6905099596
-13.3011215393
-13.5064790648
-13.5704797212
-13.9163298027
-14.1161609496
-14.0426588020
-14.3334956580
-14.2187991714
-13.7480734591
-13.1378433537
-13.3390338099
-13.9286132802
-13.6068942568
-13.4861180548
-13.0929102463
-13.2653835146
-13.8395981154
-14.0119704041
-14.3438580206
-14.1731504005
-14.3025945204
-14.3339735871
-13.2368773092
-13.3970343701
-12.7600133623
-13.4984761438
-13.1380822299
-13.5652324744
-14.0950833906
-14.6510017385
-14.6505064620
-14.6152324255
-14.8084299919
-14.3510499197
-13.8497062296
-14.2128818372
-13.6338831417
-12.8705477988
-13.1688693997
-13.1531379952
-13.1640499266
-13.2635031790
-13.9814484595
-13.5884759239
-14.4504349524
-13.7601786974
-14.0689208018
-14.5141728354
-13.8885792007
-13.8249403902
-13.7252589331
-13.8474648168
-13.8961548916
-13.7999956620
-13.6541145141
-13.8893638181
-13.3319173542
-13.0144624673
-12.5549163734
-13.1653565962
-13.7927721417
-14.1816222021
-14.9471983196
-15.1736011207
-15.5495730027
-15.9240691982
-14.7895295263
-15.1478077315
-15.7859115857
-16.2189392994
-16.0084598163
-16.1513481528
-16.5885870411
-16.9068163516
-16.3083733849
-16.9170885921
-16.9040147861
-16.9734085539
-18.3949395001
-18.2495049198
-17.7555556215
-17.9249685169
-17.6520804189
-17.8536149496
-17.9004122023
-17.2179320466
-16.8484326502
-15.8184334116
-15.8623321532
-15.2547587327
-14.8643230444
-15.0979026722
-14.8206576352
-15.1617575400
-14.2950771566
-14.6496079935
-14.0541798465
-14.1053806080
-14.2998093014
-13.7968961998
-14.5519507925
-14.6875481017
-14.9655614719
-15.2878784554
-14.5187376080
-15.0240759649
-15.0472798258
-15.6926428046
-16.3956877406
-16.5920784707
-16.3528562961
-16.5925442324
-16.4220813189
-16.0976095491
-16.2146685970
-16.2453056413
-14.9020377696
-14.7715927294
-14.4412397341
-15.2469974474
-15.6584704069
-14.8972504127
-14.8835524497
-14.6963032317
-15.2901440491
-15.3479002754
-15.3466927847
-15.8976920733
-15.9332000100
-15.9182045304
-15.0407722874
-14.4126026194
-13.9750819824
-13.4101426590
-13.7857067689
-14.2326842607
-13.7389460996
-13.9267039106
-12.8714753766
-13.3154054401
-13.4715941393
-13.7667167709
-13.6590203322
-13.5513905717
-13.6563588286
-13.5564484907
-13.9957497734
-14.6208251258
-14.3730575404
-14.4371363190
-14.4875763630
-13.9570992133
-13.8815404870
-14.2899647139
-14.2073756850
-14.3401213737
-15.2110750705
-14.9850282054
-15.6046453001
-15.5233164577
-15.7210632958
-15.6515696158
-16.3771263770
-16.8102351726
-16.1305327942
-16.4113496914
-16.6953572908
-16.9586028321
-16.8099103177
-16.6917924293
-17.3861784177
-17.3803958867
-16.8543350577
-17.3155238303
-17.8005538213
-18.1049811112
-18.2601095550
-19.2245521282
-20.1642996139
-20.1407283250
-19.3917670477
-19.3253992706
-19.2179945009
-19.0717956791
-19.3654871962
-19.9209915076
-20.0996325827
-19.7041808025
-19.9865461948
-19.8598369503
-19.8604561065
-19.8232892305
-19.7532405381
-18.9091647120
-18.8951132888
-19.4899186854
-19.7438244482
-19.4626377987
-19.7055360171
-20.1247302332
-18.9291194686
-18.8813497893
-18.4586637902
-19.2466117831
-19.0392051317
-18.6451712963
-19.0251355925
-18.4611677529
-18.0546215099
-17.7034072922
-17.9467657712
-17.8386312407
-17.4787894591
-16.7878420168
-16.6096479262
-16.7043883028
-16.8980607216
-15.1500792407
-15.5535309369
-14.9261908002
-14.4171067638
-14.4230292796
-14.5871346033
-14.2081310485
-14.2550301240
-13.9042320401
-13.8008711656
-13.5523576613
-13.0949694263
-13.7219383532
-13.9662797168
-13.7682544399
-13.9490262677
-14.1794837769
-13.8076441045
-13.4613205274
-13.6616189965
-13.9008768057
-14.6504732052
-15.1234931702
-15.0315679101
-15.8047459700
-16.2256392439
-16.0299114677
-16.0767360013
-16.5355932358
-16.0258650290
-15.2862283179
-14.9174915425
-14.4480525087
-14.5724428739
-14.6468977161
-14.2658969859
-14.6904205501
-13.9937832869
-14.1586527449
-13.6292037204
-13.0607195072
-12.7552633481
-12.2813612621
-12.3022291435
-12.7784960133
-12.8141620586
-13.1862894194
-12.8942022082
-13.2632330991
-12.6957307672
-12.2323874632
-12.8292557306
-13.0431015084
-12.9728029726
-13.0477297116
-13.3737051014
-13.3331451372
-12.8917130347
-12.6624941829
-12.9242237485
-12.9652555159
-12.9622558462
-11.7012336043
-12.0748734313
-12.3577549473
-12.3678102930
-12.2342465025
-12.4819384617
-12.4591481208
-12.8209671612
-11.6226804113
-12.4670554682
-12.7347211767
-13.0551431979
-12.9429543767
-12.8005199832
-12.5050871945
-12.3121864700
-11.7115966194
-11.7082200859
-12.0419281847
-12.2741476796
-12.4867510133
-13.0119435616
-12.1367347655
-11.6179503422
-11.6855689829
-12.1294271837
-12.1197903750
-11.7862142673
-11.4753604487
-11.1108018156
-11.1644702855
-11.8874291401
-11.9071431731
-12.0287229011
-11.7308965400
-12.1653155432
-12.1059186099
-11.9531901182
-11.4107312743
-11.9632730630
-10.8141778084
-10.4600846510
-10.2886906482
-10.3096742593
-9.9695452315
-10.4354235343
-10.4550084213
-11.8054862119
-11.2747969262
-10.9434692610
-10.3240870045
-10.7861163844
-10.7105415183
-10.5460189691
-10.5235233226
-9.9748868865
-10.2549744930
-10.4118852836
-10.2860147601
-10.8615841890
-11.2907837024
-11.1081103623
-10.6484457010
-10.8208788330
-10.7435879789
-11.4823629855
-11.4034483891
-11.1953104170
-11.0800001520
-11.2485613082
-10.3971897223
-11.0555727757
-11.4500860237
-11.5426091936
-12.2636374555
-12.1307458628
-12.2809478385
-12.6420226406
-12.9746891743
-13.4235860399
-12.5200665812
-12.2835204649
-11.7614044249
-11.9769133577
-11.2508600663
-11.3152937621
-12.0899995850
-12.2208293640
-12.4298954582
-11.9384617099
-12.1566500856
-11.9933040179
-11.5951231165
-10.5202530711
-10.6399460865
-10.6456801400
-11.1671104695
-11.5583512631
-11.7381440497
-12.7288582342
-12.2676468371
-12.5305484621
-12.1498406839
-12.7248356203
-13.0689812489
-12.2680880257
-12.3259313131
-11.5228074854
-11.1336406700
-10.4808571919
-10.4648424050
-10.9379380034
-11.4786646813
-11.5170949179
-11.7361690399
-11.3169090195
-10.8272063232
-10.6707179869
-10.4802030801
-10.6211306099
-11.0576476879
-10.9338854866
-11.3437551774
-11.3919925478
-11.3282327399
-10.9218923084
-10.5396052845
-9.9097837945
-9.4603530818
-9.6523850882
-9.0905861007
-9.6114692929
-10.1792717293
-10.8613765775
-11.2008820046
-11.6133236091
-11.8953787115
-11.7307429199
-11.1273940862
-10.6152641824
-9.9833327175
-10.3135619114
-9.6562302137
-9.9311612571
-8.6002706996
-8.9930335653
-9.2668106510
-9.1457863136
-9.5460320244
-9.6214057979
-9.2761089995
-9.9204578870
-10.2483021376
-10.2236877786
-10.2391060384
-11.0600985636
-10.7859428874
-10.5819987032
-11.3459099771
-11.8684117209
-12.6556876263
-12.1606604929
-12.7903855406
-12.8856633085
-13.6982470437
-13.9228485600
-13.8412344414
-14.0496041630
-13.4156909469
-14.1009808334
-13.7972374931
-14.3841702989
-13.6845272410
-14.1598015070
-14.9600630570
-14.7334371382
-14.9307229366
-15.2733455536
-16.2171834275
-16.9324627171
-16.4469032585
-15.7880756686
-16.1202060805
-16.6664436507
-16.5987163229
-17.4659032926
-17.1223729258
-17.3107064084
-17.8988022761
-17.3412102886
-16.6583895987
-16.1822518182
-16.4435660116
-16.3959499541
-16.8529174780
-16.9431612991
-18.0759463822
-17.7721970907
-17.9931475362
-18.7201208434
-18.3824816275
-18.0077772928
-17.1956682762
-18.0931496138
-18.0029613839
-17.5518291809
-18.5917450805
-18.7642746994
-18.4324305230
-18.0647514935
-18.0311711825
-17.4887508754
-17.7873943587
-16.8562447676
-17.3089175214
-17.6804648509
-16.8725074044
-16.4012192461
-15.9137293483
-16.2170282913
-15.8750516751
-16.0008983085
-15.9158347132
-15.7274264424
-16.0523484941
-15.6936651272
-15.6646252621
-16.0986317601
-16.1298227448
-16.2780311112
-16.0838786146
-16.7534765450
-16.5039772098
-16.1562515475
-15.6945009839
-15.7182329160
-15.4466902579
-15.0088538166
-14.4325577676
-13.9688387494
-13.3938579287
-13.2127718942
-12.7332813038
-13.3443889341
-13.1674157776
-12.2711871932
-12.2312910357
-11.8555923433
-12.0246084581
-12.2769585210
-11.9971694193
-12.0384251303
-11.2467822628
-11.1319618945
-11.5495926840
-11.4518753434
-11.1115749932
-10.3646608112
-10.3261988455
-10.1452343894
-10.3943338212
-10.4484296368
-9.9755101083
-10.0748717453
-10.3178115887
-10.4576025268
-9.6403323998
-9.7415228841
-9.0106942002
-8.4118915868
-8.6361023735
-8.1827501743
-6.9593261276
-7.0451456798
-7.4559326009
-7.4779852008
-7.1504674671
-7.0207335933
-7.6683908214
-6.7341777870
-5.9095505120
-5.5186300186
-5.3753403703
-5.3003096291
-5.5859908438
-5.2605965182
-4.2442203118
-3.6798709122
-3.0401071543
-3.7171758128
-3.5987919083
-3.1956608814
-3.2269466319
-3.6116131726
-3.6260593392
-4.1089354693
-3.8336278542
-3.6750621183
-3.5517050544
-4.2192607213
-4.0880333056
-3.8717487237
-4.8761676548
-4.2040544751
-4.0542161970
-4.4050428532
-4.8351770782
-5.4658336565
-5.4574715794
-5.3535174915
-4.7190523924
-4.7489209252
-5.3664918352
-5.2970518969
-5.7174981238
-6.0107327568
-5.3356454564
-4.8121278028
-5.1102948175
-5.3733820859
-5.9502794948
-5.4105389285
-5.1925249458
-4.2739220812
-5.1302099171
-5.8766413659
-5.8897607423
-5.8257723421
-5.9917461769
-5.3129227517
-5.0390104893
-4.6633694810
-4.0363980095
-3.5529424936
-3.6018001792
-3.9920010553
-3.6726214226
-3.4449366195
-3.1000257546
-3.1812352564
-2.9116498797
-2.3123608955
-2.2362342649
-2.5597661535
-1.4822339255
-2.0294557085
-2.2083829074
-1.9875743782
-1.9406512823
-2.7503832729
-2.4182120018
-2.2807557417
-1.9222367307
-2.6313309278
-2.1791212188
-2.4175874777
-3.0792077782
-2.4743066850
-2.6333989223
-2.9321303319
-2.3761574573
-2.7496430529
-4.1709746363
-3.8136053542
-4.4199293046
-3.8001977657
-3.8224468510
-3.6654571418
-4.2314856200
-3.0933281236
-2.8019665057
-3.2669830836
-2.9534370391
-2.0916393573
-1.5538253165
-1.9723806417
-2.5461473143
-2.4691435898
-1.9402854082
-1.8226178654
-1.8010715321
-1.7533951718
-1.5993072285
-1.6511539900
-0.6649607646
-1.4727439601
-1.5692496922
-1.5065649538
-1.8325136969
-2.2200303076
-2.3930157098
-2.3424646838
-2.6995437232
-2.3103497227
-3.4754850757
-3.2835110492
-3.8737579077
-3.5601837256
-2.9494904558
-3.6472862969
-4.7288457018
-5.1617330528
-3.9514231773
-4.0527756944
-3.8562968153
-3.6805603490
-3.9995268900
-4.4930252722
-5.0650299059
-4.5212797775
-4.3239000483
-3.7793277579
-4.1238882613
-4.4032843531
-3.9891524092
-4.6418311901
-4.4157382359
-4.3044177099
-4.1414609076
-3.4890505922
-3.3325646134
-3.4194905150
-3.4240592388
-3.7914213467
-3.5853105500
-4.4198606825
-4.1025294786
-4.2908844453
-5.0642749198
-4.6344223090
-3.4883567556
-4.2622097395
-4.4256270831
-3.7245468759
-3.9081599791
-3.2510397008
-3.0737358442
-2.7203137614
-3.1954810493
-2.3277918316
-2.0637195554
-1.4565464879
-1.1356547235
-1.5819452135
-0.7945859419
-0.2333717858
-0.7352066076
-0.4322849882
-1.2282510007
-0.5422849842
-0.1451833214
-0.5782703709
-0.3214208266
-0.3154718229
0.4145187250
1.3055672317
1.5916447201
1.7033283944
1.5332107219
1.8396628326
2.6063166707
2.1230265635
1.8408405511
1.5742371124
1.3752971848
1.3492739458
1.3559930364
1.5956176661
0.9125142406
0.9218303905
0.8736039702
0.4201075628
0.7220537509
0.9368370960
0.7851006494
1.1449118205
0.9417661998
-0.1944633746
-0.6609819212
-1.1314351189
-0.7555113445
-0.8026934315
-0.4686400415
-0.4941415446
-0.9716793911
-0.5270882339
-0.6603117671
-0.7084316297
-0.3910021371
-0.0904605740
-0.7590933737
-0.4545319863
-0.1719024886
0.9446873249
1.2244853899
1.4262469027
1.2800603881
1.4303243464
1.7001517769
0.9003417194
0.3807206687
-0.2125129697
-0.6362459719
-0.1608778041
-0.8163183544
-2.3429874077
-2.1257447012
-2.1360950030
-2.2443324612
-2.3772858519
-2.3531804700
-1.7067886212
-1.8421239536
-2.7318275746
-2.4822498537
-1.9207528859
-1.5798405357
-0.1851554988
0.3274665651
-0.1531670989
-0.5279573804
0.2438511585
0.0323402503
0.4643685404
0.8963405142
0.8089837626
1.3660549926
0.9624300094
1.2610130079
1.1711813661
1.1633060237
0.8723218852
0.7744022816
0.5586675171
0.9775014373
1.0198487846
0.9789419911
0.9002178582
0.9083295679
1.1270992217
1.1917484291
0.9415768549
0.0743615014
-0.5600350381
-0.5436862519
0.2621815191
0.6109659720
0.7202033530
0.3000220531
0.7199356965
0.6333213175
1.0902902657
0.9931566529
1.1460051213
1.1895310326
1.9804871054
1.3064617048
1.4147216550
1.7611341685
1.4219134835
1.3896569830
1.3463336799
0.9999640380
1.1397745935
2.1506844120
0.7723132244
0.2598881540
0.8707430859
-0.0211069380
0.1611746255
0.4655674941
1.2323092316
1.4149005949
1.3521997351
0.6720576732
0.6837621622
0.3174035486
-0.0167582136
0.0719712048
0.6183517689
0.6406758398
0.0287378513
-0.0245886650
-0.0881319301
0.2224207859
-0.4228560344
-1.0704819478
-1.2659587705
-2.0569915276
-2.8772253499
-2.8470130588
-2.5676598308
-4.0177082351
-4.1505181043
-3.9885438483
-4.7196074309
-4.8998031507
-4.5865195577
-4.9179885571
-4.3509556164
-3.1982880695
-3.7525495328
-2.9886510091
-2.7928701592
-2.3414844654
-2.6197216382
-1.6516395534
-1.8734975721
-2.0915466523
-1.4899447598
-1.0435485539
-0.7559918335
-0.9175712903
-1.9568624658
-2.2582725596
-2.5971179008
-3.3614037234
-4.7395446678
-5.5256650559
-5.1726418377
-5.2310182800
-5.4852719091
-4.8888466345
-4.6260386203
-4.8583065132
-5.0742366251
-4.7188380176
-4.7955355490
-4.9203301655
-5.0847194177
-4.5959670782
-4.6558623901
-4.2190993509
-4.2531743431
-3.9738077271
-4.4695349762
-4.8137552543
-4.7150125636
-5.1353857626
-4.9438099404
-4.0795991952
-4.6008581418
-4.5237569009
-3.8923472763
-3.7022298827
-3.1477603674
-3.0388183206
-2.9713263218
-3.1847389873
-3.4535210049
-3.9621778615
-2.8646053647
-2.5568945802
-1.1548476425
-0.9520438836
-0.9195358576
-1.1076933034
-1.0313176031
-0.8333503870
-1.1876727998
-0.7999938490
-1.2854971424
-0.8142159604
-0.3692565351
-0.5874522522
0.3241742323
0.1284722196
0.5146370815
1.6111104328
1.0416802778
1.8020607292
2.4565182918
3.5588483809
3.0491601528
2.6294618805
1.9168496946
2.0235770570
1.2770859876
0.6882618784
0.1712440811
0.4955643572
1.1554129108
1.5831542462
1.8312300162
1.5070242660
0.2655564099
0.0467461361
-0.2350738609
-0.3143945873
0.0476149140
-0.5964216061
-0.9184421360
-0.2214188430
0.3618574500
0.0877639875
0.5912459921
0.1863280746
-0.6129905519
0.3245506360
0.4251202099
0.7996320149
0.9828287418
0.5742402207
0.4630954034
-0.1125697217
0.6463089170
0.5306017669
0.7148384564
0.6902023322
0.5361684160
0.7145325827
1.0169033534
1.4662895026
1.3846225979
0.9544461708
1.8746234115
1.6575443492
2.6547310044
2.8453634726
2.5063504682
2.4751243402
1.9555962904
2.2401484675
2.6635082078
1.9966663246
2.5640158713
3.1026751355
3.5175294177
2.8042535820
2.7755342534
2.9799115209
2.7872342059
2.4853514001
2.5677351339
2.2844322651
1.6570216460
1.4442620525
0.8939509675
-0.0457307373
0.3482303612
0.2868680221
1.1885476873
1.1328132670
0.7358112978
2.5977915420
1.9094178954
2.1536753387
1.1463982287
0.2064115410
0.2767503147
0.4369173789
0.9449286860
1.1962765338
2.5320160451
2.2868422595
2.3659210111
2.5516665935
3.2887016355
3.7587019714
3.4629790793
3.6520081127
3.6498737991
3.5588922661
3.0678275307
3.9224187523
3.6212801336
3.7291647198
3.8935772355
2.7521652924
4.2837503849
3.5439199158
3.6571300632
3.1921332542
3.1702649479
3.4256367616
3.0657681969
2.8626249782
1.8977606519
2.3851576986
2.9187244641
3.4307389928
3.0597982189
3.3636547994
3.5824451406
3.6336348464
4.0970569763
4.0009981508
3.6575349959
3.5623058428
3.7278522780
3.2166474403
2.5315406094
2.9732384856
3.4991862046
3.3596519967
2.5202401354
2.9676953068
2.8480210255
3.3801703619
2.5765125105
3.3217988021
3.9358463744
3.1967197058
3.8268446579
3.4371595561
3.4377121839
2.9697796354
3.7113448128
3.4134748261
3.2194249998
2.5694467447
3.1898017199
3.3278041323
2.7617651246
2.6838462056
2.7400195494
3.1133672845
2.6413405072
2.6199388716
3.0819193723
2.5945102077
2.8419306180
2.9633726895
3.1852587643
3.6218761940
3.8222445999
4.3754826054
5.2031444919
5.5034576125
5.4791985882
6.4132721527
5.8585921718
6.4104238112
6.2799346156
5.8760803395
5.6236603792
5.8697923567
6.2686127294
6.2298270269
5.8597292355
6.1561596682
5.8079917007
6.2755688264
6.8488386180
6.8463356629
7.0280997480
6.5607175508
6.2708105592
6.9768310645
6.0981774916
6.4921616767
5.5386639631
5.5170743665
6.1227352530
5.9188134034
6.3641735762
6.5521932119
6.7246313765
7.4545142824
7.6155343755
8.5657536195
8.4551941891
9.0363483107
8.5181250560
8.7924131424
8.3081107491
8.6066871561
8.0156746092
7.0807364839
7.6680448194
7.8504020847
7.7588415494
7.8536141198
7.9093378801
7.9151889513
8.4555682612
8.1650670626
8.0967375199
9.2779807169
9.4980694265
10.4551528050
10.7655489725
10.3229742592
10.0488546167
10.1686180308
9.6375401726
9.7961799660
10.2912743171
10.1700352028
10.2971419526
10.0379434953
9.1788235077
9.8257720588
9.7685725439
9.9691885471
9.3025305621
9.1069637232
8.6097023757
8.8694242552
8.9352792826
9.3537106813
9.4827846722
9.6599079160
9.4899887004
9.5162044431
9.1462851665
9.3054176316
9.8821530969
9.6017914471
9.1757948021
10.0122813763
10.1377982408
9.7110210038
9.9908573754
10.1384945254
10.9743023687
11.8187674666
12.5980619840
12.9032564483
12.9480127996
12.6131036573
12.3372451087
12.1798843414
11.9241125040
12.3012637775
12.0365786799
12.2732673066
11.9381484432
12.2237685443
11.4665401160
11.9218673331
11.2119050069
10.9765604356
11.1475570370
10.8736455358
11.3153445696
11.6408368084
12.4127021025
12.8713041822
12.5012282948
12.6795844570
13.6729916014
13.9623333076
14.1291443581
13.4538813157
12.6784485000
13.6032257393
13.3021146715
12.3369270368
12.6201229906
12.5467382810
12.4633295670
12.1794189433
12.9556960770
13.0842997973
12.4882115092
12.5607251567
12.5736749603
12.2092181102
11.8323005520
11.3985333647
10.8899746425
11.3563149479
11.5850780486
11.3239718528
11.3843009328
11.0625927470
10.7603927527
10.1491266966
9.4700070825
9.6397903953
8.5519060904
8.4621509059
8.6511972168
8.9303800747
8.9073914951
8.8738842269
8.7977358965
9.0818492445
8.7263146090
9.2301384016
9.3759063318
9.8910028954
9.6942615007
9.7580051866
10.0109092296
9.6947520250
9.6457521344
9.6004888039
9.8629457644
10.0760086974
9.1906085846
9.2686007221
9.7533630227
8.9052452460
8.0875732848
7.1336996833
6.3208113415
6.4346205728
6.3158189691
6.6428557733
7.0760943606
7.4601718665
7.2058221325
7.0236862439
6.7440954591
6.4398477677
6.6675289611
6.2042966508
6.7335759769
6.4513809398
7.0399419317
7.4413867101
7.7590802223
7.8101377526
8.0371106089
7.9300823759
7.3460866864
7.7476906061
7.7821868640
6.9603434702
7.5926891924
7.8818381599
8.3326439937
8.1675009642
8.4499404215
8.6160990116
8.8393847547
8.6913887758
8.3564425864
7.9694476811
7.9258008824
8.1473966926
8.1484307230
9.2067045252
9.8050194622
10.0326168365
10.8313821805
10.7417187459
10.9217278891
10.6889770659
11.0194516548
10.1929319440
10.2822523268
10.7279923714
10.5808240150
9.8894224832
10.2800500480
10.1400505477
10.2774458475
10.4892937682
10.1391015449
9.9259625093
10.1341920532
9.2917589149
8.8376375842
7.7284870130
6.4755592370
6.1322510648
6.3207525389
7.4891347321
7.3901497964
7.2764485211
7.1345635405
6.9922364824
6.6739952867
7.0610649340
7.2264475798
5.8327299582
5.9812645327
5.9724240657
6.1215194108
6.4472666392
5.7421953591
5.5907519976
5.1849780983
5.8157388036
6.1472050313
6.3806338094
6.4507092440
5.8696720110
5.5632663584
5.7713420948
5.2958326978
5.3541847303
5.5586993538
5.8379703335
6.1710865145
7.2769296857
6.3189698873
6.3709753459
6.2872941104
6.6418460300
6.5697168171
6.7686125480
6.2553844252
5.8996583444
5.8284281544
5.6373667498
4.4284050588
5.1965311758
5.7107580373
5.0195883026
4.4417153673
4.7642750185
5.2562799974
5.2246518951
6.0856064468
6.4670664843
6.9828088642
7.0572788109
7.2425540716
7.4556878141
6.8408785104
6.8707532615
6.9561931870
7.3340065352
7.7919850471
8.7290292105
8.2448659189
8.6922393215
8.9719617244
9.4531657816
9.7348317225
9.9368702565
9.8820519017
9.7838100992
10.3719794015
10.7058323903
10.6069714582
10.1874025477
10.5618582308
11.4922118954
10.8835249113
10.6375073600
11.1669579843
11.3917070243
11.4560883133
11.5241342105
10.8741023248
11.6592427116
11.8826827567
11.7086779267
12.2904183621
12.4871207083
12.2857987508
12.9995406466
12.7305705046
13.3462908816
13.4918316222
12.8474457151
13.2763151698
12.5374835773
12.6812504414
13.5589116555
13.1333074891
13.3078463827
12.5528605820
11.8459200168
12.3344845767
12.2920992889
12.6943902039
12.9587770756
13.4226129848
13.4675435086
13.3057862481
14.1565978674
14.6771930392
15.1920742657
15.3073926679
16.4674407021
16.8766294409
16.6851045916
16.7808487004
16.2379002951
16.5919695259
17.0750801532
17.9279966497
18.0351728461
17.7026966806
18.1610681944
18.0814162327
17.7057952775
17.4777438025
18.1946116373
18.5591336838
17.9710249490
17.6741581377
18.4609046810
18.7307897196
19.3163240520
18.7174209905
18.6778085053
18.5415229454
18.3061236088
17.5450742875
17.0426913968
17.2930072964
16.6763153042
16.6067760765
16.4600658979
15.7578357936
15.8164163157
14.9803110552
15.1129969820
15.1487580191
15.5954229687
15.3079732459
15.9088420779
16.7034667032
17.2824169565
18.3277268276
18.6075194484
19.1896445354
18.9066707333
18.2882138735
17.9490295829
18.1624580302
18.4941007216
19.0842384257
20.7555233254
20.5907607601
20.5077741296
19.6641861111
19.3983667103
19.8485534306
19.6962932995
19.2506045019
19.5145913348
19.6647284067
20.1481154224
20.8655439748
20.9521253003
21.4472548729
22.4403282815
21.4842950697
21.3467087603
21.0047291753
20.8669000898
21.2604870876
21.3891430836
21.6605942338
21.4218081077
20.5332309084
20.4357561478
21.0935567138
20.9764818245
21.3511747316
22.2912474928
22.1059858084
21.8335122634
21.1583240943
20.7188701982
20.1391506959
19.5452466223
19.5932233397
18.7246486394
18.6026148801
18.5365286392
18.2186747612
18.3859986631
19.6891500862
18.7361641534
18.6900642146
18.5625295525
19.2096298267
19.2370010469
18.9148412651
18.4986027169
18.6937229489
18.2403165102
18.6963779434
18.9727190269
18.4104972120
17.7191158976
17.6517688098
17.0345352046
16.4259346776
16.5597069887
16.4124904803
16.4844455840
16.4985280660
16.7252492605
17.0987540261
17.9541513135
17.6197725364
17.2339436519
17.1777012923
17.4875477580
17.7787008590
18.4127920702
18.4670291346
18.2256296718
18.1267772468
17.5230320320
18.0996137426
17.3485122779
17.0119747708
17.8135144662
18.0361616826
18.3252080392
18.8979568042
18.7658516171
18.2808614646
18.1624476447
18.3767138121
18.6401829385
18.1794066932
18.1775673290
18.0194606487
17.7574562248
17.9567801844
17.9730375150
18.1499847915
17.8715910716
17.1889234953
17.5939371107
17.4373592613
17.4495095565
17.0467229407
16.4842223038
16.9458774980
16.1765919312
16.4946950837
17.6987104514
17.4782068987
17.1915592684
16.9779710756
17.4555508083
17.5880856197
17.6443926692
17.1639969741
17.1032495773
16.7674700269
16.7055703543
16.8594266228
17.4465755593
17.7305309903
17.1445037744
16.8528121613
17.7470236982
18.5265550005
18.4861112014
18.0469148125
18.5949376178
18.1926029634
18.2219209886
17.2898148052
17.0991206276
16.9405894392
16.6867721665
16.5002507127
16.9104591035
17.0123478771
17.1695153701
16.7284804675
16.7629708699
15.9663236509
15.7370102350
15.8829985052
15.2765426235
14.2839540401
13.9305819063
14.0196571657
14.9090239157
15.1762419189
15.3310780638
16.2405616193
15.6809215793
15.8945019188
16.2140726724
16.5908622496
16.3610956641
15.9174013759
15.6536955586
16.3019020975
15.4868486112
15.1308108875
15.8973785863
15.7917685132
15.5269425569
15.4174735585
15.8014148038
15.5478393598
14.9857766955
15.5942952041
15.1989958271
14.5237629436
14.3941716347
14.8853476850
14.9733655885
14.7934728525
14.9020469799
15.6383129471
15.6020325868
15.3080421669
15.0701179432
15.0219087075
14.7890791028
14.0365527788
13.2638437107
13.0184948809
12.8808387125
13.3170571317
13.8916880138
13.8820446047
13.8784946304
13.6826462475
13.9450394294
13.9962070720
13.7443841518
14.1470930675
13.9561209089
14.0075523005
13.7313240382
14.3224928148
14.2997137835
14.8021704448
15.6821863200
16.2560570573
15.6477656714
16.3253904958
16.5322304647
16.0780588637
16.3824479524
16.5577851504
16.3748835287
17.4647847257
17.7364160147
17.8496057941
17.3029907338
17.2338444719
17.9166194253
18.3452539274
18.2329160335
18.1486715768
17.6497715147
17.6198349621
17.7116556726
17.5591759506
18.2987148667
18.3700534087
19.0676599607
19.6756879420
20.1445547884
20.1469486011
20.3242658703
19.9921914161
19.6815247480
20.0581810364
20.0052911077
21.1719482986
20.7946944802
20.4817801058
19.8565229437
19.7621090126
19.9149103190
20.5024012899
20.5764996855
20.0470909837
19.5535330471
19.5241221015
20.1194379914
20.6156455308
21.1692183133
20.6113735356
20.7272809488
20.9990520276
21.7352944719
23.1042671192
23.1191334776
23.4543171146
23.1473996285
23.2189272427
23.4074951477
23.3858270078
22.8053544599
22.3311379756
21.6738635977
21.8202306660
22.5045596497
22.4293178730
22.2908087145
21.5286680474
21.8480731446
21.2514047613
21.0355006813
20.3456985730
19.9685230465
20.6294922798
21.4120101075
21.5223577338
21.3643787457
20.9034018739
20.3057311173
20.5791112235
20.2362207312
19.9514292258
19.7933838614
19.6486779351
19.6487392509
19.2714622702
19.2398605999
18.9844372556
19.3903098486
18.3804263055
18.6618025686
18.6954082846
19.1407502435
19.6363202457
19.5998131150
19.8411860385
19.6447014984
20.4606042800
20.3384881886
21.1614187495
20.4128654915
21.0169202238
21.0119639114
21.7375562561
21.1115791812
22.1636218651
23.2513496253
23.9213083365
24.3000403203
24.3521898988
24.2443605521
23.9286373166
24.1417074460
23.7368687267
24.4614211548
23.5615857255
23.9292526542
23.5800838005
23.4169038245
23.2853054472
22.7151919565
23.0130157849
23.0048230505
22.6347824282
22.4389830263
22.2454170261
22.5248645876
21.4981349269
21.6337725788
21.4256895469
21.3022509383
21.7752845887
21.8036017921
21.9801958478
21.4782262307
21.2592151430
21.0448926143
22.6268197668
23.1922060295
23.7756688377
23.5008105690
23.9896354686
23.4403320310
23.0179816338
22.8773391310
22.7234967563
22.6327679942
21.8015989281
21.8196588808
21.6141173259
21.5752524964
21.3232553096
22.4145831878
22.5942867701
22.5628346552
22.3537919808
22.7515946426
22.2809040851
22.9821552981
22.7606461677
22.2428465786
22.7876322139
22.8345675887
22.3409882402
22.0905659075
20.7639717376
20.6099104308
19.5484739846
19.3036484461
19.2877722398
20.4347538214
19.6856264989
19.8220304602
20.1043739781
19.6204178328
19.2361375154
19.2322260062
19.3524722138
19.3640372649
18.1068571140
17.5517724193
17.8862406307
17.2475250415
16.9350488382
16.7892090397
16.8648070036
17.4905851475
17.1213802297
16.7358052477
15.9166186852
16.4967766348
15.3361205825
15.5073152780
15.6060940302
15.5934222055
16.5436637398
16.4760994211
17.1199364708
17.5831521597
17.9674827297
18.5730664396
18.8777110993
18.6927505551
18.9786050132
19.8294240876
20.4189710685
19.8201107192
19.4242381251
19.3051783977
19.6850693910
19.8751978980
19.9769459693
20.1770116829
20.9584721962
21.0725449340
21.1301585285
22.0854269151
22.0169426960
22.6150798733
22.7245038618
22.9918746955
23.0924988170
22.5033623960
22.7313929460
22.9708840033
21.9906660952
22.1702969564
22.2886781888
21.7736598468
20.9125790149
20.4985748389
21.5308637734
20.7488707132
20.7263803471
21.7170383249
21.7857081285
21.7432496946
21.6848136974
21.6810964890
21.6670210204
21.8732512177
21.6610699521
21.2626905335
21.2874182190
21.2350293783
21.1277503826
20.0986116279
20.3431486906
19.7978030587
20.1188954509
20.0301619999
19.9958814372
20.5670083710
21.3220661653
22.3240778590
22.7601860633
22.1294164665
22.2787917984
21.9860958822
21.8448781226
21.2366008153
21.1300170924
21.2482331238
21.3126919685
20.7805814106
20.9430443070
21.0844409311
21.8230533227
21.3939012496
22.0129875836
21.4218371984
21.6282976111
21.3965514420
21.9656944728
21.6877878550
22.1845059291
22.2595025336
22.4859809084
23.0088031246
23.8081322755
23.6143536460
23.7623413004
23.0896937979
22.6967334151
22.6915378364
23.3149840606
22.8782412616
22.9433242030
22.3373463659
21.3524721178
21.5270919669
21.8459420171
20.9068235511
20.2910739207
20.7889790950
21.0871468345
20.1467746559
20.6139481240
20.7856234638
20.7163773518
20.5215535936
19.3316097368
19.0052283623
20.0837712279
20.3392442221
20.3964013381
20.2688308041
20.4827733196
21.1417365578
21.3733631995
21.8385723218
22.8849119110
23.8763975159
24.2737584744
23.9403818650
24.8664991550
25.5882926395
24.7273701741
24.6311372342
24.5305948907
25.2375639990
24.3391538274
24.7276934447
24.7453887155
24.7355203711
24.9652825449
25.1362716421
25.8885195560
26.0176754327
26.6213493511
25.5664275345
25.5789913722
25.7029388290
26.9112582533
26.7937622472
26.1521931587
26.3721789777
26.1731218735
26.8822994228
26.8512120604
27.7906496931
26.8123482465
27.0385703393
27.0876589264
27.2034696790
26.4341547952
26.4756476811
26.4557826516
26.7609702781
27.1134223922
27.5642943591
27.3958061388
27.4161152928
27.9025944324
28.8979258743
29.1247864296
29.3875378706
28.7780850052
27.8349218629
27.2390425617
27.7814323359
28.0572179333
27.2546851396
26.9144677605
27.1960518911
26.9388019293
26.7789959331
26.4967453231
26.5769258839
27.0684171393
27.1040736822
27.5375217072
27.8887943523
27.7170525074
27.6235051055
27.7820328250
27.8540080952
27.7410375623
27.8781432587
28.3334282265
28.3296601430
27.4733836033
27.7700918305
27.8103209281
27.5508776707
27.1835906583
27.1726668416
27.2183982197
27.0481031120
27.4923123620
26.7139056013
27.3966616821
27.9444747309
27.3912075057
27.4349653159
26.7643335066
25.9156045289
25.8304372367
25.9783246095
25.8566841099
24.9078864422
24.6624995561
24.2894496895
24.1157879083
24.3282899837
24.8784174850
24.3219160737
25.0210761259
25.5201058951
25.2357989644
25.2185032783
25.7056657133
26.1802355579
25.8690517799
26.2438023552
25.7712290508
26.0050558889
26.0326272152
26.1439777539
25.7796982707
26.6392157557
27.4029331415
27.2837048113
27.5814815984
27.1075835772
27.3627032918
27.5122941487
27.0967746490
27.1607220162
27.5435942940
27.6756962835
27.4631576769
27.7925554650
27.5782155112
27.5736697862
27.6157826958
27.1599264570
27.3102887293
26.1006258075
25.8480379690
25.1427881135
25.3659031296
25.3164703972
25.7579348355
26.4624748456
26.1078537976
26.0065775891
25.6403592731
25.3039322901
24.3795055229
24.6328548373
24.7088584233
24.7381804956
25.1240471245
25.0175585261
24.4667025961
24.6274063644
24.5518649266
25.3486314049
25.3915743057
24.2092440037
24.3619928518
