sampled_theta1
1.7738995086
1.0053303528
0.0623631986
0.0643603943
0.3584937314
0.9318428865
0.9533134384
0.1212438506
0.5982067145
1.2920904103
0.1286218429
0.7035320447
0.8207627660
2.2343532590
0.3324705681
0.1247415102
1.4738505255
1.1789633026
0.1626903654
0.8012549565
0.1232050590
0.1218311156
0.0298234045
0.5295541511
3.7504871451
0.5557294889
2.1704815530
0.1303419156
2.0065351484
0.0244264892
2.2035664063
1.7823880180
0.0903942506
0.7113540635
1.7130576720
2.3057546940
1.9461876613
0.4166705524
0.1770733099
1.8080780325
1.2970151631
0.4549897624
1.4867550391
0.8607966524
0.1991095757
1.2337474684
0.1076542599
0.5968466211
3.3951679365
3.5903068423
0.5653126547
2.9842009857
0.2320026397
1.5625134974
0.6618989695
1.1987451700
1.7797606264
1.2105545576
0.5902560276
0.3985499827
3.3789141173
1.7358159690
0.2290043660
0.5104589484
1.4393732906
0.3001923840
2.5658275356
1.2457588917
0.5838529955
1.8989164949
0.9815200299
0.4427518344
3.4807867390
1.8226764774
0.9104428291
0.0757905441
1.1074727566
1.4814892289
2.7264729857
0.5838171050
0.2657799530
0.5836382803
1.5469427128
1.7196672030
0.7190884660
0.3591090136
0.9563344308
2.4020221454
0.6559982702
0.7548434649
0.2061925445
0.1922864038
2.6346669585
0.5411091814
0.0799242532
1.2296941453
0.0329596979
0.8474480852
0.7462608713
2.5528939157
1.4836197749
3.6528005130
2.0239946917
0.0324514316
2.8210789681
0.5800286720
1.3227231454
1.8795513110
1.4347648978
2.0360210269
2.2707282182
1.0980732806
0.0263474408
2.0031811206
1.1327154157
0.3151352035
2.5570250345
2.8873388592
2.2410687497
0.7636085428
0.6281324328
1.1037665883
0.8053779453
0.0935830185
0.9776528517
0.3953836730
0.7841877245
0.0560340836
0.4305087046
0.3765606444
0.5441373805
1.1945501943
1.7459435893
0.8838928031
0.3073550916
2.4768109409
3.3035983245
0.8709418995
0.7868239881
1.7864670744
0.7564540666
0.5187016017
3.5372590584
0.8801839911
0.2798385867
0.3698487468
1.1260155049
0.3688775516
2.5314935733
0.0465122721
0.0824412998
1.1577471849
1.1581455589
0.2121512647
0.0916536659
0.1987150527
0.1317451574
0.9542157777
0.2217699198
1.6488369404
2.2009862048
0.5560048757
0.1102234512
0.3845587387
0.9891987700
0.2776143907
0.2277492689
0.2988568377
0.5864024628
0.2009491601
1.8000701007
3.2565320973
0.0597230333
1.2381655546
2.3353651025
0.9045158031
0.1910225377
0.5165533523
0.7229012227
0.9959175260
2.2813889588
1.4488320995
1.6966970010
0.2196909363
0.1780185622
0.5534805424
1.9267975658
2.3816257568
2.1886440840
0.0584158418
0.4585042965
0.4182298190
0.2798781209
1.9771890944
3.4473920644
0.4960343430
0.0014068324
0.1682836172
0.0967334074
0.5874711439
1.5502585603
2.1586511155
0.5396856459
0.1900356514
0.3780202238
1.7844965229
0.1179830141
2.8989155224
1.6320984191
0.7536330999
1.5753169066
0.4451968488
0.1330241392
2.3798800039
0.4995673518
1.3716749685
0.3237180671
0.5817234203
0.7815823539
4.4865850709
1.4947063161
1.2298886748
0.1489551153
0.0685163668
3.0583515859
0.4488155597
2.3452552550
0.1582036283
1.1418130534
0.9199188333
0.2603097234
3.1764590020
0.0873099947
1.2896894730
1.0872668536
1.2486917427
1.8195927347
0.1790373203
1.5734075896
1.6432759591
3.4698044558
1.6994705812
4.6150530394
0.1554255059
0.3208562712
0.1988126684
0.6436345941
0.7769091644
0.4105729036
1.3802349787
1.1928483460
1.0253541887
0.9341750970
1.9503329436
0.4633629100
0.3043705678
0.0037743657
0.5105930546
1.6349348754
1.0296109684
1.1711063613
1.1652810480
0.3463501383
2.8145968958
0.1317302528
2.1561862259
1.0538397025
0.2932298620
0.1607991298
0.3022799537
1.1846806374
1.3671347664
1.2388807773
0.0748828577
0.3339875925
1.7950499942
1.5818934374
0.1954869520
0.2070370958
2.3975020357
0.4701699210
0.6990684240
2.4626572910
3.9752068881
1.1836798676
1.5544835089
1.7172147919
1.8209418366
0.2247071182
0.4473430713
0.6708916963
1.8385579046
0.1328910881
1.9009910277
0.3927088870
0.5385520493
3.2179334519
0.4802056666
1.5840385972
1.5433663247
3.5181383910
0.8663919869
1.2042798815
1.8513068872
0.1774060379
0.7377730135
0.4915089998
0.7418066360
1.7868944474
0.0545804121
0.2174376161
0.0938056851
0.3976214399
1.0123909180
1.2169760785
0.4300600146
2.0361125639
1.5264420003
0.0156935009
1.4806557007
0.0395431460
2.9493851451
4.9984561748
3.3599356937
1.8797901488
2.9780065705
0.1152953128
0.4404317637
0.1191402975
1.6075976172
0.5586939570
0.2189231941
0.0652135470
1.8439865294
0.3335799634
0.5747700523
0.6681429449
1.0173927184
3.4268097197
3.1159181839
0.8698655630
2.0233348111
2.0317505496
1.4032914350
0.2389474035
0.8468448541
2.1454891501
3.3323904199
0.5311328274
0.3634085763
0.0858234724
3.0328835116
0.4193522076
0.7095029344
3.0771191260
0.8298146363
1.8668888697
1.2313443950
1.0082274083
0.5630055091
0.0290463964
0.5358841303
0.8882755343
1.2821893347
1.3415753813
0.1757835663
3.6051417371
0.5418284612
0.1541930474
0.5049752279
1.4005542178
1.6605508902
0.4269801783
1.2596768247
0.3876289871
1.9921702375
0.3911199774
2.9496565470
0.2186542808
0.1662688424
0.4403521120
0.6970537600
2.9746264492
0.3438853330
1.3026364671
0.9590666803
4.4736405931
1.0713816597
0.2536154027
0.4282581727
1.9943519702
2.2026728641
0.2399671284
0.6695812556
0.0530973208
0.2549248170
3.8168182261
0.4118369246
0.6706216003
0.0005893589
2.6042080376
2.3594221079
0.3134706663
4.6946745794
1.6749458114
1.7462159971
0.1450596102
1.4089402510
1.0639882044
0.6659731371
3.0184827841
0.3354991141
0.9606885040
0.5668988873
1.1201158063
2.3473095397
0.4155707143
1.6403000294
0.1766758329
3.6467119150
0.0430413429
0.9484253944
3.9041392626
1.7097348434
0.2462945154
0.1974280622
0.1774279042
0.2952051038
0.3057051864
0.1095629614
0.5833364447
1.7944461810
1.7525943583
2.3023122810
1.2450259283
2.6099848226
0.3063460920
2.5805878796
0.0291141583
0.9302156976
0.5932837263
0.1098755599
0.2879103506
0.2055079965
1.0524261297
1.8563443780
0.4161876726
0.1987317607
1.0793804182
1.7127366967
0.5722737396
0.9920961907
1.4705902861
1.3340841998
2.6498334278
3.1058004445
0.1964133550
0.3274801724
2.0796537325
1.5895716383
3.9922995705
0.2183688272
0.9819140019
1.5053595316
0.3395698033
0.2857969289
1.5443969009
0.7853491792
0.5961290082
0.0433954780
3.3483963882
2.0269265076
1.3698293050
1.2770464759
4.2049420561
2.7287076892
0.3299447161
0.2039412979
0.6087161002
3.9039093907
0.6079098973
0.3005843730
0.5250481748
0.2364704315
1.2655033443
0.9069313643
0.1121127183
2.9788919288
1.6892470890
0.3819380219
0.5973316222
0.7163094161
0.4219955090
0.9229449340
0.2929315110
1.4674854570
0.1763784957
0.1879284934
0.4327627685
0.1245543228
0.2814806827
0.0628943735
0.9167700892
1.8040218847
0.9058501275
0.1699018808
0.0797141618
2.1165421527
0.5691610951
0.7195926863
1.2674106174
0.7874798635
0.4374670264
1.1108108009
4.1571095647
0.5603474952
1.0381167116
0.3989516497
0.1472454953
1.1908025974
1.7408452252
0.0694280856
3.7917421226
3.3431149267
2.0839753137
1.9237078413
0.1380317022
2.2398987108
1.0070287686
0.9133676687
0.1896357176
0.2315358125
2.1000863136
2.3368270894
2.8693616537
0.8623439063
1.6926920938
3.3685791507
0.0041506129
0.5648736508
1.1025449994
0.8444462732
0.7928642113
0.8132001533
3.7606509656
1.0283485760
0.2741431154
0.2917956025
0.0234193662
1.5285250041
0.0977847855
3.0993787838
1.0070977958
1.1102072640
1.1565162385
0.7551783531
1.1519193881
1.0974896869
0.5084460540
1.0444819004
1.3904446396
0.3677819683
0.7642549752
1.5825379378
2.1510394283
0.1552766605
0.0795691085
0.5913388802
2.5131744720
1.2065951198
0.6368152435
1.3548971942
0.4715491265
1.7105433544
0.0224718522
0.7962127519
1.8515581594
3.5933565009
0.3324605926
3.8654380870
1.1357559820
0.1879533135
0.5658689252
0.9567410267
1.0478082841
2.1024504148
1.2557585818
0.3947489859
0.0629714891
4.7807274594
0.3782747219
1.0231086682
1.5506280646
0.7065747132
0.9637298319
0.1313508803
0.1851131179
0.8278176245
2.6417630785
0.7247625609
0.1909494494
1.6617995821
0.4108869841
1.2945990715
1.7296413567
2.8875074807
0.6975148880
0.1166390513
0.2015925255
2.8123039573
2.4194527593
1.8321088021
2.4725141497
0.5520410496
0.9670112301
1.4199901857
0.0247437819
0.0119891136
1.2620644970
0.4461954234
1.8803099856
2.2136618575
1.0664507302
0.6890258009
0.1182781647
1.1006133832
1.3179037909
0.9947823700
0.1293855741
0.6481994416
0.6029689898
0.1968163011
0.2694095581
0.5496260717
0.2127606027
0.7613764361
1.9455244244
0.0581525712
0.2117636285
1.7966810095
0.9911135437
0.5851220937
1.3981471965
0.9496800064
1.8588392333
0.0379367192
0.1254026232
1.1007768570
1.1938601881
1.3964518735
0.4550758257
1.3868463995
4.6548395267
4.9195496405
0.5110493527
1.2361435693
0.0716206774
0.1861237084
0.4764197705
0.2798641439
0.7091397252
0.5881175453
1.0839506348
0.7255608410
0.0604979189
1.5710004923
1.2186319050
1.4737037406
1.3802218232
0.3235548644
0.7826606588
0.0915970037
1.2052506162
0.4854350391
0.3629724007
0.0874907692
0.8084476604
1.0690906582
0.4345933485
2.5875953284
0.4904773048
0.9189082375
1.5772514166
0.8702562443
1.2601925218
0.1606662846
0.6451953334
0.0802851447
1.5476003028
1.4606929979
0.3159745098
0.0658873845
3.0339645304
1.1102289981
0.1495338863
0.0617307519
0.0657911861
0.0043808709
0.0614852299
0.8880550221
2.3609695117
2.4905725418
0.3344378589
0.2004321633
0.3832526819
0.3356743521
0.5416297642
0.9135485330
1.4330277792
1.5881990353
2.5495998412
0.1850740220
2.0278453382
2.0298499776
1.4419480047
3.2721987300
1.2690146591
0.9753263512
1.4762457565
0.0694061025
2.8914557962
0.0351376915
0.7115746717
0.2001280271
0.5674732613
0.3028209158
0.1626755792
2.6706628079
1.0075195860
0.1519636932
1.7481226515
0.2942285557
0.3857367809
0.5670500119
0.0680443384
0.1790448124
2.2744758393
0.7667252502
2.9444726431
0.1428271942
0.8038279606
0.5477413621
1.6662949518
0.6018213178
2.0198080903
0.7594412491
0.0848276702
1.3334407874
1.2072481683
0.3787001153
0.1908380010
1.8094933018
1.8489073220
1.0227599727
0.2399669469
1.1875532243
1.8119935394
2.1564040850
1.1760481464
0.3554096547
0.7975110842
1.6722194789
1.0421324188
1.1002189957
0.7851850480
0.0137501910
0.1635039805
2.1479282891
0.4239697600
0.1150766999
1.5892842365
1.7297065106
0.9799970279
1.9246514251
0.1316020370
1.4280524910
0.2833896373
2.5704234009
2.2706697501
0.5524385651
3.0110277342
