likelihood_beta,beta
1.1372420000e-26,1.6046209992
2.0655656080e-26,3.1631183627
9.8218064808e-27,1.3424425715
1.0230908528e-26,1.4130890260
1.1875541307e-26,1.6869568013
3.6111215074e-27,8.7740761278
1.5547707841e-26,2.2710473747
1.0983864763e-26,1.5402398701
1.2486357243e-26,1.7856388906
1.5773821438e-26,2.3070280230
1.1958756655e-26,1.7004764649
1.6061083675e-26,2.3529079812
2.3501705171e-26,4.6860378494
1.2602891655e-26,1.8043342129
1.2593159223e-26,1.8027742874
1.2062965128e-26,1.7173710049
4.2079302676e-46,26.0420731836
3.4008455767e-35,18.8693847874
1.2283384100e-26,1.7529824595
1.1784720177e-26,1.6721713152
1.0238215649e-26,1.4143400945
1.1154689249e-26,1.5686373432
9.4960312473e-27,1.2852721143
1.1667997190e-26,1.6531209622
1.4635885740e-26,2.1267146265
1.2711303959e-26,1.8216938416
1.4102357006e-26,2.0424806550
1.0888984154e-26,1.5244005083
1.3876977278e-26,2.0068724329
9.5595004421e-27,1.2964781724
1.7896844933e-29,12.9827458683
1.2016584258e-26,1.7098564361
1.0439583794e-26,1.4486771295
1.6027250414e-26,2.3474932390
2.3410832883e-26,3.9821871536
9.2592259645e-27,7.4819512931
1.9753908241e-36,19.8499103690
1.6280688365e-26,2.3881347822
1.0809336228e-26,1.5110658913
2.3431169312e-26,3.9941716101
1.3018368397e-27,9.8402463650
1.1026832582e-26,1.5473970326
2.2045687786e-26,3.4875746822
1.2447531777e-26,1.7794017320
1.1819319270e-26,1.6778077561
1.6860756416e-26,2.4819869267
1.0212529325e-26,1.4099406756
2.3386534941e-26,3.9683325961
2.3730686523e-26,4.4291830787
1.3468033151e-26,1.9421490455
2.3579153014e-26,4.0967682710
1.3289094964e-26,1.9137615038
1.3257742952e-26,1.9087824743
1.6876982677e-26,2.4846317970
1.5526760676e-26,2.2677192304
1.6065597106e-26,2.3536305591
1.2085200858e-26,1.7209709215
5.4363293653e-27,8.2656135898
2.2970068677e-26,3.7785134101
1.2083939171e-26,1.7207667032
1.3648200341e-26,1.9706866621
3.1656591407e-32,16.1863119864
1.3245964170e-26,1.9069114506
2.1777288254e-26,3.4180016464
2.0917134383e-34,18.2072370502
1.0622693413e-26,1.4796760807
4.1723511934e-27,8.6014933791
1.2536430681e-27,9.8757157433
1.6261472433e-26,2.3850464686
8.0077677317e-46,25.8881661054
3.9113218020e-27,8.6795267638
1.3098682635e-26,1.8834953408
1.3430710280e-26,1.9362319316
1.4536831324e-26,2.1110749807
1.4191506047e-26,2.0565582645
1.1343875570e-26,1.5999164795
1.5941514855e-32,16.4824076276
1.2463263840e-28,11.7281001210
2.4279931427e-31,15.2596684488
1.4594401664e-26,2.1201643822
1.2038333803e-26,1.7133812198
1.6539529147e-26,2.4298561953
9.0909390872e-27,7.5121881791
1.8413120082e-26,5.9831502016
1.2419493683e-26,1.7748947970
1.1184656863e-26,1.5736037221
2.3595986692e-26,4.1110252276
1.2037128611e-26,1.7131859476
1.2978224820e-26,1.8643129228
1.2229245288e-26,1.7442505447
1.2464762798e-26,1.7821703644
1.2576555995e-26,1.8001125137
1.2896330614e-26,1.8512542522
1.0975058891e-26,1.5387718627
9.9341692956e-27,1.3619678459
1.5256783136e-26,2.2248901743
9.7464661184e-27,1.3292965188
1.1149333204e-26,1.5677492393
1.1897360254e-26,1.6905041522
2.3606638355e-26,4.6046331748
3.5759171653e-27,8.7855360750
1.3866076100e-26,2.0051492595
1.6755691073e-26,2.4648893066
1.0393218751e-26,1.4407945090
1.1624820349e-26,1.6460598920
1.3593070767e-26,1.9619586712
1.6610719005e-26,2.4413734555
1.2092801802e-26,1.7222011027
1.6766247215e-26,2.4666049942
1.2321417923e-26,1.7591112772
1.7598984056e-26,6.1214391421
1.5184980519e-26,2.2135174814
9.9022004958e-27,1.3564223239
2.3737145077e-26,4.3222145590
2.8895164695e-27,9.0278906606
1.0900492126e-26,1.5263242579
2.3615206176e-26,4.5967595382
1.2676560208e-26,1.8161337712
1.8218490790e-26,2.7084223313
1.6580717004e-26,2.4365172981
1.2148181690e-26,1.7311581124
2.4804152373e-28,11.2283295151
6.8077636309e-27,7.9554710388
1.1130136035e-26,1.5645649041
1.5410196118e-26,2.2492132410
1.7606240139e-26,2.6048796378
9.1211337616e-27,7.5067435054
1.0954097796e-26,1.5352758148
1.8573301515e-26,2.7698139834
1.7548876216e-26,2.5953117291
1.1195402683e-26,1.5753834817
8.9124400114e-27,7.5445546522
2.0399124002e-26,5.6146704376
1.9936206836e-26,3.0190445999
1.3416810964e-26,1.9340278443
8.4474031920e-27,7.6304184098
1.7770410593e-28,11.4748777940
1.7175724357e-26,2.5335484092
1.7092344505e-26,2.5198516004
1.8235535097e-26,2.7113460325
1.3231641032e-26,1.9046359426
1.4916460068e-26,2.1710387212
1.1608258132e-26,1.6433492538
1.1305364052e-26,1.5935631763
1.4218285791e-26,2.0607865424
1.6614469156e-26,2.4419807047
2.0187214952e-26,3.0680603186
1.1360613279e-26,1.6026755483
1.3018863211e-26,1.8707877195
9.8765755366e-27,1.3519717113
1.0552753519e-26,1.4678602631
1.2163258586e-26,1.7335948088
1.1966770773e-26,1.7017771280
1.1461315289e-26,1.6192481126
1.0354397648e-26,1.4341837729
1.2161087094e-26,1.7332439038
1.1126822262e-26,1.5640150424
2.2690062893e-26,5.0465520376
1.2643460372e-26,1.8108338988
1.4042593927e-26,6.6920658863
4.3386867680e-30,13.7939956524
1.1762499096e-26,1.6685488476
1.0064223477e-26,1.3844503395
1.4016232016e-26,2.0288772033
2.2026682384e-26,5.2426112334
1.4346573617e-26,2.0810398002
1.2192104929e-26,1.7382547747
1.2775890782e-26,1.8320217114
1.1446418777e-26,1.6167995023
1.1468180927e-26,1.6203763141
2.2544998733e-26,5.0934002157
1.2457587218e-26,1.7810175168
9.9387698557e-27,1.3627652627
1.4806716894e-26,2.1536962917
1.7600773226e-27,9.5479614962
1.9228358308e-26,2.8865391654
1.2438581353e-26,1.7779632620
1.6924227464e-26,2.4923394415
1.2222507029e-26,1.7431630862
1.3474540361e-26,1.9431804889
1.2084174117e-26,1.7208047322
2.3738814364e-26,4.3925622868
2.3632972162e-26,4.1455729865
1.3004584651e-26,1.8685131495
1.2149442244e-26,1.7313618698
1.2681668258e-26,1.8169514091
1.2238620850e-26,1.7457633809
1.8376100903e-26,5.9895543190
2.1861286503e-26,5.2858055026
1.0079881806e-26,1.3871489466
2.0658043196e-26,3.1636163036
1.9149094242e-26,2.8721484193
1.4382643868e-26,2.0867339630
3.5741966269e-40,22.4985260567
3.9335660728e-123,52.3518963888
1.5164189556e-26,2.2102256563
9.5966121903e-27,1.3030150453
1.1844075349e-26,1.6818378297
1.0682693618e-26,1.4897892150
2.3706506397e-26,4.2401814408
2.3655036397e-26,4.5560393843
8.2315478660e-53,29.4551410362
2.3306640583e-26,3.9257749777
1.1451102417e-26,1.6175694823
1.0751674321e-26,1.5013898372
1.2837198866e-26,1.8418159606
1.1134892976e-26,1.5653541365
5.7331129590e-114,50.0234940960
1.2064752744e-26,1.7176604801
2.2995238899e-26,3.7882846001
8.3839528784e-27,7.6423184309
1.1281973848e-26,1.5897010187
1.1518337518e-26,1.6286119610
1.4477882960e-26,2.1017687312
1.3266556536e-26,1.9101823310
1.8781501024e-26,2.8063982761
1.1626481179e-26,1.6463316460
1.2995171415e-26,1.8670133930
1.3261400484e-26,1.9093634140
1.5786193710e-26,2.3089999138
1.2248084233e-26,1.7472900995
2.2835727085e-26,4.9963688865
1.1677737034e-26,1.6547127268
1.0572756978e-26,1.4712427364
1.2152383917e-26,1.7318373444
1.6445647513e-26,2.4146967147
6.0525810209e-27,8.1207662649
1.1441008844e-26,1.6159099982
1.6864452780e-26,2.4825893281
1.1403320358e-26,1.6097095435
1.3894498506e-26,2.0096418576
1.1364633532e-26,1.6033380580
1.1321889514e-26,1.5962902658
2.1032192134e-26,3.2436462602
2.0253458802e-26,3.0812041904
1.2194326528e-26,1.7386135470
3.7687277028e-28,10.9059382160
1.2408616452e-26,1.7731457316
3.6041041834e-31,15.0707252817
1.1953305301e-26,1.6995915945
7.4112061991e-33,16.8046724691
2.3700305228e-26,4.4955145802
1.5699397549e-26,2.2951735107
1.0418139455e-26,1.4450330453
1.3771585232e-26,1.9902086879
1.0865115857e-26,1.5204081968
1.1125891119e-26,1.5638605257
2.3738280808e-26,4.3288966528
1.1096438470e-26,1.5589707873
2.2358149225e-26,3.5750618094
2.2043075678e-26,3.4868751990
1.3440754461e-26,1.9378245161
1.3203486465e-26,1.9001620012
6.7688669525e-31,14.7621487537
1.1982146063e-26,1.7042718252
1.1052693319e-26,1.5516999789
9.3497131167e-27,1.2593074260
1.2352015299e-26,1.7640385105
1.4138131523e-26,6.6769771555
1.8154698343e-26,2.6975010873
1.1421597216e-26,1.6127172345
1.8318268593e-26,2.7255728560
1.2345515971e-26,1.7629921354
7.8503802019e-31,14.6882366205
1.1223376869e-26,1.5800139854
2.3077445329e-26,3.8213456919
1.8635291501e-26,2.7806607507
1.4636799683e-26,2.1268589427
1.1191585863e-26,1.5747513924
1.1806454424e-26,1.6757125291
1.2432557708e-26,1.7769950382
1.1848362728e-26,1.6825355365
2.3498485648e-26,4.6882188834
1.0393754982e-26,1.4408857539
1.5360125357e-26,2.2412708208
1.8406587028e-26,2.7408260820
1.2531963322e-26,6.9321475259
1.2404511599e-26,1.7724855775
1.2758215506e-26,1.8291963336
1.6610849828e-42,23.9692892435
2.0853243727e-26,3.2048584460
2.1532190234e-26,3.3579895411
1.2857854610e-26,1.8451138269
8.7961113840e-27,1.1592886676
2.2801571886e-26,3.7166509436
1.3726239140e-26,6.7420715518
1.1896278824e-26,1.6903283744
1.2130688415e-26,1.7283299239
1.0501243748e-26,1.4591388931
1.4427332637e-26,2.0937886334
1.1756846638e-26,1.6676270733
1.2073157581e-26,1.7190213554
1.0877685156e-26,1.5225109829
1.7520611490e-26,6.1345024469
1.1425708447e-26,1.6133935799
1.4011042715e-26,2.0280574255
1.0680086932e-26,1.4893502977
1.8763436742e-26,2.8032063245
2.2162226798e-26,5.2058222887
2.3304705101e-26,4.8003137606
1.4001591379e-26,2.0265643136
1.8666656763e-26,2.7861635232
1.5751136790e-26,2.3034134408
2.3145778693e-26,4.8747554888
1.2117495927e-26,1.7261963675
1.2120440519e-26,1.7266726334
1.8484079228e-26,2.7542677416
2.0239605103e-26,3.0784478315
1.2154238669e-26,1.7321371206
9.6731866297e-27,1.3164672635
1.1597654129e-26,1.6416131493
1.0181704456e-26,1.4046551983
1.7956388619e-26,2.6637578689
1.8278290072e-26,2.7186908316
1.0705741326e-26,1.4936682822
1.3044260161e-26,1.8748324140
2.5659523860e-28,11.2027659019
1.9920313645e-26,3.0159807932
9.8840195244e-27,1.3532651135
9.8251174071e-45,25.2776790392
1.0828128261e-26,1.5142152418
5.0984241697e-37,20.2953917393
1.1333454981e-26,1.5981980704
1.2176897741e-26,1.7357984837
7.3288735780e-28,10.3577714256
4.3975117604e-64,34.3270498509
1.1832007469e-26,1.6798735813
1.8952288911e-26,2.8367524336
1.1346444590e-26,1.6003400459
1.0376989817e-26,7.2870752457
1.5999371901e-26,2.3430338505
1.2412252331e-26,1.7737304223
9.7803899207e-27,1.3352213076
1.7987431835e-26,2.6690199757
1.1768493256e-26,1.6695262055
1.3660954820e-26,1.9727054276
1.4337361363e-26,2.0795855110
1.2994764796e-26,1.8669486046
1.1800236425e-26,1.6746996052
1.2806221230e-26,1.8368682535
2.3182659525e-26,3.8666738471
1.2268269739e-26,1.7505456459
8.3331629186e-29,12.0052826689
1.3306980509e-26,1.9166011862
1.3419127453e-26,1.9343952016
1.5076165338e-26,2.1962944117
9.0063240638e-28,10.1774193958
1.6692583395e-85,41.8804680967
2.3093694407e-26,3.8281080911
1.2070625773e-26,1.7186114418
1.0676606854e-26,1.4887642547
2.2780558433e-26,3.7093165867
1.2608689400e-26,1.8052633614
1.4471129935e-26,2.1007026554
5.3998971237e-67,35.4613709456
1.8946542591e-26,2.8357258246
2.3040691195e-26,4.9187714607
1.1676728379e-26,1.6545479024
2.3740704947e-26,4.3537498682
1.5184716794e-26,2.2134757225
9.4955249586e-27,1.2851825883
1.3099903555e-26,1.8836896193
2.2827085695e-26,3.7256603282
1.3914944024e-26,2.0128732053
1.4448496277e-26,2.0971295948
1.2624822600e-26,1.8078484029
1.4121308100e-42,24.0120342824
1.9083527325e-26,2.8603041141
1.1808388709e-26,1.6760275969
1.4462095573e-26,2.0992764409
2.0406929823e-26,3.1120167518
2.3344774964e-26,3.9455641246
1.8822682074e-26,2.8136880153
1.4899553535e-26,2.1683664473
1.6641516630e-26,2.4463620445
2.2770142380e-26,3.7057089333
1.4095093578e-26,2.0413335375
1.1236145994e-26,1.5821263519
1.0714835108e-26,1.4951979641
1.0762790830e-26,1.5032567413
1.9500897265e-26,2.9366611450
1.1378564622e-26,1.6056332221
2.1031096379e-26,3.2434056829
1.6394374129e-26,2.4064306952
2.3267556203e-26,3.9063513292
2.3700524905e-26,4.4951538772
1.5387941347e-26,2.2456826145
1.2309904386e-26,1.7572564497
1.3229313233e-26,1.9042660931
1.3917282972e-26,2.0132428488
2.0937175406e-26,3.2229278227
9.9274438179e-27,7.3643055338
1.3453947452e-26,1.9399161506
2.1903653051e-26,5.2749053364
1.0583363785e-26,1.4730352960
1.3800190522e-26,1.9947324870
1.4275414874e-27,9.7525924830
1.8897602270e-26,2.8269976419
2.1132948062e-26,3.2659386606
9.4091781044e-27,1.2698820534
1.2951129776e-26,1.8599940154
2.5900792485e-30,14.0725196688
1.3610805148e-26,1.9647667261
1.1944708395e-26,1.6981959118
1.1475164569e-30,14.4964844232
1.2503108752e-29,13.1951136057
1.2587264584e-26,1.8018293639
2.2159998254e-26,3.5186691072
2.3674371549e-26,4.1922802595
1.7679428614e-26,2.6171175201
1.3599835008e-26,1.9630297626
1.3302436903e-26,1.9158798489
1.6705310050e-26,2.4567073187
2.2902104714e-26,3.7528604542
2.3735956541e-26,4.4088646826
1.8853780695e-26,5.9059021780
1.3822441909e-26,1.9982509348
1.2068217203e-26,1.7182214604
1.0688811271e-26,1.4908191569
1.3889882475e-26,2.0089122656
9.9691951242e-27,1.3680349397
2.0505903619e-26,3.1321708749
1.4691135274e-28,11.6118082284
3.1217826965e-30,13.9726444723
1.3540914094e-26,1.9536979786
1.1676111294e-26,1.6544470623
1.2341966270e-26,1.7624205882
1.2335908606e-26,1.7614451369
1.3300494027e-26,1.9155713899
1.0100893417e-26,1.3907674159
2.1648243942e-26,3.3860299554
8.3494385624e-29,12.0039633534
1.4924426192e-26,2.1722979390
1.1954030394e-26,1.6997092988
4.5692444350e-38,21.0593688299
1.5900006919e-34,18.3092183904
1.3615899468e-26,1.9655732898
1.2916032059e-26,1.8543971400
9.6122330499e-27,1.3057631167
1.8562167830e-26,5.9572375136
1.4676184323e-26,2.1330782813
1.0238655883e-26,1.4144154563
1.0860670551e-26,1.5196643078
1.2237429760e-26,1.7455712030
1.4103323784e-26,2.0426333370
1.2170139729e-26,6.9904006959
1.2045780561e-26,1.7145876727
1.1772517951e-26,1.6701823584
2.1786374436e-26,3.4202864131
1.5292010311e-26,2.2304722680
2.3711280665e-26,4.2490022647
2.7837758338e-28,11.1409363808
1.7884999357e-26,2.6516838471
2.2086583450e-26,3.4985888236
1.3118359997e-26,1.8866261453
1.1587862169e-26,1.6400095680
1.2426031220e-26,1.7759458687
1.0647561909e-26,1.4838703079
1.2256510859e-26,1.7486493163
1.2197648537e-26,1.7391499971
1.1715508510e-26,1.6608819546
1.2978481413e-26,1.8643538160
1.6727991251e-26,2.4603894884
1.3884938305e-26,2.0081307910
1.4615981604e-26,2.1235717360
1.3939536626e-26,2.0167595842
1.5397661913e-26,6.4778827224
1.4393905557e-26,2.0885117582
2.0247344053e-26,3.0799870903
1.0062031242e-26,1.3840723828
1.3561063197e-26,1.9568896411
1.2936036991e-26,6.8675198012
2.3552612662e-26,4.6493997797
1.6244576087e-26,2.3823319195
1.4830144494e-26,2.1573977865
1.3189455114e-26,1.8979318049
1.2661963251e-26,1.8137968884
1.0429447509e-26,1.4469550143
2.3602046268e-26,4.6087507112
3.8914194374e-29,12.5038453349
1.9077863507e-26,2.8592834553
1.2123362853e-26,1.7271452700
1.3077851292e-26,1.8801801136
1.2977843354e-26,1.8642521286
1.6431940777e-26,6.3126212808
1.0977469216e-26,1.5391737238
1.0837246270e-26,1.5157426102
1.1153896048e-26,1.5685058290
2.3740187989e-26,4.3799474455
1.0787741785e-26,1.5074444199
1.9971208205e-26,3.0258080857
1.1075125167e-26,1.5554295741
1.6980222432e-26,2.5014879429
1.9668007753e-26,2.9679255909
1.1859722087e-26,1.6843837603
2.1171961556e-26,5.4504432864
1.1980297312e-26,1.7039719042
1.2342564946e-26,1.7625169852
1.1149537202e-26,1.5677830676
1.1291120507e-26,1.5912116136
1.4440309598e-26,2.0958372158
9.7008524273e-27,1.3213158147
1.5482405048e-26,2.2606744945
1.4020582832e-26,2.0295645099
1.6395238002e-26,2.4065698883
1.1554496756e-26,1.6345423860
1.0555249178e-26,1.4682823991
1.3475789438e-47,26.8473211821
1.1682694862e-26,1.6555228247
1.3572163844e-26,1.9586477902
1.7382439674e-26,2.5676650930
1.4763426752e-26,2.1468574661
1.1310539596e-26,1.5944174020
1.8721441902e-27,9.4860823931
8.7620547147e-114,49.9754676459
2.3628075046e-26,4.1406927111
1.0451998547e-27,10.0435941614
1.8399644885e-26,2.7396245965
1.0946720177e-26,1.5340447582
2.0001222704e-26,3.0316258088
7.4681382206e-29,12.0790249502
1.0405450847e-26,1.4428754548
1.4750232569e-26,2.1447733104
1.3585337186e-26,1.9607340210
1.3223480725e-26,1.9033393606
2.9927586183e-27,8.9888443854
1.0427872783e-26,1.4466874156
1.8017595182e-30,14.2637681477
1.8473855437e-26,2.7524911552
1.2079349126e-26,1.7200237060
1.2212535639e-26,1.7415535748
1.2757927686e-26,1.8291503197
1.3866327310e-26,2.0051889699
4.2046959147e-29,12.4545533263
1.3152469788e-26,1.8920515079
1.1880153311e-26,1.6877067771
1.2003500543e-26,1.7077352420
1.3526098968e-26,1.9513508987
9.3229260015e-27,1.2545337219
1.6882749347e-26,2.4855720451
2.2576606684e-26,5.0834267928
7.0793391396e-27,7.8987671500
1.2632977036e-26,1.8091547355
1.9539662758e-26,2.9438760042
2.2569947487e-26,3.6395690890
2.3502771725e-26,4.6853121392
1.4197630435e-26,2.0575252686
1.4689231037e-26,2.1351386652
9.7610252579e-27,1.3318403741
2.0693051959e-26,3.1709362221
1.0910156770e-26,1.5279393032
1.0754103079e-26,1.5017977829
2.0351781102e-27,9.4011681082
2.1206259487e-26,3.2823796567
1.1633304753e-26,1.6474480343
1.1527691445e-26,1.6301466334
1.9216513969e-26,2.8843836562
2.3274616824e-26,4.8153064362
1.0969769288e-26,1.5378898454
1.2648749766e-26,1.8116810159
2.0484529176e-26,3.1277988135
1.5928343521e-26,2.3316815772
2.1399297497e-26,5.3984729647
3.4631625750e-30,13.9166816944
5.8153547703e-30,13.6321190512
1.1846143299e-26,1.6821743665
1.0120427920e-26,1.3941287075
1.0730218014e-26,1.4977844541
1.4484079707e-26,2.1027469941
1.7101950247e-26,2.5214277341
1.1538699734e-26,1.6319522412
1.2518668688e-26,1.7908263141
1.2838797040e-26,1.8420711581
1.2754997864e-26,1.8286819145
9.5852737666e-27,1.3010190985
2.2029031181e-26,3.4831224182
3.3398860846e-27,8.8646040397
1.3331007139e-58,32.0650895873
1.5281787426e-26,2.2288521730
1.1465624836e-26,1.6199563071
1.6642672419e-26,2.4465493316
1.2401167134e-26,1.7719476739
1.9603905893e-26,2.9558823181
1.1168705263e-26,1.5709607040
1.3653740182e-26,1.9715635246
2.2355051341e-26,5.1509542523
2.3460843412e-26,4.0123740574
1.2120092254e-26,1.7266163056
9.9557191642e-27,1.3657017383
1.1455731028e-26,1.6183303183
1.5489744373e-26,2.2618399147
2.2186722083e-26,3.5260813699
1.8474460085e-26,2.7525961976
1.8455163947e-26,2.7492456593
1.8294897874e-26,2.7215480701
1.1030700590e-26,1.5480408498
1.1496456504e-26,1.6250204998
1.7119235579e-26,2.5242651244
2.0615190494e-55,30.6596616041
2.3286598009e-26,3.9157130660
1.2000805159e-26,1.7072981771
2.3364801764e-26,3.9563289719
1.3224788070e-26,1.9035470910
1.4352064255e-26,2.0819065745
2.3209817275e-26,3.8790275923
1.1333546044e-26,1.5982130894
2.0340234281e-26,3.0985625352
1.1916752872e-26,1.6936555186
1.2725935801e-26,1.8240344759
1.1125967739e-26,7.1612341264
7.5548260307e-36,19.3956986696
6.0472119410e-28,10.5212191185
1.2749459927e-26,1.8277964799
1.4578378833e-26,2.1176345562
1.8512514966e-26,5.9658931818
1.3978019938e-26,2.0228402872
9.8324767026e-27,1.3443008556
9.6550726523e-27,1.3132893827
2.3454334504e-26,4.7168040370
1.2314698657e-26,1.7580288556
1.6337762554e-26,2.3973145869
2.2698501202e-26,5.0437373284
1.3242196080e-26,1.9063128508
2.3558749731e-26,4.0804398486
1.0770432380e-26,1.5045396499
9.2219984840e-27,7.4886175808
1.2101560929e-26,1.7236184831
1.9161345519e-26,2.8743674759
1.0326840489e-26,1.4294851666
1.7891223920e-26,2.6527351213
2.3739380563e-26,4.3881277273
1.1157694146e-26,1.5691355322
1.4009084286e-26,2.0277480394
2.3492370342e-26,4.0327846401
1.2871847551e-26,1.8473473631
1.4404835355e-26,6.6348702074
1.0976373808e-31,15.6298354852
1.0693801147e-26,1.4916590680
1.0727037529e-26,1.4972497984
2.8792312757e-27,9.0318384118
1.3678137594e-26,1.9754248157
2.2762674787e-26,3.7031336325
1.4645983204e-26,6.5967982827
2.3383306252e-26,4.7585803318
1.8631154543e-27,9.4909556179
1.0374995187e-26,1.4376924898
1.2142967318e-26,1.7303151983
2.5866567486e-31,15.2296108250
5.4576569683e-28,10.6066900643
2.2258319811e-26,3.5462265540
1.1495622812e-26,1.6248836191
2.3176003215e-26,4.8614168882
1.0441436791e-73,37.9317761564
1.6463097594e-26,2.4175120374
1.3509893920e-26,1.9487832935
1.2065508220e-26,1.7177828136
1.0290549721e-26,1.4232897945
1.1449824214e-26,1.6173593583
1.7623663007e-26,2.6077897832
1.1282892273e-26,1.5898527171
1.8182677008e-26,2.7022868952
2.3720672738e-26,4.4563687445
1.3976410573e-26,2.0225860126
2.0417604417e-26,3.1141794427
1.0123022630e-26,1.3945749757
1.2628608171e-26,1.8084548695
1.1545878560e-26,1.6331294457
1.0535830361e-26,1.4649967323
2.1059105914e-26,3.2495676558
1.2607155560e-26,1.8050175565
1.1829192847e-26,1.6794153734
9.9355357141e-27,1.3622047041
1.8303138716e-26,2.7229667243
1.3082700682e-26,1.8809519509
1.2748763010e-26,1.8276850477
1.0997607211e-26,1.5425300173
1.6655650624e-26,2.4486527194
1.4819462606e-26,2.1557100341
1.8929343057e-26,2.8326553008
1.5957028519e-26,2.3362646453
1.5653513973e-26,2.2878709008
1.2510735115e-26,1.7895528961
2.0921980964e-26,3.2196408865
1.3589053622e-26,1.9613225457
2.3699795696e-26,4.4963474844
1.1471574890e-26,1.6209339515
1.6035361082e-26,2.3487909999
1.0332719371e-26,1.4304879585
1.3160600753e-26,1.8933444649
1.1965352313e-26,1.7015469340
1.4304308538e-26,2.0743675639
1.1134971807e-26,1.5653672145
1.0068120926e-35,19.2966602370
2.3421773394e-26,4.7365193026
1.1784700299e-26,1.6721680755
1.1427693880e-26,1.6137201791
1.1160449810e-26,1.5695923602
9.4039239394e-27,1.2689489515
1.0973957156e-26,1.5385881657
2.3739969432e-26,4.3824957036
1.3518604018e-26,1.9501634060
2.3162023861e-26,3.8574795282
1.5571692350e-26,2.2748590996
1.2792182762e-26,1.8346253018
1.7216975816e-26,2.5403381038
1.6109192812e-26,2.3606129707
1.4026859322e-26,2.0305559997
2.2469653803e-26,5.1166967981
4.8126667756e-27,8.4237297484
2.0373357275e-26,3.1052318097
8.0351736193e-28,10.2779405094
1.1885735914e-26,1.6886144776
1.3833536233e-26,2.0000050375
1.2062740383e-26,1.7173346104
2.1300534558e-26,3.3038115518
1.3785325054e-26,1.9923816734
2.1551423128e-26,3.3625924894
2.0583449257e-26,3.1481259365
7.7203542048e-28,10.3127511755
1.1585159639e-26,1.6395669156
7.8330558396e-52,28.9868287024
1.0409924370e-26,1.4436362576
1.6864197696e-26,6.2425596120
1.2562659054e-26,1.7978840276
2.2668159024e-26,3.6712976644
1.3504762257e-26,1.9479701361
1.1880094391e-26,1.6876971964
1.3002204643e-26,1.8681339740
2.3734535737e-26,4.3099862889
1.1801026889e-26,1.6748283818
3.0052524600e-27,8.9841889520
1.4581488271e-26,2.1181254961
1.5508575186e-26,2.2648305155
2.3145176567e-26,3.8500895023
1.0398071779e-26,1.4416202302
1.2211438918e-26,1.7413765300
1.3492686579e-26,1.9460564986
2.2220944512e-26,3.5356572685
5.9723235811e-31,14.8241701806
1.1623537940e-26,1.6458500492
1.4570876173e-26,2.1164499946
1.0859888845e-26,1.5195334838
1.3597642700e-26,1.9626826252
2.3571231131e-26,4.6347934923
8.7075496499e-27,7.5821008139
1.2821952477e-26,1.8393811089
1.0621620175e-26,1.4794949890
1.2740718552e-26,6.8987086576
1.4822099504e-26,2.1561266604
1.2732205560e-26,1.8250372765
1.2145905332e-26,1.7307901458
2.0219628864e-26,3.0744803948
1.2570567616e-26,1.7991522936
2.1816718905e-26,5.2971571736
1.2361898689e-26,1.7656294630
1.9878026850e-26,3.0078508752
1.9347701826e-36,19.8568410898
1.6307903525e-26,6.3325966308
1.2049077515e-26,1.7151217510
1.5251190553e-26,2.2240041312
1.2238435482e-26,1.7457334729
1.1969847016e-26,1.7022763288
1.6598972006e-26,2.4394716583
1.9062973107e-26,2.8566019598
1.4208537240e-26,2.0592473592
9.4096522472e-27,1.2699662460
1.1956765969e-26,1.7001533470
2.1596629608e-27,9.3399118445
1.5315396402e-26,2.2341789914
1.0795757407e-26,1.5087889795
1.5267546884e-27,9.6877901642
4.4224901930e-27,8.5299159123
1.4957441259e-26,2.1775172438
1.2123868861e-26,1.7272271050
1.0211872558e-26,1.4098281291
8.9745294882e-27,7.5332608760
1.3977159612e-26,2.0227043585
1.2526376931e-26,1.7920633954
2.3719412946e-26,4.2658575895
1.1305366119e-26,1.5935635175
1.5789167945e-28,11.5602470360
