sampled_beta
1.6046209992
3.1631183627
1.3424425715
1.4130890260
1.6869568013
8.7740761278
2.2710473747
1.5402398701
1.7856388906
2.3070280230
1.7004764649
2.3529079812
4.6860378494
1.8043342129
1.8027742874
1.7173710049
26.0420731836
18.8693847874
1.7529824595
1.6721713152
1.4143400945
1.5686373432
1.2852721143
1.6531209622
2.1267146265
1.8216938416
2.0424806550
1.5244005083
2.0068724329
1.2964781724
12.9827458683
1.7098564361
1.4486771295
2.3474932390
3.9821871536
7.4819512931
19.8499103690
2.3881347822
1.5110658913
3.9941716101
9.8402463650
1.5473970326
3.4875746822
1.7794017320
1.6778077561
2.4819869267
1.4099406756
3.9683325961
4.4291830787
1.9421490455
4.0967682710
1.9137615038
1.9087824743
2.4846317970
2.2677192304
2.3536305591
1.7209709215
8.2656135898
3.7785134101
1.7207667032
1.9706866621
16.1863119864
1.9069114506
3.4180016464
18.2072370502
1.4796760807
8.6014933791
9.8757157433
2.3850464686
25.8881661054
8.6795267638
1.8834953408
1.9362319316
2.1110749807
2.0565582645
1.5999164795
16.4824076276
11.7281001210
15.2596684488
2.1201643822
1.7133812198
2.4298561953
7.5121881791
5.9831502016
1.7748947970
1.5736037221
4.1110252276
1.7131859476
1.8643129228
1.7442505447
1.7821703644
1.8001125137
1.8512542522
1.5387718627
1.3619678459
2.2248901743
1.3292965188
1.5677492393
1.6905041522
4.6046331748
8.7855360750
2.0051492595
2.4648893066
1.4407945090
1.6460598920
1.9619586712
2.4413734555
1.7222011027
2.4666049942
1.7591112772
6.1214391421
2.2135174814
1.3564223239
4.3222145590
9.0278906606
1.5263242579
4.5967595382
1.8161337712
2.7084223313
2.4365172981
1.7311581124
11.2283295151
7.9554710388
1.5645649041
2.2492132410
2.6048796378
7.5067435054
1.5352758148
2.7698139834
2.5953117291
1.5753834817
7.5445546522
5.6146704376
3.0190445999
1.9340278443
7.6304184098
11.4748777940
2.5335484092
2.5198516004
2.7113460325
1.9046359426
2.1710387212
1.6433492538
1.5935631763
2.0607865424
2.4419807047
3.0680603186
1.6026755483
1.8707877195
1.3519717113
1.4678602631
1.7335948088
1.7017771280
1.6192481126
1.4341837729
1.7332439038
1.5640150424
5.0465520376
1.8108338988
6.6920658863
13.7939956524
1.6685488476
1.3844503395
2.0288772033
5.2426112334
2.0810398002
1.7382547747
1.8320217114
1.6167995023
1.6203763141
5.0934002157
1.7810175168
1.3627652627
2.1536962917
9.5479614962
2.8865391654
1.7779632620
2.4923394415
1.7431630862
1.9431804889
1.7208047322
4.3925622868
4.1455729865
1.8685131495
1.7313618698
1.8169514091
1.7457633809
5.9895543190
5.2858055026
1.3871489466
3.1636163036
2.8721484193
2.0867339630
22.4985260567
52.3518963888
2.2102256563
1.3030150453
1.6818378297
1.4897892150
4.2401814408
4.5560393843
29.4551410362
3.9257749777
1.6175694823
1.5013898372
1.8418159606
1.5653541365
50.0234940960
1.7176604801
3.7882846001
7.6423184309
1.5897010187
1.6286119610
2.1017687312
1.9101823310
2.8063982761
1.6463316460
1.8670133930
1.9093634140
2.3089999138
1.7472900995
4.9963688865
1.6547127268
1.4712427364
1.7318373444
2.4146967147
8.1207662649
1.6159099982
2.4825893281
1.6097095435
2.0096418576
1.6033380580
1.5962902658
3.2436462602
3.0812041904
1.7386135470
10.9059382160
1.7731457316
15.0707252817
1.6995915945
16.8046724691
4.4955145802
2.2951735107
1.4450330453
1.9902086879
1.5204081968
1.5638605257
4.3288966528
1.5589707873
3.5750618094
3.4868751990
1.9378245161
1.9001620012
14.7621487537
1.7042718252
1.5516999789
1.2593074260
1.7640385105
6.6769771555
2.6975010873
1.6127172345
2.7255728560
1.7629921354
14.6882366205
1.5800139854
3.8213456919
2.7806607507
2.1268589427
1.5747513924
1.6757125291
1.7769950382
1.6825355365
4.6882188834
1.4408857539
2.2412708208
2.7408260820
6.9321475259
1.7724855775
1.8291963336
23.9692892435
3.2048584460
3.3579895411
1.8451138269
1.1592886676
3.7166509436
6.7420715518
1.6903283744
1.7283299239
1.4591388931
2.0937886334
1.6676270733
1.7190213554
1.5225109829
6.1345024469
1.6133935799
2.0280574255
1.4893502977
2.8032063245
5.2058222887
4.8003137606
2.0265643136
2.7861635232
2.3034134408
4.8747554888
1.7261963675
1.7266726334
2.7542677416
3.0784478315
1.7321371206
1.3164672635
1.6416131493
1.4046551983
2.6637578689
2.7186908316
1.4936682822
1.8748324140
11.2027659019
3.0159807932
1.3532651135
25.2776790392
1.5142152418
20.2953917393
1.5981980704
1.7357984837
10.3577714256
34.3270498509
1.6798735813
2.8367524336
1.6003400459
7.2870752457
2.3430338505
1.7737304223
1.3352213076
2.6690199757
1.6695262055
1.9727054276
2.0795855110
1.8669486046
1.6746996052
1.8368682535
3.8666738471
1.7505456459
12.0052826689
1.9166011862
1.9343952016
2.1962944117
10.1774193958
41.8804680967
3.8281080911
1.7186114418
1.4887642547
3.7093165867
1.8052633614
2.1007026554
35.4613709456
2.8357258246
4.9187714607
1.6545479024
4.3537498682
2.2134757225
1.2851825883
1.8836896193
3.7256603282
2.0128732053
2.0971295948
1.8078484029
24.0120342824
2.8603041141
1.6760275969
2.0992764409
3.1120167518
3.9455641246
2.8136880153
2.1683664473
2.4463620445
3.7057089333
2.0413335375
1.5821263519
1.4951979641
1.5032567413
2.9366611450
1.6056332221
3.2434056829
2.4064306952
3.9063513292
4.4951538772
2.2456826145
1.7572564497
1.9042660931
2.0132428488
3.2229278227
7.3643055338
1.9399161506
5.2749053364
1.4730352960
1.9947324870
9.7525924830
2.8269976419
3.2659386606
1.2698820534
1.8599940154
14.0725196688
1.9647667261
1.6981959118
14.4964844232
13.1951136057
1.8018293639
3.5186691072
4.1922802595
2.6171175201
1.9630297626
1.9158798489
2.4567073187
3.7528604542
4.4088646826
5.9059021780
1.9982509348
1.7182214604
1.4908191569
2.0089122656
1.3680349397
3.1321708749
11.6118082284
13.9726444723
1.9536979786
1.6544470623
1.7624205882
1.7614451369
1.9155713899
1.3907674159
3.3860299554
12.0039633534
2.1722979390
1.6997092988
21.0593688299
18.3092183904
1.9655732898
1.8543971400
1.3057631167
5.9572375136
2.1330782813
1.4144154563
1.5196643078
1.7455712030
2.0426333370
6.9904006959
1.7145876727
1.6701823584
3.4202864131
2.2304722680
4.2490022647
11.1409363808
2.6516838471
3.4985888236
1.8866261453
1.6400095680
1.7759458687
1.4838703079
1.7486493163
1.7391499971
1.6608819546
1.8643538160
2.4603894884
2.0081307910
2.1235717360
2.0167595842
6.4778827224
2.0885117582
3.0799870903
1.3840723828
1.9568896411
6.8675198012
4.6493997797
2.3823319195
2.1573977865
1.8979318049
1.8137968884
1.4469550143
4.6087507112
12.5038453349
2.8592834553
1.7271452700
1.8801801136
1.8642521286
6.3126212808
1.5391737238
1.5157426102
1.5685058290
4.3799474455
1.5074444199
3.0258080857
1.5554295741
2.5014879429
2.9679255909
1.6843837603
5.4504432864
1.7039719042
1.7625169852
1.5677830676
1.5912116136
2.0958372158
1.3213158147
2.2606744945
2.0295645099
2.4065698883
1.6345423860
1.4682823991
26.8473211821
1.6555228247
1.9586477902
2.5676650930
2.1468574661
1.5944174020
9.4860823931
49.9754676459
4.1406927111
10.0435941614
2.7396245965
1.5340447582
3.0316258088
12.0790249502
1.4428754548
2.1447733104
1.9607340210
1.9033393606
8.9888443854
1.4466874156
14.2637681477
2.7524911552
1.7200237060
1.7415535748
1.8291503197
2.0051889699
12.4545533263
1.8920515079
1.6877067771
1.7077352420
1.9513508987
1.2545337219
2.4855720451
5.0834267928
7.8987671500
1.8091547355
2.9438760042
3.6395690890
4.6853121392
2.0575252686
2.1351386652
1.3318403741
3.1709362221
1.5279393032
1.5017977829
9.4011681082
3.2823796567
1.6474480343
1.6301466334
2.8843836562
4.8153064362
1.5378898454
1.8116810159
3.1277988135
2.3316815772
5.3984729647
13.9166816944
13.6321190512
1.6821743665
1.3941287075
1.4977844541
2.1027469941
2.5214277341
1.6319522412
1.7908263141
1.8420711581
1.8286819145
1.3010190985
3.4831224182
8.8646040397
32.0650895873
2.2288521730
1.6199563071
2.4465493316
1.7719476739
2.9558823181
1.5709607040
1.9715635246
5.1509542523
4.0123740574
1.7266163056
1.3657017383
1.6183303183
2.2618399147
3.5260813699
2.7525961976
2.7492456593
2.7215480701
1.5480408498
1.6250204998
2.5242651244
30.6596616041
3.9157130660
1.7072981771
3.9563289719
1.9035470910
2.0819065745
3.8790275923
1.5982130894
3.0985625352
1.6936555186
1.8240344759
7.1612341264
19.3956986696
10.5212191185
1.8277964799
2.1176345562
5.9658931818
2.0228402872
1.3443008556
1.3132893827
4.7168040370
1.7580288556
2.3973145869
5.0437373284
1.9063128508
4.0804398486
1.5045396499
7.4886175808
1.7236184831
2.8743674759
1.4294851666
2.6527351213
4.3881277273
1.5691355322
2.0277480394
4.0327846401
1.8473473631
6.6348702074
15.6298354852
1.4916590680
1.4972497984
9.0318384118
1.9754248157
3.7031336325
6.5967982827
4.7585803318
9.4909556179
1.4376924898
1.7303151983
15.2296108250
10.6066900643
3.5462265540
1.6248836191
4.8614168882
37.9317761564
2.4175120374
1.9487832935
1.7177828136
1.4232897945
1.6173593583
2.6077897832
1.5898527171
2.7022868952
4.4563687445
2.0225860126
3.1141794427
1.3945749757
1.8084548695
1.6331294457
1.4649967323
3.2495676558
1.8050175565
1.6794153734
1.3622047041
2.7229667243
1.8809519509
1.8276850477
1.5425300173
2.4486527194
2.1557100341
2.8326553008
2.3362646453
2.2878709008
1.7895528961
3.2196408865
1.9613225457
4.4963474844
1.6209339515
2.3487909999
1.4304879585
1.8933444649
1.7015469340
2.0743675639
1.5653672145
19.2966602370
4.7365193026
1.6721680755
1.6137201791
1.5695923602
1.2689489515
1.5385881657
4.3824957036
1.9501634060
3.8574795282
2.2748590996
1.8346253018
2.5403381038
2.3606129707
2.0305559997
5.1166967981
8.4237297484
3.1052318097
10.2779405094
1.6886144776
2.0000050375
1.7173346104
3.3038115518
1.9923816734
3.3625924894
3.1481259365
10.3127511755
1.6395669156
28.9868287024
1.4436362576
6.2425596120
1.7978840276
3.6712976644
1.9479701361
1.6876971964
1.8681339740
4.3099862889
1.6748283818
8.9841889520
2.1181254961
2.2648305155
3.8500895023
1.4416202302
1.7413765300
1.9460564986
3.5356572685
14.8241701806
1.6458500492
2.1164499946
1.5195334838
1.9626826252
4.6347934923
7.5821008139
1.8393811089
1.4794949890
6.8987086576
2.1561266604
1.8250372765
1.7307901458
3.0744803948
1.7991522936
5.2971571736
1.7656294630
3.0078508752
19.8568410898
6.3325966308
1.7151217510
2.2240041312
1.7457334729
1.7022763288
2.4394716583
2.8566019598
2.0592473592
1.2699662460
1.7001533470
9.3399118445
2.2341789914
1.5087889795
9.6877901642
8.5299159123
2.1775172438
1.7272271050
1.4098281291
7.5332608760
2.0227043585
1.7920633954
4.2658575895
1.5935635175
11.5602470360
