sampled_theta2
0.0073211194
0.7538298914
0.4473078454
1.1695713630
0.3310537067
2.5306215850
0.3791810883
0.8715665272
0.2435934802
0.2982968588
3.6479431903
0.5630979459
1.4312065410
0.1806547021
0.5270124210
4.0150585243
4.1955597716
4.3503320174
3.5494442971
0.1139924690
0.2490473593
1.2260357681
0.6037574959
0.1677577313
0.0492888968
0.2980807009
0.2334280874
0.6357055730
0.2165349806
0.1253233374
2.0277677239
0.0817334894
0.7525791159
0.5547275780
0.6288049943
1.0012868442
3.0514407578
1.0268030992
0.3452916293
0.5943586411
2.1316368706
0.0982994698
0.6006008967
0.1610296661
0.6957645417
0.3674354798
0.3268144543
1.7094489538
0.5638255384
0.3538769354
3.9834173364
0.0229373309
2.5006751313
0.3171916920
0.5423940521
0.3309244132
0.0446604393
1.9117044030
1.5925149321
0.3276360401
0.0645278861
2.7548467795
3.6609589906
4.7881824626
3.2272330352
0.0675140455
1.0057827788
2.1781235410
0.6873486468
3.6915327652
2.3260575797
0.4518721230
0.3403403811
0.2321042687
0.2857113374
3.6035768663
4.3048155528
2.3095001328
1.8678323590
0.5071780322
0.5347650522
0.7171773985
1.5718827919
1.1376039095
0.1882757491
0.1832948571
1.1063633909
0.0109592786
0.2735650030
0.1615527643
1.0307496908
2.9937592896
0.0226189601
0.0417904400
0.3285861318
0.2814271216
1.1771700990
0.0200021526
0.1327738131
0.5688876343
1.8399212089
0.0693354512
0.3050643893
3.5723034570
0.2017351704
0.3940310676
0.3341224153
0.0655088980
0.3247472898
0.1457699366
0.7960414510
0.3025225064
2.0845947322
0.5994649219
2.1330135577
0.1513886863
0.5679324171
0.0777271518
0.3487808723
0.5698471546
0.1890957192
2.6421714257
3.4455988281
2.4491636332
0.3576879166
3.7656208417
3.3135987362
3.5262895561
4.6789372139
1.9772274156
0.0959950542
1.7821726548
1.0296532915
0.7659460440
0.7877902123
0.9200845315
1.0027223542
0.5564326695
0.5986730395
0.3513531776
0.2556703991
0.6123825592
0.1220282639
0.0375953044
4.5819309183
4.0099092969
0.6500168475
0.2129791109
0.2262327146
0.9851615507
1.2682788080
0.1173509124
0.1017000234
0.4969146538
0.6160105748
0.8860426755
0.8504044617
1.3851302167
0.9666150449
1.3440020005
2.1438758829
0.1694858691
0.1690029047
0.7076316589
1.4087720056
1.5390813538
0.7113872108
0.6494104150
0.1190587834
0.5379389594
0.8588386573
0.0952254893
0.6898409816
0.2575348627
1.3580052009
0.6987427149
1.7372288648
0.8680810779
0.1681728378
0.2134873424
0.0949026823
0.9038945422
0.6782170343
1.6781421825
1.3976231550
0.2955459688
0.0330631988
0.7409367556
0.6999939921
1.0301783114
2.7172816934
2.2018558764
2.3371594052
3.3111104901
4.5297920040
0.6762660061
0.1237045371
1.0546622678
1.0255230240
2.0760715952
0.8854532877
3.8569558121
2.8548759416
0.5746702097
0.0485860943
0.1626483557
1.3632890088
4.9084744431
0.1005226636
1.1866351214
1.5804014885
0.1477992136
1.9981645267
0.2586513995
0.4173762620
0.4345368669
0.3194069421
0.3184407092
0.2491187747
0.0511125215
0.1183267654
1.1950478471
1.5616440643
1.8999578079
0.1018962768
0.9579637318
1.0856110808
0.7825938592
0.3979822922
0.0502142990
2.3207840949
0.0041751287
3.1490560526
0.6248430148
0.6767586231
0.1167835695
1.9893258901
3.1709723954
2.7125856596
0.0586517136
1.3232582290
0.7696595209
0.0619521589
0.2248850206
0.8310932766
0.3080412622
0.0505764227
1.3691139703
0.1321331136
0.6889470832
0.7681780153
0.2070754083
0.2051431379
2.4484901146
0.2537960479
0.2010267679
2.1011987598
0.2777668831
1.3496687147
0.5468470886
0.0211318655
0.4886523670
0.4472585739
1.6863956963
1.0019096584
0.5029984540
0.5705579181
2.8705315689
0.5979231697
0.3950601805
0.1347311611
0.0774410580
1.1092833606
1.1614862168
1.2221864543
0.3564834073
1.4358471210
1.2031164649
1.9745433530
3.1775986665
3.3329998633
1.0742446137
0.0308241242
0.1847606588
0.8515027705
1.4129178753
0.0203638276
0.0409731690
0.0454550949
0.6515723899
0.1338258624
0.1029487876
0.6033890781
1.0374022389
0.2070750475
0.4787800179
0.1623944994
1.2271205745
1.0391770074
0.9582903424
0.0599056546
0.6771471548
0.3120963278
0.7717878838
1.3158489247
0.1551558814
1.1440833420
0.8946997578
0.1143910378
0.3634224787
0.5301027738
0.4186769534
1.6000060604
0.5656853905
0.0027428874
0.4585787266
1.8886961390
0.4504079068
3.9301459666
4.0769916597
4.5922214832
2.2742545564
0.0027439086
0.2972078820
1.8641780106
3.6333752230
3.6501977899
4.7171473097
2.0911928915
1.4919810461
0.6894842289
0.8585975953
0.3403326463
0.3414625835
0.3390604893
0.4061176486
0.4183246413
0.1798461831
0.1164564524
0.0806715938
1.0903802113
0.0241197416
2.0134393361
0.1781774222
1.5931435239
0.3897821176
1.6386941755
3.8849139775
2.4195175159
0.3652230157
1.4698070720
0.4904489480
0.3984559479
0.4068578893
3.6318379929
0.7211584786
0.7728603893
0.0575880119
1.1461275857
0.5928546166
0.6267337346
0.3642884217
1.0272151919
0.2105230527
0.2322156571
4.2731612812
1.8686061260
1.0882743505
1.8218408657
0.5715994394
0.5218381785
0.6442640177
1.5728842833
0.2597822672
1.2302161274
0.5027883235
0.7074090129
0.2000322331
0.2086742531
0.3602952144
1.6822196748
0.0857212333
0.4437380938
2.0345875123
0.8447819372
1.2213247769
0.0638730896
0.1315819670
0.9958070692
0.6037942688
0.4279073610
1.0591393756
3.9075028398
2.3557605571
2.6180805964
1.9663686098
0.8581812892
2.1504662415
1.0729101215
0.6721540286
0.0496449148
2.0545924657
0.8164245046
0.0053802793
2.5781672595
2.3645690828
4.9355686415
0.6531517030
1.0655440266
0.7393412620
0.0329785474
0.6795239413
0.4696522442
1.6958309781
1.0970400841
0.7397086104
0.6101464821
0.1009683387
0.2931346063
0.0685000791
1.3662367163
0.7736026058
0.9374688421
2.4898064483
3.2283730531
0.6395832938
2.9248338211
0.5449243814
0.7633949040
0.2208252603
1.3394492651
2.1687928593
0.2440523387
0.0106997809
4.3768190500
2.3799147524
0.8434215319
0.0254186610
0.9493472964
1.6703875055
0.5082822662
0.3307695591
0.1653711231
0.8703239357
0.2444102703
1.2636969571
0.3034296223
0.6762386861
0.8079093472
0.2564176690
3.4068286331
3.0800646413
0.3678190410
0.6900693649
0.0385499502
0.2451218629
1.2117655334
0.0100343610
0.0206527578
0.1148008919
0.1222022069
1.7058714290
0.4605255390
0.2033995306
0.9672271384
1.0562035784
1.3629447797
0.3573097105
1.1092667696
0.0393349121
0.0210086308
1.1013420667
1.0248069876
0.3241383639
0.0263806002
0.0437546281
0.5478161468
0.0620964849
4.2172704044
0.9765579401
0.9516732915
0.4784908888
0.3697620789
1.0217916980
1.4840201616
0.0079594692
0.8595161182
0.2001482985
0.7448279146
0.0740934462
1.0731083610
0.0240434189
1.1362568279
0.7223081713
0.4254682373
1.1740917489
1.0562160938
1.4465286882
0.1307824105
1.5687501967
1.5236510435
0.2261445459
0.3907702209
0.2131999345
0.4731472836
0.7501769077
1.3903917451
3.6473831985
0.1541748099
0.3073096554
0.3877027449
0.3917551679
0.1567518117
2.2558251102
3.4493163069
3.0718329238
2.5328887491
2.1408940309
0.5423717843
0.5995248519
2.2115180644
1.4150827995
0.0455066720
0.0649164062
0.1967040866
1.6026951712
0.0185850551
2.1780091321
0.5836745891
0.1264172262
1.0659361355
0.9405806138
0.2213631538
1.8399831304
0.0226575109
0.1152204961
0.0472344317
0.0202253839
1.3733602504
0.7799536329
1.2884600114
2.6671433607
0.1889008441
0.7791139741
0.5292890227
1.2280138484
2.5811191293
2.4100302720
1.7488527052
0.4908564121
1.6369025855
0.1787019700
2.4527034511
0.7408816088
0.0595213462
0.0942952193
0.5614195762
1.2212959367
0.0598427313
0.1555062370
0.5315667131
1.1614485523
1.8434684475
2.5559243828
2.1592697732
1.9479250987
0.5372974912
0.0056870970
0.2687420935
0.3901130367
0.1175430614
0.1367345036
0.3816216162
0.1554733905
1.1584801723
1.0136970166
1.6311231314
2.7290781833
1.2055931321
0.0040027286
0.3854025577
1.9778343295
1.0972687631
0.0145834551
0.2172960867
0.7071996006
0.9052368300
0.3383621592
0.6362083683
0.0033272485
1.0108340213
0.8758781960
0.3806240279
0.7709108992
0.5935479726
0.7485143059
0.6183850597
0.5764271557
3.6161071998
1.2882110209
0.8549114875
0.6464908355
0.5153892166
0.2306020468
0.5971710830
0.1935564003
0.9518215650
3.8315326317
3.0023845671
0.7742854368
2.6711330915
1.9213340052
0.0236602429
0.5342900295
1.6248079191
0.2084645476
1.9332815368
2.9536975166
1.1042451298
0.3222866608
0.2908971994
0.6587577168
0.1901942532
1.4429602022
0.6695895616
1.8471433239
0.1079792491
0.6432518054
0.0389270600
0.7772216538
2.0865311012
0.4286416816
4.2524634888
2.6488335244
2.0111735979
2.5916627387
2.5616414880
2.6724610992
0.2260686615
1.6972221354
0.2277787607
1.5582264873
1.4717518717
1.3062408311
1.7351074703
2.9378363687
4.2016971271
3.7816238759
2.3618098190
0.6696530776
0.1784931896
1.0721071477
1.8884341047
0.0433415852
0.4398644216
0.1071290311
1.0349148016
0.5918436326
1.0601671064
0.2930064367
0.7450810725
3.2587728209
0.2317540290
0.9272832357
1.0548312867
0.1446139025
0.0305978389
0.0012459038
0.5776857448
0.5486276782
0.1206754445
0.1432082037
0.4688090890
0.4045399969
0.5037043155
2.3069272871
0.5492165562
0.2862715215
1.5275891964
0.3111274606
0.7510984307
0.1580193112
0.4887147906
0.2492114067
1.0449067712
0.7799183524
0.6044430460
0.8339413364
0.1716301380
0.0903945196
0.9928000296
3.4936108508
2.0525877521
1.1929050669
2.1057662746
4.5509527112
3.5664081089
4.4734979488
3.2764055878
1.2462831575
0.2280003626
0.4937894208
3.8376957737
3.6252002040
3.6257433356
2.0903418988
0.4779062594
1.4469565406
1.8042423989
0.4576050040
1.2779555483
0.8339020535
0.2161326914
0.0926883156
0.5648522475
0.0543797466
0.6799896985
0.7646919378
2.0965203168
4.5211601457
3.2396334926
3.3333849755
3.4880437422
1.3890339698
1.6180634126
0.8268386012
1.4105611623
0.0247330438
1.1336771347
1.9893215964
1.7200473378
1.3071953189
0.9873899208
1.7936074521
1.4526990264
1.6673590735
0.2203318640
1.0653864293
1.5563466283
1.7959650866
0.3648734332
0.0139164029
0.1930001351
3.1742921556
1.2591010838
0.2149852999
1.3566468097
1.5694016871
0.2620316568
0.4747105048
0.9712298058
0.4168157761
0.1509382140
1.3965308166
0.7211163006
0.5919155442
3.1319834543
0.8914289222
0.1078814909
1.0533116029
0.1542119500
0.0620507563
0.4211129252
0.5778797496
0.3393469235
0.9800062886
1.7900471019
1.4903444153
0.8415476366
0.7434829292
1.9328593071
1.6512333929
0.3218061943
0.0217125509
0.1825911190
1.6425909005
1.0932538510
0.0719405970
0.5501487312
0.1099043034
1.1070241849
