sampled_theta2
0.6083602470
0.8898359545
0.1975580454
0.5165472042
2.0637820001
1.1138255422
2.3216497170
3.8214161857
0.6758639173
2.4972498701
1.1333092263
0.3876520512
0.3656474650
0.9456248984
0.2904082321
0.8533914467
0.2660285228
0.0963634815
1.9251984861
2.5257074407
0.2599024637
2.4742657739
0.5164927086
0.0532149868
1.8333012833
1.0162198963
0.0235312747
1.0564691704
0.5782947860
0.7395568488
1.1628713148
1.1680742380
3.3549569738
0.6707667795
2.2762967503
2.9260021970
0.4453341285
0.6090027046
0.4023763132
2.9185763064
4.3994065043
4.5588257245
2.0674275882
0.4538955703
1.3783993587
1.2817099542
0.9936322609
1.2161426913
1.4173465158
0.9594104565
1.7939119020
0.2412346177
1.4973205229
2.0137555091
0.0000057190
1.8814541062
1.9352340802
0.9254201389
1.5319718172
0.2052801724
0.0551146667
0.9097276811
0.1850552126
0.5958444860
1.1887402240
0.2760475292
0.9384362887
0.4709734196
0.0082229331
1.1644216075
1.4702207003
0.7751175893
1.1150419602
1.0702333426
1.4538682860
2.5763074485
0.2143960361
0.1025226144
1.5298899456
0.6390207151
2.2209500515
1.0435770119
0.5558181990
0.9748196710
0.5305250469
0.7074066830
2.0202424324
1.1978599526
0.8170521374
0.3991191828
0.2889820176
1.6895080796
0.4297883748
1.0823425584
0.2283832722
1.0817902506
0.1511906876
1.6514306143
2.2497058429
0.3076745947
1.0783707696
0.5710977355
1.8025974908
0.0126007554
1.2421222737
0.6847447263
0.0129751206
2.3117860383
0.0994613623
0.6111533695
0.1268749412
0.5726849866
1.5267760818
0.9441899169
0.2975546055
1.4595857450
0.1904913701
0.0669042315
0.4709589990
1.0329639776
3.6261478548
0.3075519061
0.2202455517
1.7105517731
1.4188814353
0.5776236047
0.4584258130
1.1070472897
3.0996100810
0.1070965668
0.8449730645
0.2344241896
1.1552988318
0.5116600027
0.0191651174
0.7684325044
0.4527112624
0.9456676425
1.4537905409
0.0772338610
0.8419290677
0.7194083568
1.5892094207
0.2431863666
0.2774181181
0.3873440005
1.8052195106
2.4664412641
1.0470843819
0.5948796401
0.6858245275
1.3053332570
3.9909291849
0.8538986708
0.5994214205
0.5521646594
2.0119369930
0.0299146894
1.2227300620
3.6318281760
3.2216691617
2.9364985096
1.2419603007
0.0105654769
0.3307720431
0.1517126271
0.2428574116
0.9607640686
0.2476079653
0.1538204204
1.4359724412
0.1195889774
1.7723302950
0.1517255234
1.7328094994
2.0179707431
0.5008861929
0.0708743909
0.5648557558
1.2958376434
0.2881222162
0.0152631459
0.1140007867
1.5623466263
1.9439382605
0.4516345657
0.6217416545
0.2818387502
0.3029434946
0.1629386623
0.7317157909
1.4486112308
1.3587070697
0.0897066343
0.3070570343
0.3792854670
0.8868242948
0.3918962800
0.8764260059
2.6258836044
0.0157425705
0.1065618435
0.6589490716
0.9122950725
1.2326303328
4.4346926068
1.7713050260
0.2211939315
0.0405863477
0.8653653256
1.1969757865
3.2332692468
2.5923819711
0.3791442968
0.6453943525
0.3248370883
0.4592494470
1.1907991080
0.3193943475
0.6143174701
0.8524051815
0.3081945453
0.7703692892
0.9770380760
0.0400527880
0.7517192593
0.4559452938
0.2953254843
1.1441410916
1.7520894657
0.8275811790
0.9355279415
0.4771349833
0.8656386033
0.8907401505
1.2241755894
0.4861610563
2.9140800079
2.6373196228
2.7832264242
1.9209109416
0.7897472789
1.8015823649
0.7088868973
1.7172288829
0.2123366810
1.2114054165
0.1917863870
0.1283302323
0.8887409704
0.6079391473
1.1408862984
2.5165040978
0.8012635448
0.9711666273
1.7383544710
1.7883111446
0.3748761957
2.0767687344
0.8445484778
1.2163861250
0.4608427358
0.4331994961
0.8163570202
0.3267345103
0.9537666388
0.9862906886
0.5735969875
2.8962632094
2.3647238746
0.1464862934
1.9890485307
4.4596724421
4.4184189015
0.2855574771
0.6038124840
1.9562984521
0.5071278164
0.6804438102
0.4331078908
0.9364922453
1.1383700061
1.3329254919
2.2624765340
0.3714279016
3.0649365681
0.8046636940
1.4460372756
0.0772496551
1.0235698723
1.4510890649
0.1241350638
0.1088414335
1.4827305782
0.0622184224
1.1241900195
1.7014868614
0.6826003807
0.1715266170
0.0756760527
0.0700630556
0.0318810734
0.0633211539
0.0536649308
0.4153233983
0.0005310645
0.0824727316
0.7291360451
0.1815438233
0.1104780072
0.8580045662
0.4226829330
0.4825559083
0.0374753295
2.1904600250
0.2668892288
0.6549841074
0.4536888580
0.3139689100
0.3469066342
0.0152864099
1.7970359483
3.0779386859
2.0987692251
0.1452493107
0.2059412671
0.2526435223
1.1390767176
0.0334813768
0.1575705145
0.3291967122
2.5182344953
2.1455790612
1.6816982655
0.7446237913
1.6431834374
0.4382741537
0.7282871988
0.6099198973
0.3992325529
1.6524580813
0.1192072248
1.7418917098
0.0291012776
1.7108925214
2.7872936662
4.6165876398
4.3029175246
2.2327774066
0.1510241730
1.4335560989
0.9107072196
2.1372081258
1.3353942729
0.1802828711
0.0088015358
2.1154832041
4.7227987042
0.2162632223
0.6727326637
0.1772658913
0.1584014144
0.1766764498
0.4939823038
1.5162054838
1.8845411304
0.8169233111
0.4392609105
0.1324093500
1.0170092791
1.6303251759
2.0195569082
3.4339114830
0.4960571378
0.8490236524
2.0649561134
0.1813540117
0.0022800601
1.0011952428
2.2655002886
0.4780899990
1.1599628523
1.1234154123
0.7757083184
0.2901717690
0.4537717305
1.1871961735
1.0909370633
0.4823872913
0.0175314626
0.2848997845
1.0889843608
0.1479917697
0.4564090226
0.7624324200
0.7188498279
2.1018307748
0.7640161408
0.2695652724
1.0058443477
1.1604332209
3.7417920484
1.6841713131
0.4138877901
1.3376820514
0.3512050144
0.4492501267
0.0096128033
0.4647042038
2.4903524181
0.0166609473
0.6655510135
0.4137885979
2.9640324087
0.5937125635
0.8170076995
0.8255285520
0.1553302402
1.4702929387
1.6718294182
1.6162516690
1.3807282870
1.1236909338
0.3510651848
0.7870762358
0.0276908583
0.5368289507
1.7956625341
0.0840648037
1.3575512859
3.2734884178
4.6464700158
4.3530443954
3.9428727402
4.8992154846
1.7727925712
0.2122644578
0.2979954175
0.2332107686
1.6068872620
0.9919045178
0.8212272502
0.1059059043
0.5145039382
0.1917559565
0.7632109315
0.1102688939
0.1389389687
0.3936753689
1.1181556772
0.1818982565
0.5785871139
0.6772606432
0.4231753707
3.4227332706
2.5568139043
4.1253723511
3.3365607396
1.6886045643
0.8393877916
0.0741030510
0.1839742511
0.5106411097
0.4412924998
0.0609196390
0.1513456520
0.5898144709
0.9405463663
1.0566696941
0.2925969801
0.8397968152
1.7661168548
0.8360114421
2.2483952321
0.2634957968
0.3653129939
0.3359624753
0.5634793158
0.3532528739
0.1472284038
2.8754460399
0.1828194124
1.4747443959
0.8305299720
0.1356337129
0.3856513040
0.4421994567
3.4359894968
0.0606160675
3.5567102839
1.9688647422
1.2164768859
1.1766448876
0.0167830925
0.5643512079
3.6093072230
0.4180423249
0.8834666310
0.2856188729
0.6208317433
1.8627375231
4.4515240833
3.2641652596
3.5342494231
2.0421198169
0.1414219557
1.4015970563
0.3821470561
0.3475030957
2.7386397003
0.4039660675
2.3277716804
2.2935260258
3.9382253832
0.0032511109
0.4799577713
0.6101354696
0.5142494128
1.2713248094
0.9915348327
0.1826124508
1.5953785365
1.8231797263
1.3430946888
0.6766254413
0.6708702068
0.0481306217
1.5780556778
0.1001117893
2.2941956253
0.9365096041
0.1259302461
1.8764857492
0.1411319537
0.3587865707
0.2196756998
1.3026913620
0.5384381058
0.3597513718
1.0357345647
0.2357297124
0.1220371875
1.1523952471
2.5193369788
0.7600657385
1.1386359273
0.3102208378
1.5333406470
0.4223566896
1.2341377715
0.5295741802
0.5148837668
1.3573621190
2.0084943133
0.1108020443
0.0645447672
0.1579922155
2.0692224823
1.0473046874
1.3323499315
0.2413758576
1.8635344465
3.4281090609
0.1678734371
0.0360281254
2.1212458140
0.2038115136
0.3855737599
0.1564310190
0.0511363347
0.3281722690
0.6258214772
0.0714016008
1.7967479368
0.3017039889
3.7803651012
0.8300774509
0.2604096700
1.7839546926
1.2444406342
1.1956536353
0.8844645709
0.0348236249
0.5874770263
3.6288210609
4.8960594014
0.1464468785
0.4907612279
0.6035562845
0.7613603513
2.4042153309
1.0788343613
0.2241453015
3.6044791513
3.8703818055
1.8430290018
3.5002536850
3.8983072932
3.1177539143
4.9422977868
2.3063392718
0.7792814215
0.1669904795
2.0459719424
1.2226515783
0.4774676225
0.5848699955
2.3247329367
0.2969820693
0.4141598632
0.7300984255
0.4760227341
0.2307609140
0.4238537801
0.1830274481
0.5232503066
0.1491960848
0.2107692624
0.4991361818
0.6038406195
1.6005118445
2.9542844038
0.6959982520
0.5457328695
0.5655557623
1.0635260105
0.2935629655
2.5304167171
0.0513535512
2.4758562047
0.7384756145
1.0056266342
0.0907620737
1.6426682062
1.5666924378
0.2652638543
0.7954845776
0.2734125870
0.5314132401
0.3774572593
0.9525102782
4.8487306964
3.2812730384
1.9568746648
1.0810199308
1.4532718768
0.6636162160
0.3533016422
0.7322889883
0.2956441609
1.5282095857
0.8201494950
0.0617963803
1.2818164093
4.7012371376
0.6501037393
1.5455067530
0.4773145488
1.6151802545
0.1324334616
0.7564618219
0.7704438271
3.4224919499
4.3856724578
0.4583161188
0.6592794327
0.4231512440
0.6291731104
0.4990553323
1.4203386255
0.9054421853
1.8610363320
0.7257840935
1.9639346727
0.5993950650
0.2524209996
2.2758927462
0.0694255260
1.9953324360
2.0899841295
1.2841710719
0.7989927501
0.0159340391
2.7743677740
0.1684228004
1.9269032633
0.2024906096
0.4353759572
1.3983509105
1.8725040504
0.3316285559
2.6697736497
3.5827941669
1.3456460958
0.8804705338
3.1443279812
2.9510001821
2.0202519730
1.2085392550
0.8661668452
0.1942029943
2.8592515950
3.2105470065
4.0346393942
0.3713362241
1.2130634535
1.4053664926
0.9134461675
0.0564285510
0.4309127319
0.0097526694
2.9265092204
1.3461375130
0.5702859050
0.1878552230
0.4664848754
0.1275030682
0.1702893256
0.1779033108
0.5171221706
0.4885925369
0.4747822599
0.3202623526
1.7301837714
0.0317062407
1.0856830406
0.2355752612
0.6882364532
3.5744686924
1.3330911765
1.1284534883
2.2695720401
0.2844403434
0.1720591532
4.0047586147
3.9453929465
0.0005340196
1.1103448059
1.4037533992
1.0548302077
0.4190220975
2.5622481794
3.1862573173
4.2928624956
0.1653835762
0.1564661593
0.4561773462
0.0729155554
0.7150487287
0.4892754040
0.6107308323
0.5673545692
0.3268967591
0.0540915971
0.6551815627
0.0524518910
0.4910056374
2.6002511253
2.9740158646
0.7166309870
0.0875240384
0.9881785248
2.5899536041
1.9302449858
0.0339168612
0.1571334508
1.1761530837
0.4783075951
0.4689071114
0.3246367077
0.3570108297
0.5783181149
1.2134432601
2.7472351708
0.8140112453
0.3484974172
1.0060442138
0.3264790157
0.7786525692
0.3309086527
1.0510627795
1.4855388485
1.0003257219
0.2043418858
1.1386613265
1.1396494337
1.1329746687
0.3180246776
1.0235727984
0.0112692393
0.4432830287
0.1895807775
0.6826594168
0.3716372990
1.8038470242
1.1216868288
0.0482309251
1.0960789603
0.5437591253
2.6268313446
0.0345996957
2.1577024143
3.3019966679
1.0640864094
1.7313911092
0.7121695746
0.1256342064
0.1287846522
0.4299554189
0.5934801828
0.2342727140
0.5954956344
0.9281127209
3.6751988406
0.8236480165
1.1953781328
4.9051577369
2.2197364879
3.2823847852
2.5452978250
1.6671937640
2.4581819303
0.7677486796
0.2887368319
0.0819545791
0.1025742505
0.3777569153
0.5849643738
0.8782223399
0.7120797415
0.6690416033
0.2357604939
0.2627258138
1.0560306177
1.0406172312
0.5600127914
0.3561653016
1.3345446516
0.8106835553
0.1464892054
0.8235970120
0.2374514973
1.1124221651
0.7505726073
3.4537617934
1.6088620050
1.7179619825
0.3274745640
1.4431023343
0.3376345159
0.2212015701
1.0585771993
1.5235080220
0.8163747630
0.1274703435
1.1229135726
1.8353546739
2.4053225477
2.3400339343
0.2565896857
0.1479033002
4.5455194403
3.7166573116
2.7308241843
1.4548997985
1.0969231447
0.3939593229
1.7246061684
1.7547310781
4.2185888523
3.1801988769
0.5111265783
0.1307801183
0.2320094745
0.0896892129
0.1387127076
3.7759678294
3.1816346563
3.0870449523
4.0270899022
1.5534256804
0.5131198251
0.4688811743
0.2447128873
2.9248985849
0.2575379058
1.1765356464
0.3914990614
1.6156705921
2.9763214642
3.2184698303
3.5135445790
2.6405247486
4.6379674824
0.0732718815
0.6176410826
0.8034266094
1.7685667919
0.5528469116
0.5490894030
0.5397343863
0.6794543949
0.1121846726
1.0499659766
1.9899607500
0.8943619802
0.7275792007
1.2676440767
1.2258618418
1.0871191195
2.3172888963
2.2808514601
3.1478273168
2.1802631953
1.3358088252
1.7980157819
1.3472987553
0.4421795635
0.8789355572
0.9419845020
0.5169463923
0.9968123808
0.3354127197
0.1913505592
0.2164397484
1.2386597276
0.0863352923
4.3105832593
1.7157424982
0.9265165073
0.4183205171
1.6686332143
0.0860140000
0.4503611605
0.6617886385
2.0372851090
0.4301657069
2.7201962611
1.1668687298
0.5044579779
0.2677164808
0.0840225683
0.0807959190
0.9573395716
0.6855114122
2.5450127649
0.0749402787
0.2292565299
0.3352755326
0.8030680878
0.9667424450
0.6591865600
1.4292384171
0.7068266517
1.7438666421
2.6372185478
0.2224553829
3.3676525636
2.4721186327
0.0671834691
1.8320071930
1.2612934437
2.4485041633
0.1489883401
0.4628684106
1.1137664826
0.6057646988
0.4921906830
0.3472225403
0.9722356347
0.9806644655
0.3425526088
1.8167339410
2.2959328885
0.0608446310
0.2672330538
0.2427022522
0.3788068832
1.1279357900
0.9076839273
0.1094884838
0.2821953679
0.0884778801
0.4218162337
1.3512018220
1.2181494172
0.7335112610
0.2896076013
0.5505096899
0.5498695472
1.2430257674
0.3006910811
0.9574750492
0.2735886167
0.2071515083
2.2915622568
0.1932247394
0.6933179059
3.6634128176
0.0773836529
0.1585645741
1.2746673385
1.8089138231
1.0614506372
1.7566257822
0.1254633723
0.2214985102
0.4949154665
1.0125255088
0.6157213751
1.9899075996
1.7770595632
0.9402966115
2.0158634476
1.1321028888
1.2589090160
0.5704297487
0.2114084948
1.6493446895
1.4940467524
1.1765567347
1.2979489054
0.6047543373
0.0783245589
1.6217166824
0.5554769810
0.1397482197
2.6811472607
0.1289262695
0.6031806593
0.7971325924
0.3830949824
1.0254452648
0.5995986138
1.2410636845
0.0563280693
1.2270324437
2.3381034911
2.0145492537
1.1940805761
0.4331537590
0.0673419916
1.5885028710
1.7582855505
0.6822402860
0.5465228873
0.6065418302
1.3074513440
0.3133210260
2.6710277982
0.0273818339
1.8173998426
1.3830522918
0.1760259855
0.2276690811
0.8621708904
1.3949371223
0.1197588719
0.5845042515
0.1278812251
2.9591137784
0.9155955789
3.6417594258
4.5411831261
1.8039111686
1.5326139556
0.2590027441
0.6453469888
0.1677828112
1.3895170195
0.5354467964
0.3913995399
0.6728960421
0.4335616003
1.4069376997
1.2446116918
2.7911233521
0.4097960990
0.3115290974
1.1437356249
0.5791733914
0.9332354174
0.1690389590
2.1450710978
2.0903364405
4.2241219507
3.5378722142
3.6913171535
3.5764769429
1.2424854033
4.9017461649
3.3876743855
2.1913819568
0.9580836294
2.0579188023
2.2394116874
1.9725244714
0.5140514728
1.9546185082
2.8093959065
1.9560380228
1.2776632077
0.1048021092
1.7770290546
0.1528370659
0.0745059015
0.2250986446
0.1686743663
0.3966666881
0.8595426656
1.5485035452
0.2327825034
0.2772225233
1.7575421272
1.4407401142
0.8931505444
0.4903930354
0.9630534932
0.3952626550
0.1701974889
0.6477504802
0.3341383950
0.6941557317
0.0766315770
0.0520908385
0.6605096427
0.5755309257
0.4102320699
1.3141043011
0.2633837973
0.9338531632
0.6571439296
2.4586492447
3.1172344481
0.1360748631
0.2450559979
1.7291059821
2.7532402731
0.6475344401
0.2537779885
0.3265333504
0.8403590580
3.7767454416
3.1386110674
1.2258754296
0.2789471519
2.0273060380
2.3410069368
0.2267927538
1.8933363443
2.8117598421
3.2822398435
1.4644662658
0.7611841303
1.1157678926
1.6713080618
0.4253421317
1.1130496706
0.1724491459
0.4018836299
0.3833334476
1.2605451877
0.2370089429
0.0287155033
0.9768217645
0.4535756809
0.6473940037
2.6197260020
0.3376812872
0.5426557599
0.6867244549
0.4810458032
2.6739359253
4.3242380624
2.8512519585
0.1751715789
0.8584854215
0.3183472790
0.6919354811
0.3726916346
1.1185258886
2.5207260595
2.6042589464
3.8878277667
2.3268769267
1.0471653239
0.7224676190
0.8958657487
0.0976536978
1.0817392560
0.5951001297
0.1222470410
1.0799701352
0.9910196902
0.1649485128
0.0329710281
1.1885480508
0.6145607252
0.6233003882
0.5579862009
1.2763491568
0.5520614594
0.7563937186
0.0395050492
0.4637251421
1.1958694665
2.2521403365
3.0783296888
2.4650881230
0.6012780240
1.2313142742
0.8430820428
0.6843387415
1.2293407320
0.1355601824
2.1405462020
0.4838342980
0.2562144110
0.0042562823
1.0059546965
1.4246281379
0.6808142397
0.6872346663
0.2529300804
1.6524012217
1.3477861748
0.8804329536
0.6274071615
0.3026826720
1.3613418849
0.3686747860
0.7622929482
0.9704166297
1.8650921836
2.0452428892
1.6763948101
4.4367225572
0.9471175693
0.3734667303
0.0108831007
0.4472755201
0.3544931106
1.0433966667
1.3329426691
1.2554809729
0.0156881201
0.4739367496
0.6230601902
1.2088267526
1.9344129307
0.4755609372
0.7470827682
2.9682903365
0.2462498622
2.4215467997
1.0044160384
0.3484271423
1.6617059783
2.9447136521
