likelihood_beta,beta
3.5129965503e-26,1.6271749883
8.2677237318e-26,4.2675028058
3.1520466073e-26,1.4512539466
4.1155511049e-26,1.9052965579
5.4597064275e-26,2.4951296584
3.3803636388e-26,1.5635236266
4.0285873307e-26,1.8660668239
4.6335467961e-26,2.1348078100
8.0868924205e-26,5.0313748607
4.2582791454e-26,1.9691743175
4.0530996128e-26,1.8771500409
3.0221618963e-26,1.3856419018
3.8836825299e-26,1.8001012603
3.2953654329e-26,1.5221509945
3.0611910828e-26,1.4055025484
6.7235766079e-26,3.0774645212
4.5141820698e-26,2.0824177327
3.6288813836e-26,1.6819650016
7.6520846534e-26,3.6128090652
6.0259925905e-26,2.7469789281
3.6986137882e-26,1.7145968126
3.7635000077e-26,1.7447495532
6.9064405694e-26,3.1708062281
3.2322515305e-26,1.4911128941
3.6740335357e-26,1.7031218697
8.2462906428e-26,4.7993264499
3.7786734246e-26,1.7517726079
7.8986309238e-26,3.8034642048
8.2774037992e-26,4.2920125549
5.8414458340e-26,2.6638901467
3.1193509246e-26,1.4348652609
3.7869961771e-26,1.7556204212
3.0273619951e-26,1.3882954888
6.3189261871e-26,2.8819329170
2.9542182016e-26,1.3507543947
2.5418020080e-38,21.1774902119
7.3339303963e-26,3.4080018097
7.9537013701e-26,5.1671938012
6.4065766838e-26,2.9232465578
4.1641613375e-37,20.3481863502
3.2184059666e-26,1.4842660894
4.0304933057e-26,1.8669293536
8.1237946567e-26,4.9874406887
4.7900711805e-26,2.2032194143
3.5384526783e-26,1.6392734552
6.5996540132e-26,6.0036009478
4.1841703154e-26,7.0836941487
4.6728060106e-26,2.1519933855
4.3735646894e-26,2.0203711167
7.6814227522e-26,3.6336122161
6.1449343264e-26,2.8012584581
4.5326303638e-26,2.0905299054
6.8781474789e-26,5.8636651155
4.3020380520e-26,1.9886456474
3.0404567970e-26,1.3949675306
2.2457810595e-27,10.4108755352
3.2931631628e-26,7.4987024419
7.8268670402e-26,3.7437120445
4.2558461538e-26,1.9680902512
3.2233249075e-26,1.4867001578
4.5113510267e-26,2.0811723239
3.8672434746e-26,1.7925661607
4.0828837810e-26,1.8905895446
6.8180540989e-26,3.1252170851
1.4122130958e-26,8.6445711835
4.7851009745e-26,2.2010510005
4.2074703897e-26,1.9465021614
4.6982225845e-26,2.1631090369
3.2513993543e-26,1.5005590238
8.3180361163e-26,4.5260533401
5.3111277952e-26,2.4301661595
7.8558885320e-26,3.7673618816
3.5117559333e-26,1.6265844278
4.8034903062e-26,6.8107021749
7.4598157979e-26,3.4851545907
1.3690360767e-27,10.8022030392
3.6372925982e-26,1.6859140502
3.6588877162e-26,1.6960364445
7.1877592505e-26,5.6965793563
5.2287291729e-26,2.3942361735
7.8011550022e-26,3.7232826098
2.7609756286e-26,1.2491656185
4.4840306133e-26,2.0691463006
4.5384980157e-26,2.0931088266
7.2096958415e-26,3.3356389213
4.7973190748e-26,2.2063811654
3.3072830885e-26,1.5279808564
4.4187972304e-26,2.0403736969
7.9337594451e-26,5.1853527474
3.9105249546e-26,1.8123814526
4.9960879579e-26,2.2929632309
6.7380801645e-26,5.9350409300
4.0635218824e-26,1.8818562537
3.5142716639e-26,1.6277818787
3.5781087116e-26,1.6580491011
3.9562837818e-26,1.8332506378
3.2690472242e-26,1.5092421666
5.4403183384e-26,2.4866364024
2.6128749678e-29,13.3279737414
3.2838137568e-26,1.5164908987
2.0570593172e-29,13.4577598705
5.6221468864e-26,2.5665396601
4.6105016974e-26,2.1247101588
3.4716999406e-26,1.6074692707
3.6086195885e-26,1.6724371402
7.6514402359e-26,3.6123566476
3.0896131291e-26,1.4198859545
1.1705953544e-26,8.8578321715
3.5906756612e-26,1.6639812950
7.4052372904e-26,3.4511757408
2.9065277020e-26,1.3260185226
2.7537230270e-26,1.2452796137
3.6081375462e-26,1.6722102055
3.6327162405e-26,1.6837659089
4.0831909090e-26,1.8907279765
3.7990800141e-26,1.7612015974
3.8568455556e-26,1.7877943766
3.3787804370e-26,1.5627573153
7.6708417659e-26,3.6260621670
6.2199766829e-26,2.8358520281
1.1545264503e-132,53.2136342418
4.2035478837e-26,1.9447488616
4.3823915380e-26,2.0242780112
1.7024023787e-27,10.6329772075
4.9116951518e-26,2.2562258236
2.9932414504e-26,1.3708414676
4.9734375411e-26,2.2831051905
4.1915628631e-26,1.9393890215
1.2550009948e-26,8.7799469335
3.5822534766e-26,1.6600065600
3.2482014320e-26,1.4989832223
4.2262872854e-26,1.9549070076
3.4327685747e-26,1.5888001867
5.5743369991e-26,2.5454706656
4.1540449214e-26,1.9225834702
4.7125366262e-26,2.1693657854
3.8045339389e-26,1.7637185002
2.9990807863e-26,1.3738356720
3.4100173828e-26,1.5778475585
3.4012584842e-26,1.5736224087
6.2509367467e-26,2.8502105538
5.7471823308e-26,2.6218871200
4.5516730476e-27,9.8024434356
4.5908257844e-26,2.1160826944
4.9454920513e-26,2.2709408318
3.0908989085e-26,1.4205350857
3.3502208503e-26,1.5489060726
4.9167863376e-26,2.2584427997
7.0815553472e-26,3.2641964042
6.3804762209e-26,2.9108923275
3.8794171921e-26,1.7981472348
3.2152748777e-26,7.5370592762
6.8498415140e-26,3.1415052943
2.7513433876e-26,1.2440033623
5.5058701035e-26,2.5153756813
5.5916587444e-26,2.5530986259
4.5931033934e-26,2.1170816728
4.4480132929e-26,2.0532705397
3.3874725800e-26,1.5669625769
5.9856222348e-30,14.0997648449
5.8976558421e-26,2.6890684492
5.8839980963e-26,2.6829410024
8.2471008992e-26,4.2220895606
3.2847104099e-26,1.5169305697
5.5363194832e-26,2.5287493241
3.6711804156e-26,1.7017880111
4.2996756992e-26,1.9875957222
7.8154158313e-26,5.2852197312
4.1448345985e-26,1.9184514259
3.3692769962e-26,1.5581540336
2.8688182148e-26,7.7134664743
3.7215633661e-26,1.7252841464
5.5987084340e-26,6.4635702425
3.6539987429e-26,1.6937468706
3.1632093711e-26,1.4568303396
4.2607326801e-26,1.9702673782
2.8963570039e-26,1.3207158588
3.6538270640e-26,1.6936664492
3.9918087868e-26,1.8493979464
8.0005258478e-26,3.8971375579
4.3190842192e-26,1.9962175523
3.2051459061e-26,1.4776957391
3.2865795258e-26,1.5178469065
3.9946897178e-27,9.9200191307
1.9624131493e-26,8.2413340095
6.4229415404e-26,2.9310160311
5.8589574067e-26,2.6717229903
4.5145404202e-26,2.0825753651
3.9487769139e-26,1.8298324923
3.9553295423e-26,1.8328162564
3.5541873718e-26,7.3730415211
3.4158207003e-26,7.4391307157
3.2783312231e-26,1.5138013477
3.2225440197e-26,1.4863138639
2.9701997266e-26,1.3589972206
4.5668470900e-26,2.1055605867
7.3864523946e-26,3.4396739803
2.8660810972e-26,1.3048726518
4.3755502201e-26,6.9985249792
2.7117350454e-26,1.2226707765
3.2294689692e-26,1.4897379959
3.6729214074e-26,1.7026019878
8.1124200848e-26,4.0183951262
3.3443813408e-26,1.5460674255
5.9930255915e-26,6.2877326612
1.1835069238e-54,29.8150361773
5.1215230438e-26,2.3475510847
3.2688068404e-26,1.5091240394
3.4880625066e-26,1.6152889105
8.2613206273e-26,4.7672192240
3.9236848862e-26,1.8183915846
8.0565087991e-26,3.9546953862
4.7998806888e-26,2.2074985138
4.7751278817e-26,2.1966992601
3.8801589802e-26,1.7984871139
5.0413674597e-26,2.3126678470
3.5615231156e-26,1.6502069007
3.8639413345e-26,1.7910512364
3.7169006718e-26,1.7231148206
4.9621132884e-26,2.2781761414
5.8536229851e-26,2.6693358826
4.5241371298e-26,2.0867959559
3.6997785259e-26,1.7151398247
3.0358071908e-26,1.3926001328
3.4581077367e-26,1.6009615909
3.1928650129e-26,1.4715990230
2.8226946999e-26,1.2820129469
3.6828580777e-26,1.7072448807
4.8801320875e-26,2.2424787846
3.5934251717e-26,1.6652780707
3.5056616213e-26,1.6236821287
3.7773286519e-26,1.7511505955
7.3479548692e-26,3.4163911586
3.7514554246e-26,1.7391672388
8.2688993634e-26,4.7494279482
3.3036666159e-26,1.5262127756
3.9430512306e-26,1.8272239476
4.1497355864e-26,1.9206504861
3.4667232698e-26,1.6050878090
5.1300985126e-26,2.3512837639
3.2907823114e-31,15.4612051719
3.8043395472e-26,1.7636288139
3.6584266931e-26,1.6958205922
3.5450418718e-26,1.6423991749
4.7034244688e-26,2.1653830799
4.1621966593e-26,1.9262384599
5.9680269388e-26,2.7207449798
3.9299282287e-26,1.8212405518
3.5588392601e-26,1.6489364829
7.8572698322e-26,3.7685041044
3.8599922460e-26,1.7892389196
4.7780966384e-26,2.1979947643
2.9775273259e-26,1.3627689554
6.9631211463e-26,3.2005586421
4.8333225251e-26,2.2220807270
4.1251901330e-27,9.8913014369
4.2595338825e-27,9.8625184423
3.9340568003e-26,1.8231236763
1.1440404412e-30,14.8982913845
7.1907804495e-26,3.3249039331
5.2800013663e-26,2.4165870546
5.6142843962e-26,2.5630715138
7.0655561631e-26,3.2554746132
7.3089857818e-26,3.3931967979
5.1535769814e-26,2.3615044991
6.5069222464e-26,2.9711866620
8.2987107898e-26,4.6605042980
4.6146104657e-26,2.1265110474
7.3458718415e-26,3.4151420553
3.7751787790e-26,1.7501560227
3.8346045573e-26,1.7775724411
3.4262417515e-26,1.5856613680
4.5387752235e-26,2.0932306491
4.7180189661e-26,2.1717615376
4.5356373708e-26,2.0918516034
7.8806729821e-26,5.2316750734
2.9304041578e-26,1.3384288498
8.0749039647e-26,3.9748628896
3.2486431743e-26,1.4992009376
7.1861892900e-26,3.3223087326
4.7555509393e-26,6.8316208270
3.7444829608e-26,1.7359326596
4.1527718020e-26,1.9220124616
3.8532696066e-26,1.7861522749
4.4432895701e-26,2.0511865243
3.9953721174e-26,1.8510150454
3.7464828459e-26,1.7368606511
3.6031914339e-26,7.3498940907
3.6401578826e-26,1.6872584697
4.6000813446e-26,6.8996332987
6.9613382191e-26,3.1996162020
3.4461801481e-26,1.5952418246
3.1803482901e-26,1.4653736905
6.7434853201e-26,5.9323262187
4.1940267549e-26,1.9404912390
8.2506124229e-26,4.2293101076
3.5848126664e-26,1.6612147353
7.2852887057e-26,3.3792657852
3.3761196514e-26,1.5614690649
3.2918947478e-26,1.5204513889
3.0685427459e-26,1.4092293210
3.5324579890e-26,1.6364276515
3.5545437720e-26,1.6469023697
4.0207210435e-26,1.8625056719
6.8597229884e-26,3.1465927698
3.1033313587e-26,1.4268047884
3.8045415435e-26,1.7637220087
2.9395414678e-26,7.6766108587
4.0736907765e-26,1.8864445405
3.7959149299e-26,1.7597403600
4.9950579992e-26,2.2925149882
7.0110584398e-26,3.2260653609
3.6386570132e-26,1.6865542992
4.1318645931e-26,1.9126282664
3.6205136971e-26,1.6780327799
4.8309614915e-26,2.2210514815
6.2738880337e-26,6.1588858969
3.8740382948e-26,1.7956820125
4.2852176072e-26,1.9811668977
3.5105677932e-26,1.6260187653
3.5275171641e-26,1.6340806281
8.2747254288e-26,4.7348085822
5.5926689940e-26,2.5535436953
5.5065849125e-26,2.5156894480
3.6054504519e-26,1.6709449585
4.0745610749e-26,1.8868370662
3.7911094406e-26,1.7575209447
4.5632058916e-26,2.1039619981
3.1444774570e-26,1.4474673086
3.3784284377e-26,1.5625869166
5.3556851402e-26,2.4496207265
3.7068114686e-26,1.7184172631
2.9336011514e-26,1.3400865479
3.1752279805e-26,1.4628236615
5.5737932513e-26,2.5452313126
4.4895804671e-26,6.9481847027
6.6896720200e-26,3.0605522713
5.9540013246e-26,2.7144170278
8.2175207648e-26,4.1671514383
6.0235117401e-26,2.7458533737
3.6243137616e-26,1.6798189898
3.0186843909e-26,1.3838660570
1.0832917333e-26,8.9429278938
4.1780681358e-26,1.9333490567
1.1160754286e-62,33.1193666044
3.3419866992e-26,7.4748723547
3.2486732796e-45,25.2663649465
6.3774791872e-26,2.9094766161
6.0143422451e-26,2.7416954029
3.7822856774e-26,1.7534430213
3.3446685136e-26,1.5462070754
7.3830152433e-26,3.4375796645
4.1001639919e-26,1.8983734760
1.8960891524e-26,8.2854869016
4.0539135205e-26,1.8775176960
3.1343567741e-26,1.4423972782
2.8534937899e-26,1.2982596987
5.6257587965e-26,2.5681333226
4.0197136942e-26,1.8620494774
4.3302104506e-26,2.0011559917
3.7039216321e-26,1.7170708513
3.8466475493e-26,1.7831099672
2.0686063472e-26,0.8471519705
6.7162393944e-26,3.0737949596
4.5741903495e-26,2.1087838419
3.1152523369e-26,1.4328049382
3.3324597842e-26,1.5402652725
5.1304125349e-26,2.3514204536
3.2830794276e-26,1.5161307814
4.8893886593e-26,2.2465109383
7.7081772427e-26,5.3668230601
1.5650507494e-55,30.1975283814
4.3549334127e-26,2.0121188534
3.3894681013e-26,1.5679273345
6.3224092046e-26,6.1362096993
2.0286635322e-28,12.1256705874
3.5171800094e-26,1.6291657603
3.1728095018e-26,1.4616185177
7.6978307365e-26,3.6454296025
2.0461492778e-30,14.6249238904
7.8475885867e-26,3.7605309738
3.5526458752e-26,1.6460033050
8.3046207122e-26,4.6356743118
3.9529610019e-26,7.1880371534
5.0654945762e-26,2.3231671100
5.9593706300e-26,2.7168386236
3.3501911889e-26,1.5488916595
8.3843830307e-27,9.2132846757
5.2353939654e-26,2.3971404734
3.2401889393e-26,1.4950318079
3.6337011703e-26,1.6842283252
8.2393824402e-26,4.8129626477
3.8641740363e-26,1.7911580078
7.5434660348e-26,3.5390245078
6.8306118449e-26,3.1316378505
6.2336605771e-26,2.8421918298
3.6174498405e-26,1.6765920779
8.2321840686e-26,4.8265588885
3.7242191814e-26,1.7265193087
2.4054247275e-31,15.5982917032
3.2690845337e-26,1.5092605006
4.3907473999e-26,2.0279748463
3.9147869265e-26,1.8143286359
4.7160267352e-26,2.1708909821
7.9078326444e-26,5.2083210702
4.4655589470e-26,2.0610074727
3.9221793051e-26,1.8177043299
3.3430811669e-26,1.5454350931
6.5650936995e-26,2.9993256764
5.2886707117e-27,9.6639504986
3.8812971639e-26,1.7990085737
8.1406299103e-26,4.0537087093
5.8359927706e-26,2.6614530159
7.4921417422e-26,3.5057003602
3.7815254911e-26,1.7530915370
7.8239027160e-26,3.7413325133
3.2431585162e-26,1.4964968086
3.4945815221e-26,1.6183999882
8.2200771081e-26,4.8482208961
3.7705519920e-26,1.7480148756
3.0526497937e-26,1.4011670965
6.4719643777e-26,2.9544026534
7.5283805800e-26,3.5291359820
3.1429732105e-26,1.4467142483
3.2145002069e-26,1.4823321249
3.8244921221e-26,1.7729178511
5.6048834117e-26,2.5589264682
2.2592865828e-26,8.0546841280
3.1335879681e-26,1.4420118135
4.5880349434e-26,6.9049165723
3.9316616272e-26,1.8220312698
6.1052446393e-26,2.7830745324
3.8679618825e-26,1.7928956855
3.7610993817e-26,1.7436374617
5.5117833929e-271,78.2834933235
4.8604830134e-32,16.2729518636
4.2966176460e-26,1.9862363918
4.9405275395e-26,2.2687795803
4.4507201179e-26,2.0544645377
2.8297980791e-26,1.2857684212
8.1311444039e-26,4.9782238880
3.9868991309e-26,1.8471691078
3.7055132032e-26,1.7178124342
6.9554298445e-26,3.1964961978
3.3431595673e-26,1.5454732258
6.9688224743e-26,3.2035752558
3.6597633940e-26,1.6964464100
3.8073215864e-26,1.7650044538
3.2749246422e-26,1.5121291422
7.5050062079e-26,5.5058055059
3.4279408359e-26,1.5864787264
4.5410729564e-26,2.0942403675
3.2912204402e-26,1.5201210826
5.5692368634e-26,2.5432258583
3.6890600940e-26,1.7101403081
2.0601776927e-27,10.4809232432
2.8267962205e-26,1.2841819914
6.0177246800e-26,2.7432287894
9.8282296174e-27,9.0475268842
8.2821061440e-26,4.7148126471
3.7651837215e-26,1.7455293782
4.0739334278e-26,1.8865539847
6.7527140422e-26,3.0920908996
4.6622397877e-26,2.1473700315
3.7043273241e-26,1.7172598926
3.3216245394e-26,1.5349836533
7.4411059926e-26,3.4734092026
7.6165707599e-26,3.5881518811
8.2759225527e-26,4.2880884131
3.7700625587e-26,1.7477883231
3.5442165721e-26,1.6420078089
3.7756984096e-34,18.1187443894
2.8226738991e-26,1.2820019423
3.6860667635e-26,1.7087430986
4.0965172719e-26,1.8967316049
6.0753066542e-26,2.7694067087
4.6017228326e-26,2.1208615250
5.5993756733e-26,2.5564988800
2.9685097737e-26,1.3581266725
3.8189279261e-26,1.7703548723
3.6995312932e-26,1.7150245678
3.0944100618e-26,1.4223070260
4.0832372229e-26,1.8907488513
7.7100098228e-26,3.6542902231
3.3930596699e-26,1.5696630858
3.2040817476e-26,1.4771678902
6.0247204837e-26,2.7464017452
4.2913134435e-26,1.9838780708
2.9998175679e-26,1.3742132561
6.2462324502e-26,2.8480254242
3.2601342767e-26,1.5048595379
4.1750401154e-26,1.9319930453
4.3845887076e-26,2.0252502415
3.0924665550e-26,1.4213263379
6.1292608867e-26,2.7940686967
5.1182239805e-26,2.3461151406
6.7690008864e-26,3.1003049020
3.5694858596e-26,1.6539738005
3.3354615565e-26,1.5417271013
4.0457424012e-26,1.8738256484
6.8287971204e-26,5.8890662065
4.2765508552e-26,1.9773106520
3.2351828793e-26,1.4925607071
5.0300428405e-26,2.3077397780
7.9276742497e-26,5.1908063435
3.6513469239e-26,1.6925044847
3.8901032834e-26,1.8030413303
3.7998841313e-26,1.7615727673
5.7586646587e-26,2.6269898221
3.1610112832e-26,1.4557330315
4.6062389195e-26,2.1228415081
2.6441953207e-34,18.2443384331
4.5843068650e-26,2.1132230056
4.4733380202e-26,2.0644358148
3.1364499811e-26,1.4434465389
3.4547897636e-26,1.5993713426
5.8832338119e-26,2.6825982996
6.5949483889e-26,3.0138741512
7.6075491048e-26,3.5819745857
6.5434717716e-26,2.9888351033
3.1867055010e-26,1.4685369840
3.1177685917e-26,1.4340699940
5.6807042376e-27,9.5966333682
7.7553030192e-26,5.3318229981
8.1904095893e-26,4.8963157487
7.9671231575e-26,5.1547106484
4.1905616480e-26,1.9389410797
2.7300560943e-26,1.2325594720
3.6491652634e-26,1.6914821039
4.2945610888e-26,1.9853221027
8.2680647356e-26,4.2683244224
3.4083478664e-26,1.5770425797
4.5600353052e-26,2.1025698477
2.9725673720e-26,1.3602164410
4.3404750913e-26,2.0057093744
3.8118630587e-26,1.7670987283
3.1945659382e-26,1.4724440955
4.1534950476e-26,1.9223368515
3.8672222604e-26,1.7925564297
7.2898712017e-26,3.3819498363
3.5484440242e-26,1.6440121146
3.5120160410e-26,1.6267082520
2.7501736294e-26,1.2433757742
2.9244467371e-26,1.3353373059
5.8361741335e-26,2.6615340571
5.3584288750e-26,2.4508193762
5.2746045997e-26,2.4142335258
3.2551991035e-26,1.5024304382
6.9741111550e-26,3.2063775633
3.3890754641e-26,1.5677375295
5.9666065315e-26,2.7201037930
2.9626237600e-26,1.3550926068
3.8905886137e-26,1.8032634960
6.6762259767e-26,3.0538760295
3.5504587758e-26,1.6449669947
3.7920668862e-26,1.7579632225
3.8891407485e-26,1.8026006906
3.9590738006e-26,1.8345204915
8.1674251105e-26,4.0898650827
5.6503308094e-26,2.5789827587
4.4845317940e-26,2.0693670365
7.4656049780e-26,5.5309648827
4.3966553674e-26,6.9891873238
3.6311360987e-26,1.6830239417
3.3751118048e-26,1.5609809862
6.6660372683e-26,3.0488285298
4.1965173529e-26,1.9416052260
5.3430289408e-26,2.4440927048
3.8143332954e-26,1.7682374876
3.1411517355e-26,1.4458021414
5.5125706504e-26,2.5183172394
8.2306965950e-26,4.8292977128
3.7953378230e-26,1.7594738771
3.6757112548e-26,1.7039060304
3.4705895573e-26,1.6069380512
5.0890899094e-26,2.3334353465
7.8894134821e-27,9.2752379910
3.9603691420e-26,1.8351099559
3.5690151997e-26,1.6537512433
3.6784233134e-27,9.9930158326
4.0178665207e-26,1.8612128619
5.6414584792e-26,2.5750637414
4.3236131025e-26,1.9982280837
6.2556249360e-26,2.8523894290
5.1731110160e-42,23.4770028840
4.6735794141e-26,2.1523317407
3.7595424948e-26,1.7429160924
4.7430787764e-26,2.1827084271
3.5963755509e-26,1.6666691378
4.5048396788e-26,2.0783073628
2.9116979448e-26,1.3287103825
3.9278181465e-26,1.8202778465
3.3651250232e-26,1.5561410796
6.0544932925e-49,27.1731323332
4.5936078449e-26,2.1173029188
5.2038238391e-26,2.3833856733
4.5095791233e-26,2.0803927703
5.1026881929e-26,2.3393534102
3.9241418319e-26,1.8186001498
3.9477862874e-26,1.8293812653
3.3780977634e-26,1.5624268340
2.9093298349e-26,1.3274777497
3.2679264615e-26,1.5086913768
3.9546041497e-26,1.8324860260
5.9803506877e-26,6.2934637662
4.6878398772e-26,2.1585692141
3.4590573625e-26,1.6014166096
4.2844685162e-26,1.9808336680
4.3977150986e-26,2.0310563540
5.0633098227e-26,2.3222163736
3.0276908887e-26,1.3884632442
7.7143278622e-26,3.6574504408
4.0313256486e-26,1.8673059823
4.2503855254e-26,1.9656565894
3.4670716535e-26,1.6052545670
6.6098167734e-26,3.0211479018
3.3955222858e-26,1.5708527614
4.2890681953e-26,1.9828795882
5.2520388597e-26,2.4043950906
8.0122889886e-26,3.9088064863
3.5604534565e-26,1.6497006188
4.2448186024e-26,1.9631747329
7.4832092225e-26,3.4999901402
5.8593966814e-26,2.6719196031
6.9761263781e-26,3.2074463937
2.0540907772e-26,8.1818786914
3.9239416588e-26,1.8185087851
5.7351439875e-26,6.4032338924
3.4912239339e-26,1.6167979500
6.6025993500e-31,15.1502939811
3.6456746351e-26,1.6898458079
6.2177086821e-26,2.8348022286
3.8402197406e-26,1.7801551390
3.1289195782e-26,1.4396701796
3.7799323446e-26,1.7523548364
4.0007581540e-26,1.8534584484
1.7154463000e-26,8.4112164927
4.1634613175e-26,1.9268053153
3.7520841498e-26,1.7394587991
4.7342577262e-26,2.1788558751
7.3017464693e-29,12.7470820991
3.8470416239e-26,1.7832910645
1.5566013362e-27,10.7030614387
3.1916155521e-26,1.4709781150
7.6967057840e-26,5.3751600300
4.0230443867e-26,1.8635576997
6.3908807419e-26,2.9158117042
2.7814917262e-26,1.2601282300
4.1508988858e-26,7.0986027252
3.2255149528e-26,1.4877833058
3.9012210727e-26,1.8081282592
6.0740550400e-26,2.7688361765
3.3328664760e-26,1.5404633617
6.4974871793e-26,6.0531274477
3.9155809624e-26,1.8146913311
4.9730620982e-26,2.2829417787
7.2766202795e-26,5.6455737881
6.1253612795e-26,2.7922816868
2.7912474601e-26,1.2653256933
3.4690634081e-26,1.6062078061
6.6004819367e-26,3.0165789874
6.9322407109e-26,3.1842964027
7.0218685203e-26,3.2318631332
2.7341409137e-26,1.2347592355
3.5530742199e-26,1.6462062362
4.2921140650e-26,1.9842340836
4.4977320516e-26,2.0751791678
8.2174751103e-26,4.8527017633
7.8321352007e-26,3.7479570178
3.0534057169e-29,13.2423888059
7.6218810893e-26,3.5918039502
3.1852603974e-43,24.1726657626
5.0567898104e-26,6.7003959890
2.8384419719e-85,40.8425686830
6.9222931982e-26,3.1790848910
4.6621295965e-26,2.1473218088
4.3379209153e-26,2.0045765790
3.5061613168e-26,1.6239201790
3.4921036394e-26,1.6172177554
7.8747939452e-26,5.2366418816
1.1817842735e-33,17.7084038112
7.1055247224e-26,5.7424338470
3.3721665158e-26,1.5595542726
5.5662642226e-26,2.5419176946
3.9517763319e-26,1.8311984901
2.7297991415e-26,1.2324210368
4.2060927068e-26,1.9458864081
4.2863791613e-26,1.9816835814
3.4225708566e-26,1.5838948498
1.5138697375e-26,8.5627237409
4.2524984776e-26,1.9665983723
8.2068484988e-31,15.0512995700
1.0929267211e-27,10.9724532035
5.7285439974e-32,16.2054211475
8.3048892464e-26,4.3853460399
3.9476961927e-26,1.8293402256
5.3031766639e-26,2.4266966049
6.8832556664e-27,9.4112986431
8.3182418431e-26,4.5051022333
8.2079876739e-26,4.1511975491
4.0869767332e-26,1.8924341081
4.3459886860e-26,2.0081541682
3.5096769952e-26,1.6255946117
4.0992064626e-26,1.8979424069
5.3537291967e-26,2.4487662884
8.2423896372e-26,4.2126728700
4.8598429959e-26,2.2336391695
3.5416086758e-26,1.6407708684
3.1651124930e-26,1.4577801004
5.5399055885e-26,2.5303254569
3.2543823927e-26,1.5020282861
6.5207005977e-27,9.4642272822
4.9632667334e-26,6.7410968622
5.6454756173e-26,2.5768379393
3.4572927157e-26,1.6005710260
4.6084887661e-26,2.1238277941
3.7302550892e-26,1.7293252430
3.5554245019e-26,1.6473195187
3.8796500233e-26,1.7982539179
2.7541353239e-26,1.2455006759
6.0788802793e-26,2.7710360824
6.0915477954e-26,2.7768163673
5.1674502486e-26,2.3675448038
8.3178060481e-26,4.5328654725
3.3888947466e-26,1.5676501654
6.2990781439e-26,6.1471307807
3.9891232940e-26,1.8481789207
3.4886429885e-26,1.6155660346
3.8520400225e-26,1.7855875178
2.3296958698e-26,8.0127044530
3.0345912809e-26,7.6277943356
1.5012792936e-35,19.2167044126
3.2296406599e-26,1.4898228465
2.7696528302e-26,1.2538076124
8.1382747725e-26,4.0506614359
5.1638933292e-26,2.3659960769
3.1097996126e-26,1.4300618390
8.2792015282e-26,4.2968712399
3.5689012968e-26,1.6536973812
3.5545674514e-26,7.3728614875
4.4245994015e-26,2.0429363449
8.1541985292e-26,4.0716595322
3.7210768256e-26,1.7250578308
5.1814881166e-26,2.3736576044
2.9127187122e-26,1.3292415437
3.8020454555e-26,1.7625702651
3.0220481637e-26,1.3855838388
3.3982718944e-26,1.5721806310
5.4154099735e-26,2.4757327480
6.7729093305e-26,3.1022802398
6.5726821973e-26,3.0030165564
4.3155550994e-26,1.9946505049
3.9142981752e-26,1.8141053745
3.8137560120e-26,1.7679713883
4.7762122176e-26,2.1971724511
3.5840876199e-26,1.6608724816
7.7477957643e-26,3.6822918245
1.7394454306e-43,24.3204173604
3.2611755015e-35,18.9602018115
7.9439966171e-26,3.8436880735
3.6270203972e-26,1.6810907817
7.9039909678e-26,5.2116667037
4.2117314184e-26,1.9484062823
3.8321533078e-45,25.2279695051
3.2939789672e-26,1.5214721367
3.4274229145e-26,1.5862295948
3.4227703204e-26,1.5839908576
6.1941302265e-26,2.8239045017
5.7447007153e-26,2.6207847739
5.0426747546e-26,2.3132367330
3.0071951986e-26,1.3779915251
8.1911798686e-26,4.8951408847
5.8392479198e-26,2.6629077226
2.1440556144e-54,29.7015914228
7.0850341252e-26,3.2660982978
4.5508119478e-26,2.0985190990
7.8151324264e-26,3.7343299255
3.4659251542e-26,1.6047057545
4.1863502791e-26,1.9370566031
5.3649484903e-26,2.4536679255
1.0166503162e-27,11.0261911235
2.2198874107e-27,10.4203410068
8.1340542559e-26,4.9745266720
3.9146600199e-26,1.8142706659
5.8627993249e-26,6.3463322837
4.0805869063e-26,1.8895541753
4.1505571468e-26,1.9210190465
4.7244585422e-26,2.1745751767
6.4061642298e-26,2.9230509746
3.4824272716e-26,1.6125976102
5.7937365480e-26,2.6425985988
2.7382462360e-26,1.2369682177
6.7962374486e-26,3.1141045974
6.1119033089e-26,2.7861200354
6.6786415531e-26,3.0550741449
8.2464695203e-26,4.2208101001
3.3765281360e-26,1.5616668669
8.1651522795e-26,4.0866830731
3.1704912104e-26,1.4604628827
3.6224501243e-26,1.6789430855
3.5913098437e-26,1.6642804356
3.3573840967e-26,1.5523851623
4.1615296843e-26,1.9259394838
3.2626640954e-26,1.5061040536
7.1442619007e-26,3.2987906892
5.6287157746e-26,2.5694382253
3.5188897975e-26,1.6299791070
3.7638422402e-26,1.7449080713
7.1157969493e-26,3.2830039293
5.4401973648e-26,2.4865834252
4.5011399178e-26,2.0766791457
3.1089091343e-26,1.4296136421
7.0515939380e-26,3.2478965031
2.8312882943e-26,7.7332194347
8.1467485523e-26,4.0617181410
4.9156078307e-33,17.1771379847
4.5274422263e-26,2.0882491504
3.2352785163e-34,18.1733486610
7.8231101426e-26,3.7406973913
3.6646555128e-26,1.6987360454
3.6028041009e-26,1.6696985255
3.5492424519e-26,1.6443905516
4.7926784789e-26,2.2043568480
4.6242429962e-26,2.1307320740
3.4137879785e-26,1.5796649631
3.6527461733e-26,1.6931600818
4.5863920739e-26,2.1141378059
8.2032091602e-26,4.1434551633
7.6010974989e-26,5.4421973800
6.4546181270e-26,2.9461079001
4.2318912930e-26,1.9574082195
4.4797088743e-26,2.0672426739
3.8678783197e-26,1.7928573574
7.7414895622e-26,3.6775626783
7.5797714142e-26,3.5631627309
8.2859868713e-26,4.7034801266
5.6663609957e-26,2.5860680804
7.1773232320e-26,3.3173084136
5.5973134474e-26,2.5555900965
3.8151166861e-26,1.7685985691
4.3575350906e-26,7.0065033936
4.4970000573e-26,2.0748569517
1.8901053901e-26,8.2895201733
3.3881912705e-26,1.5673100651
4.1014893231e-26,1.8989700767
7.4075787587e-26,5.5671589695
7.4638295525e-26,3.4876880032
5.3469205545e-26,2.4457923142
2.7745388050e-26,1.2564179440
3.7000820567e-26,1.7152813229
3.5476596358e-26,1.6436402976
5.4961141216e-26,6.5086809427
3.7107171778e-26,1.7202363472
7.9360392185e-26,3.8364757631
3.4489486063e-26,1.5965701741
2.8202048991e-26,7.7390796565
2.4718855585e-27,10.3319883831
4.3631265481e-26,2.0157487763
8.7388511519e-28,11.1371812639
4.3465341252e-26,2.0083959836
3.4284372000e-26,1.5867174731
6.5616677783e-26,2.9976609398
3.8230479377e-26,1.7722527592
3.5820971029e-26,1.6599327257
7.4600617612e-26,3.4853096975
8.1415554668e-26,4.0549116150
4.0394360400e-26,1.8709746141
7.1098700490e-26,3.2797344628
5.2104592641e-26,2.3862761698
2.9212026641e-26,1.3336524452
4.1621716902e-26,1.9262272677
8.0629003775e-26,3.9616238602
3.2744227756e-26,1.5118827202
2.7259779715e-26,1.2303615043
3.6509933994e-26,1.6923388306
3.5376181187e-26,1.6388773925
2.7400557996e-26,7.7818337485
3.6126208983e-26,1.6743203981
7.3907959102e-75,37.5076924034
5.3051202532e-26,2.4275446554
7.9108137887e-26,5.2057148978
7.8773078663e-26,3.7852533239
3.8177097502e-26,1.7697935783
4.3140460378e-26,1.9939803380
3.5144256453e-26,1.6278551599
4.7324190724e-26,2.1780527505
8.0884467527e-26,5.0295953860
6.2845633443e-26,2.8658663609
5.3201963244e-26,6.5856510448
3.9261592669e-26,1.8195208770
3.4242746970e-26,1.5847148794
4.6889100513e-26,2.1590372050
7.8836225354e-26,5.2291716770
3.3006164540e-26,1.5247208721
3.5770606583e-26,1.6575539881
4.5227980504e-26,2.0862071315
6.7634822985e-26,3.0975185598
4.2492559216e-26,1.9651530545
8.2539228409e-26,4.2362886562
3.0408791868e-26,1.3951825046
4.8369955906e-26,2.2236818479
4.7942264002e-26,2.2050321013
3.1339206339e-26,1.4421786115
5.4602771726e-26,2.4953797666
2.0840369980e-26,8.1628295432
2.8803410027e-26,1.3123457399
8.2586540380e-26,4.2465780441
7.5936988187e-26,3.5725561796
6.0219060699e-26,2.7451250216
5.0234925394e-26,2.3048892941
3.5364269903e-26,1.6383120433
3.1819518174e-27,10.1190300044
1.0637117259e-39,22.0713582833
3.2209833111e-28,11.8272105673
5.1151169784e-26,2.3447628178
7.3893598451e-26,3.4414479824
3.4763835649e-26,7.4100659047
5.1963819464e-26,2.3801441555
5.7350151018e-26,2.6164839669
7.9903543151e-26,3.8872102742
2.8659837444e-26,1.3048215652
7.0229954895e-26,3.2324685601
4.0825421447e-26,1.8904355551
3.3469541581e-26,1.5473183742
4.2385116867e-26,1.9603619609
7.4113597084e-26,3.4549451572
3.7904446949e-26,1.7572138515
4.3300972086e-26,2.0011057436
7.6378945041e-26,3.6028902694
1.1743360554e-26,8.8542936692
6.9256454642e-26,3.1808396991
1.3726124138e-26,8.6775978040
3.1239978715e-26,1.4371996343
5.7819685794e-26,2.6373573218
3.6423575484e-26,1.6882902907
3.9290052935e-26,1.8208194924
4.3440065902e-26,2.0072753655
4.1065885348e-26,1.9012649722
3.8491046185e-26,1.7842390091
6.9898103359e-26,3.2147191905
3.6937154227e-26,1.7123124288
3.1252354161e-26,1.4378210227
4.2467314426e-26,1.9640276130
3.3409475954e-26,1.5443972016
5.9690807554e-26,2.7212207336
6.3749146992e-26,2.9082656926
3.6672843477e-26,1.6999659141
4.2365916338e-26,1.9595054372
5.6302697030e-26,2.5701240446
6.3796953131e-26,2.9105233927
3.7376295776e-26,1.7327511294
5.4846969815e-26,2.5060855474
7.1926792084e-26,5.6937966694
7.6866446613e-26,3.6373585145
8.1589771463e-26,4.9416232783
3.6706793100e-26,1.7015536982
2.7050228842e-26,1.2190386707
4.9641500602e-26,2.2790627018
1.5200028544e-29,13.6192961930
3.3136312548e-26,1.5310823140
4.0390491591e-26,1.8707996651
7.3239656384e-26,5.6177051759
8.4760850030e-27,9.2021232206
3.8645712620e-26,1.7913402632
7.2592401984e-26,3.3640964642
4.4768812670e-26,2.0659969870
5.0247141924e-26,2.3054209210
7.3425929977e-26,3.4131780381
1.4062921659e-26,0.3703086279
7.9905017271e-26,3.8873531054
8.3182228256e-26,4.5165912573
2.9896887921e-26,1.3690183306
3.0510458349e-44,24.7395228614
4.6485878517e-26,2.1413943718
3.2600081526e-26,1.5047974808
4.6076218847e-26,2.1234477801
3.4031894892e-26,1.5745543053
5.5243226125e-26,2.5234782491
7.4008096544e-26,5.5713189080
3.7828994872e-26,1.7537268073
3.6705291194e-26,1.7014834679
4.5317608188e-26,2.0901476773
3.1269794354e-26,1.4386965147
5.6497256435e-26,2.5787153925
2.8476669116e-26,1.2951931926
4.7128604613e-26,2.1695073088
7.4993462808e-26,5.5094503551
1.9204302773e-26,0.7506087800
6.2325448126e-26,2.8416745118
8.3097902169e-26,4.6089988633
2.8399224684e-26,1.2911123438
3.6501640778e-26,1.6919502032
5.9873973702e-26,2.7294967671
2.8459976780e-26,1.2943141099
4.2120295941e-26,1.9485395086
4.3730122077e-38,21.0198300090
3.8168405459e-26,1.7693930394
3.1568784975e-26,1.4536689032
4.6284684216e-26,2.1325832646
3.5439971030e-26,1.6419037280
3.3102161623e-26,1.5294141758
3.5395128413e-26,1.6397765281
3.4598828994e-26,1.6018121266
7.6146109560e-26,3.5868070757
4.3433759205e-59,31.6909014319
3.3474382971e-26,1.5475537225
4.3923721489e-26,2.0286934962
6.3099754439e-26,2.8777411604
8.1295499636e-26,4.0395370809
7.8813204798e-26,5.2311261820
1.4883086977e-26,8.5829267412
1.7803991770e-39,21.9294066605
4.1066702943e-28,11.6653936801
3.4012536563e-26,1.5736200786
4.2511893998e-26,1.9660149056
3.8802777482e-26,1.7985415300
2.9131322147e-26,1.3294566839
3.1804584598e-26,1.4654285358
2.7956181976e-26,7.7521240226
6.9146135038e-26,5.8447047637
7.7544482179e-26,5.3324691810
8.2925583498e-26,4.3371584684
6.2781589165e-26,2.8628796141
3.7257995318e-26,1.7272541376
5.1810159047e-26,2.3734519647
3.6126250611e-26,1.6743223569
3.5876770004e-26,1.6625665519
7.3012168413e-26,3.3886155240
3.5238493683e-26,1.6323374407
6.0813332080e-26,2.7721548103
6.6439695030e-27,9.4459725769
6.3856328045e-26,2.9133295265
5.5386142669e-26,2.5297578799
7.7735542675e-26,5.3179200234
8.2945477750e-26,4.3439876139
4.7125674713e-26,2.1693792655
7.1025717492e-26,3.2757166587
4.5670630322e-26,2.1056553847
8.3174514972e-26,4.5405294921
7.6250616751e-26,5.4257779915
6.9628296159e-26,3.2004045117
3.3400949689e-26,1.5439823515
3.8040016646e-26,1.7634729212
2.1584572188e-36,19.8392211704
3.0266003568e-26,1.3879069723
6.4813240667e-26,2.9588874806
5.5256439211e-26,2.5240586680
3.5614309970e-26,1.6501633024
5.3680277552e-26,2.4550134854
3.7637529225e-26,1.7448667008
3.6286936153e-26,1.6818768034
3.0991539058e-26,1.4246994788
4.6685578750e-26,2.1501347416
3.0592459564e-26,1.4045157593
3.7237292803e-26,1.7262914914
6.7144676578e-27,9.4356544427
7.5826750698e-26,3.5651148377
3.7146313101e-26,1.7220586233
3.2733615712e-26,1.5113615997
3.7580085684e-26,1.7422052535
3.5277878553e-26,1.6342092492
7.1133488687e-26,3.2816527656
1.1709074369e-36,20.0303512798
3.7890069335e-26,1.7565495802
1.6465206646e-26,8.4615602959
5.0102037673e-26,2.2991063326
4.1286129265e-26,1.9111675463
3.7312494550e-26,1.7297873332
3.8418951254e-26,1.7809254721
7.4751548056e-26,3.4948629989
6.2387286442e-26,2.8445424670
4.3282469305e-26,2.0002846896
4.8908922346e-26,2.2471658510
4.4783246967e-26,2.0666329010
3.6899831299e-26,1.7105710694
6.6075277783e-26,3.0200268596
4.2289768768e-26,1.9561075489
3.4164055059e-26,1.5809260780
5.2452788443e-26,2.4014485295
7.3706294259e-27,9.3435512722
5.7931971588e-26,2.6423582744
7.1959806936e-26,3.3278482991
3.1180433965e-26,1.4342081227
2.8291233295e-26,1.2854119065
7.4150463487e-26,3.4572199307
3.2014126662e-47,26.3128502042
3.3019379963e-26,1.5253673461
3.3905976243e-26,1.5684733038
1.5779847077e-52,28.8651893166
7.8996939710e-26,5.2153919807
3.8344929422e-26,1.7775210903
6.6303710364e-26,3.0312350102
8.2331889856e-30,13.9381535923
3.4965766780e-26,7.4004234260
1.0244113449e-27,11.0205631109
3.1701453475e-26,1.4602904402
7.0088682361e-28,11.2957375144
6.7477231703e-26,3.0895793965
1.9765140189e-28,12.1421360057
1.7590108081e-86,41.2096838634
4.2543845770e-26,1.9674389419
7.4443577556e-26,5.5443319869
3.6616552025e-26,1.6973319660
5.9066981429e-28,11.4162006570
3.8838348467e-26,1.8001710257
3.6036441862e-26,1.6700942461
3.9564768304e-26,1.8333385117
3.4145811770e-26,1.5800471679
3.5777531733e-26,1.6578811471
8.2521485512e-26,4.7872482078
5.4162271479e-26,2.4760903323
3.3618899335e-26,1.5545718773
4.9304666151e-26,2.2643993828
3.2038756961e-26,1.4770656739
6.1353254154e-26,6.2229258420
4.9528271832e-26,6.7456411150
6.0220884695e-26,2.7452077550
3.6460059203e-26,1.6900011304
6.5274793442e-26,2.9811000398
3.9370398581e-26,1.8244839003
3.0177290215e-26,1.3833780005
4.0081461706e-26,1.8568083658
3.4350546367e-26,1.5898989637
3.6163949131e-26,1.6760959119
4.8792828539e-26,2.2421088357
6.1369538238e-26,2.7975961430
4.6061145987e-26,2.1227870063
5.0766192186e-26,2.3280082654
7.6479689616e-26,3.6099228751
4.7876005628e-26,2.2021415537
5.5489421891e-26,2.5342981879
3.3548914222e-26,1.5511748837
4.6679119084e-26,2.1498520985
5.4875460287e-30,14.1433351394
3.7604273708e-26,1.7433261052
3.8262156206e-26,1.7737114587
3.5497331768e-27,10.0242337670
8.1486864885e-26,4.9554913871
7.1472283211e-26,3.3004440834
3.1730913851e-26,1.4617590047
3.8612933348e-26,1.7898360869
4.3863922157e-26,2.0260481998
4.2708116497e-26,1.9747559420
3.3076203955e-28,11.8097048416
5.8976263881e-26,6.3307198453
4.4132189828e-26,2.0379092845
3.6746936845e-27,9.9939075639
3.8848792605e-26,1.8006493709
4.0424903166e-26,1.8723555884
6.7787773392e-26,3.1052490174
3.9675844254e-26,1.8383922298
4.4913323346e-26,2.0723617470
7.1758555348e-26,5.7032929910
5.0850838595e-26,2.3316919439
8.2372292622e-26,4.8170913840
4.1334720678e-26,7.1064248152
6.2494803296e-26,2.8495339216
4.4395506250e-26,2.0495366556
4.0107904742e-26,1.8580068877
6.6532101927e-26,3.0424877525
4.8646442573e-26,2.2357312201
4.1555445477e-26,1.9232560069
3.9641498060e-26,1.8368300442
3.8921737531e-26,1.8039890463
8.1183523597e-26,4.0256173586
4.0718270067e-26,1.8856038505
4.9531254676e-26,2.2742638037
6.0828805504e-26,2.7728606583
5.6433398816e-26,2.5758946309
5.5074557802e-26,2.5160717287
4.0035550925e-26,1.8547268823
4.9459989053e-26,2.2711614810
8.3880254193e-31,15.0413097713
1.2268587328e-28,12.4375982927
1.2539167914e-43,24.3998951033
3.8251398938e-26,1.7732161410
8.3113415079e-26,4.4203135694
3.5196106824e-26,1.6303219825
5.1632118661e-26,2.3656993653
4.9573062935e-26,2.2760837189
8.2960451784e-26,4.6704569585
7.0706674732e-26,3.2582565270
3.4595450241e-29,13.1731817555
7.2690305726e-61,32.4068307613
4.4598338968e-27,9.8209755026
7.7064910371e-26,3.6517222536
8.2594760054e-26,4.2484063172
8.1606454041e-26,4.0804405076
3.6470666048e-26,1.6904983931
7.2685435395e-26,5.6502777544
8.3145928370e-26,4.4446731704
3.5968535113e-26,1.6668944468
4.8920043092e-26,2.2476502300
6.6868310964e-26,3.0591402536
3.2713313979e-26,1.5103644340
4.1537502083e-26,1.9224512924
7.2136379721e-26,3.3378849969
3.4106813475e-26,1.5781676495
3.1337413919e-26,1.4420887409
5.5895549885e-26,2.5521718748
5.5367135801e-36,19.5400892817
4.3561348338e-26,2.0126512330
5.4104039476e-26,2.4735423738
3.1855460941e-26,1.4679602988
5.4532041268e-26,2.4922806075
7.5006578458e-26,5.5086066801
3.4714749336e-26,1.6073616308
3.0587873155e-36,19.7292016278
3.2728935218e-26,1.5111317321
8.3164691553e-26,4.4643067388
8.3081639062e-26,4.4016747781
4.3319220895e-27,9.8473212095
3.6851211424e-26,1.7083016161
6.8642606839e-26,5.8708421635
3.1525151397e-26,1.4514881955
3.5635619708e-26,1.6511717414
3.7903014668e-26,1.7571476816
3.0347982087e-26,1.3920861574
3.2348547852e-26,1.4923986899
3.5476773756e-26,1.6436487070
4.0064959977e-26,1.8560603041
7.1049317653e-26,3.2770148955
5.7262126697e-26,2.6125774998
1.1867152503e-26,0.1771319637
3.3665524770e-26,1.5568332611
3.4920660268e-26,1.6171998072
3.8489517236e-26,1.7841687601
8.0329424729e-26,3.9298189108
4.9149766384e-26,2.2576547725
3.0842704889e-26,1.4171872657
2.7952885289e-26,1.2674757262
7.2482002782e-26,3.3577114052
7.5028812367e-26,3.5125999007
3.4219264400e-26,1.5835846565
3.7323797660e-26,1.7303125420
3.1594959322e-26,7.5647987353
8.6811679822e-27,9.1774987262
5.9914219146e-26,2.7313169414
3.1712228998e-26,1.4608276633
3.0833665296e-26,1.4167304262
2.9165961055e-26,1.3312582762
4.5875336236e-26,2.1146385860
6.2216093725e-26,6.1831671444
4.5088309914e-26,2.0800636109
4.8607390809e-26,2.2340296309
3.7539263679e-26,1.7403129909
7.6429388606e-26,3.6064058640
2.9175415880e-26,1.3317498334
3.1469524957e-26,1.4487059889
1.9266679741e-26,8.2650059349
3.0774991035e-26,1.4137635506
4.0007958828e-26,1.8534755606
4.0153170387e-26,1.8600579616
4.5777223226e-26,2.1103338656
3.5497666511e-26,1.6446389913
8.1765819112e-26,4.9168476064
2.9910860867e-26,1.3697355199
3.7263197389e-26,1.7274959970
3.3700458135e-26,1.5585266489
