sampled_theta1
0.2241127412
1.4151320578
0.1557715457
0.4194684369
0.5356077077
0.1606412822
0.3126916684
0.4143434190
2.1398909826
0.3665037741
0.3339316766
0.0820007261
0.4424299367
0.1406988256
0.0997758784
0.8013525357
1.0919341122
1.3246525330
0.7140147303
0.6019227801
3.0734701841
0.2039792565
1.4740754567
0.4413774469
0.2220444918
1.4569065685
2.5645624501
0.9147861528
2.0959456079
0.7002669565
0.0737792482
0.2762885678
0.0282210484
0.9484752493
0.0255689928
2.4548670032
2.3190620114
2.6837870758
1.7664716469
2.3554692194
0.0387485831
0.1730836517
0.8617887298
0.7376663978
0.2008212271
1.5199503839
2.2032578345
0.4339043471
0.3895262605
0.9534143323
0.5908024395
1.3957735969
1.1554102224
0.3805905165
0.3932350613
1.9121053412
1.1759547182
1.0680826646
0.3705277260
0.1980474925
4.0071271489
0.2998882094
1.6744597473
1.2693390525
2.3228858561
1.3339728818
0.3676011245
0.6677638875
1.2171751396
1.0857385681
0.5095586545
1.3466139659
0.2028692924
2.0412437281
0.7078972717
1.3043427987
2.7543400823
1.7257431135
1.0824841310
0.6387588602
0.7317756251
0.0013970839
0.5022649761
0.4213214720
1.5604596051
0.5029151675
0.0778452828
0.3968984958
1.8906883282
0.4233276809
1.4994385143
1.0381822639
0.4589721675
0.2046827913
2.9158262996
0.3151096781
3.0300588707
0.5245776702
2.0379065639
0.1902007452
3.4624094102
0.8720754552
0.4292505897
2.0503314210
0.2279048220
1.4120002053
0.1355154738
1.1956764249
1.0346431919
1.4508527133
0.0395539811
0.0064131833
0.2168904641
0.2416995176
0.6575462896
0.2750875313
2.2745944645
0.6995706771
3.1037061473
0.6289948443
4.2161540123
3.1898622347
1.5846718928
2.1669401704
0.4641953045
0.0672846836
0.8134040092
0.3600898395
1.0975125831
2.8853387262
0.1301923921
2.3132749119
0.1761288386
0.9683944252
4.5536770772
0.4716639096
0.3499946566
0.0541855673
0.1501047219
0.6947585384
0.7073123609
0.6961824874
2.1375784217
1.6272258696
1.7553710203
0.1030302973
0.1023461297
0.4820811504
0.7403091500
1.1152207458
0.3170599792
1.9537081942
0.7210154580
0.0068069264
0.7775902105
0.8959776399
0.4294711723
4.3414200394
0.1572234781
1.3216444574
0.6115676839
0.6021995635
0.9052110457
1.1820426430
1.7085562439
0.7390921561
1.0058663940
1.7248915418
2.5747338608
0.3845161055
1.8371308595
1.3906846905
1.0894469745
0.7148748789
0.0587336384
0.3726934361
0.0444073130
1.8883536782
0.3670954335
0.8061176989
0.8393376455
0.5862711950
0.3743849051
2.1897587921
1.3050749996
3.8440034395
0.8691108457
1.0096976871
0.5627452608
1.4474571688
3.3065806974
1.7429138256
0.1099260972
0.3400301902
0.0695116472
0.7711860654
0.9540734278
0.0382882947
2.3683276406
0.0039598011
0.6790963258
1.5217364394
1.6730124309
0.1578614021
1.6919832218
1.9444119419
0.4931745336
3.1374107268
1.2703277917
1.6657832570
0.3069151045
0.7921322417
0.4666093140
0.8819416225
0.3222906324
1.2195831696
0.2625722231
0.2938612788
0.4065059361
0.5890635866
0.6313202788
2.9804413649
0.2655121724
0.0616348412
1.1632550886
0.1170851337
0.0253294623
0.4142229514
0.4627853860
0.1974360825
0.2099641312
0.2782929538
3.6760244862
0.2742632764
1.6228368779
0.1279144405
0.3810129820
0.3195476152
0.0895540552
0.5152580649
2.7024727401
0.2905727670
0.2184276191
0.2265288819
0.4409649822
1.0480518754
0.5807441966
0.8672209857
0.6963101615
1.1483662977
0.3229010336
0.4495008719
0.0266566212
0.9447544986
0.4647162601
1.9804697542
1.9094176889
0.4564340308
2.4880057943
0.9523908420
0.5085778561
1.0910134083
2.9353161254
1.0454802596
1.2990537190
0.6910816236
1.4431608145
0.5263400529
0.7183655396
0.2188294157
1.6533459450
0.1151794586
0.3392968531
0.4071653838
1.0106432896
2.8674204389
0.0248538421
2.4150822630
0.1372370658
2.4764375171
2.2173432944
0.2663819360
0.3516446301
0.2585123084
3.7515970674
0.2453583853
0.2756136416
1.7202388904
1.8142571676
2.1192018770
0.6608918800
0.5522677700
0.2437011552
1.1920225942
3.4606826338
1.0128584592
0.1978658987
1.2786471932
0.3596104833
0.4898775915
0.1266723530
1.5329804607
1.3559722843
2.9252338539
2.1859173628
2.9446976084
2.9394402046
4.7695583606
1.5686027171
4.7318988020
0.5004552116
2.5726445033
0.2834204722
3.1852295052
0.1715356982
1.7340484845
3.2933986430
0.3736473782
0.7502164460
0.2825452805
2.0722712213
0.8509053663
0.5761501166
0.5411876284
2.3438095314
2.1257661677
0.5491998350
0.4195165587
0.2905972412
0.3866120398
1.4728241842
0.1779344729
0.0242442926
0.0628105841
0.6368403851
1.3042698813
1.6860191802
0.7403036141
1.8764301509
1.4926436854
0.2155778384
0.0911744605
1.7446923800
3.5734491618
4.5102520120
1.0307595068
1.6441843525
0.6858277998
0.5913785659
0.9363688910
0.1277165056
0.9180099390
0.3368942860
2.0952802785
1.6408628687
0.3998117996
0.0170247816
0.5913918680
2.3443438125
0.4197461080
0.6670416312
1.0015014556
4.7390276481
1.4596157617
0.4205049769
0.0471890700
0.1578517113
0.9246664918
3.3588041891
0.4693528627
0.9667013565
3.9182933334
0.3544113101
0.1954783465
2.1564045588
2.0379203112
2.6703018189
2.3998376988
0.9070133928
2.2465687252
2.7756252318
0.2137984595
1.1996613751
2.7730886878
2.0246839481
1.2540278335
0.1463634676
2.5498227846
0.8834242279
0.6880393346
0.3971599481
1.3429741844
1.3422810124
2.7044497103
0.9655516959
0.8354880443
0.1778767117
1.8421877259
0.4745579264
4.8695288820
0.1202082046
0.3449923234
0.3002810043
0.7781296388
1.1253786456
0.7747432648
0.3928656848
1.6606394486
1.4888257310
1.2227505615
3.6561310679
1.6778703403
1.3201519748
0.7322187037
0.3041506425
1.2608449802
0.1294573274
0.5117602738
0.9339587813
0.2619500252
0.0435158798
0.6200799506
0.7810327513
0.1235523925
0.1222083069
2.5516746320
0.9310769853
1.4218727982
0.2099683900
1.7112421476
0.2036221366
0.6604643722
0.1295804525
0.1132576555
4.5303202433
2.9148929796
1.7200210589
1.3094632072
1.3432904715
0.0159491067
1.5681059750
0.3301770410
3.9715787996
1.4997191530
2.9259794900
1.0145067648
1.9146574866
1.5601387987
0.1677011348
1.5850846427
0.3898138003
0.5035487746
0.1506718695
1.1627508840
0.1163339029
1.2797415210
0.0143567578
0.6264652121
1.8459519891
1.6824397112
2.5131358790
1.6783490261
1.4280259129
0.7010567894
2.0639769628
0.3397175915
1.5079257045
0.9563253528
1.1401822940
0.4697731876
0.2205753730
3.1156251424
0.0204325192
0.1926535989
2.7971312604
1.9646287508
0.8900997573
0.8774541856
0.0676991898
1.0869192709
0.1508010121
0.1267932943
0.3384784481
1.1853526705
2.8994638373
0.1420677365
1.3159044275
0.3324289725
0.0595520535
0.6543367203
0.0694730609
0.3560174250
0.3917219012
0.1375268686
1.0812296382
0.5175224925
2.9279552023
0.2262394680
0.2247446328
0.3671979160
0.9785031610
0.2425421852
0.0445536091
0.5032715280
0.8827522621
0.7685331888
0.2978705980
0.3898509237
2.4254192322
0.0416447956
0.7425111273
2.6873817334
0.4306948127
0.3596138868
1.2649937070
0.2205716323
0.8996743794
1.3574683580
0.7487877429
0.6820142301
3.0813589844
0.0547546461
1.7980269550
1.1625460352
2.0682695674
2.2250817603
3.2747912412
0.0035226250
1.9105845015
0.3776902692
1.3388448716
3.0717614619
0.4228107794
0.0703009491
0.6890457761
0.6389347906
0.0868606561
0.4202069104
0.4406702233
0.7811672324
0.4035489975
2.6966530850
0.0065974176
0.0222574150
0.6816015930
0.5202861768
1.6349021622
0.0904258296
2.2223220212
0.1571172202
1.0880194966
0.0612968783
0.2983638433
0.6377643861
3.4459631686
2.4339296688
1.7118088957
0.3023702639
1.0553217829
0.5448038738
2.0178602676
0.9357493351
1.0064588506
2.4252545804
0.9090155544
0.6399739676
1.2230857166
1.1612896160
0.9502014638
0.2625802611
1.7211576646
2.2357288949
2.5738933772
0.2250585357
0.2888843692
0.5109870091
3.4955775001
0.6546833861
0.1854799822
2.5158629167
0.3264054519
0.5881496243
3.7400022704
1.0836018057
1.9881069924
0.3530117071
1.9514395585
0.6562172020
0.2498094983
0.4364461825
0.0214743559
0.3091624893
3.0715940406
2.4444011876
0.4014113672
0.5037004981
0.3958255580
0.5118217630
0.2123074144
0.1281820290
0.0821445570
0.0396137169
2.9731281073
0.3019014655
1.7076942312
0.6533744413
0.2093202276
0.3752348942
0.8680273654
0.9476872414
0.0705841218
2.3016503785
0.7968618262
0.5416870680
0.4229195732
1.3421255390
2.7923017683
1.3822685437
0.8576776538
1.7391074745
0.1957601256
0.3472153095
1.3284719004
1.0146602267
1.3850369874
2.3699717697
0.5635483128
0.9657750733
1.1810367577
2.0853493272
0.2529790240
0.6346664369
3.4634188160
0.0553112506
0.2677173367
0.6725608802
3.3144458949
0.7695220718
0.3077296373
0.8641535826
4.0506106770
0.0999173855
1.1881935443
0.0571805869
1.5908147143
0.3264134581
0.9884253650
0.0114409182
3.0561995136
0.1660635975
0.2991766293
0.6874118404
0.6196186706
1.5380520341
0.1288294379
0.5661529261
1.0596818582
1.2627468887
0.0116335051
2.7114558786
0.8959077707
0.9878431918
0.7146890590
0.0081036749
0.2597880840
0.4147606912
0.6547765388
2.2339073403
2.1273009877
2.8389633131
1.0130895404
3.5890795404
2.8318430675
4.6999475577
1.2993722618
1.5129898521
0.3866036697
1.0715399615
0.1384196875
0.8847930315
3.6450713003
2.1191071789
1.3166393291
0.5659632535
1.7278380797
0.0048059020
1.7460632894
0.5430000304
0.1586494809
1.4577127026
0.6922467257
1.8305617158
1.1900868446
3.3145594019
1.4844992818
0.2190627218
0.5399083711
1.4831429603
1.0225353472
1.3965749362
1.1029244861
0.3778596712
0.0786079747
0.2122618018
3.2619295208
0.9217956205
0.4577478348
0.2175239413
0.3048063351
1.1292594576
1.0648508695
1.1432147442
1.6762472869
0.8827994496
0.4056106640
0.6364889857
1.1272424585
0.5344989504
2.0847585691
0.0049909632
1.2175493920
1.2552823329
1.3586158012
0.8324811772
1.0128774298
1.8406908784
2.5970435762
0.2111121805
0.1619993717
2.0362795524
2.1719489168
2.8477456253
0.1709030345
3.6614745971
0.8341601577
0.5220717901
3.4485339987
1.0606685141
0.2097471645
2.1972840002
0.6269712368
0.7781427415
0.1401415128
0.5193514161
0.0487523797
1.9699256664
0.0793247251
0.7123011323
0.6229186696
1.4985991333
1.1546643268
0.4507607211
0.5051990297
2.3783732004
0.5192391648
1.5593112433
2.1177954787
3.0857814416
2.0970117391
1.4823369280
1.5770937718
1.6617140308
0.3527244761
3.6205823340
0.6697362141
0.4372825865
0.1718018046
4.3416183487
1.1274257069
1.2216821914
0.0788246041
2.8099018195
0.5676713509
3.4138213801
0.9660496628
0.8294544532
0.9414480938
0.2717513227
0.3744706446
1.4655826054
2.9941437680
2.3575686936
1.5542835429
0.7865170836
1.8336125160
0.3391643421
0.3523228355
1.0220421871
0.6541413298
2.3048107262
1.2101027328
3.5867751443
1.1013033384
1.8630048550
0.6340465435
1.0123994802
0.8052022511
0.9872998428
0.1192744696
0.1400586198
1.7000331407
0.0838084846
0.2929892530
0.1238735150
0.6707999034
0.6738307636
2.6123947960
1.4430759546
2.3248302431
0.7633866041
1.5154460968
0.0985999860
0.8078733965
1.0492959854
1.4204417130
3.8218197803
0.2943609197
2.7736740863
0.7721177696
0.1604064520
0.2069135896
0.1256628450
0.4855563446
1.0689400258
0.6955354011
3.3339780501
0.7847714510
1.9519026438
1.8887251651
0.9218894025
0.3996705079
1.3692444107
0.5838101990
0.8672457986
0.8384323182
2.8779295917
1.5278290922
0.6895356051
0.6064636212
1.0869391593
2.5019134980
1.3806486423
2.3341548533
0.1777299127
0.2529546824
1.0093023659
0.6979918250
1.4811267786
0.0098734179
0.3801538151
0.4245797087
1.9755038401
0.2493024954
1.3152987461
0.5440392606
2.2031440589
1.9547422377
0.3905603561
1.4932691291
0.9792814838
0.4599032448
0.7097978493
0.1461525459
0.1196926221
0.7078458696
0.9730895140
0.4839323465
0.6679983987
0.5026046570
0.0204651067
0.3042155094
2.3177282041
0.3243018215
3.6233706661
2.0330024935
2.4937571433
1.0541117144
0.1044541848
3.7108913498
0.5452588185
0.9673264557
2.0440309824
0.3476187633
2.3480380566
0.0892371198
1.7348012627
1.2930787083
1.7700493276
1.2335391013
0.2249752163
0.0650793105
0.4380479803
0.8794631873
0.0434822155
1.3806419132
0.4792489018
0.8752685848
0.3704221104
2.2213013182
0.0811518788
0.6256593905
0.5125263461
0.1839195730
0.5379655018
1.2541936370
0.0305004874
1.6579282591
0.7476809580
0.5852407092
0.4830110437
0.1307221375
1.3727198033
2.3283748344
1.8261820079
0.4881789752
0.6910341229
1.8698184558
0.9486827074
0.6033956344
1.1219632455
0.0361009188
0.7545358229
0.5865733332
2.9201530397
1.1346175332
0.7298644291
3.0396606412
0.2689162550
0.7139551455
2.7827575534
2.2556043698
1.7779982172
0.1938323597
1.1868447167
0.2574781770
0.2950097012
0.5742006469
0.3170576991
0.2907731394
1.5448929743
0.4573277518
0.1974910364
4.1330213022
0.1548943643
0.8009479747
0.6314609322
2.0035506903
2.2230836495
1.8024626670
0.7686791695
0.2679061814
0.6887966388
1.1793004381
1.3886609521
0.8819139374
0.1561496145
3.6145181568
0.4933005201
1.8114306430
0.5587009573
0.3275058866
1.4028797574
1.1911750984
1.2745292491
3.4601249533
0.4070953124
0.6137241958
1.7758630801
4.9892969377
1.0696176805
1.3861404455
0.0741872405
3.6717069650
0.4409539846
0.4756289066
1.1863351015
0.2940269499
1.2868234879
1.5948966691
0.2804341210
1.2642701519
1.0223889532
0.1957558272
1.2039242459
0.0193391864
0.4393474961
2.1841458396
4.3916969462
1.1465210160
3.0303851638
0.0191040131
0.3893493387
0.6166287609
0.0315112449
1.2053862882
3.0141414905
2.3616912113
0.1086952544
0.4193802892
1.1459985921
2.9211950711
0.2057518707
0.1411083736
0.8316641687
4.3072169251
0.4231233784
1.6109880539
1.2934305775
1.0847526658
2.6711404929
1.3337473771
3.4654114121
3.6692392465
0.1048687520
0.3701865258
0.2968747764
0.0468564858
0.1679151482
1.5407229232
1.1533092245
1.4250911577
0.9028748352
1.0588855568
2.4261385286
0.4971464745
0.2608317258
0.6809319472
0.7065868222
0.6404350110
0.9882390225
4.9163045411
2.2670308676
0.5496422331
3.6509267622
0.9401951409
4.4176857180
0.6953380960
0.4280696059
0.8185538575
1.4350291560
1.9667716078
0.6115972075
0.2737226543
3.2894546725
0.0722406597
1.2452483044
0.7732070699
0.2114147897
1.8198525255
0.1873298906
1.9348830659
0.0462188553
0.4327591410
0.1096587372
0.5486185471
3.2877222487
0.7265547113
1.2659875497
0.1495984238
1.3399687724
0.0911498203
0.8346364988
1.6493746761
0.0963850595
1.5229630224
0.4767873206
0.7848216772
0.2835285807
2.0288715757
0.7151763389
1.1787170146
0.6245631801
0.5354601587
0.6291605324
0.2467738603
0.6413928326
0.3500207303
0.2200900932
2.3097123310
2.5086404546
0.9237703052
0.8378004586
3.1839163153
0.0147672656
0.6965039709
1.8173253799
0.0485156493
0.0554231301
2.6516356892
1.2652008413
0.0955457227
0.6823305404
2.2172712512
2.3334124533
1.8129352699
0.0483082432
1.9861960674
1.4172056241
2.1740458732
4.0787640388
0.3715890521
1.3458354338
1.7699133469
2.2399853567
1.5655724345
1.5433491731
0.7489020634
2.7611039257
0.2888883916
1.6817922002
0.5209150545
0.2745756181
1.6439161588
0.0658164236
1.3486647574
2.2628735979
1.1911497842
0.2447363175
2.5790571806
1.8210341958
0.0712171141
0.5467793253
0.1946050824
1.6211437714
4.7274828050
0.9009102254
0.5227318658
0.9629996359
0.7459736614
1.8183138415
0.5642267369
0.1716197575
0.4451368310
1.4100228025
1.7722533334
0.5901110771
2.0211656852
0.8607088491
1.2909277984
0.1513299525
0.4764347697
0.4057354854
0.2930359680
1.2574828451
1.7151592307
0.9399303069
1.6130008359
0.2645998788
2.4414832113
0.6432505504
0.2578875312
0.3995870488
1.1425706873
0.5375411908
1.2990178610
1.3151208411
1.4915398359
0.4013404493
1.5559176106
2.5579909841
0.9191020619
0.3522901322
0.7181614785
2.7270076601
1.1382488708
0.4430763142
0.5632044901
0.6099698646
1.7642750560
0.8802442917
0.3462489777
0.7584573877
1.8239353538
1.2400074042
2.8867631531
2.1555942342
1.5331661242
0.3036763950
0.5832024398
0.9942813493
1.2245898630
0.6834403336
1.5860216126
2.6905666928
1.3021960497
0.8651567297
1.6673716056
1.3111934181
1.5349693727
1.6880640352
2.1226465577
2.3211039832
0.4665244919
0.7030485732
2.9704915837
3.3440412574
0.7156207754
0.1916898588
0.1047255642
0.8839859304
3.9647456651
0.4692481143
0.5979792538
0.3748291109
1.0161887061
1.4658236319
0.1125964406
2.0883449159
0.0580249436
2.1051665724
0.9653999063
3.7177865379
0.2673665939
1.5525114879
3.7775585064
0.1537494370
0.3330339277
0.0927600690
2.3653610782
0.2166855355
0.3230836032
1.2165594980
0.7249824856
4.9246540146
0.1190508425
0.1865826967
0.2967913727
1.6931454368
2.5668628930
0.0562979277
0.0166992673
1.1217756076
0.8817543569
0.1227636930
0.2287812487
1.4437632322
1.1302625627
0.6198334817
0.1314413703
0.1196959595
0.0510495330
0.8364021692
1.9030251660
0.4100182484
0.4582791056
3.1514932320
2.2186330844
0.0463936637
0.0787609202
1.3185528437
0.0944359288
0.3388771434
0.2631788482
1.9155362488
0.1282833357
1.5248407067
0.0743933726
0.2489939247
0.0625292215
