sampled_beta
1.6271749883
4.2675028058
1.4512539466
1.9052965579
2.4951296584
1.5635236266
1.8660668239
2.1348078100
5.0313748607
1.9691743175
1.8771500409
1.3856419018
1.8001012603
1.5221509945
1.4055025484
3.0774645212
2.0824177327
1.6819650016
3.6128090652
2.7469789281
1.7145968126
1.7447495532
3.1708062281
1.4911128941
1.7031218697
4.7993264499
1.7517726079
3.8034642048
4.2920125549
2.6638901467
1.4348652609
1.7556204212
1.3882954888
2.8819329170
1.3507543947
21.1774902119
3.4080018097
5.1671938012
2.9232465578
20.3481863502
1.4842660894
1.8669293536
4.9874406887
2.2032194143
1.6392734552
6.0036009478
7.0836941487
2.1519933855
2.0203711167
3.6336122161
2.8012584581
2.0905299054
5.8636651155
1.9886456474
1.3949675306
10.4108755352
7.4987024419
3.7437120445
1.9680902512
1.4867001578
2.0811723239
1.7925661607
1.8905895446
3.1252170851
8.6445711835
2.2010510005
1.9465021614
2.1631090369
1.5005590238
4.5260533401
2.4301661595
3.7673618816
1.6265844278
6.8107021749
3.4851545907
10.8022030392
1.6859140502
1.6960364445
5.6965793563
2.3942361735
3.7232826098
1.2491656185
2.0691463006
2.0931088266
3.3356389213
2.2063811654
1.5279808564
2.0403736969
5.1853527474
1.8123814526
2.2929632309
5.9350409300
1.8818562537
1.6277818787
1.6580491011
1.8332506378
1.5092421666
2.4866364024
13.3279737414
1.5164908987
13.4577598705
2.5665396601
2.1247101588
1.6074692707
1.6724371402
3.6123566476
1.4198859545
8.8578321715
1.6639812950
3.4511757408
1.3260185226
1.2452796137
1.6722102055
1.6837659089
1.8907279765
1.7612015974
1.7877943766
1.5627573153
3.6260621670
2.8358520281
53.2136342418
1.9447488616
2.0242780112
10.6329772075
2.2562258236
1.3708414676
2.2831051905
1.9393890215
8.7799469335
1.6600065600
1.4989832223
1.9549070076
1.5888001867
2.5454706656
1.9225834702
2.1693657854
1.7637185002
1.3738356720
1.5778475585
1.5736224087
2.8502105538
2.6218871200
9.8024434356
2.1160826944
2.2709408318
1.4205350857
1.5489060726
2.2584427997
3.2641964042
2.9108923275
1.7981472348
7.5370592762
3.1415052943
1.2440033623
2.5153756813
2.5530986259
2.1170816728
2.0532705397
1.5669625769
14.0997648449
2.6890684492
2.6829410024
4.2220895606
1.5169305697
2.5287493241
1.7017880111
1.9875957222
5.2852197312
1.9184514259
1.5581540336
7.7134664743
1.7252841464
6.4635702425
1.6937468706
1.4568303396
1.9702673782
1.3207158588
1.6936664492
1.8493979464
3.8971375579
1.9962175523
1.4776957391
1.5178469065
9.9200191307
8.2413340095
2.9310160311
2.6717229903
2.0825753651
1.8298324923
1.8328162564
7.3730415211
7.4391307157
1.5138013477
1.4863138639
1.3589972206
2.1055605867
3.4396739803
1.3048726518
6.9985249792
1.2226707765
1.4897379959
1.7026019878
4.0183951262
1.5460674255
6.2877326612
29.8150361773
2.3475510847
1.5091240394
1.6152889105
4.7672192240
1.8183915846
3.9546953862
2.2074985138
2.1966992601
1.7984871139
2.3126678470
1.6502069007
1.7910512364
1.7231148206
2.2781761414
2.6693358826
2.0867959559
1.7151398247
1.3926001328
1.6009615909
1.4715990230
1.2820129469
1.7072448807
2.2424787846
1.6652780707
1.6236821287
1.7511505955
3.4163911586
1.7391672388
4.7494279482
1.5262127756
1.8272239476
1.9206504861
1.6050878090
2.3512837639
15.4612051719
1.7636288139
1.6958205922
1.6423991749
2.1653830799
1.9262384599
2.7207449798
1.8212405518
1.6489364829
3.7685041044
1.7892389196
2.1979947643
1.3627689554
3.2005586421
2.2220807270
9.8913014369
9.8625184423
1.8231236763
14.8982913845
3.3249039331
2.4165870546
2.5630715138
3.2554746132
3.3931967979
2.3615044991
2.9711866620
4.6605042980
2.1265110474
3.4151420553
1.7501560227
1.7775724411
1.5856613680
2.0932306491
2.1717615376
2.0918516034
5.2316750734
1.3384288498
3.9748628896
1.4992009376
3.3223087326
6.8316208270
1.7359326596
1.9220124616
1.7861522749
2.0511865243
1.8510150454
1.7368606511
7.3498940907
1.6872584697
6.8996332987
3.1996162020
1.5952418246
1.4653736905
5.9323262187
1.9404912390
4.2293101076
1.6612147353
3.3792657852
1.5614690649
1.5204513889
1.4092293210
1.6364276515
1.6469023697
1.8625056719
3.1465927698
1.4268047884
1.7637220087
7.6766108587
1.8864445405
1.7597403600
2.2925149882
3.2260653609
1.6865542992
1.9126282664
1.6780327799
2.2210514815
6.1588858969
1.7956820125
1.9811668977
1.6260187653
1.6340806281
4.7348085822
2.5535436953
2.5156894480
1.6709449585
1.8868370662
1.7575209447
2.1039619981
1.4474673086
1.5625869166
2.4496207265
1.7184172631
1.3400865479
1.4628236615
2.5452313126
6.9481847027
3.0605522713
2.7144170278
4.1671514383
2.7458533737
1.6798189898
1.3838660570
8.9429278938
1.9333490567
33.1193666044
7.4748723547
25.2663649465
2.9094766161
2.7416954029
1.7534430213
1.5462070754
3.4375796645
1.8983734760
8.2854869016
1.8775176960
1.4423972782
1.2982596987
2.5681333226
1.8620494774
2.0011559917
1.7170708513
1.7831099672
0.8471519705
3.0737949596
2.1087838419
1.4328049382
1.5402652725
2.3514204536
1.5161307814
2.2465109383
5.3668230601
30.1975283814
2.0121188534
1.5679273345
6.1362096993
12.1256705874
1.6291657603
1.4616185177
3.6454296025
14.6249238904
3.7605309738
1.6460033050
4.6356743118
7.1880371534
2.3231671100
2.7168386236
1.5488916595
9.2132846757
2.3971404734
1.4950318079
1.6842283252
4.8129626477
1.7911580078
3.5390245078
3.1316378505
2.8421918298
1.6765920779
4.8265588885
1.7265193087
15.5982917032
1.5092605006
2.0279748463
1.8143286359
2.1708909821
5.2083210702
2.0610074727
1.8177043299
1.5454350931
2.9993256764
9.6639504986
1.7990085737
4.0537087093
2.6614530159
3.5057003602
1.7530915370
3.7413325133
1.4964968086
1.6183999882
4.8482208961
1.7480148756
1.4011670965
2.9544026534
3.5291359820
1.4467142483
1.4823321249
1.7729178511
2.5589264682
8.0546841280
1.4420118135
6.9049165723
1.8220312698
2.7830745324
1.7928956855
1.7436374617
78.2834933235
16.2729518636
1.9862363918
2.2687795803
2.0544645377
1.2857684212
4.9782238880
1.8471691078
1.7178124342
3.1964961978
1.5454732258
3.2035752558
1.6964464100
1.7650044538
1.5121291422
5.5058055059
1.5864787264
2.0942403675
1.5201210826
2.5432258583
1.7101403081
10.4809232432
1.2841819914
2.7432287894
9.0475268842
4.7148126471
1.7455293782
1.8865539847
3.0920908996
2.1473700315
1.7172598926
1.5349836533
3.4734092026
3.5881518811
4.2880884131
1.7477883231
1.6420078089
18.1187443894
1.2820019423
1.7087430986
1.8967316049
2.7694067087
2.1208615250
2.5564988800
1.3581266725
1.7703548723
1.7150245678
1.4223070260
1.8907488513
3.6542902231
1.5696630858
1.4771678902
2.7464017452
1.9838780708
1.3742132561
2.8480254242
1.5048595379
1.9319930453
2.0252502415
1.4213263379
2.7940686967
2.3461151406
3.1003049020
1.6539738005
1.5417271013
1.8738256484
5.8890662065
1.9773106520
1.4925607071
2.3077397780
5.1908063435
1.6925044847
1.8030413303
1.7615727673
2.6269898221
1.4557330315
2.1228415081
18.2443384331
2.1132230056
2.0644358148
1.4434465389
1.5993713426
2.6825982996
3.0138741512
3.5819745857
2.9888351033
1.4685369840
1.4340699940
9.5966333682
5.3318229981
4.8963157487
5.1547106484
1.9389410797
1.2325594720
1.6914821039
1.9853221027
4.2683244224
1.5770425797
2.1025698477
1.3602164410
2.0057093744
1.7670987283
1.4724440955
1.9223368515
1.7925564297
3.3819498363
1.6440121146
1.6267082520
1.2433757742
1.3353373059
2.6615340571
2.4508193762
2.4142335258
1.5024304382
3.2063775633
1.5677375295
2.7201037930
1.3550926068
1.8032634960
3.0538760295
1.6449669947
1.7579632225
1.8026006906
1.8345204915
4.0898650827
2.5789827587
2.0693670365
5.5309648827
6.9891873238
1.6830239417
1.5609809862
3.0488285298
1.9416052260
2.4440927048
1.7682374876
1.4458021414
2.5183172394
4.8292977128
1.7594738771
1.7039060304
1.6069380512
2.3334353465
9.2752379910
1.8351099559
1.6537512433
9.9930158326
1.8612128619
2.5750637414
1.9982280837
2.8523894290
23.4770028840
2.1523317407
1.7429160924
2.1827084271
1.6666691378
2.0783073628
1.3287103825
1.8202778465
1.5561410796
27.1731323332
2.1173029188
2.3833856733
2.0803927703
2.3393534102
1.8186001498
1.8293812653
1.5624268340
1.3274777497
1.5086913768
1.8324860260
6.2934637662
2.1585692141
1.6014166096
1.9808336680
2.0310563540
2.3222163736
1.3884632442
3.6574504408
1.8673059823
1.9656565894
1.6052545670
3.0211479018
1.5708527614
1.9828795882
2.4043950906
3.9088064863
1.6497006188
1.9631747329
3.4999901402
2.6719196031
3.2074463937
8.1818786914
1.8185087851
6.4032338924
1.6167979500
15.1502939811
1.6898458079
2.8348022286
1.7801551390
1.4396701796
1.7523548364
1.8534584484
8.4112164927
1.9268053153
1.7394587991
2.1788558751
12.7470820991
1.7832910645
10.7030614387
1.4709781150
5.3751600300
1.8635576997
2.9158117042
1.2601282300
7.0986027252
1.4877833058
1.8081282592
2.7688361765
1.5404633617
6.0531274477
1.8146913311
2.2829417787
5.6455737881
2.7922816868
1.2653256933
1.6062078061
3.0165789874
3.1842964027
3.2318631332
1.2347592355
1.6462062362
1.9842340836
2.0751791678
4.8527017633
3.7479570178
13.2423888059
3.5918039502
24.1726657626
6.7003959890
40.8425686830
3.1790848910
2.1473218088
2.0045765790
1.6239201790
1.6172177554
5.2366418816
17.7084038112
5.7424338470
1.5595542726
2.5419176946
1.8311984901
1.2324210368
1.9458864081
1.9816835814
1.5838948498
8.5627237409
1.9665983723
15.0512995700
10.9724532035
16.2054211475
4.3853460399
1.8293402256
2.4266966049
9.4112986431
4.5051022333
4.1511975491
1.8924341081
2.0081541682
1.6255946117
1.8979424069
2.4487662884
4.2126728700
2.2336391695
1.6407708684
1.4577801004
2.5303254569
1.5020282861
9.4642272822
6.7410968622
2.5768379393
1.6005710260
2.1238277941
1.7293252430
1.6473195187
1.7982539179
1.2455006759
2.7710360824
2.7768163673
2.3675448038
4.5328654725
1.5676501654
6.1471307807
1.8481789207
1.6155660346
1.7855875178
8.0127044530
7.6277943356
19.2167044126
1.4898228465
1.2538076124
4.0506614359
2.3659960769
1.4300618390
4.2968712399
1.6536973812
7.3728614875
2.0429363449
4.0716595322
1.7250578308
2.3736576044
1.3292415437
1.7625702651
1.3855838388
1.5721806310
2.4757327480
3.1022802398
3.0030165564
1.9946505049
1.8141053745
1.7679713883
2.1971724511
1.6608724816
3.6822918245
24.3204173604
18.9602018115
3.8436880735
1.6810907817
5.2116667037
1.9484062823
25.2279695051
1.5214721367
1.5862295948
1.5839908576
2.8239045017
2.6207847739
2.3132367330
1.3779915251
4.8951408847
2.6629077226
29.7015914228
3.2660982978
2.0985190990
3.7343299255
1.6047057545
1.9370566031
2.4536679255
11.0261911235
10.4203410068
4.9745266720
1.8142706659
6.3463322837
1.8895541753
1.9210190465
2.1745751767
2.9230509746
1.6125976102
2.6425985988
1.2369682177
3.1141045974
2.7861200354
3.0550741449
4.2208101001
1.5616668669
4.0866830731
1.4604628827
1.6789430855
1.6642804356
1.5523851623
1.9259394838
1.5061040536
3.2987906892
2.5694382253
1.6299791070
1.7449080713
3.2830039293
2.4865834252
2.0766791457
1.4296136421
3.2478965031
7.7332194347
4.0617181410
17.1771379847
2.0882491504
18.1733486610
3.7406973913
1.6987360454
1.6696985255
1.6443905516
2.2043568480
2.1307320740
1.5796649631
1.6931600818
2.1141378059
4.1434551633
5.4421973800
2.9461079001
1.9574082195
2.0672426739
1.7928573574
3.6775626783
3.5631627309
4.7034801266
2.5860680804
3.3173084136
2.5555900965
1.7685985691
7.0065033936
2.0748569517
8.2895201733
1.5673100651
1.8989700767
5.5671589695
3.4876880032
2.4457923142
1.2564179440
1.7152813229
1.6436402976
6.5086809427
1.7202363472
3.8364757631
1.5965701741
7.7390796565
10.3319883831
2.0157487763
11.1371812639
2.0083959836
1.5867174731
2.9976609398
1.7722527592
1.6599327257
3.4853096975
4.0549116150
1.8709746141
3.2797344628
2.3862761698
1.3336524452
1.9262272677
3.9616238602
1.5118827202
1.2303615043
1.6923388306
1.6388773925
7.7818337485
1.6743203981
37.5076924034
2.4275446554
5.2057148978
3.7852533239
1.7697935783
1.9939803380
1.6278551599
2.1780527505
5.0295953860
2.8658663609
6.5856510448
1.8195208770
1.5847148794
2.1590372050
5.2291716770
1.5247208721
1.6575539881
2.0862071315
3.0975185598
1.9651530545
4.2362886562
1.3951825046
2.2236818479
2.2050321013
1.4421786115
2.4953797666
8.1628295432
1.3123457399
4.2465780441
3.5725561796
2.7451250216
2.3048892941
1.6383120433
10.1190300044
22.0713582833
11.8272105673
2.3447628178
3.4414479824
7.4100659047
2.3801441555
2.6164839669
3.8872102742
1.3048215652
3.2324685601
1.8904355551
1.5473183742
1.9603619609
3.4549451572
1.7572138515
2.0011057436
3.6028902694
8.8542936692
3.1808396991
8.6775978040
1.4371996343
2.6373573218
1.6882902907
1.8208194924
2.0072753655
1.9012649722
1.7842390091
3.2147191905
1.7123124288
1.4378210227
1.9640276130
1.5443972016
2.7212207336
2.9082656926
1.6999659141
1.9595054372
2.5701240446
2.9105233927
1.7327511294
2.5060855474
5.6937966694
3.6373585145
4.9416232783
1.7015536982
1.2190386707
2.2790627018
13.6192961930
1.5310823140
1.8707996651
5.6177051759
9.2021232206
1.7913402632
3.3640964642
2.0659969870
2.3054209210
3.4131780381
0.3703086279
3.8873531054
4.5165912573
1.3690183306
24.7395228614
2.1413943718
1.5047974808
2.1234477801
1.5745543053
2.5234782491
5.5713189080
1.7537268073
1.7014834679
2.0901476773
1.4386965147
2.5787153925
1.2951931926
2.1695073088
5.5094503551
0.7506087800
2.8416745118
4.6089988633
1.2911123438
1.6919502032
2.7294967671
1.2943141099
1.9485395086
21.0198300090
1.7693930394
1.4536689032
2.1325832646
1.6419037280
1.5294141758
1.6397765281
1.6018121266
3.5868070757
31.6909014319
1.5475537225
2.0286934962
2.8777411604
4.0395370809
5.2311261820
8.5829267412
21.9294066605
11.6653936801
1.5736200786
1.9660149056
1.7985415300
1.3294566839
1.4654285358
7.7521240226
5.8447047637
5.3324691810
4.3371584684
2.8628796141
1.7272541376
2.3734519647
1.6743223569
1.6625665519
3.3886155240
1.6323374407
2.7721548103
9.4459725769
2.9133295265
2.5297578799
5.3179200234
4.3439876139
2.1693792655
3.2757166587
2.1056553847
4.5405294921
5.4257779915
3.2004045117
1.5439823515
1.7634729212
19.8392211704
1.3879069723
2.9588874806
2.5240586680
1.6501633024
2.4550134854
1.7448667008
1.6818768034
1.4246994788
2.1501347416
1.4045157593
1.7262914914
9.4356544427
3.5651148377
1.7220586233
1.5113615997
1.7422052535
1.6342092492
3.2816527656
20.0303512798
1.7565495802
8.4615602959
2.2991063326
1.9111675463
1.7297873332
1.7809254721
3.4948629989
2.8445424670
2.0002846896
2.2471658510
2.0666329010
1.7105710694
3.0200268596
1.9561075489
1.5809260780
2.4014485295
9.3435512722
2.6423582744
3.3278482991
1.4342081227
1.2854119065
3.4572199307
26.3128502042
1.5253673461
1.5684733038
28.8651893166
5.2153919807
1.7775210903
3.0312350102
13.9381535923
7.4004234260
11.0205631109
1.4602904402
11.2957375144
3.0895793965
12.1421360057
41.2096838634
1.9674389419
5.5443319869
1.6973319660
11.4162006570
1.8001710257
1.6700942461
1.8333385117
1.5800471679
1.6578811471
4.7872482078
2.4760903323
1.5545718773
2.2643993828
1.4770656739
6.2229258420
6.7456411150
2.7452077550
1.6900011304
2.9811000398
1.8244839003
1.3833780005
1.8568083658
1.5898989637
1.6760959119
2.2421088357
2.7975961430
2.1227870063
2.3280082654
3.6099228751
2.2021415537
2.5342981879
1.5511748837
2.1498520985
14.1433351394
1.7433261052
1.7737114587
10.0242337670
4.9554913871
3.3004440834
1.4617590047
1.7898360869
2.0260481998
1.9747559420
11.8097048416
6.3307198453
2.0379092845
9.9939075639
1.8006493709
1.8723555884
3.1052490174
1.8383922298
2.0723617470
5.7032929910
2.3316919439
4.8170913840
7.1064248152
2.8495339216
2.0495366556
1.8580068877
3.0424877525
2.2357312201
1.9232560069
1.8368300442
1.8039890463
4.0256173586
1.8856038505
2.2742638037
2.7728606583
2.5758946309
2.5160717287
1.8547268823
2.2711614810
15.0413097713
12.4375982927
24.3998951033
1.7732161410
4.4203135694
1.6303219825
2.3656993653
2.2760837189
4.6704569585
3.2582565270
13.1731817555
32.4068307613
9.8209755026
3.6517222536
4.2484063172
4.0804405076
1.6904983931
5.6502777544
4.4446731704
1.6668944468
2.2476502300
3.0591402536
1.5103644340
1.9224512924
3.3378849969
1.5781676495
1.4420887409
2.5521718748
19.5400892817
2.0126512330
2.4735423738
1.4679602988
2.4922806075
5.5086066801
1.6073616308
19.7292016278
1.5111317321
4.4643067388
4.4016747781
9.8473212095
1.7083016161
5.8708421635
1.4514881955
1.6511717414
1.7571476816
1.3920861574
1.4923986899
1.6436487070
1.8560603041
3.2770148955
2.6125774998
0.1771319637
1.5568332611
1.6171998072
1.7841687601
3.9298189108
2.2576547725
1.4171872657
1.2674757262
3.3577114052
3.5125999007
1.5835846565
1.7303125420
7.5647987353
9.1774987262
2.7313169414
1.4608276633
1.4167304262
1.3312582762
2.1146385860
6.1831671444
2.0800636109
2.2340296309
1.7403129909
3.6064058640
1.3317498334
1.4487059889
8.2650059349
1.4137635506
1.8534755606
1.8600579616
2.1103338656
1.6446389913
4.9168476064
1.3697355199
1.7274959970
1.5585266489
