sampled_theta1
0.2942351826
0.0205882973
1.2510170837
0.2739889270
0.5261183800
1.8553563470
3.6184503985
0.8009799598
0.8196445895
0.1857549243
2.8806234202
0.1918223261
2.3538880345
0.9456099275
1.5281301822
0.6267752061
0.3210393510
0.9537512055
3.2965605826
4.1955453635
1.1122474423
2.1320573621
0.2965480257
0.2187031559
0.9692912602
1.1937581697
0.4855610304
0.1802587003
0.4470700100
1.2455756025
2.2595178238
2.0526287586
4.1600963682
0.5258876037
2.2309416845
0.8014677613
0.1118773524
1.3478679082
1.0338876611
1.6065196228
1.2177251337
1.6697761122
2.1851542712
1.4247452742
1.4993580497
2.9813223709
0.1333627854
2.2869600371
0.1133626141
0.1271676563
0.8463426941
1.3696337902
0.1201537412
0.1367688219
1.6898302517
0.6580983886
0.3878327769
0.1136534789
0.1440732103
0.8523242270
1.2251260534
1.3904698330
0.3554075448
2.4691278424
1.9398544972
1.7897395319
1.6965726011
3.1782097948
0.6336851185
2.1831196928
0.8245536901
1.0231216051
0.8267016302
1.1557106182
2.7868891806
0.8335617827
0.1681615821
0.4719315056
0.7375445575
0.9832710217
2.4940597598
0.2397844706
2.5361145798
0.6666853171
0.2391868046
0.2364207706
1.7173370644
0.7012436897
0.0459076100
0.8289940879
4.2500297745
0.4218353570
0.1984357523
1.3474562567
0.9793420299
0.7647486345
0.2656699483
0.5391775900
4.3189978090
2.1906740495
1.5062677035
0.4812556805
0.9494133122
0.7310661636
0.7207389688
4.1100190817
1.3900837101
0.1208785535
1.0789694205
0.3166066250
0.0444565088
2.8909330786
3.4231946454
0.0414514762
1.0148197586
0.5852098246
0.8651163774
0.3870506800
0.8514273932
0.0290619893
0.0914137679
1.5849958892
0.5665189549
0.1191251459
1.2674282548
0.2406427971
0.2248364655
0.2440677067
1.4909773799
0.5824596737
0.6325651746
0.1308318009
2.9726165795
1.7082316614
0.1889585056
0.0529866762
0.0369271605
0.6070485633
2.6060594763
0.3954453813
0.5197951848
4.3761475369
2.8752162526
1.6706652753
0.5423388183
0.6102879488
0.8403639116
0.8148376239
1.7544207156
3.3870716387
0.3000856786
0.7234871743
0.2813440511
0.0307447169
3.9438457113
0.2732153926
1.2064780564
0.7335115777
3.4558921468
4.1971329809
0.1770420711
0.4029841094
2.8755873466
0.0256820259
0.8592682857
0.1856742590
0.3990751890
1.5034332420
1.9978354533
0.0880369503
0.2308517545
2.0976304348
1.4941364013
2.2309512966
0.2867825842
0.2943650378
0.9996343509
2.3746313824
2.3117522093
0.1444800579
2.1769528073
0.6479319244
1.3250720863
1.7566429857
0.7472303739
4.0837485714
0.5697144457
0.5942604535
2.4132915819
0.9894619918
0.2953927176
1.8099404562
0.2829760335
0.1529623397
0.3929482076
0.7197364617
0.3588409923
0.1636626228
0.8133940539
0.4050030773
1.1005807815
2.2986506170
0.2443600751
3.9886429457
0.6624985765
2.7902732370
0.4450223872
0.1766627740
0.3896157053
2.0949616671
1.4305722504
0.2302676534
1.3818606117
1.1977842593
1.6650679655
0.0627214362
1.4820253895
0.8420803060
0.4740345987
0.3003742829
0.5523019059
0.0433013076
0.3351583272
0.0939139996
1.2960435605
2.8116129319
1.6005119577
0.1469321427
2.0147271107
3.3487970820
0.2730305127
0.3828245241
0.4194059875
0.4587369103
0.7205072999
1.9209216886
0.0309059903
0.0341729072
0.0259202599
0.7690425598
1.5267197282
2.1442900730
2.6122064082
0.3258491709
2.2788900336
1.7937296865
2.5121795568
1.5366662501
1.2983293101
0.5928098342
0.9084264230
3.7298325751
3.6244749622
0.1105155409
0.0700568331
0.5739214159
2.1153187594
0.6365721200
0.1973781236
1.7508429686
1.6404847504
2.8436536029
0.7227030673
0.2528872186
1.3359058854
0.3550688795
0.8471071320
0.2729507667
0.7866041664
0.9411074726
0.0073779289
0.0458791270
1.5159361567
1.9959992574
0.2849955307
0.9304551787
1.6563908772
0.7641612130
0.2365738548
1.3613781819
0.2805750995
1.6215320641
0.0642347446
0.2725591729
0.6190486534
0.0039330785
1.9563960281
2.1700588343
1.9044277166
1.6823166077
0.0634846451
2.7605161481
2.2895435058
0.3089402872
0.6511385332
0.5802195954
1.0300313621
0.1991740274
0.9079600923
1.8565938222
0.6539443401
0.4884196395
1.7407257016
2.3047444537
0.3715704595
3.0524721841
0.9688212057
0.6527353221
4.1854983792
2.1831799034
2.2746967275
2.5592894786
1.3570021943
0.0146086567
2.6997838390
2.0668489058
0.9757936378
0.9676375669
4.3929207119
0.2294878487
0.6565692502
1.9225204170
1.1959273631
4.3874794917
0.6289726331
0.5835461344
0.4268810046
2.1057902856
0.4521558719
0.4575213610
0.1421391163
0.0574657828
1.9136808294
1.8480414425
0.7011816338
0.4008677159
0.4794566651
2.2620234649
0.6750477900
0.5600841187
0.9619505532
0.4003874412
1.6003205018
1.1202334218
0.1185003244
0.2998988342
0.3221228490
1.7286603262
0.3897818150
0.2231548159
0.1444122401
0.5907573332
0.4730827220
0.3382817839
2.8256768220
0.8928111688
0.5368606325
0.9725305689
1.8444487189
0.1915120678
0.7750576593
2.8604762050
2.0397540301
1.0416712114
0.6865823894
0.8875674294
1.2028564876
1.9594449179
1.3115220599
0.8726009044
0.6260493178
1.8760042025
0.3004083665
0.9673845828
2.0457682932
1.7952091035
1.9078551917
1.5625893428
0.4652763362
0.4526794803
0.8716389731
0.4666050148
1.5167847721
1.9992407217
0.1325520280
0.3890246806
2.4563623295
1.7708901660
2.7655707960
1.8846139854
0.0149010805
2.1752691634
0.2393307548
0.8871268079
3.1995523628
2.1528078120
0.2001213519
0.1896937273
0.0525982178
1.0457611774
1.2870738895
1.1598760529
2.2761579171
1.1335986035
1.7957780628
0.9513490956
0.2475503888
1.2386888614
1.6792518097
1.3075067675
2.0352062258
1.9526145015
0.3179982592
0.8671542672
0.5030726415
1.0501621259
0.7374902242
1.7831532782
2.9798520757
1.1974662375
1.0525746346
0.3959982448
0.0937880084
2.6663499018
0.7537700183
0.4524924397
0.4700719299
1.7414329773
0.0823168688
0.2067452079
0.2213824656
0.2112004882
0.1498393751
0.4184947351
2.1804250746
3.6878740809
1.3203753762
1.8977081037
0.8970809031
0.9011092239
0.8914660000
0.2807383996
0.3935215114
1.3402830450
0.5846449665
1.7806976559
2.6617418657
1.2311760966
1.7747731460
2.8451580376
1.9288240405
1.3256099932
0.2997646620
0.5426147068
1.7822062730
0.5909059850
4.2251810570
0.0738115938
1.1222351904
0.2251571318
0.6263595984
0.7418859018
2.0093627220
0.9748964355
0.6621091882
0.1544718821
1.1061940157
0.1658408913
