sampled_theta2
0.9588650605
1.3355513314
0.8611916780
0.5122790536
0.3487710047
0.4638639745
0.7383180734
1.0009662707
1.3801939173
0.4802095109
0.1835317869
0.5612573435
0.6397542469
0.6917274468
0.0886203271
0.5445432593
0.6476212375
0.6025750564
0.2885485184
0.2271441738
0.7156609380
0.7697530400
1.5798862869
0.7454409153
0.5900191439
0.6353696575
2.4088901086
4.5376951343
0.1055786874
1.3903908003
2.5703440167
0.0602286329
1.5706675870
1.5144426668
1.9111963588
0.3708118078
0.0850862047
0.7484052656
1.3703663189
0.8963494057
0.2538034042
0.4404761278
0.0966895182
2.4755084221
0.1058328648
0.9758381452
0.9074585570
0.0986156490
1.5562199093
0.0243870116
0.2956582696
0.4785316999
0.3646858233
4.0029139080
0.0498358176
0.2095011157
0.5847817101
0.9431825708
1.5571914725
1.8673116912
2.7723457358
0.1153655940
0.1202103236
0.1488598284
0.3929412306
0.2035912226
0.3645544784
0.0490399091
0.2061823526
0.5173140862
0.3466970161
1.2615924396
0.0862850425
0.3508754051
0.1510846448
0.0827191628
2.5934582219
4.0975252189
2.7835246835
3.5822142185
0.5860058290
0.9410879935
0.5570802220
0.4122868337
0.7141366734
0.3369895609
0.0371745525
3.1756255946
1.2702912432
1.0407932276
0.2009546426
0.1110089814
0.6186000419
1.4546692013
0.4965090497
0.5090652527
4.5634750146
2.3354917083
0.8486793942
0.2116476688
0.8305814146
1.0135967961
0.7212231573
0.3216831188
0.9259190545
0.5135540375
2.1765151858
3.9660677025
2.4200088213
0.7562428217
3.6132902943
2.5623670020
0.0203328436
2.5456194113
0.0660333559
0.3758842287
0.9211755838
0.8832254287
0.1484922956
0.8879672318
0.3047169223
1.0259647772
0.6364655383
2.4896151825
0.1106907299
0.0660441982
1.6408350670
1.0511496890
0.5473959208
0.4942317772
0.2337608515
0.6416533008
3.7307785791
0.9424805229
0.2149344500
2.9478900357
0.4260633371
0.9021698643
0.8499512246
0.5936967952
0.2869540476
0.1119904004
0.1092834077
0.2819190073
0.6530909963
0.5336719698
0.0321028739
0.0249965549
0.2082183861
0.0047085441
0.9649117489
0.4636895980
0.7076768008
0.3216029899
0.0628070388
0.9510378337
0.6406555222
0.4674832119
2.2846938105
0.0657772357
1.4100996685
0.0140574696
3.0799394889
0.8867975122
0.2678554284
2.3738500525
0.4608072920
0.9116956131
1.3164253148
1.3055783685
0.2650501778
0.2603984591
0.4757584793
1.3646609262
0.5834845403
1.3141305618
0.3167474183
0.1190701352
0.0418014350
1.3339517219
1.5449719578
1.7627484959
0.9856898359
0.3677581234
1.2061540778
0.0329183763
0.2183463618
0.1458190162
1.8671853265
0.9122911317
1.3922880083
0.3917901864
0.0211876027
0.9081646571
0.4554802588
0.7938824413
0.0222405502
0.5046884197
0.2380787640
0.3071779601
0.0315962005
1.8558295691
4.1409774535
4.8459874555
0.8288916323
0.7348048476
4.5403323761
1.6209683670
1.2373287261
0.1728060804
0.6922530961
0.2461958261
0.8185876318
0.5632785236
0.0348327305
0.7806630201
0.0046952444
0.2381266673
0.6306495928
0.0712383600
0.3521957627
0.5919113069
1.5709168471
1.7519838964
0.3319716391
0.6886160349
3.1623535467
0.2223321369
2.1492700083
2.4691733414
3.4850995913
0.5713255340
1.6531084302
0.7380228525
2.6488918542
2.5416189583
1.0243171308
3.5989475154
0.8170649502
0.5206138393
1.4967009409
1.8303965200
1.1826815925
0.3167462401
1.3948634071
0.9998327907
1.1731441939
0.9184617246
0.1969601173
0.4872074120
0.0082202028
3.1785971184
3.9826255425
1.3304169290
0.3495709874
0.2629111295
0.7789802806
2.3899597228
1.7437190981
1.9458360898
0.0043019021
0.2282169055
4.7846144886
0.5845042528
0.7655763035
1.5193622252
0.2820939673
0.1199555169
1.2741564522
0.7241040707
1.8002613245
2.1911169792
1.7781379281
0.3520946499
0.7147786867
0.4048796707
0.1228734451
1.6344201566
0.8012855264
0.4776289469
1.1220419955
0.3815096199
0.2277772450
0.1183592404
1.7878977135
3.4953233778
0.4724116269
0.2103979437
1.9652075025
0.0239010214
0.8966349523
1.8098362850
1.6788989539
1.9754146700
3.2572404550
0.7668532747
1.0873295160
0.9516761787
0.2911644748
3.2195257469
0.0034232695
0.3670164448
1.6220222092
1.0581322608
0.1394623790
1.0463810983
0.6503600906
0.7019087661
0.0932498527
2.0939744645
1.9902284412
3.9034222978
2.2161242747
4.6227294186
3.0756093406
4.7291407079
2.5807704137
4.6492090050
3.6552152031
2.2763049187
2.0456875531
0.6080661905
0.5427364519
0.2108262107
1.3152135880
0.1244907014
1.0245083128
4.7932166317
0.6393517730
0.8525030929
0.8152321423
2.2716757324
1.3244217950
0.5799574025
0.7050850283
0.0141045815
1.6803529275
0.9435241864
0.6889044287
0.7784622024
1.0373458677
0.8341701647
2.3845003937
0.6985018742
0.3361382665
0.0555425683
0.2391140166
1.1615911707
0.6679714682
0.3851499556
0.9917455312
3.3415828413
0.4526025220
1.1013707555
0.8477027965
0.0000631962
0.4580374788
0.7986273748
1.3711770771
0.1482827212
2.1622722839
3.0442389933
2.8024466731
2.5013785631
0.4546844313
0.1107549503
0.1600104150
1.5457876060
0.5259945059
0.4618765908
0.2330621154
0.9104995517
0.5976016685
0.1982819610
0.3478413585
0.8560641178
0.2300614298
0.0023260882
0.3828750490
0.0865314788
0.5365752447
0.0019986188
1.6230566887
0.6465105078
0.8842042909
0.0564739193
0.5264548229
0.8698518873
0.1780847402
1.9858858863
1.2317164335
0.1651009673
0.4309376639
0.0379013609
0.0353629286
0.0475882666
0.2721251388
0.2435189835
1.3095482819
0.6438438199
0.4708805182
0.3304106815
0.7669713205
0.5868931091
0.1997891650
0.6349516333
4.5949805648
0.5557082676
0.0529186493
0.8208160964
0.8922616786
0.0188938092
0.2086475949
0.1121230902
1.2263300525
2.1011774154
0.9237326164
0.2043840086
0.0493033244
0.3719004829
0.2552480814
0.0535170277
1.0363157344
1.0584038283
0.6267321960
0.4216995957
0.2055917344
0.0712947046
1.1635581200
1.3439095346
3.2731315270
0.7732020594
1.0881567349
0.8131487197
1.2234293857
0.6397813293
1.6353400625
0.6220583631
0.2369608522
0.5114319826
0.5524798470
0.0243536101
0.5584171652
0.3094812337
0.1892091601
0.1833494202
0.5268443662
0.1089018010
0.0293441476
0.4874987733
0.6430536417
0.3276436460
3.8072573419
1.0377209318
2.3805819958
0.1323635205
1.6413689602
0.6019397276
2.5098899477
1.7238056554
0.1669348989
0.5226765080
0.3343784200
1.0715188035
0.9576769585
0.4919029851
0.5789465205
0.6104240115
