sampled_beta
1.9811397698
1.3372146832
3.8584580642
1.7081746192
1.8604144342
3.3824790209
7.4102932063
3.4551391679
4.4748645743
1.5772283913
1.5733511683
1.6149598616
5.1704458467
2.9273884459
1.7086128009
2.2320832415
1.8582051061
2.7295146811
1.7518066243
0.7914292630
3.2151058221
5.6559475226
2.1391786678
1.7267643038
2.7200044925
3.1239457794
3.3534282116
1.7671698077
1.5558572814
5.8531920632
17.4745131656
1.7391906235
26.7376588592
3.2425378951
12.2954390631
2.1257769951
1.4199650606
3.6877542536
5.2137916913
4.7225622407
2.1343914666
3.1139394639
1.7141531278
12.4539767912
1.7310274177
10.1923751333
1.5762261766
1.7111859453
1.5626653438
1.4670329109
2.0331171281
2.9473899067
1.4543164956
1.7133768716
1.7044814439
1.7792748597
1.9238163577
1.5334866175
1.6305547164
5.9076403076
12.6465113371
1.7477643764
1.5308025700
1.6752823783
2.9897366251
1.9910426551
2.7523964845
1.9332198320
1.7611628268
3.9767709975
2.1044977013
4.7910186094
1.6392606145
2.3779897015
1.5976949313
1.6356958909
1.6995643419
3.1185772327
6.0391156507
10.6157037838
4.7984128332
1.8373394601
4.5248295182
2.0724447976
1.7525529398
1.5764850606
1.7061467599
5.6954755786
1.3995275111
3.6240581035
0.8565936893
1.5508545469
1.6457562153
6.3994040830
2.5308949944
2.3291014589
1.9299371417
3.7975833056
9.8483134792
1.9339879204
4.2622104613
2.5370369195
3.0049689813
1.9911730833
3.0911083345
3.2491825983
10.4200702907
1.7045685801
9.6004216585
1.9186446349
1.5200125040
22.2111104972
1.9243523613
1.4576377933
1.6429624636
1.9467795896
3.3902325077
2.1609479776
1.7550444336
1.3373232840
1.4014079896
5.1428801185
2.2799274100
1.6139842331
1.7341462473
1.4709534311
1.8610934649
1.8778956322
3.3307066286
2.1039337258
1.7979511670
1.5334442262
35.3964451943
5.1603191705
1.4842236505
1.5190944475
1.3231112393
2.7566797165
7.6117721513
1.9434136804
1.7849798325
1.6898766578
1.6750596360
2.3428198190
2.2604384553
2.1948042943
1.5865972053
1.5743813075
2.0142860127
1.6271931854
1.9990058421
2.2082243347
1.8249160096
1.3109047938
2.0263945677
1.9244266638
3.1563066336
2.2245485592
26.1115783320
2.0592581010
1.7132631913
1.5062760169
27.0848390054
1.3301944630
1.9914575051
1.7374681020
1.8383842442
4.5295071345
7.7570640589
1.4975768420
1.5379991599
2.1984577793
3.0868055743
9.0586248377
1.7653596666
2.0984993797
2.1818573118
1.6904646449
1.7932152427
1.6263953896
9.7602724820
4.2434572321
4.4117138716
2.7902592074
3.7694928129
2.1104844625
1.7398200507
1.6596230981
13.0576271309
3.5844635031
2.1157659102
2.9413418833
1.4899947432
1.6219123668
1.8261857824
2.8200109925
1.5024790578
1.5545099880
1.9106597119
1.7121394836
1.6207769507
12.3006803175
1.8769376974
66.8962941082
2.7698677661
6.7754514088
2.8609928552
1.7141824223
2.4268223152
1.8163036679
3.6744682081
1.5289559519
3.9655409509
2.9483737783
1.6978542080
1.4039733096
1.5465479804
1.9264274504
2.1124859383
1.4883018178
1.8875743974
1.3463937225
2.3130993904
1.5345810342
2.4194542303
6.2233203276
18.5455324375
1.4508657336
12.8681054891
26.3898574177
1.9781386552
1.9051883076
2.7629449874
2.1928607921
5.7568637889
15.3729480943
1.3487925868
1.4720582820
1.3271696808
2.3546446703
7.0810995140
11.3175902199
10.1515423417
1.6495164734
9.4637820442
5.6335750067
9.5337595474
4.6302322099
1.9723009306
2.1061555705
1.5463880824
39.1407455448
47.4547052460
1.5471958443
1.3731446209
1.7965331991
5.6621957829
4.7141429449
1.7729190653
10.3751827976
1.5473338878
1.7225438556
5.9753427861
1.7152597526
3.7169950896
2.3974001497
2.0095513978
1.4954395990
4.0754865434
3.0009443124
1.3013450301
1.4536289325
8.5528563556
2.7428891156
1.8353215893
2.3002983385
1.7575666251
4.7800530647
1.7826638821
2.9346463900
2.0044990330
2.8011170898
1.3555324265
1.4945505319
4.0797706613
1.2839050159
3.5059416543
1.9349248945
11.1107964657
1.6881449540
1.4150513293
15.1526755505
11.1309613244
2.1995040124
5.0707446487
2.4902189476
4.2075667644
1.7391080020
2.0666771463
20.7704854532
1.4955889826
1.8462872642
8.4043569228
7.8572247463
1.5520576295
11.3097139033
2.8580452793
2.5280620765
1.8417133325
13.3121377447
13.0763872841
33.2426055439
10.5039542799
1.3726293852
25.4170907756
38.4633033887
8.9166770611
10.5369097216
58.0861775800
1.8640682664
4.6366153720
4.2873462686
2.8952650073
0.7181303991
3.4829033864
1.6272958869
2.3863457494
39.6737911715
2.0822210364
2.3047177425
1.5854721812
1.4921053833
7.4660973867
4.0181202496
2.6144621418
1.5060161764
3.1151338051
7.0616903750
2.5424712505
2.4622650114
3.9105729962
2.1520571240
12.6977342944
3.1811857466
1.4455363344
1.4876488185
1.5941253809
6.0945579507
1.9936840544
1.5845488535
1.6097333496
4.3662401226
1.9221371874
2.1756544735
8.2013311000
1.4577149445
2.0030870839
3.2380119128
7.4416004354
1.4651185182
5.8374512335
26.5698219733
18.1678266545
9.4911342533
2.1569238176
1.6902785406
1.8510640753
8.7895126549
3.0082360888
2.3517865905
1.7929993637
5.5381705378
1.7942536379
1.8986858888
2.7170908144
5.0827398886
2.0869039648
1.5148076347
1.8403741545
1.5425845116
2.4955723736
1.4798798555
7.7063877146
4.6399325231
1.5720733346
1.5110221024
4.1898696733
5.0660249882
1.6125874294
11.1648914914
1.3179653067
1.7747956554
1.6237511783
1.5993434243
1.9523352212
1.7639888181
1.5145145937
1.4947836868
1.4184991488
2.9409474570
2.8261649569
2.3269865285
6.0227677421
2.9193026937
1.9749878677
2.8002549525
1.8819515244
2.9856923016
1.7033778889
3.8329732682
5.9807167326
1.7127386928
1.5711149515
1.6887474818
2.8424920092
8.1279884790
3.1265620429
1.9951363985
1.8956050211
2.4670006999
2.0704931785
1.5124963168
1.4941715833
9.5850354598
2.5384148957
1.8662888725
1.6649290010
1.7088330577
1.4765449738
1.7987214604
1.8241178873
1.7214753015
1.6297926361
2.1752206371
8.1050455951
5.5594491231
7.1967051677
4.3191195646
1.9529657475
2.4769886607
2.5497618418
1.4893354269
1.9115514528
2.3670405209
1.7120155255
1.9147336562
4.2342786743
1.7285085449
1.7091849016
3.7870884339
4.4868576294
2.4221597356
2.0680213159
2.7567632809
13.4843184834
1.6403521673
28.6689179514
1.4112412269
10.3888824362
1.8614257709
1.7027700113
2.3291045347
2.6344976241
4.0433361634
2.9993406115
1.5371640870
2.8643239225
1.5893319537
