sampled_theta1
0.3789285760
1.4937266703
0.8340865375
3.7925746567
3.0171039242
1.9374635866
0.5640775724
0.6240996804
1.4503021389
3.0790840714
0.3803640972
1.0346020919
0.5789844275
1.1271948532
0.8413525371
0.7740767662
0.2611813585
3.7396600209
0.0123673841
3.7813074860
1.1180181281
0.1888310399
2.0387738232
1.0173517741
2.6845014978
1.1182700261
0.6149612764
1.4232744568
2.3921895492
0.6432087555
3.3115445639
2.5621871668
0.0016389230
0.3154065160
0.8967871601
0.6267179773
0.0183907108
0.9931251140
1.2339722012
0.2964556493
1.8769194608
1.3934285777
0.3956174152
3.1315626304
0.3219850219
1.8362487653
2.9801081682
0.8230032412
4.0914799094
0.8371837873
0.4410283646
0.9061019115
0.8820964807
0.2127049022
3.3008463216
4.8193228297
4.5361977582
1.0696602171
3.8473515215
1.3452550597
0.7833840394
1.1045341206
0.1372516298
1.0818464879
1.5388109634
0.3447904963
4.5383858033
2.0067097402
0.3824732481
3.2351305276
1.9217278636
0.0044630909
0.1641554947
0.2880504349
1.4810606398
1.1807263876
1.4566656099
0.1236563509
0.3120291643
0.8437847271
2.3627642682
2.3788003486
2.1825978780
1.0083159479
1.4297617415
0.9493127657
0.8856386752
4.5138718899
0.3922847077
0.8491407562
0.4315598934
0.5373682964
1.5901997656
0.3146657438
0.4072905562
0.5308600313
1.9805808023
0.0355199922
0.9983984228
0.7040868032
1.7450405337
1.4145829301
3.0779818842
0.8161950440
0.3824027911
0.9944055934
2.6579992255
2.8730956038
2.1169307863
0.7491146101
3.8844235733
2.5917446550
0.2275872857
0.8351464590
2.2851149590
0.4034670786
3.8234830949
0.2192063601
2.6750643661
0.1478030894
1.4832314279
1.5188251903
0.1485843539
3.3698796258
0.9985885219
0.0790938862
2.9836024830
0.1363169239
2.1513376919
1.0087747074
1.2689045052
1.3407663336
1.0328499709
1.4775703106
0.7975775024
0.7023614353
2.7769325419
0.5010656876
0.1036751991
1.6349084264
3.5435854319
3.2846575553
1.1877904070
2.1415869586
2.6844459482
0.0525133278
0.7982377925
1.6235197591
0.7085305375
3.2669259259
1.0151249605
2.4231246353
0.7005860277
3.5152788982
2.1146144619
0.1518912690
0.4775893123
4.7729862777
0.6860383958
0.1341820587
0.8814755561
0.3751812342
3.2167221823
1.3416309235
1.4083812180
1.5673990143
1.0649581003
1.1139259102
0.4329833938
2.5731987420
0.0856477087
1.1079802565
0.7274615997
0.6436117497
1.1824954461
1.8405647396
0.2066780598
0.3864657210
0.3186868035
1.6479718974
0.6434473739
1.2069519877
1.2062826723
1.0556948107
3.2683328639
0.0021655926
3.2587112549
3.0502287092
0.0996996911
1.9872584917
1.4997075252
0.4201130160
4.4302614725
0.3066279847
1.3721114602
1.4403651498
0.9100511424
2.1194130451
0.5198812885
0.5416513790
4.0118819495
1.2686628450
0.1092358525
0.8824332442
0.4530857769
0.2093604921
0.7797857019
0.6406207964
0.2013959582
1.8434246738
1.1851196932
0.2048084014
0.5016372653
1.1801939575
0.5081574905
0.3856409431
0.8043538384
0.3746152252
0.0667582965
0.8958660126
3.9707285253
2.8927890331
2.1957065943
1.3736377643
1.2749217674
0.1878279883
2.0083794693
0.9112489812
0.7718613049
0.5695194224
1.0549188015
1.5989038892
2.2565295190
1.1852220891
2.4957798542
0.3474960824
0.2987892973
0.0210838743
3.1678375158
1.8927405562
1.5077034846
1.4424987690
4.1365659917
0.9860272141
0.1651228124
3.2736174566
3.9102757318
4.5456470276
0.7569134429
2.3293099053
2.2657737649
2.0308251214
2.3319385751
2.2845051263
1.2589779001
1.6590021305
0.2329134281
0.6501514701
1.0017679253
0.0911295382
2.0340253429
0.3319419020
3.9374817118
0.0456132649
2.8730087127
2.0779032776
0.3151777753
0.7256395968
0.6166876362
1.8933507031
1.1693227086
1.5568560776
1.5974848528
1.0770490577
4.1238548246
2.0650225021
3.5085536620
0.0897533414
0.7987736921
2.0592483122
2.0925125555
0.6511760865
2.0578594334
2.1910808331
1.9693663917
1.9910182246
0.6159893029
1.8156078415
0.4190477593
1.7045021372
1.7656808430
3.8265451202
1.2281859845
0.0149166660
0.0655627891
0.2504789306
0.2350522806
0.5918389043
0.3004912090
1.6160961276
0.6261720016
3.3308656231
1.0549980884
1.5820167137
1.7510416579
1.7275841956
1.6884851933
0.5614812367
1.8033177452
0.1249478260
2.2291260335
0.3450010173
0.4782513236
0.1298930667
2.2065874552
1.3073426920
1.4732525019
0.3831510438
2.8095071030
1.3394679489
1.9248615414
2.0840959953
1.4694812719
2.1058908421
4.3787229609
0.0304166511
0.7147531034
1.4417775515
1.0721795244
1.2845024359
0.5849415936
0.5766710865
1.3205520685
1.3471893006
0.2187715982
0.5777743814
1.7461415494
3.8485260763
2.4384145142
0.5476986774
0.2192731910
2.3468654725
0.2265649319
0.1201959559
1.0829453878
3.4005917777
1.7119635260
2.4368835122
0.5612515537
0.2425454370
0.5818014498
0.2831702171
2.2213033347
0.2271506003
0.7740365226
1.3015839420
1.0913463906
0.9623679082
0.7150963144
2.3574150195
0.4803703261
3.1879273794
1.2331460471
2.2239668587
1.7485359216
0.3080513818
2.9908297227
0.6535143716
0.9616232584
1.7067842048
3.4755522133
1.0304756920
0.6391193189
0.3847220307
1.9237742285
0.4779237717
0.5828080659
1.3224433171
0.4656732699
1.4418153147
2.5895465180
2.2220654724
2.3492715869
3.6317188030
1.3864318591
0.2288221617
2.0740508480
0.0401267273
1.9316180952
3.8126843139
1.7656123072
0.1919620848
1.0182431626
0.9228363865
0.6958045756
0.1794858255
0.5894099399
1.0140621881
1.3367145543
4.3345538696
0.3673069507
1.1799951444
0.4558522687
1.4071980836
0.0124709963
0.1392044865
0.1480974316
1.0260385895
4.0176588215
1.1988906416
1.8119422964
0.3436486579
2.0496172355
0.0467379323
0.5683765869
0.4393789644
0.3526383116
0.7756516081
0.5994610619
2.1748927868
1.4173977712
2.6418682139
0.3595434349
0.3920570923
3.5468296648
0.6927435528
1.3239456447
2.0567610713
2.4903011046
1.2348160702
2.8222862161
3.2459583945
2.5591423150
2.9032729341
2.0423201303
1.7695629593
1.8141984583
1.8974109232
2.3666050183
0.5718086708
1.0738103165
1.5996526180
0.7648123429
0.7433724918
1.6436083446
0.0487066463
1.7320464438
4.4249886738
1.9766050357
2.1151722119
0.0435294397
0.8209208960
0.7881654507
0.1527227243
0.8232474313
0.0550697076
1.2508627540
0.0003614723
0.7358256298
1.9840833574
3.9186923719
2.6833075331
0.7152457190
4.2220329067
0.7583748715
1.0960859955
3.4293711516
1.0331955202
2.9116061914
0.8054849142
0.6539858838
1.4668304801
0.4383040035
1.2210745434
0.4283140818
2.1304934366
0.0860496489
0.4636134050
2.5398301129
4.8606682357
2.3754623238
3.9352478756
0.3292913633
0.8052885689
0.5081836911
0.1911638660
2.6819279975
2.0969680117
0.8528833880
0.0942629726
3.3415682579
2.8131204346
0.9124423456
0.5551368105
1.1803508898
2.0983528430
1.0840372787
1.1729048012
0.2801783454
1.8022802806
0.3145687915
2.9205402164
4.5131586765
0.2122869621
0.1353966359
1.0631752827
0.0737691484
0.5335760050
1.4214299163
3.1705082480
0.6731312291
0.4573699052
0.9373059612
1.1533821778
0.9432974283
3.2552424247
0.6135285749
0.9445153820
0.9530479696
1.2461854093
1.7398875206
0.1834367575
0.3589851805
4.3289086372
1.8909409194
4.6212634247
1.3131749705
0.6708664502
1.1795465546
0.4767077275
2.2482870494
2.3980128883
0.7452258205
2.2953884865
2.2811585131
2.4723820772
0.2722440345
1.1323053181
0.9044120804
0.4580312701
1.4171800143
0.0231823474
0.5516782918
2.5377067928
0.4609965319
2.1765039097
0.4838882571
1.1596709658
1.2720734409
4.3651045799
0.8047635034
0.5270802304
0.2305447858
0.2779830830
1.5438217929
2.8264632732
1.2008818433
0.4973133928
0.1694288976
0.7899309504
0.6821204576
0.2024799140
1.4003146855
1.2731384507
0.7731318509
0.3775001440
0.3341386200
3.8939473582
1.3997534812
0.1312075246
0.3549820351
0.5946903520
2.5072255265
0.0709906401
0.3177986081
0.5520623045
0.4113215257
2.7452936919
1.9349025240
1.5838674582
0.4117272210
0.9372285089
1.1945299256
0.1261989003
1.5206240525
1.7064125017
1.4837022032
0.9827090951
2.3610726775
1.9331695017
0.6843481429
0.0826164922
1.0076806435
0.3011405851
0.0346589231
1.1807842438
1.7124896800
1.1169690673
0.3453523554
0.0417486593
0.1749655404
0.6740329625
2.9587678715
0.1396750645
1.0225295281
1.5917424658
0.0803649466
1.3205670189
1.7427490486
1.9111765231
2.3841683576
2.8263819224
1.6020413486
2.0782504115
3.1383849742
0.0726454110
2.2415224644
1.3335826579
0.4807986552
1.4073388094
4.3877954025
1.1815683004
0.6137204415
2.4886753865
3.1241903396
1.2459304619
0.6510223909
0.2969340964
0.6178790604
2.0784539708
1.0440737832
0.0963811270
2.2002539365
1.5230067483
1.5304937159
0.3599109517
0.5221505362
0.1173669796
2.7640498242
0.2505257555
0.1527714126
0.4178657059
0.2154989308
0.1361111461
1.8917879325
0.2683770669
0.2262377517
0.7676509827
1.5973615224
1.8424760428
1.2655297033
2.5963749695
0.4395765077
1.3908805225
1.9636776236
1.8104503633
2.9773601700
1.8375081564
0.5974685873
0.3593345197
0.9958093047
0.1091173241
0.7429302098
0.0978850672
0.2767125770
0.4840088767
3.0417402672
3.5433719286
3.0929923970
1.3172292172
0.5013248569
1.4264143424
1.2888610726
2.7477449447
0.9121544512
1.8139333028
1.6398751124
1.0426247660
4.5286204934
0.7119295051
1.3024503400
0.4759903428
0.0506627706
1.3966508125
0.6317515083
1.3576538197
0.1372820368
1.2010090782
3.4515679210
0.2548181250
2.5638071839
2.1974953977
1.2011564471
1.0242541581
4.2735260147
1.3086262575
0.0833446531
1.3208192681
2.9892426288
0.8111817819
1.2619244865
0.0698153093
0.5677682570
3.4781972983
0.2918117997
1.5140512445
0.0702526681
0.9953974429
3.3167122246
3.1044057819
4.0927068876
2.2404059493
0.5907619694
2.1172640151
0.7273134557
3.8585145732
2.7359322665
0.4970886921
1.0296223661
1.8663790581
0.6106039490
0.7092573036
1.0325394068
3.2299653509
3.7310096984
0.6086556881
2.7083724960
2.0054166637
1.6789490957
2.3541782922
2.4705546382
0.2311866729
1.6139011823
1.2110892611
1.5396734361
3.4270589265
0.9492815898
0.1084602979
0.5559609557
0.8677710415
0.6798880036
0.0654020447
0.1709426334
0.2911368650
1.7703018068
0.2017467393
0.6101108372
0.5193780719
1.0380051403
0.4564039175
0.3957938271
1.3864783387
0.1689133562
0.2590420725
1.8832937605
1.1827299678
1.7830313267
0.4148752797
1.3170564854
1.1091662742
3.2668272498
2.6363784885
0.1977147078
0.2614704298
1.6119963534
1.7247546685
3.2228026164
1.5098922991
0.1384033971
1.0837297924
3.0179354880
0.0409327289
0.0302326954
2.1446077750
0.0116646444
0.7714543372
3.6811655431
0.0860867570
0.9932589603
2.5835339445
0.1102270927
4.4199165745
0.1114376841
2.6392811725
0.3819649833
0.7301707610
0.3461932458
0.0811870513
1.9564090990
0.0875222058
0.1078367778
3.4970334502
1.1715093260
1.4255886666
2.0863874662
0.2680041810
1.9963127379
0.7840046293
1.4686788945
2.6741028513
1.7205900658
1.5719946598
1.5466604503
2.2439833561
0.3711624686
1.9872803346
2.0031825723
1.1553272650
0.3214460672
2.6933073663
2.5559502747
0.6307893664
0.7611413844
1.7131570676
2.9880742095
0.9700597740
1.9646622907
1.8783375233
0.4938633436
0.0661693156
0.3241259782
3.7562787340
1.1115643418
4.5737225282
1.2969162700
2.2614961838
0.5407627097
0.5970423075
3.0502937529
1.7873164313
2.9743922699
0.1800654347
0.2299893958
1.6029901026
0.6624535635
1.5550713702
0.3901821050
0.0918082395
0.9379142660
1.0962322936
0.2053295363
0.0389914942
3.5321839075
0.5244064276
1.9530416940
1.5096211913
1.8139938935
0.3434664119
3.7035862963
0.0946764023
0.0298281572
2.9022064584
3.0656182175
0.3796108844
2.6235502177
0.5015487723
2.2700501025
0.2734810254
0.2230054885
2.5871138531
3.5161653110
1.8569260592
1.8459954819
0.9212389842
3.6430610860
1.6445032747
2.1651760954
3.0704443545
1.9716134391
0.7693979089
1.9616018992
0.3206953525
1.0008760435
4.2087683915
0.9581032760
0.8523860751
0.2286636135
2.2638436474
0.6157032941
0.9021751409
2.8377243998
2.6637514017
0.0552848356
1.4650093221
2.8052564876
0.3176874167
0.1690617383
2.3416292739
0.6296314745
3.2910575939
3.8277405171
1.5383125867
3.3898371101
1.1810168301
1.5726761055
2.9561415134
1.3319550840
3.0633028613
0.2654590568
1.5639351781
0.2732228415
2.1097637709
4.0159903063
0.7356590759
2.7627894201
0.4309032146
1.4318200401
0.5637219909
3.6125998988
1.5513315016
0.8585553574
0.3296991598
0.1005173745
0.5505150512
4.9413659057
0.2782687668
0.8363740645
0.3507781225
1.7760516765
0.8176003450
1.3127142309
2.9766476700
0.8023471519
0.3517233582
0.0217262018
3.0991111320
1.0987352050
0.8941491530
2.9247858888
2.2104507985
0.2992006290
1.8344146660
1.1031446914
0.1204651190
3.2328558552
2.4424486977
2.8328899557
0.0232357072
0.8136067202
0.7378695718
1.3832228101
0.3190188568
0.2965777079
0.7211491298
0.7209451300
0.5987783126
1.9472594005
4.2913028457
1.3847048689
2.5527122396
0.9978081964
0.3490148527
2.4495981456
0.0745647547
0.3891256235
0.7518112965
0.0189847970
0.4786746096
0.8542215191
1.8279093814
0.3790777168
1.1809485250
2.0633580176
1.1967519354
1.2738425575
0.5417271842
0.0488006646
0.6736210685
1.2070905579
2.2563862531
4.2997709620
4.4314847754
1.5050542497
0.3298864900
1.0100296299
1.4669769099
0.5139940616
0.4751269455
3.1911996037
0.3227562587
1.0554698862
3.1805161713
0.3927830384
1.0738496100
0.7306596148
1.8714651164
1.0671118589
0.5343030562
4.5314840053
3.8912139123
1.2407525462
2.0043071350
0.0952427490
1.1742888729
0.3323063258
3.2636088323
0.0358123537
1.7715556032
0.4958256515
3.7577670557
2.1669996570
0.5092587234
1.2069166097
1.8300625100
1.5630981387
0.3651638704
0.3953200617
2.5289504700
2.2734419003
4.0690978402
0.7186299108
2.6023024580
2.9561165323
2.7978551505
1.4307912338
0.8184301473
2.3916112991
0.6487793346
1.8983399042
0.1245879767
1.8173922792
2.0542999793
2.6294931768
0.2387379948
0.3479183984
3.5945822131
2.3307981628
3.4273061410
0.6440657407
0.1587043964
0.5950541386
3.4166737014
1.9703329699
1.2920372864
0.2077776200
1.6872003219
0.2562163768
0.9016130259
2.6380732750
2.0782586896
1.2085302403
0.0227912339
2.7690426623
2.2205838855
0.7814230901
0.0358845934
2.9755159353
1.1053231976
0.0178902109
3.3593861935
1.1300754125
0.5993457505
1.4482612941
0.3613059542
2.8991120775
3.9783297109
1.9486406786
2.4333556910
2.2999529057
1.1843667953
1.4943264502
0.8448527512
0.5795050496
1.8192094826
0.1632905245
0.4894370267
0.5686872734
0.1213058935
0.1727186032
3.7753336810
0.5473554252
2.2126134728
2.1293115754
1.3131000210
2.3719804480
3.4316643139
0.0571346787
1.5236136525
2.8761852698
1.8628920711
1.9400592806
2.8547476786
0.2166374694
0.1481289923
0.4304048377
0.4374871732
1.4814683093
1.7062066761
0.6048374683
0.3322356732
2.1234776269
1.5016280262
0.3889601697
1.5362801810
0.4675358348
1.6518970084
1.6796166842
1.7932692214
0.6677609204
2.1250329469
3.5953809892
2.2182336975
0.0362829457
1.2674116872
1.1632224101
0.3130112936
4.3293577298
2.8063315900
2.2327937567
3.5786786221
2.2391777938
4.2934595267
0.5443167318
0.4161309651
1.4424924792
0.5252235376
0.8587274844
0.6280783263
3.3096692751
0.6586868574
0.4915222266
0.9232613891
0.5886089067
0.4664649850
2.6813397275
0.1370422527
4.9544262768
3.0733306431
1.2981046683
0.4077892383
1.0618833880
0.2126026113
0.0184311305
3.7698710009
1.3847945920
1.7595415477
0.2558701327
4.9973143714
0.4554661054
3.4174787968
0.1519115939
2.0659430551
1.9861063852
0.7475128083
0.5810976518
3.7837782034
0.4321091047
1.6183348297
4.3162118152
0.3387944621
1.3520438248
2.3368516637
3.2919820792
0.9205100861
1.1334681656
0.3071856339
1.2369239300
3.6824167581
0.2056722902
0.8481344977
1.2961708452
0.6145908425
1.4123491509
1.3002465029
2.6548536930
1.5927350422
1.2130998365
3.8810548765
0.0713245314
1.2553357945
4.3187788458
1.3918155191
0.6074363939
0.0758360597
0.5533041186
1.5213426785
4.4350250309
0.0611507692
3.0726061938
0.3972388443
0.1811991450
1.1396327572
0.6074330608
0.0108997742
4.2268726253
2.5706112237
0.0551869157
0.4326284735
0.1948354497
1.1226721102
3.6369769198
0.8654277804
1.1914847097
1.4713342156
0.3133995725
1.4664957349
0.2068072426
1.0751030098
0.6308546243
1.1010874697
4.3521365440
4.7060445594
3.8887950499
0.0478475467
0.4458282707
0.7176890262
0.5399377218
2.0682968472
0.9535867230
0.3962791160
0.7831427316
0.9278881678
0.1505286043
2.5350197763
2.0905244174
0.0603636033
2.1828762464
1.2319569950
2.8238146491
2.6780189036
0.3631947972
2.0119499464
3.3687309855
2.2292556725
0.7542064194
1.1905850591
0.6182092056
3.7313008473
1.3788382552
3.4312357608
1.5583602216
1.6394966047
4.5251286120
4.1865305470
1.7717773557
3.7259851525
1.6293826231
1.3334269271
0.8653637314
1.4624798904
0.8220876456
2.2682194095
0.7551070263
0.4894718808
1.4471302024
4.4425168031
2.4434950450
0.3529212200
0.2467534746
2.6448162955
1.8539625836
0.0188321991
0.8718688975
0.3951488945
1.8064532543
0.3578041625
3.3423833278
2.8948991048
0.4763587995
2.4030702001
3.6478530081
0.6497388044
1.9018001282
0.8185778151
2.1684037908
0.3103217739
3.1828481583
1.1968296874
1.2844407927
3.9776383275
0.5023518593
1.6109890755
2.6745760240
4.1721179428
3.5250008651
0.1665021571
0.1858461625
1.0343057752
1.4614332408
0.8899380710
0.5288220793
2.9136199471
0.1324319506
1.5947699864
1.0554719113
2.0537505887
2.2903223060
0.1164805762
4.8437213415
0.0475751981
0.7693661328
0.0534499286
2.2708831270
4.8839733549
0.5374033390
0.5962982564
2.2034957030
3.9103434621
0.1653461595
0.0700701113
0.6078550364
0.4878554594
2.9469235075
0.4748783338
0.7078253156
0.8190223762
1.5702884322
0.2049239943
0.8569449910
1.3540997721
0.6648894279
0.2584125728
0.3247285298
1.6293945423
0.2623205969
1.0055540852
4.5748074435
0.0692045462
0.9452504762
0.9490716097
1.6556208055
0.0492881947
0.3573580711
0.1080896229
1.7653614403
0.4747057094
0.8254958141
1.9849663750
0.1218830794
1.9215973153
0.3876134893
1.1287278972
0.4747129067
0.9899880255
1.0565978057
1.0708106722
0.6684835504
3.8431898107
0.2609926074
2.4982807669
2.0901138544
0.9979921568
3.6519412823
1.3318142079
2.9431293294
3.7157357721
1.0108159481
0.5892838522
0.9922021586
0.0843840222
0.6232981577
0.7525230242
2.7008147319
0.2096741980
2.2507226007
0.9181959940
2.4372028646
4.2451573332
2.8888257132
1.2205477955
1.7479780618
1.6167447422
1.7243887091
0.6431278552
2.4205570186
2.8205744303
2.2019323425
3.9669401327
0.5707289058
2.0876265665
0.8586149245
1.6051926097
1.3078142528
1.8597147378
1.0351980673
1.1741595210
0.5314204139
1.9075451458
0.4557748842
0.9888121790
0.9066162343
1.2168766354
1.6912426499
4.5235559451
3.3206619187
0.2915901788
2.2293933158
1.2925738573
3.8158128178
1.5750687614
0.7719375734
4.8672863418
2.8412700056
2.1753852621
0.4147651463
2.0247686638
3.7479188782
0.7541018926
1.5990881647
2.4124997398
1.1902929188
0.9838165679
2.3046868707
2.4604311504
3.2518878664
0.6660656427
4.0342672917
1.4953152580
1.6228950767
1.3505588141
1.4192899172
1.8734510446
0.1999193417
2.4832752981
1.1710881247
0.0951896008
2.1713169708
0.9665170697
0.3363532834
0.8331829220
0.4089699257
0.6116485683
0.8805965701
1.3755632439
0.3143355072
1.5689469261
0.6097379542
0.2264044935
0.9718032169
2.4072594752
0.9567970170
0.4297094957
1.0466476931
3.1461155630
0.1838101718
1.0432395696
1.7634206260
1.1599962869
2.6856556968
1.3519864368
4.2637730275
1.0283974176
0.7223019038
0.5496022508
0.7059389094
4.8618617669
3.9341815621
1.6316538611
4.2457881300
0.6413807284
0.0948917953
0.1146981537
0.9036179568
1.0781453463
0.5895090072
3.9389662791
1.2908019400
1.5582324525
1.2043521676
0.1244743428
1.3844272184
2.8596247833
0.3827422895
2.2896767585
0.2439266223
2.4934594775
3.1631086058
2.0820877138
1.2308653096
2.2331617505
0.2170665351
0.3379826119
1.2326975154
1.8768251737
3.4541363647
0.5826987591
3.5202526169
0.1600303988
1.6097993657
2.4033835524
0.3146328956
1.5844668375
0.3266600097
0.2497013854
2.2926678867
3.2264049938
0.2984318818
3.9729372864
1.2477798170
0.3573318472
0.4189864959
0.0627276206
1.1649016026
2.2508616712
1.8511159904
0.9861643471
0.0374483665
0.1675190860
0.2005399495
0.1115887991
0.0651098877
0.0355503761
1.1880687689
2.4509289001
0.0865101114
0.3384074427
1.4533666187
2.6236666886
0.5677966982
2.0855650796
1.5927445661
2.1735842566
0.2032734966
1.4340273195
4.0743275802
0.7120908514
3.6674722220
0.5666670267
2.3981728384
2.1720518427
2.6491483950
0.6077916564
0.2517062880
2.0782804711
0.6134438501
0.1597787377
0.2321519023
2.5671382761
0.3124573192
0.2057835628
1.7951764495
2.5746590263
0.0835287121
3.4462494776
1.8782099810
1.5735840227
2.6287475822
0.8502135302
3.6275436394
3.3730071066
1.9445314070
1.4266029881
0.0280214207
0.3247036052
1.0984252815
0.5510451007
0.8023964077
1.8568744069
2.2515780680
1.6840287868
1.3850060870
0.1062598070
0.0220863636
0.1377041276
1.4693357628
2.4232359986
1.9374841272
1.4199612026
0.0055177920
3.6798218054
0.3636672684
3.8314316195
0.0892486089
1.5540848170
0.7057304106
0.5822927054
0.2877248784
0.4536212376
0.0637959120
1.7365345904
0.4042859005
1.5180162451
1.3462665319
0.7779368658
1.8798406193
0.4052660832
1.5471504041
0.0984735636
1.2006631770
1.0997191811
0.1462655345
1.2703408525
1.8225460227
0.9578673984
1.6855329583
1.1491457576
4.1440295512
1.9508371499
0.6309413249
1.3545746447
0.2357499288
0.7615816843
1.4072144816
0.8751820811
0.9892632710
1.6977681007
1.0235637246
1.0150646762
0.0688894855
2.3959516579
0.6153526342
1.5121757390
1.5408372420
2.9573646287
0.0755148738
0.0963716562
0.5378422184
0.4603371459
2.7798832226
0.2867158955
1.1403375754
0.0268779871
2.1424716002
1.4082728065
0.3500408386
0.4946588185
1.1092167635
0.8992719154
1.6528014339
0.1589285766
3.8640096910
1.3600385391
1.2775584213
0.5824521130
3.2735355958
0.0341684879
2.4435602438
0.2611122172
1.0544816003
0.8481321545
0.4420332631
3.4490848176
0.5874757280
2.0126099028
2.2717815927
3.9751292583
0.6236134054
0.2735202066
1.4426609460
0.7232631597
0.5983851911
0.0909698598
0.4533758538
1.9363109573
1.7088905408
2.8056594308
0.2480967023
1.5994711113
0.1182308980
4.4193181482
0.5952033311
0.3119880603
0.4779361834
2.0713386695
0.9148131474
2.3980768364
1.6723326155
0.5069317568
0.5677574196
1.9068628282
0.5767866138
0.0840617208
0.2626242610
1.0227595785
0.3908447710
1.5002399617
0.4200579228
0.8477843393
3.3593448897
2.3803933929
2.9733509292
0.7677949625
1.2911371483
0.1424086426
2.1051743532
1.4802556224
0.3342796707
1.1338187208
0.6541788142
0.2860830944
4.7524366969
2.4292327842
0.2712442638
0.1350615380
1.6808839976
0.6434568886
2.5909825912
2.1021801812
1.5769608335
4.0425941614
0.6482847575
1.4375974469
1.4831612475
3.4319966480
0.4550301266
2.5762459120
0.3287710484
4.1074096764
2.5672383844
0.6413488948
2.8323893541
1.5316051509
2.9434683795
3.5083636291
1.4177388723
0.1913676555
1.9305813028
1.0074959819
0.5494347902
3.2389903493
1.6583634850
2.5402827192
0.7772740183
4.7892399133
0.8117199876
0.1836537952
1.6886281793
0.2884855351
3.0349349309
0.7122304155
2.7927538709
0.3574140380
1.1546429986
0.4676672425
0.6025014008
0.1640107845
1.3467992910
2.2780713649
0.4329309843
0.5504890131
0.8945691955
1.3655505971
1.5243782384
1.8234991625
1.2380963254
0.0202506713
2.1262624131
0.1451995257
0.5291275686
1.4060682779
2.4453909517
4.1933909319
1.1373026738
3.9838679337
0.5675823200
0.1322710981
2.6797520569
2.3061794417
0.5590363376
0.6727502011
0.4217811326
1.1440604552
1.1423555061
3.8420616965
1.0171344826
0.2889067702
0.2507272660
2.4969249338
2.8719158856
0.8307935990
1.1541564986
0.2669259682
1.0567272991
2.9413964433
1.2243796631
1.2486025743
0.8573674872
3.3472792968
0.1623418961
3.0169198711
4.4479292857
2.2465159274
1.3964887062
2.8959569997
0.2739351177
1.2954882275
1.9559480445
3.5060175472
1.6906869481
0.4850957798
0.5958690904
0.6479201317
0.2838442423
2.0908243902
0.4543223775
1.0767574154
1.3338320865
0.4889190428
3.0740192617
1.8414281508
1.4162547361
1.2189769486
2.0215001191
0.1889366036
0.6933559138
1.1767465668
0.6605002321
1.0291404951
0.1855143386
0.3402450406
0.0237260524
0.5992738363
2.3124131350
1.1529081126
2.7582180616
1.9451954242
0.5354447837
0.2945356118
0.4041351709
1.5977166726
1.9812241012
0.8162004068
0.6041960122
0.6977351311
0.6909014717
0.2931731410
1.4356249661
2.8617194524
2.5641484089
2.0858339030
0.5266323587
0.1372037801
1.0390193990
0.1476304577
0.5567060057
0.0680581602
1.0724237542
0.0952372077
0.0631426160
0.0624184639
0.2779421141
0.8416597285
3.6661087924
1.0876868241
0.1018770872
1.3275501337
3.4697205098
1.2095722611
1.8259248896
0.3928474028
2.2817692110
1.2673279270
1.8577272865
0.7266721363
0.3657424595
0.4282226213
1.2872004208
2.1667381998
1.6871867712
2.0004005587
4.2006059924
1.0187714754
0.0109210521
0.3207834689
0.0466349505
0.8219583453
0.1912244979
0.6538811972
2.3368203045
0.2925988755
3.4753148856
0.9448868170
1.1862736451
1.2921744498
1.6427895593
0.2533889979
0.0783901253
1.7708116556
2.5272476995
1.1917482511
1.7474449109
0.3609356165
0.6077995818
0.0842280745
3.4185248905
0.1250864272
0.7969203098
0.3496969762
0.4643309024
0.5836243793
2.2468420377
0.9146261404
1.0546541079
2.6586988798
2.7552384396
0.8463884307
1.5365804388
0.8090827294
0.0817811520
1.2989213824
2.0318020907
0.5343671728
1.1152013841
0.1826786204
0.0884030662
0.1512954798
1.1903396407
0.6533159264
1.1352892265
1.7395814594
0.0096209026
1.8007801745
3.1121619148
1.2609101611
1.6219500660
1.3435618480
0.0041722119
0.4540582227
1.4893396361
0.4079484306
0.0772422867
1.7489186755
1.9285646371
1.0157981310
1.9572877911
1.9892044957
1.2257851645
2.2839421404
1.6880897422
3.0161190835
0.2217678233
0.9933732105
0.4203067402
1.1754112912
1.2161921780
0.4553156859
0.3337477036
0.4403582648
0.2961755420
1.1760045499
1.2632792897
1.0828676278
0.4453410581
0.2959678077
0.9186208303
0.6206119974
0.7390946660
0.8744336258
0.7407735084
2.9712196884
0.6798652773
1.3231723263
0.1095815080
1.1733928244
1.5842473148
2.5868906686
1.4068450553
0.0325440783
3.7819369801
2.9636105354
1.3137500830
4.6918561709
3.8460228536
1.8799076225
0.5055710517
1.0859569608
0.9656274091
4.1468444121
1.9645615910
1.1342775700
0.2291460708
2.0279040210
3.5692973626
1.3974587859
1.3627292316
0.8352487045
0.4667777673
0.5856841661
1.3483084043
0.3369128066
1.1804135801
2.0160674635
2.1241517539
0.6160366005
0.3286669337
0.5536122452
0.4585405829
0.7549503001
0.6407062826
0.3111970596
3.1582735980
0.5517958243
1.0181180738
2.0016639000
3.3735449377
3.3677020849
0.4598430735
0.9976298458
2.6331024838
1.1435409018
0.8425209954
1.5460505572
1.7657109254
2.5671771548
0.3640345184
0.5723063508
0.9469692356
1.2763102265
1.8496321898
0.7030862902
0.8114665377
1.7452081715
2.7749156140
1.3264263264
0.0083284103
0.3938152981
0.6475591356
4.3041002801
1.0660553821
0.6981025932
1.2673790695
2.3488642041
2.0929070011
2.7156062603
0.6416312914
0.4824401757
2.8068115939
4.2923075711
3.4407028044
2.5602259694
0.4262293514
1.7326819137
2.4538769860
1.4999057425
1.1316250565
0.5832769118
4.3141420416
0.5915371610
1.1335085600
0.8389102933
1.2290667840
3.4250920017
1.4116641919
0.1962612775
0.7641085824
0.6973460809
0.0246829495
0.9399369190
0.0036937990
0.4963961479
3.2612070469
1.9857422575
1.8279042749
0.4465164081
4.3538221618
0.5622008600
0.2025247888
0.1173423723
0.0279293573
0.0149627709
0.0272171422
0.1472852067
2.3978440651
0.1930146544
0.4941781494
1.6700119197
1.2888680710
1.8392334626
2.9503060120
0.7313262844
1.5155376003
2.2176459416
1.4780534033
0.2841901305
0.0676442774
0.6409213795
0.8581623592
3.9137866878
3.2008801776
2.3364706218
2.9155844346
0.5969028914
2.4743026845
1.5272673368
0.2106771743
2.9825826644
1.0942037644
4.6576020613
3.3157946251
2.3748601294
0.3312264768
2.6013637801
1.6484037096
1.5401084133
0.0951793774
1.3983326949
2.2646754540
4.8755015440
0.2001980786
0.0570378808
0.6401655374
1.3357721883
0.1928418193
0.2978706672
3.5872721996
3.7776750847
0.6591989552
0.7311745657
0.6776718290
2.5507025078
4.1003079702
2.9665887441
0.1338976127
0.0468114987
2.2003440179
0.7407364875
2.0905337486
0.1786690234
0.4576123458
2.1900986770
0.3157165117
2.5028392833
0.8875382090
0.4464831208
3.5914056912
2.0761643013
2.4151325543
0.4276418039
1.6051639582
1.4457119206
4.8783544160
2.3146872371
2.0783828589
1.4053790995
0.3743976397
1.9329064906
0.7810731987
2.4185305618
1.8073747466
0.0300663716
0.5008908015
0.6057101342
0.6405930925
0.7165268252
0.7095611836
0.5922705289
1.4180537604
0.2124316387
0.3546665721
0.3450538090
0.4294768977
1.2732783588
1.0885681468
0.0300836733
2.8530367661
1.4051555520
3.2273573825
1.4910230729
2.3833928760
0.6416842692
0.0957454751
1.4384786248
1.2871306178
1.3647074646
0.8880960696
4.0643499472
0.2722118260
1.1063579431
0.1870281977
3.1041281876
1.7361927335
0.6044502184
2.6081356125
0.2775798049
2.0408640507
0.9433342415
2.7783148482
3.0721178176
1.3368318313
0.7216780296
3.1254578642
1.6582601801
2.1475448059
1.5859683414
1.0085055943
1.4708789349
2.6104890335
0.9522417048
0.2088149126
2.6722432153
4.1888402188
0.4440518552
0.0698066234
0.0230058069
0.5316033959
1.3657495350
2.6388374221
2.4267722936
4.8744382186
0.0787553966
2.2092378274
4.4550724925
1.4556229245
0.0803366634
0.0551375969
0.0556344696
0.2131523995
0.2695675924
4.0168715765
0.2209578943
2.9262283272
0.4913176865
0.1596630270
0.5487310994
3.3225104880
3.0818327846
1.4422260667
0.3504260702
0.0064355223
1.7965007358
0.2940024545
1.4951906527
0.8440662238
1.8050702310
2.9574356498
2.8278620818
2.8066720448
0.3755637150
1.4875501641
1.1178033791
0.0074150024
1.4243897192
0.8857292276
2.2605009402
1.1907792304
2.6548783264
0.8372335410
1.6300892377
2.7333895236
0.8496583020
1.1894111372
3.4894957275
1.2337186493
0.0074511963
1.7857251772
0.7018894823
0.3322913246
0.5197091248
0.2601445352
0.8756000897
0.9227070926
1.5344382849
1.1077690405
1.7765090242
1.5620507467
1.5263699562
1.1006096400
2.0267939736
0.4861465236
3.5847960393
0.0800467241
0.5531831808
1.0063340670
2.5575152300
2.7406143499
0.7643970726
2.1407833588
1.4514764628
1.2228880318
1.5876429854
3.3636249705
2.5225652176
1.1548376600
1.1715332439
2.6836041525
3.5010653130
0.9283486375
0.8447454929
0.4344013340
2.1121159764
1.7511333719
1.7044792950
0.6873479065
1.0570216865
1.2650159784
3.3382929626
1.2593482473
1.8363583515
0.1614034411
0.0867274889
0.5572790426
4.9990903315
1.1727283307
1.2310754448
0.5398445765
1.1514344438
0.6956587051
0.0545139490
1.3612832531
2.2117137328
2.5357411221
2.3135734764
0.3433384429
1.3274373910
1.0750479283
1.6205568425
0.8661470640
1.4448630926
0.5665399245
1.4806041893
2.1828004497
0.6380368303
1.6511493440
0.6359069176
1.8949175268
1.4476753076
0.3179241867
1.4214369597
0.2661841311
0.0276734260
4.4544364761
1.6761514086
2.8842288302
0.8122591600
2.7785198206
0.6300812022
1.7661860285
0.3765869332
0.8418448895
2.4190795864
2.4153503406
0.6083445067
0.8386497681
0.3735799097
0.6290707445
0.1972297364
1.5340723995
0.5392619279
2.4529501477
1.5704040230
2.2477902350
0.5988714713
0.4190418278
0.5957847515
1.2796572380
2.6603448417
0.7765896139
1.8005018916
1.9129669045
1.9725267019
0.2686432392
0.4151925541
0.0837543868
0.0351839694
0.4877927037
3.3927994863
0.0068922529
1.9964004730
3.4127227440
0.4386076787
2.1035610004
0.3577912067
1.1290270569
2.2952382671
2.6869335156
0.4177006018
1.3236875203
0.1013328588
2.2222795075
0.5152848280
1.6451454797
1.4896636391
1.4348361082
1.4971632910
1.6801429858
4.1450164863
0.0268821368
0.1514244183
3.0524085146
0.2286093172
0.1617631355
1.0822557385
0.4495807202
1.2401225259
0.9380837358
0.1563752198
0.7780442898
3.1792826532
1.6132814950
0.0944335224
0.1494399919
0.1832828637
0.5350492804
0.8927710906
0.7861406719
0.8907514681
1.8995807753
4.7406826689
2.5781523744
1.1831445751
1.2385659148
2.3516411399
2.5413785438
1.2281871798
0.7685370951
1.9071349748
0.5429661662
3.5672565522
0.9483271327
1.2538853829
0.0565522712
0.9936757731
1.2117853047
3.9391677582
1.8329538656
1.1068807028
0.8200163505
0.6870059861
2.3129412904
0.2202606752
1.8542555030
0.0274947279
3.8909829983
4.0360302397
1.8716399336
4.2866894191
0.7897732843
1.3060467163
0.0783909346
1.4475653455
0.2937826217
1.4510238639
2.5392886465
1.0761541873
0.0794997788
3.7758117555
3.2935687375
1.1937552112
1.8827763942
1.8133085849
1.4312735921
2.9191269857
1.3485136113
0.9970801789
0.2318488288
0.0550889541
0.3781565308
0.3123173137
0.1243976442
0.4873766296
0.5278364529
2.6150565901
0.8039258599
3.6142950721
0.6244096395
0.8330097073
2.2946030125
0.4558449343
2.7185002593
0.8880478824
1.2201419846
2.2323000079
1.5211316000
2.0758277006
0.8747209841
0.9102111985
0.0190626835
0.0896785637
0.9610580958
2.3284160842
1.7520246721
3.4999818185
0.4857354512
2.7252905897
0.4151686436
4.0005990653
1.4756628488
1.4463403335
4.3673739959
0.5411614191
2.0478000611
0.7585067922
2.9447954977
3.4460302130
0.8201522815
3.7876770953
1.2444327264
0.0209494631
3.0764943024
0.7360162761
0.8514357938
0.8056332419
0.7663772083
3.2682816370
3.5485960983
2.0089950465
0.3143088955
0.7052190276
0.0629046997
2.3360452196
1.5639733034
0.0955922911
2.8450572236
1.1258265709
0.4978796544
0.3992542971
1.3963523397
2.6245650316
1.7210832539
2.0628084348
0.4227719253
1.5054964631
1.3803837019
0.2684267412
1.2127308320
0.5835416017
2.7000252159
2.1123277851
2.1599007150
0.8625162783
0.7128610359
0.1121722623
2.0988537713
0.2582639619
1.3561711648
0.8987503762
0.5076840841
0.5004439843
1.6878497355
4.4220406781
0.6171437755
0.4878963160
3.0101167163
0.5821890151
1.7113150471
0.7024936216
2.6603968324
0.2981383233
2.6330218625
0.7454803288
0.7306118158
0.1307416953
0.5087224870
0.0692207063
1.0126800117
3.0318433240
1.6887052738
1.3848688638
0.0949709891
3.9514992313
0.7730546100
1.6953778158
0.2378866782
2.1386306594
3.4745638779
1.2283445631
4.3601095090
0.5712560926
0.9025343288
0.6701359045
0.1615968725
1.7375598100
0.4873715391
0.8400707840
0.7774198567
0.6616111988
0.7387852838
0.0616318397
2.6625024079
0.9090283226
0.9373697406
0.0465265599
0.4477048534
3.2335506807
0.1980725958
0.0526478141
1.6467549621
0.8268984464
0.7448368750
2.3504515335
0.3496550972
1.0662220033
1.1214681847
0.6728310182
0.6724113402
0.3585327172
2.2383492220
1.0143052773
1.2643581050
0.4966020039
0.3198153917
2.0890847483
3.6026034638
3.5344441004
1.1436785539
1.1027791400
0.1882016287
0.1750178881
1.2211952536
1.1945642687
1.4183211279
4.1294542386
0.8292881911
0.3900432527
2.2654570315
2.4369556037
0.2816707824
4.4150608410
2.1421077673
2.2444476492
1.5122811339
1.2148519472
0.0974287029
1.3083104849
2.4442667185
0.0073542671
0.8575359350
2.9573588193
3.3773551360
4.2711051245
3.6332370665
4.9251264089
1.7934120760
1.2995317640
4.4369775011
4.1502945748
0.4834538186
2.1185295254
1.0184505722
3.2592397827
2.4439243988
2.5620596648
1.9705652347
2.0019234730
0.6064753832
1.7753892824
0.3228067554
0.1670948273
3.2698463838
1.4994982630
2.3617535073
1.9182446014
0.6594149385
1.4569182935
2.5596871105
1.9647124577
0.5195354737
3.0111051099
4.3074736526
0.2225243425
1.2212081410
1.1608361065
1.7461769636
2.4694307507
0.1785371886
1.7559064995
0.2909537164
1.8808094353
0.0673349114
0.7352435120
0.9263841460
1.8542791597
3.2679240070
2.0477494709
1.4387011873
0.6525545688
3.7901438113
0.4637685991
0.3099000425
1.3147904059
0.1461864230
0.0555257892
2.9371607445
0.4301482412
1.1759165617
2.5811895482
2.1316051910
0.5628374671
0.8061840314
0.0776896813
2.6002635667
1.9740223737
1.8096305101
1.8369615982
0.2280235571
1.2463462940
3.8960791400
0.2982841566
1.2892849957
1.0474716905
1.4216220082
1.9728810273
0.9630724254
2.1669204514
0.0517312974
0.0085676976
0.0621184845
0.2343838499
2.7472869991
3.5105999676
2.7095437705
0.7512767025
3.7647597462
2.9697143124
1.3613331525
0.0502729428
2.6567368974
1.7625569635
0.6354728433
1.0230291467
1.8282566109
2.5091188757
4.4064974046
0.0052712005
0.6594485411
0.2130485219
0.1976994477
0.1887598211
2.2127374664
1.7237787686
2.5520809659
0.4741988946
3.8091597650
4.0916018514
1.6666080973
0.1134118936
2.2210889590
1.2257163391
3.2825870270
0.8548375209
0.3146324296
0.8037067409
4.5269999170
0.9160018370
0.8918586308
4.4610986105
1.4563574779
0.9577466001
0.4865027514
1.4840972407
0.5517999153
3.4172182041
0.3116586820
2.5943716628
0.3781773198
0.1089119431
1.6917566187
0.1745688939
1.4368502424
3.8418339884
0.4577120955
0.3812056134
0.7001809487
0.0817638960
0.1189308176
0.1071799400
0.3013234155
1.6082918153
2.3127747682
1.1571464084
0.4705688655
1.3663344880
2.6089859429
0.8927565475
2.0271322774
1.4172969484
2.6414475351
1.7696782447
0.9751507840
1.0665275580
1.5415547195
2.8769768693
2.4694623292
0.0954999302
0.1810626812
1.8804746658
0.7136167913
1.2164318445
1.2228671997
2.7649392377
1.1605463819
2.2823834308
3.3164255130
0.5449056998
1.6957383987
0.7989690964
1.4853011010
2.1391369812
0.0166369998
1.4892007642
0.4330422602
0.4885021447
4.4268084991
0.3572444400
0.9653106253
2.2906643154
0.8122429427
2.0470209933
2.1805682084
2.7771375083
2.2268412682
0.9101640668
0.7691349093
0.8368898545
0.4379010781
1.4699579310
0.7652694779
1.9632902341
1.1805743307
0.4003975281
2.5767153346
3.4709214990
2.8849720838
2.2454210328
0.5122002983
0.5431259718
0.2890211732
1.6730528199
1.4824670568
1.5779035348
2.7880910393
0.8062971287
1.8927351410
1.1928171162
2.3774021417
1.1811256760
0.0857346673
0.5081537476
0.0448183390
1.2379108123
2.5110029576
0.1679284231
2.4375049202
4.0617148290
0.3216112450
4.0740165024
0.1515159381
0.0362485104
4.3755836234
1.4680093207
1.4311445496
0.1007719805
4.4927477652
1.1758431208
4.3325759005
1.9196139384
2.2286167458
1.0937640183
0.3603925603
0.6762206197
3.5193688811
0.1587481064
0.2867367731
1.0381596872
0.7040818659
2.2519534696
0.6304377931
4.7594777118
3.9535929672
1.2298686551
0.7057431496
2.5346364293
0.6167877083
0.1216356166
1.8235394422
0.3231660468
0.1643887124
1.1490589269
3.9850089858
0.5446022357
1.5050512023
0.1511369808
0.4630373794
2.0404038895
0.9452166116
3.0514121183
0.2225283321
0.8621593811
1.1983762509
3.5680630296
0.6504471659
0.9299958618
0.5704828545
0.0683392889
3.9100417510
2.6545494794
1.4141113287
0.5275900427
3.0410831973
0.6325959134
3.5718791813
0.1372833993
0.8043445115
4.0557075126
0.6062046383
0.0899133742
1.4207782809
1.6912204219
1.4086639604
0.2922556445
1.3717960213
0.0639912370
0.5127973807
0.4337500956
2.4093398723
3.0495020253
3.0276626885
0.5627480612
1.6791139289
0.7641735910
3.1722388099
0.6508607518
0.6111608471
3.7545282693
0.5117003380
0.4332294974
0.0098564294
0.1476105188
4.2866359278
3.6581558266
0.0493609334
2.5982397575
1.8230536039
2.1575804651
0.6102708231
0.6076659944
0.0402233574
0.2822516732
0.5138325153
1.5666675258
3.1783446352
0.3755411552
1.2871826662
0.0906901100
2.2245589840
2.3778175327
0.4423977840
1.8792455520
0.0694747308
3.0110245046
4.3108562934
1.2375299833
1.2786908468
3.3892642259
3.1867160522
2.2461950843
0.3679594325
1.4975632209
1.2590863714
0.9520717808
3.3188132517
0.1785669307
0.6940985746
3.4133427945
0.0691509913
1.6927913046
1.4136646081
0.3051376816
1.7330364110
4.2829083723
1.7029774346
0.8281430316
2.1480183812
1.4653576864
3.0311175959
0.4048264807
3.3441071523
2.9138975535
1.6588255651
4.6571413075
1.3548724784
0.1486296100
0.9071023816
0.7842247344
0.7541715288
0.2423092892
1.5929940381
0.7737370968
2.7087668244
0.2985913940
2.4318632059
3.4461591351
1.6229212351
0.1814827277
0.1160336729
1.5155955442
1.4758551919
1.8427088819
2.7691283825
1.7364707558
0.3080540426
0.9703461370
0.3330925386
0.4054799068
3.8356271341
1.2022705414
1.9339180952
1.9735508790
1.4085425817
4.4005839148
0.2727607529
1.1299483769
1.9266768664
2.9407966213
0.1068326497
1.9243983699
3.6799458781
1.6752282914
1.3280914984
0.7660477715
0.9174377982
1.1329248321
2.1724935916
2.5699049857
0.8056119653
1.4859497304
3.6254858257
1.8475252686
0.7463007527
1.9208342182
0.8216215903
0.1352816968
1.2665629289
0.0781143069
0.3350870471
1.5111958167
1.4914169127
0.2301177854
1.3440481774
3.8527692333
0.1310533955
0.9381511983
4.6154923693
0.5549721208
1.1387511607
1.6851495424
0.7578506412
0.5607146873
1.1316588825
0.1768463748
0.1758879217
1.6332092958
0.4178886552
1.5778608721
0.1264421630
0.1071245077
0.0141968507
3.8568116265
1.5803150520
0.1996385835
3.4762087812
2.6296858646
2.3914430567
0.3027081510
2.8391476269
4.2980862137
3.5979557773
2.4459879030
2.4163565423
1.0643048618
0.8665638084
2.1307717426
2.0202976112
3.8991342689
0.9149141779
2.2046681628
1.0917661312
0.1020460447
2.2979749243
0.3313585446
3.1514193789
1.4911362534
0.9814471517
0.3467882040
0.7136799797
0.0702814574
1.2256180342
0.7471974384
1.4342391861
1.1665017667
4.1298411309
0.0552136475
0.6777857057
0.1190462657
0.2476080691
0.7509703002
2.7874718550
0.1382378305
2.6892733488
0.8264108127
0.0716834687
0.4680495718
0.2197682822
2.5694828924
3.5890290185
1.3981794939
2.9531035056
1.7728546193
0.9431888246
1.5554404421
3.7554297458
0.7933436782
0.6676614180
0.5795161258
0.2006278258
3.0553923138
0.3123796820
2.7982280575
0.1814211847
0.2115773764
2.6452578999
0.8650312432
3.3140064830
1.3063676662
1.2774611618
0.5487237944
1.2563498164
2.2529999409
4.4232109669
0.4840579240
1.5948532699
0.6341022080
2.2931109182
1.0958570399
0.5045324822
0.3512808117
0.4033266853
0.7020493492
0.1241475923
3.7347936885
1.2969339348
0.2243987164
1.0474303196
0.5861094974
2.0226569754
4.2046221070
2.0009498704
4.9371397176
1.0669752658
0.2227386810
0.6607615086
1.0901989908
3.5989402383
2.8875354350
2.0770354197
0.1522354011
1.0758062248
2.5767128333
1.2320180316
0.3636866817
1.9912249378
3.0766016095
0.1985194021
0.2621036784
2.8026020337
0.2185028352
1.1974866722
4.2149950021
3.2312344817
0.0368030377
0.9861084202
3.6741126688
2.4824591560
4.5402245614
0.0614455160
0.7136457018
2.5293999534
0.9407781401
2.1028122316
2.5369033519
0.6929849155
2.6634449497
0.5550023153
2.8833103548
0.9900030806
2.6109702864
1.4666125668
0.2808027819
2.2728654963
0.1664448694
0.2137077386
1.5216882384
0.2077295143
0.4754238894
1.0410574296
1.8263310052
3.3399654356
3.1090743976
0.4679428538
4.1674027578
0.9320007399
0.0481272364
2.8139055149
2.0933426440
0.2103005398
1.2634581872
0.2593126582
0.3442703218
1.2323244786
1.1820835265
1.8063978100
2.0532075917
1.6697417322
1.5198661632
1.5003634858
2.7140503648
1.8581424878
0.2246243486
4.2617200130
1.2073613424
1.9124096561
4.8463644460
1.1472261531
0.7117248611
0.2552364317
0.2656018711
2.9773638919
0.9150346536
0.1181824592
1.4538871338
2.7823284734
0.9305321831
1.2653760492
2.7404846484
0.3164464764
0.9697056791
2.9009217549
0.4572439804
0.7634794672
0.5491608016
0.4832379082
2.7537922203
1.2620812583
1.7206592333
0.1809206313
0.3652357887
3.1683673321
2.2838165219
0.0356236223
0.7333893292
0.3853831458
1.8293312708
0.9277237631
1.4351701675
0.0232904255
0.1705700716
0.8519933134
0.9004539585
1.8284664843
1.0503288943
1.1829930374
3.1560465971
0.8233185984
0.4568395073
1.2445362509
3.5678243708
0.1925808572
3.2496680412
2.7052123509
2.5143876285
4.1526752260
1.4036903101
2.7467248420
2.2710552083
0.4535700668
1.7314642230
0.3841685672
1.7819568211
0.9959613332
1.4205284190
2.5861374324
4.2031318538
0.5743297490
1.2367562762
0.2555110357
1.4171125213
0.2540329813
