sampled_theta2
0.7567748674
0.3869728707
3.0067758777
0.1624300542
0.0192721979
0.5779626174
0.5756282470
2.5974772523
0.6718063430
0.4991156248
0.4928235572
0.0375767587
0.8404134101
0.9876996056
0.2237125426
0.8036646331
0.4935692374
0.3440112739
0.4612233466
0.5905262035
0.3969292880
1.8740959088
0.0179283317
0.6366989366
0.6335200187
0.0492265801
1.4509465233
0.5247034047
0.9508197209
0.7995307441
0.2156141839
0.7692728285
0.4290181761
1.6816181970
0.5282759292
1.0057682938
1.0157456987
0.4335391892
0.2544594854
2.0939539555
0.8279776242
0.0276458136
0.1090358649
0.2983610194
0.9419300336
0.2098209260
0.3292098096
0.8903715594
0.0080582028
0.9720187224
0.4694436334
0.5696846232
1.7626139218
0.2159685270
1.6702764469
1.9401211490
0.0523103973
1.2431413688
0.2645998263
1.9578351544
1.5060816928
0.4821214046
1.2603701213
0.0847909916
0.0425502849
0.4243687247
0.1827393497
0.3922316532
0.2857252080
0.4746356627
0.7551490656
2.1232211275
1.2213826997
0.9702183921
1.0046755774
0.3203462796
0.6980785572
2.2759690034
0.5743800742
0.1088020878
0.4043465165
0.1243658906
0.0666504972
0.2940873106
2.4547613367
0.5949266299
0.1969439793
0.5038249940
0.7093307488
1.7254577949
0.5074292009
4.4432747661
2.0122955718
3.8113709430
3.1671678145
1.5241171172
1.3032706948
0.3582302339
0.8050658355
1.8320653301
2.9521654822
0.7974451194
0.1548048555
0.6115172290
0.1972911496
1.3363745092
1.5753400360
1.4692220435
0.2936862983
0.1404475793
0.0803997711
0.8792685198
0.3348335673
0.2865181420
0.6596213955
1.7274410718
0.0157091908
0.1837717669
1.9325481467
0.3948125915
0.0415452335
0.8556150341
1.5533463909
0.0245832747
0.3113615896
0.5769511026
1.7745815607
2.1455318359
0.8176557838
1.3551341215
0.3777598461
0.2007501743
1.2109068807
0.0603342347
1.2875884887
1.0236618066
1.1044469567
2.6454766773
0.1005077678
0.4326741506
1.4030689604
1.2509157370
0.7562357249
0.3851204551
2.4149585924
3.4221405830
0.3950079153
0.1942544613
2.9535455319
0.3316001121
0.4446368373
0.0652311154
1.7497399417
1.1682313750
2.4020837318
1.0165017146
0.7709012696
0.1926270918
0.3421193175
2.1686629913
3.5866242535
1.9884455094
2.4908122436
0.2464112560
1.5978710686
0.4672020716
0.6272111008
0.0383660455
0.3845053711
0.1781848165
0.8315242960
0.3282804864
0.8384370714
0.4850098209
0.1171967258
0.2667091468
1.5172184177
0.3862542547
0.1477663644
0.2818754053
0.7747410572
0.8299677450
0.1650140975
2.1530071194
0.7545559333
1.2377142964
0.2528184067
0.1599974969
1.6691386430
0.0260794675
0.2885362948
0.6685870558
0.2647278980
1.0358002184
1.6249434957
1.5189163816
0.6499382603
1.1877901656
3.7268794586
3.5037728670
1.1519238234
0.1422690657
0.6991208374
1.1700243943
1.4458697173
0.5452303551
1.3325693289
0.4234482271
1.5002400220
0.2755915961
0.9586096871
1.2895334484
0.0089968432
0.3686507177
2.6202174155
0.3406963292
0.0126749464
0.0037663779
1.5652248367
2.1732271960
0.8410238950
1.8725571733
0.2634267447
2.0622768884
0.4420391112
0.5014686125
0.8497135211
0.5587468576
0.3807371649
0.3776052218
0.5452145112
0.3241283436
2.3536449697
0.5639265897
0.1174092617
0.7104966817
0.6779001904
0.1869338267
0.3858372768
0.9300198455
0.5271943676
0.6741988768
0.4669075849
0.2661859656
0.9757123205
1.4042431192
0.3310949794
3.4602219999
0.8581619714
0.4793186445
1.3873859896
0.3762727303
0.2281972957
0.1584565973
0.2184882359
1.3177810639
2.6226744884
0.1205327229
0.2047220425
4.2082041136
0.2343586168
0.2713742866
0.0117492472
0.4308578470
1.3718914850
0.4524720773
1.3273964940
0.1989441586
1.3749946941
0.0117055645
0.1692887905
1.1198488823
0.5031020030
0.2369027814
0.1024656624
1.5495022892
3.4247994686
0.2305157539
0.4095598516
1.0421385248
0.8930434483
0.9185242646
0.1881869568
0.4584612412
0.4874344699
0.1605736677
0.7125076030
0.7996420488
3.5638181360
0.1490869237
0.3886972236
4.3900543130
3.7110772942
3.2013763069
3.3767314791
0.0675744786
1.5522997906
1.5071859649
0.4688260506
0.4616412772
3.9522738650
2.3556074080
1.9198651134
0.3102663999
0.5914255891
0.7994705488
0.7120727363
0.0311899505
0.9548825069
0.3517556187
3.5277544907
0.1944228873
0.8213915149
0.9033516819
0.7259719403
0.4730535330
2.1819173427
1.5194828830
0.2824237260
0.4243838600
0.1354945297
0.3161435725
0.1935550389
1.0361232736
0.3646643931
1.0447838846
0.6141224886
0.2312627045
0.9177480537
0.1072539912
0.4636355726
0.0193820795
0.4258101075
0.8801782152
0.0483873826
0.6101778499
0.7203048560
0.4568674978
1.5769120679
1.0937515982
0.0351590124
2.0741509039
3.9609735952
2.9207671250
0.4693266868
1.2682279641
0.3503924746
0.0572672786
0.9943251381
0.6560080398
0.5684431290
0.8571464104
0.8944314230
1.0076665543
0.3362703184
0.1861311605
1.0996990099
0.2485791538
0.0683506708
0.5400578520
0.5145825918
0.5137936421
0.3294967244
0.3207233494
0.1654368704
0.8119281915
0.0864513791
0.3308338181
0.9397921031
0.2688331385
0.4694586534
0.0761125323
0.0133399022
0.4836577202
0.5560361526
0.5278057460
1.4037205113
1.1907452006
1.9495332219
1.9986509377
1.7166245104
0.3371953235
1.3912184376
0.7173910941
0.1209117092
1.5287539962
0.1235463389
0.5651623615
0.6535357224
0.0275459057
0.9054799558
3.3073252306
2.5872605309
0.4082325840
0.4722514678
0.8598876296
1.0870694152
0.8034487915
1.6566240721
0.3209414622
0.0876374397
0.4896691432
0.7227925021
0.4120077815
0.6115533130
0.5020755907
0.9628004560
3.8346698642
0.9519248305
0.3263856429
0.0715557829
0.3727184891
2.3307435223
1.4565202588
3.3895442116
4.1137664564
3.1758799272
4.0670748884
0.8585670167
1.7222330770
1.3843478386
1.9988611884
2.7373344962
0.0360173813
0.6141178581
0.7497569659
0.0637302209
0.8417774211
0.0194380778
0.5904485657
0.6887814831
0.3611400511
0.6449918235
0.5927124572
0.1095547384
0.2224853636
0.1873420009
1.2134782279
0.6840008310
1.7736972956
1.6977350582
0.6453856458
1.1322405016
0.4846577975
1.8375905931
0.2833164467
0.6426753055
0.0497098674
0.2941455276
0.4344203251
0.2574545230
1.9672679576
1.1767402222
2.2071833941
2.6231746384
2.6074035222
0.8685330113
0.6780208771
0.4269159507
0.9108196373
0.5641958346
0.5065531268
0.1657796813
0.3325911514
0.2563931650
0.8857855318
0.1860847479
1.1527560069
0.6577909019
0.2073714232
1.6042453345
1.1806819006
0.1356840994
0.4466633375
1.8434983734
0.6316552954
1.2303592339
0.0613512299
0.2230013370
0.2913831160
0.1386457270
0.5141949724
1.6708851018
1.5606530862
2.8473244054
3.8280459162
4.0296448763
0.2582221119
0.7607110483
1.2982841652
0.3697759038
0.1006541502
1.1477506274
0.6351166955
0.8644313693
1.3186468632
0.4287274066
0.7029619924
1.0834901940
0.8927178405
0.2701740223
0.3792396156
0.0650283756
0.8656012040
0.5047032013
0.9872984544
0.9454170567
1.5955229605
0.3034452970
0.2883404184
0.2589434785
0.7760301865
0.2945875711
0.6722429859
0.4053653541
1.1685410041
1.1416940469
0.2949243229
0.9592841479
2.5416720619
0.5586898051
1.4529809703
2.1387252988
0.2421963486
0.7303182604
0.3367604927
0.6094964997
3.4958872485
3.2694490403
1.7368786208
0.9638796653
0.0414392664
1.4755989105
0.3704700616
1.0978165155
0.0080471863
1.0204953748
0.5806863864
0.8600742497
0.0585270336
0.2046912217
0.5809059573
0.1735626197
1.8090904275
3.1031767502
0.0660241444
0.4177473317
0.2799903345
0.5085845988
2.1075835255
1.1535532160
0.7474619293
2.0484920459
4.3645734904
1.2939555118
0.0007648357
0.8320731387
0.7379537531
2.7838680872
2.8633243801
1.2672078935
0.7686292658
0.1720642090
0.5428037996
2.6122209574
1.0635626955
0.5994716480
0.5880548124
0.9375037545
0.8376924590
0.5104569413
1.1887490268
1.0903776016
0.2966331077
0.5033862187
2.2564231101
1.4258672673
0.7610835283
0.9944349485
1.3309885032
0.1279950795
0.0868547355
1.5367752712
3.3381480110
0.0143947745
1.3487288084
0.2639559012
0.2962633989
1.5104602561
0.0703728465
0.2068344995
1.6104897974
0.6658949466
0.4663892142
2.1634449601
2.0411920213
0.6313286164
0.2137427366
2.0236707932
4.0656415536
4.3212474656
0.0642705157
0.4227284245
0.5422637500
0.9337453476
0.3880582325
2.5717038721
1.7919125511
1.0640047337
0.7694173005
0.0743215963
0.5282176139
0.0434908844
0.2589296356
0.2233535457
1.6201772086
0.9010229737
0.5496417577
0.0597922111
1.8529741754
0.1291959201
0.4904388893
0.8623177942
1.0391685291
3.3035500872
0.1464106526
0.5815158357
3.0143422156
2.0752581239
0.7186535291
1.0229562014
1.2710066795
0.4627424023
0.6784162667
0.3246400312
1.4958678989
1.7561891044
0.8114391287
2.1191900535
2.0506868682
4.6086148501
2.7499055930
0.2464319622
0.4634420898
0.2951136648
0.4306306681
1.8069499573
0.3781893589
0.8564327083
0.0943308508
0.4379966447
0.7544371522
0.0848719463
1.3959101283
0.0573573196
0.2122631796
2.2472589487
0.9293254573
2.9114076186
3.0376760548
1.7742451216
1.0870981665
2.3721244409
2.0106275323
0.8460967212
1.4315087884
0.2379392288
0.3894356753
0.3699052488
1.6431608347
2.1552416003
0.2500541173
1.0889553982
0.4383696578
0.3134905546
0.7536833656
0.2090020484
0.6227203269
0.3499171093
0.2985567833
0.4114415531
0.4385269914
0.2290432254
0.2438879529
1.3948784815
1.4269221716
0.3377143125
1.0359332381
0.3881624056
4.3842488253
2.3271706978
2.9777963828
0.1950378437
0.1662090956
0.3360435059
0.8266874366
1.5350010354
0.5164244448
0.0625257945
0.0945586784
1.0598385959
0.6334206213
0.4140023476
0.3619658550
3.1606057189
1.1766047708
0.7568750353
0.5163904894
0.5386638644
0.4438549356
1.6686423940
1.8558972703
1.5998620081
2.2171613273
0.8054040137
0.3271101955
0.0403511933
0.5251622439
0.9841948992
0.4182037479
3.8453205932
1.1763447705
0.5465799104
0.7601652422
0.1607674813
0.2339265455
3.6005546840
1.0235514258
0.9138067639
0.5032859881
0.5427258706
1.4073834316
3.6610805947
0.1047505821
1.2096761192
0.2213721072
0.5449296796
0.6730682121
0.2101392072
0.7364777456
0.5753515412
0.9012140196
2.4626563733
4.1866450042
3.2185361756
2.4557155114
0.9662404411
1.0093036399
0.5061547013
2.1088342516
0.5520423755
0.2159444278
1.8961284308
1.4169942696
0.8610857100
0.1568460047
0.6289003876
0.9622038138
0.6089236583
0.2050404325
0.3744176688
0.5179876802
0.1521994236
0.0078653123
0.3556696524
0.1674765197
0.1328780358
0.2565317928
1.8919667587
0.0729929419
1.3011413558
1.8657341575
1.4682852185
0.5003903904
0.8400441500
0.8465637305
0.5850517669
0.3465499840
0.3833524857
0.1372284987
0.7760203485
0.2306411643
0.7589790136
0.0768443437
0.8369527955
0.0485424726
2.4748695285
4.3855228081
3.1259162901
4.3205334725
4.6936545683
4.0535976549
0.5813075533
0.2502458330
0.4868010991
0.3245590607
1.4733751109
0.1896083204
1.0920325788
0.1068307657
0.7534950562
0.4831823146
0.4976156440
0.0948078290
0.7541287136
0.3211618425
3.4961839781
0.4621596179
0.1421536228
0.0068260930
0.1160803916
0.4978688920
1.7573199158
1.3247092667
2.3595263197
1.0284877500
1.0700594167
0.1019188679
1.1827869748
4.0696505762
4.1051866152
1.1976990254
1.2376140205
0.3404293173
0.8271119413
0.0709578884
0.1154048193
0.3231143657
1.2748157882
0.0164654004
0.1297789163
0.6049372856
0.5279196917
0.3694247797
0.8010660675
1.2379403973
0.0254891497
0.0806714819
1.2671243449
0.0318534842
1.6072150401
0.0746022869
0.0085649044
0.8882419598
0.0971644688
0.3170712209
0.0196035431
0.5366168809
1.1335697571
2.3271811859
1.7031185632
0.3612034028
0.2828522202
0.2610957875
0.9582201612
0.5069724911
1.3748906908
0.3658000298
1.3303238807
0.1923563097
3.7551092768
3.1656358948
0.3091335584
0.1409607558
3.0792231174
1.0188979864
0.0153658108
1.2864145386
0.1319060566
0.2700058135
1.1206445009
1.3524861832
0.4503692632
0.0331439825
1.0709916863
0.4752275123
2.0278920977
0.8341266988
2.4124381029
0.8281345143
0.4609428854
0.1326114052
0.4514644714
0.8972489745
0.3119086548
0.3617269140
0.1791022789
3.8046578563
0.3137364916
0.0530460973
2.9026572575
0.6724441794
0.8083903140
1.7278166329
1.2051004881
0.1749569830
0.3724775264
0.6455209754
1.6187621009
0.4622384680
0.7822467711
1.1134898810
0.1383607752
0.8365574366
0.7889166550
0.5815213395
0.4228511059
1.9268489316
2.8834632817
0.7523454907
0.3649219233
2.0966784861
0.8710430862
0.5706140323
2.9543138019
1.6512117142
0.3883655040
0.5919319590
0.5393649825
1.1586519486
0.1839784826
0.5910154688
1.3514869460
1.3984187503
1.0224038897
1.0730346656
0.4340512446
0.8961089669
0.5698166176
0.4036495677
1.8188882866
2.3650411106
1.8035758706
0.7522730551
0.0426733774
1.0490739035
3.0763358133
2.9708650301
4.6439616174
4.2889993106
4.1387504887
4.2913748005
1.9224506711
2.5223478260
3.3942973835
1.8777970218
0.0171550483
0.7107086458
1.8501827626
0.5982713550
0.6314879373
0.8042960969
1.0060376533
3.2957896250
3.6291406318
3.0156898085
3.6705667302
3.5506848470
3.0384762924
1.2746126313
1.2600315781
0.2689320606
0.1114886769
1.0417244437
2.8459849850
3.5552590721
1.9578648065
3.3173504721
0.2055877276
0.9236352009
0.0298138617
0.0189051493
0.0501002176
0.2312588630
0.0316842757
1.4584964809
0.9302465835
0.0333454067
0.3984529210
0.9868055789
0.7486671112
0.0094306942
0.2992342899
0.2339600561
0.7926583993
0.0557781905
2.3243947980
0.1279936772
0.1998162748
0.4515441883
0.1887388604
0.1775648937
1.2136857981
0.1218601104
0.2901249351
0.3364018970
1.0625275437
0.2777569265
0.8556850784
0.0708322525
0.3655187529
0.4037660071
1.0405152194
0.9714340873
0.1778243614
0.1476355896
1.0970580987
0.6375817745
0.6055102596
0.0872541101
0.5049160285
0.6407985392
0.9460595931
0.2696931332
0.5172182501
0.9084237334
1.1737578326
0.3273012881
0.0122365229
2.6284823159
1.3054489252
1.5654102812
0.2045127361
0.4625584877
0.1367116982
0.4134766125
0.2476095778
0.1333548702
0.3915977859
0.2762044468
2.0408750933
0.4242304022
1.2314012834
0.0957668599
2.2248439738
0.0535096723
0.9579199333
1.1109445337
0.1051813328
0.1734563955
2.1467964825
1.5324618162
1.5438750321
0.3319168792
0.3885847868
0.6528685086
0.8087866427
0.0240558074
0.1071981259
1.0332376673
1.4561883093
0.3531412439
0.9200687013
2.6639473926
2.0177593145
0.3087326310
1.1214344595
0.2715256764
0.6722062861
1.7650564324
0.4168816188
0.1249866714
0.4158637977
0.0016194145
1.7990820743
0.4807259339
2.5127463010
2.5418971346
4.2317226790
0.8662709214
0.2311632324
0.1330578601
0.8120544407
0.6456800119
0.1667735166
0.5807490337
0.7618095426
0.0839139913
0.8212728105
0.5433499997
0.8810108609
2.4593001729
4.2561850073
1.2007365832
2.1639762007
2.4050623839
2.8679032498
0.3084600709
0.6991136692
1.3428307132
0.5148896947
1.3679277511
1.0461588678
0.4405245165
0.6587352531
0.1004211258
0.5071680092
1.0664092190
0.9720970430
0.0528298842
0.1390937985
0.2811732839
1.0972078450
1.3445325096
0.1395517267
0.8923829377
3.4418573671
4.0662870682
0.6767408415
1.5365304281
2.5505879437
0.0001695839
0.2355724679
1.5517338473
0.2388389567
0.9162378716
1.4388055580
0.0906822503
0.6750910341
0.0972295010
1.1316968791
1.3933027119
2.0826834417
0.0982656233
0.1204808804
0.8018052773
0.5321242760
3.0726109501
1.5651739553
3.8347014342
0.1732581863
0.4234912535
0.7746164259
0.0856035585
0.4215645713
2.3618732117
1.7642396933
0.0417964705
2.1346187333
0.5864948226
0.2556019672
1.6623411815
0.4704997315
0.2122840814
1.4500656669
0.2616467828
0.3561173626
3.6708331910
0.1237736877
0.2263217487
0.5184460570
0.9118458169
1.0457210742
0.5377874058
0.1086086106
1.5279256605
0.9427104136
0.1505043260
0.0633007073
1.1330851823
0.6159391311
0.1989742215
0.2615723585
1.7011950218
0.3789230883
0.5209798973
0.2147062960
0.0694483827
0.0354086063
1.0051275664
0.0695645697
0.5295112933
0.6801707364
0.7215516401
0.3357984007
0.1700275647
0.0402448059
4.2192919963
1.6685555041
0.6445398763
0.9712871509
1.6577723097
2.2419684952
0.2827480355
0.1340456032
0.2453368191
1.2670772192
1.3747819815
0.4552430858
0.4561423901
0.1988427500
0.7160397655
0.9444501353
1.4478848422
0.8715615056
0.9272996712
2.6733487535
1.0054831824
4.3608390725
0.4096200115
0.1454421928
0.3247338622
1.3532058039
0.3662795467
0.1642292105
0.9735953900
1.6906558236
0.1415955137
3.2562565355
2.3056471781
0.7340771686
1.7534862832
0.2852256951
0.5742246400
0.2170670590
2.8953901367
0.4133148555
0.2834569189
0.3198244372
0.2892529433
3.0341590836
0.8864996959
0.1322842337
0.5021787362
0.7880059727
0.0530524556
1.5486277333
1.2133304837
0.9205511030
0.3754141921
0.8661304849
1.3686278027
0.0291795690
0.0757950023
0.1934597916
0.8641268677
0.3789876764
0.4881949071
0.0288763184
0.7509860590
0.3170221359
0.4675172394
1.1343936652
1.1204413309
2.7961290364
3.0718542738
2.1453978388
4.1182021248
2.1423144109
0.3866964232
0.1345068508
0.0772047355
0.6862175725
0.9542313226
0.9833365787
0.3834254365
2.0833658355
0.2011796986
3.1913544388
1.4543273367
0.2308861177
0.0814698568
0.5070167603
0.4035168635
0.0451663166
1.4704851634
1.7998137504
0.3145663547
0.2701053347
0.0183530779
1.8697974193
0.3826135057
1.0475835061
4.6310976062
2.1732886725
2.5256592102
1.3747223113
1.0394356906
0.7407869603
0.5285931817
0.3004091939
0.5242148747
1.3621600224
2.1967851150
0.3186799203
0.3300382832
0.3589863818
1.2531848046
0.7176391523
0.7120866647
2.2456360474
2.4133376566
0.0428502936
0.0179820412
0.3423500896
0.2921873182
0.2886727245
0.2998969004
0.4239546802
1.4672571337
1.8343601672
1.1873508710
0.4363110172
1.4869279133
2.6338708733
3.0755895040
0.4173201830
1.8599051749
0.3983261574
0.5406488891
0.8822477595
1.3169092233
1.2915539145
0.0272223501
0.0862197060
0.4207362875
0.0578154087
1.2990618008
0.7167293391
0.4134038936
0.4371797449
1.1028369376
4.0505240450
1.0466305606
0.5378380203
0.8391513643
0.2834065649
2.0416979240
3.8754150528
0.9769520783
0.9863812654
0.4822402486
0.7595070698
0.5635815426
0.3500738442
0.1080434003
0.2591060306
0.8887977598
0.1617690028
0.3566505318
0.5398802427
4.3475938311
3.3432999546
0.1969284076
1.6565828457
0.4953337433
0.9197741462
0.4442429284
3.4701690410
4.2372985393
3.6450891802
2.9267579098
0.7558969245
1.1673944504
0.2728178679
0.1180671178
0.1190322509
0.4233422816
1.9180976667
1.6628350939
0.5308950850
0.2905455881
0.9020509594
0.5734522212
1.6825248980
0.6177312609
0.6528561062
0.1154185682
0.2490372964
0.5680630395
0.0308009131
0.7459391772
0.7288655803
0.0283074400
0.2875455119
0.6520115521
0.5200942462
0.1126818139
1.5116623039
0.8402181715
1.1020810329
0.2983351258
0.3088654693
0.0198463588
0.0907355523
1.8828212038
0.7270447218
0.7337568326
0.8108273218
1.3974756546
4.5011802647
4.7298457309
3.3828184491
3.3314348877
0.6660427924
0.0298557824
0.0110475852
0.0762029261
0.2545829130
1.6665543803
0.4872624736
0.4382568809
1.1945521929
2.5245945309
3.1604700147
2.1176108144
0.8290672726
0.4563764123
1.6467586016
0.4072684542
0.5372404989
0.3027529602
0.0684786527
0.2344973088
1.6638756330
1.1917470991
0.2993546106
0.2616063750
0.7136912259
2.3287810425
2.4633634480
0.0383319083
1.3548111672
0.4081300460
0.2412706582
1.1733827119
0.1451540434
0.1263726500
0.5356903633
0.3081280413
0.8558936958
2.6319955235
1.0807340673
0.1447853003
1.1645084923
1.0053358981
0.2535437749
1.1385718125
2.1226840606
0.5204334899
0.0597107594
1.5475919252
2.1805602050
2.4744675317
0.8290788618
0.9729437277
0.4980815745
0.3549742548
0.0926339642
0.8867948811
2.0251956840
0.4826859650
1.6663962960
0.4531077726
0.1677177077
1.2317368755
0.9261351965
0.4549219794
0.1940799924
0.7817064094
0.4483177221
0.5780228583
2.9947313858
1.6924252693
1.0078106357
0.6300335931
0.0661125778
1.6646808270
2.2551954544
0.2190433531
2.3645187098
1.6534560679
0.1458347996
0.1536382055
0.0830204899
0.0620921241
0.2097785739
0.6475995070
0.5627214096
0.0208798375
0.9520486779
0.0216148620
0.5973410481
2.0199154881
0.4849997641
0.4720434813
1.5743240164
0.2276601884
0.0310847146
1.0015613454
2.5174371546
1.4574328215
2.1855501587
1.5632416460
0.1676479134
0.4293642309
2.2077461216
2.0403756734
2.9081485452
4.6579810236
3.0275996577
1.7449364997
1.3394557799
1.4354735818
0.3762683858
0.8985330687
0.2583731558
1.7619220102
0.6742021328
0.4026914247
0.3973041039
0.1473539369
0.6871261174
1.1165261148
0.2583237677
0.0209086658
0.1458104670
0.8110657351
0.0765921974
0.6690583941
1.0758303030
1.3452999965
0.0274687325
1.3390681020
1.6363552933
0.8663299775
0.0214932300
1.0396700034
0.8480220962
1.4193546324
0.2039645360
1.5165367850
2.5798196733
0.2271476379
0.2818114517
0.2619163516
0.5411571437
1.1329635000
0.1355430802
1.9384787286
0.4570082763
0.9203032806
1.0997859826
4.6857560465
3.7427286045
3.8406852872
1.2942468238
0.3193270542
0.6063393654
1.4953994703
0.1406722783
0.5514528148
3.0716226860
2.3595125348
0.2191698499
1.0023583338
1.1400429918
0.2506863034
1.7497019824
1.6178534323
0.2876843388
2.1853544794
0.7436545171
0.9446418455
0.5080857029
2.9267060185
0.3494087049
0.1980030441
0.7918639267
0.0336880777
0.4416635944
0.2907433596
1.2672664728
0.3245853110
0.2936783682
1.7867086748
0.5072319065
1.7372568049
0.4483972776
0.5520634464
0.4648239721
0.2357756481
1.3584175726
0.7382101479
0.4061214170
0.5277603710
0.0988120468
0.4035681619
2.7815100089
3.3363759883
4.2769637124
3.5751676529
0.2772623085
0.5938949761
0.3865418800
0.9145602413
1.6064737061
2.5980530241
1.0694663847
0.1841352810
1.6656231763
1.0226906047
0.2983629771
0.3872365059
0.3057105631
1.2685529689
0.7032718642
0.6022872715
0.0444506584
1.0185218189
1.4481845815
1.0244809396
0.1015310624
1.0532290948
0.5502261401
0.6529636729
0.4903295520
0.1553257881
0.1709324439
0.3365879103
0.0626358109
0.7495532297
0.1040553469
0.3688267905
0.1617440667
0.4186313373
2.1918172752
0.5306473814
0.1795740000
0.0257841198
0.0972375827
0.2557249721
0.4015460162
0.2409603996
0.0961432066
0.0396599187
0.6374642086
0.4523611299
0.4142810128
2.7988264433
0.2656345751
1.3516991625
0.0918798608
0.7095207877
0.9016245109
1.1726686550
1.1171266560
0.1285642651
1.6579960635
0.0372165482
0.4873418102
1.4308025499
0.3974756499
0.6459683316
0.7271764312
0.3101654810
2.0255671664
2.1955889541
0.8612166686
0.4859692363
1.8604413417
0.8686363363
0.6500225524
0.4573390568
0.9009074258
0.3379483413
2.5343111495
0.0984674627
0.5362990205
0.2122410864
3.2018652825
2.3484738957
0.2084331161
1.4866397241
0.0665584540
0.4215459640
1.2066064463
0.0578984154
0.4125529297
1.9406482360
3.1465238865
0.7215779012
0.6888325428
0.1718594120
0.9122842872
1.1396951443
0.0663338614
0.7199336249
0.0404806228
0.0369540785
0.6245332308
0.7247398308
0.6669410007
0.8309350234
0.1334391159
0.3322888025
3.2915140346
1.7566255168
0.0745318566
0.1168643026
0.1278924687
1.3393074943
0.9583696037
1.0678389526
0.8682115621
0.5554146699
0.9179342867
0.2710953376
0.0167993974
0.0104489384
0.2508696106
0.2166764686
0.2024617275
3.1115630772
4.0549809084
2.6395967696
0.5542153214
1.1292586672
0.8311081961
1.2588582168
0.0759899954
0.6356752266
0.6404871884
2.4864793489
2.6201485223
3.0256553914
0.7939238032
1.6152810546
0.1232810149
0.6260568228
0.5851844078
0.4879359490
0.5987454254
0.4925822103
1.3378273925
0.9539692353
1.2561634661
1.9167251417
1.5380553254
0.1531018482
0.1582857037
0.8470733864
4.0865437911
0.5907281868
2.8695413992
3.1888926493
1.2950662343
1.9595219438
1.3040359915
1.9198257094
0.7035682916
0.5849615585
0.3016488744
0.0486381396
1.1162774090
0.9713322748
2.2990191301
0.1426279263
1.3163795268
3.8828270146
4.8218909211
3.7424070325
2.4506228991
3.4218499691
3.4892401773
1.6289629505
0.1615314222
0.4813298498
1.3117977341
0.0797319544
1.3518718381
1.5534208213
0.4809084535
0.0997469246
0.2297043037
0.1856111663
0.0626926943
0.3195820264
1.6459060678
1.2627136148
0.7252999420
2.1456874511
1.0947025789
0.2591933586
0.0825882617
0.9268467542
0.0698136275
0.3670763170
0.1752808499
0.9357089323
0.4625365631
1.6049036801
0.2251561265
0.0245088662
0.3564917651
3.1746986361
0.2862575841
0.1542371640
1.1783778290
0.0002818139
0.7831984055
1.0873739613
0.4135517217
0.6554369540
1.5489721638
0.1056558471
0.5115877353
0.3822889798
0.6657444871
0.1732127167
0.2775369431
2.4804689068
1.0148017573
1.6039914500
0.2891162533
1.1298489531
0.5886142471
2.7642342634
1.2481906456
3.2047083155
2.7172516280
1.0449040639
0.5234962898
0.5453574829
0.2048844773
0.0751623956
1.0376397990
4.3425801517
4.5088548553
0.7186046386
1.3221396053
0.3264336778
0.0674292139
0.0397258943
0.4072873538
1.7746396195
0.0534435141
0.3399258781
0.3124611577
2.1040628501
0.6934516577
0.1859159996
0.5279364541
1.1755064729
1.9999262864
2.7291408385
2.8986050415
0.0861555091
0.2600742594
0.3872781402
0.1009088967
1.5227677954
1.5176545653
0.4385438323
2.4811257078
0.4165921628
1.4923412804
0.2220239440
0.3854514128
0.1263173653
0.4147758254
0.5158589745
0.9122448742
1.4134746887
0.8528723632
0.9297310929
1.6873704399
1.4509800691
1.7212048193
0.1013563990
0.2887540781
0.3347151715
3.0500330144
2.4540541090
0.7734810762
0.5528671260
0.4826840904
0.3327559338
2.2383170509
3.7403046916
1.1442987994
0.6745961613
0.3568653421
0.4575536558
1.0034974429
0.4523021684
0.5160683254
0.2869470775
0.0533430306
0.3915869086
0.1974755172
0.4698279716
0.3385466451
1.7779064292
2.0138739817
1.9801220327
0.2750834905
2.1777501511
0.3569535906
1.4654000648
1.2727806080
0.9850374680
0.4712737686
0.1225855807
0.9788449216
0.5126911283
0.2121479276
1.0914628442
0.3212907957
1.3082723402
1.2640873098
0.0430329711
1.6858057696
0.6465660709
0.5294186461
0.1942477720
0.2790666785
0.5301705002
0.5747253085
1.1265845532
4.6104466957
2.9282251690
4.6710992299
1.2747919478
0.1816094636
0.2564054674
0.6859718871
2.5488518180
1.3764487160
0.5087793525
0.5297925921
1.1387994062
1.5041483670
1.2592029873
1.5482745862
0.7596847698
0.0856845452
0.2475344291
2.7004081951
1.4592956671
0.4603158484
0.5479219372
2.1615094689
0.1727523226
0.6627967449
0.2834053319
0.8722803595
0.6788165855
0.1857832151
1.2023671909
0.0585339139
0.3759608244
0.0039140901
0.0811907882
1.3169779484
0.5594537827
0.3203186430
0.1897094145
0.0510693568
0.5306522440
0.7718067325
0.4722404418
2.6642348752
3.0069009258
0.7022742703
3.1520165832
1.0029772328
1.9280009544
1.3709704729
3.1647228443
3.5720800836
0.4410280224
0.0020431976
1.7187992055
1.3836573553
0.7626667349
1.6014152836
1.8096276444
0.3870627286
0.9429983944
0.3931688636
1.0927302168
0.3592617544
1.5311317499
1.0982596421
3.5174139586
2.9908362287
0.4302581434
0.9830844302
0.4203650686
0.4127145896
0.1217637686
0.2248012578
0.3870831181
3.3479582094
2.9649135810
0.1915741876
0.8593235418
0.4571409472
2.2509360090
0.3958878359
1.0330773275
0.2444465415
0.8719283991
1.1765875707
0.8543539170
0.3193338660
0.4256957974
0.4887072276
0.3728937649
0.5955861425
0.3462772650
0.6022556131
0.4993102298
0.6954928493
0.1134102482
0.5567289363
0.2709797091
0.3469237973
0.0141466358
1.2483173213
0.8933912292
0.6984063584
0.1197505625
0.2905798394
0.6305295400
0.3267286209
0.5751723187
0.3000556033
0.1904264277
0.6958534872
0.4642765569
0.5252895810
1.0224612675
0.0188251904
0.2235300108
1.8430933965
1.9715347854
1.3591756527
0.7287099020
0.3929190027
1.5068764787
0.2441297872
3.6359714372
3.5768186380
1.3753893440
1.8770234662
0.6098580487
2.3911223232
4.6917024298
4.6638860024
0.6982697230
0.7483066504
1.0389807686
0.0079031651
0.0304595158
0.8742511101
1.4638132930
0.5793950588
0.5804692449
0.7563442616
0.8684242840
0.0728300247
0.0921916956
0.8904437626
0.3718843435
0.9615805981
2.5201534189
0.7687858720
0.6953404807
1.3735645979
0.1642151230
1.0370723784
0.1116784537
0.4007462561
1.0427832640
0.6567267339
2.3550847515
0.6223337951
0.8169876416
0.0148505020
1.7008562930
2.9874511113
0.5125232958
1.1784962125
0.5974869890
0.0918388932
1.4627907178
2.3803064908
2.0603263678
0.9730197213
2.0405240310
1.6385984490
0.7606965875
0.3664213155
0.5842850953
0.1432692310
1.4638584301
0.8530859989
2.3084346071
0.1537352044
0.1197160793
1.3475804772
1.0652856642
1.0562098327
0.5985159961
0.3646636466
2.5654789277
1.3007115391
0.5806740887
0.9567695589
0.0790060053
0.3311361018
1.1246393638
0.1661051485
0.5253854572
1.3921930947
0.2237827608
0.6625799290
0.0780372073
0.0430995624
1.7504796501
1.6494240362
1.2586298537
0.4197904070
0.3129198850
1.6283266739
0.3673501151
0.2957054222
0.7384014219
0.6160316952
1.4330483205
0.5358410252
0.8413377023
0.8617363486
0.9529861279
1.1469954279
0.0824887333
0.6847629449
0.8457553480
2.3930171756
4.3638187078
1.4419571377
2.4169748973
0.0653487040
1.9251517364
0.6365644915
1.6521362278
0.0289105111
0.4399321960
0.1748306110
0.5707236006
0.3651563512
0.3189471123
0.4245020726
0.7577956081
1.0283854477
0.6400208961
2.4506627466
0.1395550263
0.9266013346
0.4034023733
1.1734344766
0.6874499852
0.2896098007
0.9734803383
0.2998551513
0.4489182406
0.3047474415
2.0024701149
0.3485690746
0.2495307578
0.0508365014
1.2916052607
2.3656215798
1.7856008074
3.2582825707
0.2310562793
0.3948466285
0.3831554410
0.1443241796
1.0944790230
0.1207696923
0.7394117437
1.5461417084
0.4356862640
0.1223843678
0.5715508646
0.4188714503
0.5711899970
1.1264777420
0.2208237264
0.3519524142
2.4891540385
0.4641822202
1.6462829024
0.9467148875
0.9350966996
0.3204007418
0.8012622489
0.1338740816
0.7931396571
3.3826441595
1.6684709748
0.0600206686
0.6590108433
0.2981200057
0.3342031487
3.0314003022
0.6073522558
1.4860124764
0.7075144212
0.2379111551
0.8601304610
0.0385035350
2.4429038909
2.5835167285
1.0961698431
0.5238915088
1.3356374481
0.4996489208
0.3075534748
1.0556173648
0.0091430561
0.7401403435
0.1563988777
1.1335545801
0.1681053213
1.3182686064
0.1922676086
0.4073168652
1.3670798004
1.0024784610
1.5257105381
0.0777458146
0.9793829582
0.7255529452
2.5269675839
0.2671402359
0.3348889315
0.0037732198
0.1035261805
0.4827592397
1.1333465241
0.1198798555
1.4378425213
0.8544198229
0.1038383717
2.9491918807
2.6718526315
1.2890555601
0.4409616606
0.3893211003
1.5003108876
0.7588388081
0.4801156863
1.0652932467
0.5877587525
0.4626923791
0.5524997161
2.9906900798
2.0760265238
0.3485956813
0.0780413652
2.1150562156
4.4433745954
1.5329197571
1.8409328830
3.2534632776
0.3952735989
0.5728301989
0.1007922655
1.2369718920
1.9218702455
0.5736914264
0.3265574965
0.1011876220
0.9036592493
1.2153493785
1.0974662919
0.1888052256
0.0174198741
0.4552693440
0.1046045690
0.2676841252
0.2583958517
0.1026054229
4.9290165718
2.5943829099
0.1672711825
0.1139370325
1.3422191835
0.5025950750
0.4893293024
1.6750407471
0.0172267854
0.4527393951
0.4943406463
1.4707082930
0.4237913036
0.0007040220
0.4541544479
0.3206005058
1.3330854897
0.0003417033
0.3366090278
0.8315091837
0.8355509737
3.3871786324
3.7351099894
0.5234450131
0.4737682116
2.2739335547
2.3090317427
3.9611092596
4.6171936721
0.5058410836
0.7242089336
1.8016734862
0.1541466262
0.5164029848
0.8377580101
0.7293460459
0.6653811927
1.8811582480
0.1185527241
0.7506861609
0.1587199861
0.7128768558
1.0684448803
1.0987106962
0.5790160490
0.1140475694
0.7542112338
0.7058035965
0.4915258663
1.5397816401
0.0182078450
0.1924935103
0.3941516067
1.4757266079
0.3924857573
1.5127589146
0.8328136008
1.6768787440
0.5130650104
1.1043025161
0.3882239410
0.8365784545
1.0334107191
0.0633926860
0.0685165696
0.8667171614
0.1099584485
1.7793098362
0.8988201003
0.0331863208
0.9135801518
0.2100022926
1.2541263149
1.2983383488
0.2390381597
2.5000562966
3.0880023632
1.6427732307
0.3321360030
0.0567232618
0.3092754965
0.0989485361
4.0839493111
3.7073356400
0.3695743289
1.7102733779
1.4379895607
3.2303270167
4.4853543778
3.3732701458
1.3846644028
0.4395904080
3.1697381333
3.3757877260
0.6749227870
0.0109091695
0.9212884690
0.3411956827
0.6396716798
0.7498291003
0.2848668150
0.3723404078
0.1990074587
0.6006151853
0.7228187173
0.5177432539
0.5461427424
0.3865485285
1.4253714143
0.7949369328
0.2337868365
0.0052429759
0.9027124286
0.4600516323
0.0546392494
1.1163684750
0.1349358635
0.8668476265
0.4710842217
0.5783063671
2.7264327290
3.1816164974
3.7121839216
3.2419457831
0.0406349742
0.0111523490
0.0059747010
0.8122142742
0.3711676952
0.1747014013
0.2028257366
2.3468675722
3.3588699588
0.9835156150
0.3694083301
0.0098578372
0.0901559162
0.4932251903
0.0992673659
0.5656293600
0.8953369884
0.1812567463
0.1387070049
2.3987471190
2.1996251785
3.5229250450
0.8882799708
0.7433337426
0.3100632464
1.6942096378
0.3495966228
1.8344541224
1.8288575750
0.0175319623
0.0770598037
0.8268616282
0.5491809465
0.1631083791
0.9905736920
0.4148490919
1.1109094431
0.5709294265
0.0025131772
0.8519106642
0.0342402255
0.0474305725
0.5231349111
0.4181457947
0.7727129556
0.3219093875
0.2994626048
1.0523001897
0.9927773325
0.1552565429
0.2717402305
1.2842988429
0.2817264727
0.4892049660
1.0406794014
0.2032258428
0.9099988400
0.0885051391
0.5606895225
0.1248232668
1.0300887297
0.1115063255
0.2383372420
1.7519977452
2.6350140114
0.9770493386
3.5545545157
2.8474633156
3.6383235112
2.4631999318
2.2259579779
3.0320822856
2.4892662103
0.1412588295
0.2640175677
1.4009190674
1.8508350364
1.9542286676
0.4281076143
1.1873680532
0.5031377369
0.1430452877
0.9852489571
0.2797182830
0.3715886127
0.0230025206
0.5332492735
1.1100813677
1.0927484855
0.4112792793
0.8571886784
1.4638559985
3.0617567235
4.2548061601
0.7463754196
0.0316002544
0.5472967914
0.2879399323
0.3060810286
1.2741596583
1.2234229546
0.3968220520
0.2232937659
1.8456099926
1.2964580779
0.0393691458
0.2953103809
0.3367803910
0.3588931701
2.1436227888
2.3040395956
0.2806236540
0.2655853370
2.0165236686
1.8581080455
0.0640701946
0.2836660294
1.3381272653
0.2998181880
0.2108282930
1.8054009054
0.4326904515
1.0701643413
1.0324088019
0.1136653532
0.5076203283
1.1760374419
0.8913715956
0.6555338622
3.1288954264
0.8943974198
1.7440085419
2.6069844674
2.0646390627
0.4886822203
0.1255309858
0.0070520118
2.1959060140
0.5568928222
0.9008411514
0.3948978868
1.4185680513
0.6207477237
0.0957172869
1.2952669668
0.0720612700
1.5998266084
0.7870224594
0.5411188094
0.1235376955
0.3918386823
0.2056555417
1.3449901598
0.2963339843
1.8879855307
0.1855592734
1.0475345658
1.1338344833
0.3401831521
1.0053162448
1.0175059339
0.7647328812
0.8471041496
0.0140738073
0.5625960698
1.3035926617
0.0500714939
1.0799739670
2.6378480753
4.8457293732
4.7201304532
0.1770795176
0.1347857100
0.8927250855
0.9089622579
1.0023080155
0.9069175145
0.7827025799
0.2858843190
3.1149352816
1.2363457403
0.4417662143
0.1958450243
0.1443428581
1.4512366749
0.1428924746
1.3558399323
1.0419117245
0.0235574088
1.5190581626
3.9190650279
2.3718162668
2.1024382715
2.1892682081
0.2204113660
0.6175297453
0.6210937928
0.0833679123
0.3946023071
0.4377808023
0.0126649127
1.6499353326
0.5380931162
4.0353000202
3.2321296073
1.1753635051
0.4696598828
0.2249684359
0.1931591237
0.6808520727
0.0688931698
0.9760577450
0.1742235052
0.7165128297
1.2354308390
1.2189672687
0.8199645373
0.4783339018
0.7951163491
1.1581663536
1.1160167821
0.4451121410
2.1400920671
0.3516711938
2.2269504446
3.2125917114
2.8069630700
3.3270823789
3.1610316732
2.9163287330
0.3655802673
1.2699198178
0.2583731003
0.0214220168
1.3582947251
3.2630484821
0.4604736668
0.3957040460
0.6744688680
0.9061441586
0.1544286453
0.2063792386
0.5114568597
0.5056366921
1.7067166560
1.3174553189
0.7800032827
2.7270475311
1.3340775275
1.6419567251
1.3620953041
0.3569529851
0.4387486842
0.7249157183
0.2450896106
0.1487996246
0.0613334090
1.1346342271
1.6299607482
2.5532341308
0.2102496623
0.7845688450
0.0836065474
3.2689093155
1.1641304169
2.4086141613
3.0071515249
0.6664166042
1.3530800194
0.6986751895
0.0282445671
0.4832105069
0.0154170962
1.1688292064
3.9594237509
3.7901084590
1.8303150070
0.3859396196
0.5541377359
1.1209846565
0.9305374718
1.1424924998
0.1061663694
0.6043904284
1.1692643118
0.0636137086
0.1443015511
0.8536172001
2.1506185849
0.4111107063
0.0612682598
0.3098155284
0.1649381460
0.5759983090
0.2345249865
0.4643539278
1.6430030374
0.8037910470
0.5244378364
1.5070511427
0.0482494802
0.3593712840
1.2588764527
0.0464584299
2.0195006097
0.3774499048
0.9381759864
0.6577499664
0.1958908953
0.8420990921
0.4869802182
0.0379217076
0.1913221523
1.0285749827
0.8288249520
1.6426002179
1.6175764757
4.0804458384
1.2706424916
1.4248827988
3.4263292237
4.8790328747
3.3807618327
3.3806191317
0.2048199337
0.2592480500
2.1741806565
0.8907255930
2.9054864531
2.5760074780
0.8897865456
2.0507773117
1.0327856477
4.8030340099
2.5054005840
4.2093195660
0.0522885339
0.0114491825
0.4186409085
2.1902265788
0.1291173430
1.0058476172
1.7200252875
1.2991191999
0.2998652011
0.6988972956
0.1354290661
0.1492204204
0.3473122963
2.3346502327
0.4701054124
0.1389195879
0.1558553374
0.5549103444
0.4624602628
0.4899048916
0.3011344265
0.7894426031
0.5387733308
0.7737260540
0.5091268333
1.7289311573
3.4524862218
0.8120124702
1.0435923925
0.4062781448
2.7173442896
3.5407406963
0.0713164468
2.2359705562
0.4705663923
0.7747071856
0.9795140133
0.1497355359
1.4138919256
0.2256390339
0.2510384817
0.3529453417
0.2910291228
0.1536722809
2.6979329335
0.4782265124
0.3023008220
0.0145120941
1.1997991660
0.0523228430
0.1516774434
0.4828813156
1.0930391834
0.5864209077
0.0052728602
0.2450815121
0.0754438827
1.2864315324
0.2060567218
3.7321151541
0.0304069068
0.6109993015
0.2649987009
0.0658577140
0.9991049936
0.0307775378
0.0076036034
1.4385878991
1.3636096473
1.0291331397
0.1477170863
0.2034391923
2.1109017225
0.2552530290
0.7076193677
0.0770103993
0.4274423726
1.2283115444
0.4469845257
1.0349772349
0.8243253713
0.7181395520
0.8988167093
0.5464144828
1.7483432628
0.2459181317
0.1999394039
0.0568373286
0.4366003522
0.1478655312
0.9265121720
4.9185643350
0.1387271729
0.2434123596
1.1439052720
0.9673126978
0.3345577195
0.6523038121
0.0633645458
1.7780808901
0.0023982311
0.0809368076
0.9624872627
2.7067411663
0.2369486836
1.6514461806
0.6646872670
0.2430173284
0.0786275516
0.7812827445
2.4980195001
0.3680537716
1.8139039777
2.4383565191
4.1753302077
0.0534448931
0.2086301452
0.1089756365
1.4672879992
1.9096827195
0.8713588670
0.3273917273
0.0165494220
3.9243263870
4.4714941485
2.2704103030
3.1113151152
0.6321993617
0.4069052156
1.2086151931
0.7046677934
0.1730358312
2.4589397861
1.2415060326
2.4334784023
2.0547711681
0.5179674787
0.6101693292
0.2536215655
0.4165348305
1.8354967496
0.0259750828
0.8051654388
0.9083787323
0.4941103254
3.4322974510
0.1846683255
0.1599321394
0.3946031758
1.1430622323
0.1628789905
0.6737686522
0.5886601694
0.3222958231
1.0438088829
1.6196400832
0.9606620549
0.9999591276
1.0899867730
0.9591708725
0.3077908629
0.0990679920
0.0924076723
2.5053695473
0.3015557862
2.7180772619
2.1730472861
1.8004032561
3.7618958797
3.9503347112
2.0173225742
2.1379493007
1.0419471200
0.1173482989
0.5986584110
0.4562032760
1.2442441238
0.5528686721
0.8002211192
3.2282587860
0.8977652520
1.5684100758
0.0060499637
0.0837743136
0.1008132655
0.0827132522
0.3372021594
0.3842310969
0.6349436979
0.0627517574
0.8421178871
0.2586636857
0.3304932446
0.3215346067
1.3761422789
0.2547940764
0.3377985469
3.6620456175
3.5296842515
0.2316379718
0.6707008528
1.9571297137
1.1791781344
0.6294236755
0.3931225681
1.5610749374
0.5391201330
0.9591056349
1.7426826363
0.0237333427
0.9367952250
0.3295120030
1.1630379344
0.1979517357
0.5762335205
1.1562173222
0.3766796086
0.5038164562
0.6803670834
0.2525007737
0.0584557854
0.7108204752
0.0101869093
0.0734268149
0.0935577005
0.4049790564
0.3670394470
1.1198266992
0.8583915888
0.5087613348
1.4644766426
0.5880979137
1.2804066634
0.2410942899
0.1573553022
0.1901522308
0.5633582174
1.6776891328
0.0470277074
0.4615241381
0.1217280633
1.2213162500
0.0866998591
0.2883755542
0.6957946057
0.4879983217
1.6731853588
0.5057718173
0.3116394988
0.1067585460
0.8338493950
0.9300095659
1.1482719334
1.0168623741
1.3055962031
1.0608943589
1.0208264718
1.2970248831
1.5871456968
0.4139923440
0.2366294134
0.3911558575
0.2922838471
0.5059797641
0.9972097648
0.7397692820
2.4030828394
0.6277672008
1.2150399903
0.0149227440
1.0889432571
0.1104284093
0.0523553006
1.4048590597
0.2840501616
0.6696797389
1.4495474190
0.0643725046
1.4423616987
0.8273420161
0.6057492979
0.3122717538
0.5927499293
0.3607408528
0.2933968371
0.0872070426
0.8732916427
2.5895834435
0.1019279035
1.0322266781
0.1473455590
1.0899933746
2.0488758715
2.7393428914
0.9469147590
2.1745114266
0.4061150641
1.2565864895
0.0353530175
0.0919807053
0.3129404025
1.8806177859
0.2714681741
1.5651185250
2.0816269332
0.7089151533
0.2283247684
1.2290250087
2.0557846507
0.2544658862
0.1960343615
0.1338284985
0.1223968198
0.2780893489
0.7508486525
1.4681079015
1.5364466791
0.8307930774
0.1300745801
0.4502425598
0.1088464506
0.4339182776
1.2657367533
0.6703702025
2.3331936306
1.4997814561
1.0444110706
1.0135214853
0.3758541114
1.0393846232
0.9497824941
0.1011423271
0.8089788145
0.4811665207
1.3604245411
0.6793569322
0.1726292540
0.4247022008
0.9805527036
0.4480558028
1.0565144523
0.2674485394
0.3101214553
0.1655880797
0.2911644188
0.7447767459
0.3782506014
0.0512528534
0.0025091790
1.0284269791
0.3630545203
0.3469283157
0.8399973367
0.3671946046
0.1915646861
0.1507248826
1.2929768524
1.5137109648
1.0268345354
1.3424981842
1.5813862046
4.0207671462
1.6958563057
0.0961341601
0.1464616644
0.0233433909
0.1571731426
0.8053775038
2.2989435776
2.2506179025
0.1626697220
2.2761338081
0.1817927651
1.6112010356
2.4781455454
0.3827492418
0.4249801455
0.0699526543
0.7272153158
0.2144133105
0.0966150035
0.2664578870
1.5666648551
3.6385933179
4.6699590453
0.5110395655
0.5084278609
1.6694413604
1.3921704647
0.1572632471
0.9657287994
0.4946010635
0.7625029721
0.1869303379
0.5684910409
2.1893166863
0.6637974895
0.9200435716
1.6597863802
1.0113888588
0.2989698340
0.1315263634
0.5866404948
1.2199999203
1.2548721722
0.9963741459
0.2948643790
2.1529055554
1.1720863331
0.1604787636
0.6023166496
0.4490321582
0.6194237282
0.2723584888
0.4622163387
0.3555164744
0.7586005888
0.8445436168
0.0852549425
0.3526951667
3.0348667395
0.4533581838
0.9783623901
0.3239444693
0.6508127274
0.4831311475
1.1167693558
0.3333585505
1.8918869860
0.5563172983
0.4485259187
1.4001623944
0.0433270279
1.0993380346
1.3416443116
0.3188211163
2.2899473380
2.4200949954
4.0924206818
4.5584028598
0.9495911799
0.8043389249
0.4523464529
0.8313915322
0.9983425031
0.5244010342
0.4303499564
0.7809801777
0.3369338854
0.5389523157
2.5943046458
0.8401641023
1.7067221744
0.4285307026
0.0624993583
0.4323315759
1.8449664432
2.6622690565
3.0964310305
0.1028136877
0.2906177490
1.0802977161
0.6376265635
1.8387671620
1.7556745317
0.4216776717
0.2904168448
1.4626271400
0.1115535821
0.1981613833
0.0916896007
0.8717348523
0.4931380970
2.6958013679
0.0143862075
0.5894716012
0.2670199325
1.0566693892
1.6675716273
1.3625461373
2.4860530649
2.4853084481
1.4605562524
0.9933349641
0.3024198421
0.2320683342
0.4430110497
0.2040421140
1.3890195556
0.2760529104
0.3436817596
0.9899819073
1.3894953323
0.8941733293
4.4279055875
0.0149305285
1.8886335265
0.9959136567
0.4301135191
0.5236323453
0.0188458328
0.8398048969
3.1241597711
0.4159376228
0.1658694178
0.2717013060
0.6817932189
0.4046606894
0.3957622871
0.1732425374
0.2791349421
1.0624343247
1.1066509926
0.8456729342
0.1546814234
0.1492285975
2.7274298398
4.7294624113
4.0993809661
1.1789332365
