sampled_beta
1.9437484119
2.2459444601
4.8468952572
1.4390102266
1.7316466941
3.0442432768
2.1252009317
3.1023328733
3.0259282102
2.4707915987
1.8050059802
1.5450609936
2.4810909741
3.7127858309
1.7553329027
2.8051550215
1.6459118241
1.2174759680
1.2283192218
2.7529157504
2.1582095598
1.6819139779
1.6256763629
2.6193037442
3.5392831204
1.5616092331
2.9787070307
2.6063302753
5.1631777547
2.5762760077
1.3447218284
4.3841125085
1.2134024895
1.9125934569
2.3054462860
2.7879362911
1.2596066581
2.1734234808
1.8761776590
1.8966460809
3.9432183956
1.5793465255
1.4900807932
1.4813238104
1.8634657460
1.7358961284
1.6479079940
3.0749797927
1.5686264085
3.2958340379
1.8571823858
2.3968132428
4.9867504549
1.4725253433
11.8456421602
23.1458839168
2.1821072219
4.5344809728
1.0647261072
8.3181242600
4.0131016042
2.3294243574
1.5394305892
1.5845594115
1.6074166276
1.7137032345
1.2315720472
2.2660825528
1.6331995832
2.2147829747
3.7247190064
1.2093933257
1.5813101149
1.7958617968
4.1048276279
2.0150450713
3.1053478267
1.6378295790
1.7516199150
1.5886428883
2.2361746987
1.6218634130
1.6792798177
1.9189614515
11.2857577928
2.4790483356
1.7230494872
1.2993152438
1.9525938560
4.6885541821
1.8822700281
2.8569883329
9.3203744860
2.1164045030
2.2671241566
2.5847601468
6.0068203610
1.2673861999
3.0396554607
3.6116287977
16.3320744331
3.3574572788
1.5244417798
2.4251723463
1.5569169049
4.6687449377
8.9592333329
9.0243451481
1.8814521579
1.6146793646
1.9633920528
5.0713100947
1.5408236613
1.8510026742
3.5863907547
2.1465743089
1.7369183786
1.4615340664
11.1945806887
1.4620210126
1.6001823890
3.6384164189
1.5875287765
1.8217389204
1.9479884137
1.3667462299
11.2411179675
1.6407590976
4.2249309406
4.7689494139
2.1693008658
1.7639683232
4.3551678142
1.6020666311
3.8173502590
3.0588359957
6.6942956693
2.5326719812
1.3507517640
2.4135887478
10.9385621795
8.9306923265
3.0488826162
2.2108930406
14.8172995040
1.5096961167
2.0073545303
1.7338891059
3.6573161700
1.4931148912
2.2060332106
1.7163026048
3.5711254143
8.8671924580
13.2379781803
1.5428166301
2.1733611039
1.1098517601
1.8696630972
1.6405796412
5.3619523298
2.0831778397
17.4760121924
1.8618189929
6.6423459116
2.5062968313
2.6284990291
1.5546973303
1.7637501304
1.5640817512
1.4043092535
2.0134815260
2.8037988903
2.0622938669
1.6273846868
1.8663221500
1.6789212442
1.7251977619
1.4908903804
1.9362181100
2.5389330310
3.2769668251
1.6988897102
7.1429821259
4.5811804575
1.1988766353
1.3541960097
1.5125602665
1.5233697729
1.6551327595
1.9647023901
1.9865700253
0.7502187799
1.8426163058
6.7149763452
6.2940928564
2.5775760454
5.7383002420
2.6990875552
2.7601878632
9.7780464611
1.6639962415
1.4366795758
3.8873713432
2.2807722578
1.5858337646
3.7970106677
1.9641779806
1.6682926775
1.8902513428
3.6673115317
1.6587318685
1.4365523215
2.1209973241
2.5581228918
1.6842315437
1.4801043320
1.3929497797
1.4408313249
5.4711945429
5.5758382803
11.5340060533
1.7749634506
8.9542638582
2.3244732086
1.5438309844
4.1834822721
2.3769533162
1.9709471082
1.8540439938
2.4357895495
2.0632963706
13.1750996104
2.5589337290
1.6314793836
1.8638707874
1.7637256920
1.2521798849
1.7619402937
4.3362565510
2.6589413283
3.0263059530
1.4354007401
1.8621293071
1.5631295868
9.9747151130
1.0654129999
36.2555889174
2.8951333539
2.6200104398
6.9618865610
2.1977092085
1.6625703969
1.6107353766
1.8001215593
5.5959057440
1.8307336943
1.5695157599
1.7547140108
1.7334995610
1.7479943851
1.5886951695
1.6591283301
1.2891714462
8.4687800058
2.5178249375
1.8884774079
1.6880647286
2.9664828837
1.5624343802
1.7051392576
4.6233744974
2.6293536750
1.8240522574
1.9053366884
7.3873542402
28.3078355133
1.3461197976
2.0317911818
5.0194158153
4.4659016565
2.7634591301
1.6652076661
2.5348768461
2.6708777398
1.6466304664
2.3961514639
3.7730445463
2.3443769810
1.6606254804
2.2724060030
42.9851291311
12.2404751898
1.2844641955
1.5721841907
1.4237109051
1.7337130834
2.8697186537
1.6875520316
2.5038778091
3.1805969717
16.9001921072
6.6140212809
2.0227497835
2.9982516352
3.6768306566
3.3516106844
1.4801232958
4.3082802311
1.4194299780
23.9627734844
1.5369262225
2.2060319924
1.4936653286
3.8657324279
2.4140738796
9.9912399599
2.0741998533
1.5999283491
2.3069071814
1.6367880309
1.9624621261
1.7447297415
5.0710719489
0.7636199331
1.2977747138
2.3479690320
1.8248165389
3.4354732857
1.6197404794
1.9847592392
1.4700668430
2.3035135801
3.5518906670
1.4113606187
2.1908772344
3.4315900428
1.6356757246
8.3617276362
2.5589271378
1.4117992913
11.2692205933
2.0066045689
1.7077299472
2.2910278102
9.4027626455
2.1416865019
1.7311056627
2.5554807121
1.6621796417
2.1355772009
1.7708867248
4.6493861151
1.6798190354
1.9026788095
1.7366421736
4.0600460091
1.8252791368
1.5285090008
2.9482216083
1.9491679262
2.5130379368
2.0469452890
1.9386765794
1.6765877820
1.8121140605
1.7574585056
1.8375563256
3.3916630486
1.8932614584
2.0158356228
1.5720797935
1.4657140346
1.8036586177
2.9488869653
1.9605782532
2.8055465687
4.6610156836
2.3604734575
8.8526732651
9.5763796314
1.9983333271
7.1685259251
4.1508823662
1.6372934014
1.7202470502
1.6291146962
1.2884341481
3.3442355890
1.9026233017
4.0834700607
1.8698043878
7.2853225681
2.0917765126
2.0775860978
1.5792028596
2.7147654238
3.0478208136
6.8012206704
0.7429915193
1.4671541362
2.3868696155
2.0931564337
2.2966703733
1.2303358897
1.4677855064
1.5315465578
7.7054542712
7.0978259411
2.0324852152
1.6334290792
1.6750663614
12.5321479249
1.3745280524
2.8622687763
2.4751674316
2.1222678115
4.1656600222
2.5531099637
8.5835482579
5.6144874467
11.5399598921
2.0968258381
1.4528863753
3.1353748525
2.5794577940
1.5888173101
4.2120131695
1.6825827725
2.6544915832
3.9557534924
1.6084248247
3.5986017087
3.2225864252
1.6331602058
1.7715203135
1.7003571236
5.4696490694
3.7598056415
2.7952715839
6.1008022055
3.0680245510
3.4357877468
2.1294378193
8.3608888580
1.2852564489
3.1601294074
2.1511080798
1.9176361835
2.4321675725
1.2762933626
4.6163277629
3.5957716292
1.6714649413
4.7474011782
1.4819571038
3.4312573739
1.2576375699
2.0264747465
4.3878959152
2.3968164738
2.6911052752
1.6408108037
0.8368462139
1.7786689470
3.3569099128
1.3751906761
4.1606235153
3.7236673572
1.7214878233
3.2349496948
4.7708865583
1.5257736306
2.3110780736
2.2296911846
3.3704277077
1.4473170508
1.4774948474
1.5959788203
0.4081025169
1.6086656550
1.9599801710
1.9450371103
4.2084086802
2.5738497116
1.9401857222
31.9039914372
1.7881995717
2.7959745809
1.4703901557
1.5810192187
1.6899098002
3.9070144399
2.1928512351
3.3602441415
6.2905461924
2.2082871332
2.8936025545
1.7915315461
4.0838827086
1.5761780729
1.8759366285
2.1754064890
1.6389970894
1.4618166765
3.6489703234
1.3923101284
2.6033058397
2.0044809224
1.4402562793
1.7499902397
2.1289820271
1.8987702045
2.8000536295
2.0964441909
8.2340852851
2.8450371096
1.9016296943
3.4385646636
10.1264705484
2.8784249129
1.6335790398
2.0496421741
0.8793629555
3.6024029413
0.5246359440
2.7557595442
3.4006649549
10.6921009549
2.3864522261
4.9956751569
1.7386985162
3.7488804309
2.1071481996
5.6460246019
1.5357283299
1.7691808927
2.5638477663
3.1031888279
1.4749851969
1.7692742801
1.2552155450
1.6020056008
9.9926808001
2.4274013963
1.6791887772
1.8423539359
1.9235363353
2.4813075788
21.3622951590
3.6118360431
2.2670848899
1.7653378975
2.1346996135
5.3468829492
1.3740949901
3.2783887047
2.1939351171
1.7693122108
4.3797792258
3.2424740644
1.6108097127
1.7094576863
2.5640409314
4.2291383399
2.0123258374
1.7976555241
2.6400618297
3.7891393456
1.4901958947
1.7831028169
2.7905495479
6.0536578033
1.3236218691
1.7279701897
2.7229180370
2.1472114524
4.4552867278
4.6388934615
5.5637704656
1.5102845044
1.5737247135
5.9334355129
1.7658908460
1.5538466190
5.8021970963
1.9010157673
1.9156344320
7.8103947306
1.6461067667
1.6860268163
1.4829614053
2.6829479470
1.6871560451
1.3691487976
7.8607206738
3.1080060389
1.7836316498
2.0070525087
1.4681452157
1.9757004307
1.5190875569
2.0700070285
1.4743173489
3.4384920620
2.2625109297
1.5726931304
7.4214883919
4.6350568510
3.7670918517
1.6957465624
2.7839587102
1.6156639402
1.7946431586
1.3991830789
1.4611244211
4.7069381150
2.6181459421
1.4805011013
7.9669767871
1.7584181529
2.3894429083
2.5940033098
5.7628750541
25.0883288614
1.6698457877
2.2288479095
1.9831977029
3.0570619140
3.7254815834
3.7445854962
1.4711624220
2.5545097868
3.1044586136
2.0656976899
2.0102894336
2.5660216316
1.4624132708
12.7783785459
1.8008283661
1.9582131695
2.2601658771
1.4890725791
1.4567010921
1.9383609204
1.6293582988
1.7366290910
1.9647895196
3.7232627326
1.6307154484
2.3108551746
4.3164702176
1.4851782773
5.6354227354
1.6586746175
1.7445468583
14.5027549267
4.2602597866
2.9689209045
2.1245279322
5.8495908434
1.4739286034
3.9586150369
1.5597844728
1.7566999099
2.3882180655
1.4371942059
1.5235031579
1.7373640177
6.6942087520
2.5041350129
1.8691132189
4.2272748308
2.2617672516
1.9225374400
3.6110317288
1.7604529620
2.6030900334
0.6109464855
1.8199817809
2.2615090147
1.8592918448
1.2863790569
1.8554227149
3.0511826544
5.7361466538
1.4344956922
3.9489916939
1.5838681175
2.1056369346
13.7460024853
18.4623241503
1.7524247896
1.6914076121
0.8013532075
3.3515700130
1.4761172958
2.5277370079
1.8242540737
1.5674781195
4.0929412277
1.3536754854
1.9019990832
1.4587744649
1.9906782526
4.8054791087
1.3663113607
2.3392813253
2.6236505791
2.1048734794
15.6706211534
9.5489534284
2.8770628198
11.8109100523
2.7390529836
1.0946891832
1.7983751816
1.9808943233
3.6035887155
2.3817055268
3.0949051431
3.2808451737
2.4251632300
4.6296264762
1.4522995639
1.6925870076
26.8546147616
4.8591237046
4.0076842457
2.7450104147
2.9577201289
1.7164346521
19.8090568714
1.6138367053
4.9729736602
1.2972896928
2.3712713059
1.4327018105
1.6439616666
2.7507779043
2.2449462228
1.3705112393
1.7285078628
2.1282463973
18.4850447266
1.7672006599
2.6953080091
2.4219983471
2.3426437469
2.3382293492
1.8689647631
1.7937138475
1.6553911275
1.7724102176
4.0709580215
1.6848565415
3.1494617945
2.0909672488
2.7570351846
1.7665108018
1.6489720427
2.7764082555
1.4333118601
1.4028606554
2.1608010699
1.6814317989
1.6018540086
1.8809147357
1.6119744374
1.5741389981
8.4842574479
1.3812499170
1.3197504954
2.7410792467
1.2322988173
2.8946539620
2.7760585343
1.3552939106
2.0788078703
1.5980912719
1.4458259977
0.8957783268
1.4464927886
1.7275569306
1.9760694140
1.5165135568
2.0412917085
1.7004724585
18.8420218801
1.7253735114
1.8308780837
36.2324754327
2.5907503606
1.8695974630
2.6754396300
1.5745747590
6.8620295441
1.6902704931
4.4179459331
1.6610555802
3.5171869467
2.5572611308
2.5908940157
1.6524473006
1.9264075715
2.0025911911
22.3784396625
2.3134453464
1.4881208852
1.5145620316
1.6351342487
2.0730313053
4.0219573429
5.6988159131
15.4264962751
3.6677752572
4.9809611728
1.6314467016
2.3869282839
1.6098812503
2.1752176246
9.7434162525
4.5855944324
0.5651134879
3.3428383548
1.6843658341
1.5374632139
1.7982701740
8.4146630790
1.5914071203
1.6082042973
1.5505796150
1.6123981945
2.2041230720
2.6166257551
5.1120438291
1.4475738059
1.3430609439
4.3009139371
1.5475314517
1.6837203308
1.3021994437
1.5731997437
2.3720841454
1.6349162816
2.0437781801
1.6104366880
1.7818581724
8.9455776797
1.5877347743
1.3289222814
1.8081744001
1.4822946626
1.6099299391
5.5695931491
1.9646560740
6.9096761722
1.6026584674
1.6955678618
1.5613911110
32.3821131100
18.6398367447
1.9904531396
1.6418365390
25.2459659040
4.3404347180
1.6183348644
8.5469268220
1.6331972662
1.8022826349
5.1813782544
1.9031674317
2.2099142044
2.0096870984
3.7778712796
2.1768497682
1.7602406063
4.4314416626
3.0513260836
3.0157653028
2.3494716663
1.6029868227
1.3088054453
3.7189856685
1.6806832527
1.6431345009
1.4232380124
27.4749630210
1.8025847496
1.9057198991
24.6066600317
3.0996621701
5.1385653986
6.6754924818
4.9916029868
1.4946198680
2.1731989449
3.6083170528
1.7985860890
2.4898377583
1.7398227950
5.4011057111
1.6229842838
2.8145196120
4.6625652495
1.9446913635
2.3335739509
2.7637288212
23.0938741638
3.3493791196
1.9865915285
1.9732150705
1.4366463474
2.1019022302
34.7488892487
1.8275612230
2.0152635152
1.8216255167
2.8263611810
3.6645976051
1.7325649086
3.1900577072
3.9360814295
1.9820453610
1.2706092123
7.1679179737
2.2261749744
3.1879666154
3.0455988054
2.2751355663
1.8840163966
12.2923439225
6.5905747264
1.4626591288
1.8935199270
5.7249469953
21.4984895476
1.3318450810
4.4880849447
3.8705356668
16.8507600865
2.1918611853
1.8849498099
3.7712931614
3.7407134307
2.9419072465
1.6115158897
3.6891157300
7.8928180675
3.2982423310
2.5940326621
1.8944347956
5.5281044018
1.6065143426
2.2673123792
4.0078739003
1.3153227146
2.5322815206
5.0847594224
5.6322828934
2.0407823280
1.9027436489
1.6326595857
3.9656278515
11.4173845821
2.7654836395
1.4168694755
3.4133813122
1.7728811062
4.8294007976
1.9866150081
1.8329897957
1.6039196943
1.5570510146
1.5372669895
6.0309544675
2.3662181895
1.4674811832
1.8067819585
1.8716289231
2.9291912485
1.5854387178
1.6519459421
1.8179607811
2.7190636838
1.6474801846
7.5839589577
1.5483043994
1.0759226457
1.5660101302
1.7414116497
1.6611099661
1.4626819026
1.6330667637
1.6032065845
1.5100395710
1.3140731818
1.9084686971
2.2721353905
1.9699971968
2.1237872789
1.8459332093
3.9709227349
4.4046543038
1.7104441896
1.5093590229
2.0641613827
3.5450732811
3.2958567909
1.9763525581
2.1491234494
3.5793324103
5.9936274428
1.5776429414
2.5902910923
3.1106329037
6.2153586012
1.8303383870
1.5682039166
1.6823178681
5.7566418900
7.4535127518
1.5550945090
1.6045587567
1.4945155020
1.5991011385
1.6993265770
1.6081646885
1.9188256841
1.4455799140
2.9283606534
1.7874524255
5.6662257711
1.6085680270
1.7479603899
1.6252070044
1.7309690354
3.7826827287
1.6623773171
1.6463337870
8.4288443874
1.2936991829
9.1198047790
1.9794222238
1.9883631971
1.2860003968
4.9560465434
1.5391689670
1.2722232393
7.3195883392
5.4505944753
1.8391173175
3.7778786723
2.0950297723
12.5323719823
0.9876486518
5.1638829679
1.7210267729
3.6602816940
6.8370767796
2.3337423111
1.6097556625
1.9127384025
1.3906820899
1.6363398659
1.9208730302
2.8110940806
1.6661484392
1.9607223572
5.8867893779
1.6639186468
1.6212114325
4.1754751844
2.8488084931
1.5991694455
2.9014391759
1.3396972410
1.6124709066
4.9824355615
2.8755951316
4.2162214537
15.7515158919
2.0357585939
1.5520971555
2.2566004584
2.2950670468
13.8708549044
2.0078073008
2.3581535083
1.9297598917
2.8100836142
5.6383553106
2.0391637005
2.4151492449
2.0694959367
1.6250740559
2.6753839140
4.7130205993
2.8813704646
1.6857856764
1.5843966878
1.8158375054
1.3177166221
5.2435301841
1.6574336055
1.8366028542
34.1159357940
32.9910430129
3.6451137491
12.1027930716
14.7582369383
1.3430588424
1.6675381457
2.1718924863
1.8420921375
2.3921159928
4.3637723155
1.5332644193
3.8171621352
1.5457175585
2.3669804936
4.5739527821
2.8955092098
1.5021984269
1.6289015655
1.4975800042
1.0001332033
22.3706217574
6.2859491523
2.3445507883
1.7061983391
1.5574229364
1.2512951007
1.9140452382
2.3152658829
12.0701326139
1.7889363344
2.2137086726
2.3366430911
2.9597501305
1.4317277863
8.0181436827
2.5990148530
1.7127842946
2.8062871381
1.1000372556
1.7342188851
19.9298413040
1.7918059303
1.5582907486
2.5503488462
4.8929868992
7.3154663359
2.3390712950
1.6142479536
1.8838617609
3.6591802754
1.5166714233
1.4075962986
3.7028493211
2.7601005927
1.6528539328
1.8973198223
6.9310832648
2.0063503370
2.6829793717
1.7911628502
2.0043002713
1.3550956118
3.8897012197
2.1134974864
2.6013479903
2.3344916385
1.3741338351
1.7903746575
1.7005207365
2.1047775488
1.5889948888
10.9146005054
1.9296444053
1.5917935892
6.2476729563
3.0015824065
1.2300264066
1.6872812006
1.6186374384
1.3825437241
2.2074242350
1.5429153576
2.2840252448
1.2843682465
2.6995016272
3.6256699116
5.9846395845
1.8339143758
3.8203895263
1.8016112464
3.7209435234
3.2438802116
2.1771287062
1.5991129385
0.4588964657
11.7393668234
1.2886981679
1.5543176930
3.0263144457
2.6390012078
1.6296924910
6.4725019358
2.1632302575
2.6629575104
5.3252998987
1.4386415208
3.1461677841
1.7021115441
1.5216007083
2.3248069650
1.9409774516
1.6965509721
1.6731151930
2.1339415050
4.3313539110
1.6106019423
2.7491199739
2.7439607492
1.5711082471
3.0167653480
9.8419330446
3.7125271116
1.5434523340
3.7133345306
5.8096211448
2.0057946034
2.0570460772
1.7157434397
5.8485900324
2.2362850915
2.4643584022
1.5174161658
3.2632815019
1.8936149173
2.5688301347
3.4045482533
2.3570974799
13.1846067313
31.0425728543
12.0256770506
2.2389231392
1.8020665896
2.0462106961
1.6399085028
1.2911456469
2.6340683336
2.0375457680
4.4168100118
1.6964651970
14.8757719671
1.4829651460
2.4875305580
7.6175767674
1.1990238518
1.5288644220
2.7419292085
2.0318344134
1.6985887719
1.8873335652
12.1960369326
2.0056368645
1.9149141246
1.7935520344
2.4920777838
2.2468144035
6.1613123413
49.0938912729
16.4753403212
1.7311004054
1.6312676956
3.7868197984
3.2324847081
2.3019728751
1.7339868617
2.7229330955
1.5419072891
10.4860069675
1.9791327251
2.0180944793
2.0614876196
1.5040801860
3.2546423868
1.3151365718
4.1939451450
1.4636820185
1.7166658418
1.8393833218
1.7891531970
1.7585385858
1.8418594541
1.0258747988
1.4937601616
1.4391845263
2.9897839258
2.3664884911
2.1512623203
2.3604042970
3.6618466314
4.6691825465
2.3517628824
1.7054410686
2.0421995582
2.6079241693
2.7478961393
1.7645368370
1.9078780620
1.6093441940
1.4338024669
2.1549985563
2.1977918455
1.4197110642
2.7644109476
2.1139210146
2.4325355442
1.3527988329
2.2401277234
1.4679706391
2.8163806172
2.2066814059
1.8427166187
10.2829268004
1.8090354464
4.5527296176
2.0249601850
2.3427940552
2.1591519360
2.4359116676
2.0406135877
1.6096011488
1.7483318961
6.1878274134
1.4735588881
1.9774005429
2.9244566441
7.0483811897
28.1718791519
1.7566680022
10.3630046331
2.0072034309
3.3842522583
1.9599834172
7.1107840203
1.7066723435
3.1418372212
4.0195811283
4.3928523799
1.6590614836
1.7832639888
1.6094236051
1.6283226157
1.0896850217
11.8189493010
6.5386597219
2.7843924913
1.9635970699
4.0212378737
2.2075387902
8.9154131267
3.4235584569
3.5092168273
1.7880471524
1.6945427590
3.0557552678
1.5186327537
3.3807749242
3.0677252561
1.6426098783
1.9137098280
2.7638419749
2.0135177670
1.6318085720
2.2957546019
3.1303011906
3.7697115437
1.9726897317
2.0106069672
1.8571257933
1.7994326524
1.8713401991
3.8894291979
3.0689537029
5.2010182542
5.8678314959
4.1322629966
56.9480214149
24.8628267107
21.7535228246
1.9747891954
1.6689686902
1.6374976070
1.5408993158
1.8687069195
8.8022274434
2.3870734089
2.1777686547
6.1303996849
15.0999154201
24.0746691745
3.3620663435
5.4066903713
2.4491460937
7.2259332568
2.2670767786
2.6376043294
1.9654554127
1.4060159109
1.6290112204
6.3846346879
1.4601544801
1.8838064846
1.8492414631
1.8433723694
4.8400589894
2.2114317946
1.4927949466
4.3071097803
2.2769946491
1.5552392486
4.8543441447
1.5879778703
1.4375349812
2.3654754658
1.8349894201
3.1452836243
2.2870146501
3.9388155647
1.5538288453
1.6114382209
3.6863279016
1.8449113494
4.2814786918
12.5501291542
2.5553540300
2.1216611699
5.4312753489
3.7830362710
2.7217140316
2.7470446168
7.5929085861
1.8388481788
2.1587683527
1.9915146494
2.6956294422
1.5552879536
1.4232436574
5.0121872661
2.2551083495
1.6079518679
10.5811647144
3.6511130973
2.4655129257
1.7507085856
1.4727855216
2.3855233024
3.1245330319
2.1814990313
8.6570787382
1.7119710282
3.4906660349
1.8510730400
8.0620927598
8.9908543143
1.6729517547
1.7773501481
1.9652405013
1.6687571587
1.6521659390
1.8562289046
1.5020298981
1.2867606098
1.5227061670
2.8214357698
1.6837213603
1.8491363509
1.5909785812
1.7844466396
1.7967115892
2.6551455389
2.2034425086
1.8669285454
1.0793363795
1.5649903414
1.9529715469
2.2454295435
1.4199552660
8.2216497125
7.8402762619
1.6690601969
2.1619801136
1.3836906080
1.6704737388
1.8252086252
1.8418566321
1.5500013793
1.3537202692
5.1040664505
7.6383044212
1.3596617824
1.8920022417
1.8883558888
9.9502166522
2.2631534963
2.2969062774
2.2920579543
1.6219083258
1.6015383883
4.4774423498
0.9544912347
1.4889741362
1.5457844391
2.4203098149
1.6939053182
3.5705457280
6.2660221471
2.9123973136
1.4195353785
6.3488999166
3.0036084043
1.5443460124
1.4134436487
5.9128873693
1.8278040920
1.6699272816
1.7311098324
8.3946678636
1.5830136892
1.2830395579
1.9014622896
1.8897782489
2.9249133535
3.7084263993
1.6080567313
13.9894144942
2.5398194785
3.7573589239
1.2937015899
2.2608833925
9.2343437507
2.8327360535
3.8496011168
2.0216179286
3.2937362267
6.4979013267
1.6618770176
1.4161270399
1.3267409786
1.6700083004
1.7966107841
5.4640669675
5.2228123422
1.8708198761
1.2143144595
13.1723092024
1.6226806536
18.3448643294
1.4027237132
3.9715486121
2.1458117831
2.8951787944
1.6072329403
1.5892348353
1.3564521007
1.6316095460
1.7915005523
1.9701009889
5.0071211834
1.8866380399
1.9362892874
2.1557637718
2.6199152525
1.5291504957
2.3054335628
2.4782902143
1.4732023056
1.8369865185
6.0117880034
2.8286318364
2.3308910610
2.4541283588
1.9319698286
2.3189383225
3.1450380954
14.1663277234
2.0646006962
4.0624275794
1.9363901877
2.4285519474
2.0829904945
4.0326476900
5.5823010216
7.2490077435
1.3950350857
1.5994465725
3.0178309419
4.2032169536
1.9903520333
1.8923585734
1.3322792539
1.4708690532
2.2443328990
2.0088811762
1.8077729923
1.7985965048
5.4447055712
1.2863782946
1.6403926855
4.2087787813
1.7990261884
2.1135628890
2.3494397212
1.6604462927
1.6925839809
1.4632487907
2.0195433814
3.1692552750
1.6160761077
1.8502982093
1.4827032796
1.2680762695
12.3715231596
1.6587341004
1.7164007159
1.5117525859
1.4947249317
1.2673287038
1.8981448279
1.7671621557
1.6527364663
2.0211514715
2.2910920769
1.6454898219
2.3129075300
3.7779778781
1.7266947945
1.4703610971
1.4937589470
3.5653825553
4.0012018829
7.1527244959
1.7293489527
1.6442170181
1.5532065611
2.0780621315
2.0279676854
1.8885117939
1.8141428950
3.4033951283
2.7670734162
1.8449111031
9.5816358150
2.5283214420
2.4720954592
2.6566925874
2.8252734511
1.4049263339
1.6944324038
2.2350237269
2.0142653439
2.1034433721
2.2499350225
1.5766828499
2.5789071646
1.6267728358
23.3544688684
4.1830553474
1.7798595987
1.5708818138
1.6692497036
2.3436941162
1.9229649781
1.5681306073
1.9560785611
1.8633644132
34.7873508725
4.0077274762
1.7179910038
1.3905951864
4.0047209604
2.9685071775
1.7416785961
3.7512065742
1.6120660954
2.0158040555
2.2993002043
3.1651143036
3.0387664381
5.3853572647
1.5293013653
1.8515040119
2.0799953077
16.5463011263
1.7215140515
1.5634140489
1.6123785240
5.5400567916
6.0644417804
7.9003453011
3.5790642916
1.5602190665
4.3422342508
1.8761782680
1.4626276966
1.6090011178
1.8528047194
1.5888396252
1.7070938647
34.7916885693
4.4975996901
1.7680166511
2.8371569805
1.8131612235
5.1785391211
3.3812774612
1.7541394970
1.8533351785
2.7215432756
2.4010674950
2.9841278025
1.7941991937
3.2866120978
8.1885171468
1.5132424107
2.1743430477
2.4225367266
2.4797609251
2.8749117124
2.6670380400
5.1736884045
1.2633021211
6.0557366645
1.6246642449
2.5787185914
1.6791946620
1.5904505680
5.6249896802
10.1730163291
2.5900371132
2.8232984275
1.7619741949
7.5031565861
10.3781428808
2.6734789972
3.3993957573
2.0100961141
2.5814005567
1.9664630395
2.0246853627
4.0144859389
1.7977520570
1.8238411184
1.5966145181
8.1488325318
4.7098092444
10.5271810383
2.0276670177
7.6554758723
25.6928417119
11.8961594431
6.4671386687
1.6635405509
2.1855826085
1.5859615643
1.7827121470
13.6059837305
7.7774292362
2.4763518635
1.7019579740
1.5222278329
1.7357322845
1.6538116856
1.3136579851
7.3186534324
2.3702156761
2.3794554791
3.2423231150
1.8002201520
1.7921723651
1.4874234260
3.4681720821
1.5925426868
1.7873318951
1.4727043540
4.2886782900
2.4361286356
6.2848031313
1.7318031922
1.4034933165
1.8941943245
10.5191595731
1.7806708940
1.6725454514
1.6155479077
1.3638238133
1.2657532107
2.7531377233
2.2942399076
2.7573975446
9.1149314663
1.6326014298
2.0066878295
1.6334638947
1.9542962138
1.7004385182
1.8676140549
4.6700661023
2.7183188823
3.5119166475
1.7978136052
1.8232253305
2.7860478644
18.4971414207
6.9691830641
20.1486844288
2.6375808177
1.5192891751
2.3796597854
1.4881533864
1.6383891689
1.3247764363
3.8252775056
1.7587945277
1.6115686093
1.3466558333
1.8056483593
1.9165136864
1.9593468567
1.5526123184
1.3907622231
7.3567701593
1.9440977183
2.0654455830
2.0043591674
2.1399527593
3.7601890838
1.7363664167
2.8135662593
3.3526196860
2.0584435506
2.2900472752
11.7612933416
1.6558962023
1.8726396446
2.2469942270
1.9325908902
5.3169302343
1.2413912748
1.6957698834
1.4380464867
2.0557538702
1.6500791199
1.6951132954
2.1585178083
1.4662431376
1.6949214974
2.3087834925
3.5159463390
5.5816767527
3.7609852699
1.7224794000
1.4818424062
6.3906906733
9.4271379373
1.6090981306
1.9436123390
1.6598736728
3.0278416486
1.5735429881
4.7826317437
1.4503801993
2.1585206357
1.6493888691
2.3734387490
2.9604240950
5.7876682729
2.6387492840
2.0531431419
2.4068834589
6.0551284239
2.1315305042
2.6411896251
1.8421561048
1.3472426938
2.2117364010
1.6822116091
1.9507374720
2.0366848721
1.6626766553
1.5398513430
1.6409485938
1.9172656378
3.2777815388
2.0812800539
6.4198800194
1.2316802460
4.4154827409
2.2681194215
1.6369816650
4.1683242969
2.5310988706
1.2301673354
2.2340468544
2.0554084143
2.1260999434
1.4334237386
1.6355490036
7.9119160091
2.6417595558
2.8483416409
1.6848612136
1.9303422513
2.8944557278
2.9049562335
7.3647302341
2.0930497626
7.0879019263
2.4976347577
4.8251079006
1.7279782225
1.6472519224
1.8296008686
2.3144404276
1.8490151545
2.4273466890
2.5268460805
4.1863308885
2.2602212050
1.8400743917
4.8932335059
2.4734366896
1.5477127109
1.8016907974
3.9290444218
9.2856566222
2.0474138257
2.6073996132
1.5997594277
1.7112294482
3.1085126443
1.6947218129
3.5817227479
1.2806016927
1.3070195978
7.7240231185
1.5857112500
0.5059241170
1.4481484636
1.6359662665
2.4550754707
2.4862382525
1.9533224933
1.2204021965
1.6631927911
2.4516944611
1.6583225498
2.6080012483
20.7879918387
13.6214589814
3.0390573629
4.8451893406
2.2508545704
2.8743128063
5.4671040505
2.0839454193
11.0088252342
2.4708424737
1.3986089004
3.0272996563
1.9243186757
2.3400126952
2.3124517974
3.9931135063
1.9102471089
1.8405266039
1.8020532843
2.5738864314
2.0439540067
7.1736947458
7.9268910447
28.6807377289
2.4134497802
2.1693749057
5.7253633608
2.2182316447
2.0596879801
1.6385650237
1.7770483649
2.0812688161
2.1692498796
2.8504358573
1.7245899616
3.4240648790
2.5336812231
3.6321427868
2.0154832903
4.5205604763
1.5448017672
3.5071043709
1.2244349023
2.0088825209
1.8188970943
1.0446240911
2.3221279890
1.9209836121
2.6891139087
1.9916911557
3.2163094057
2.6349650362
2.4095127792
1.5195464219
2.9865128323
0.8113024653
1.4318993175
1.6361209140
2.1735311019
4.0012126472
3.8885104722
1.6367546825
1.9410328400
2.2271964953
0.7613264676
2.1564499519
1.9612545985
1.7036829588
2.9167742760
2.0189254395
2.6014436654
1.6233551111
1.4915223121
1.7122519936
1.3121552374
5.7383580602
1.2025954886
2.1844152024
1.7352126918
7.0175287154
1.8110108602
2.4366416019
35.9151075586
2.7031172641
1.7032808709
1.4428389296
1.3444672240
1.2962653281
1.3816481363
1.5060778715
4.1338382641
1.6186787642
1.4306704266
1.6193390619
3.4816050286
6.5564827023
3.1092328995
2.2977085715
3.3278853692
4.5293550467
1.6051944270
1.4439383738
1.3741257796
1.8884892251
3.3072653576
21.6537338735
4.7048143562
3.8042688080
8.6073528422
1.6062333810
5.7257219223
1.6297445406
1.5474460140
6.7246924709
2.7197382824
26.0249651120
3.3287935670
4.4751808376
1.4279829903
9.5169735049
15.9544017367
2.6323904420
1.4586749694
2.7842560607
1.6575326221
16.8501490463
1.7557916466
1.4538918375
2.7976881984
8.6882950522
1.6653763325
1.7819211969
1.3985192724
2.6970709143
1.5985415266
3.6543910550
2.7318327067
13.5601782780
1.5026287518
1.6420185703
1.5427456877
1.3433336389
5.3164804923
2.3402414213
2.1391783208
1.7518951297
2.2801674429
3.1448846575
1.8521313103
1.7035204966
1.9427871293
2.2170451544
1.4323444428
2.8543505444
7.3291066069
1.6017974397
3.1247720781
1.6049116048
2.2042526835
9.0604291104
7.9674237110
5.0351359729
1.7417235202
1.9865449047
4.0989508635
2.0522085705
1.9551841442
1.2787357780
2.0868756395
2.9262403910
2.1426610230
2.7893772361
2.8133211997
2.6264668743
4.5821475831
1.4139475720
1.8684862783
1.8958139312
2.2688903512
13.9853500249
5.2884032083
1.3562041907
1.7909126265
8.3447105729
3.4890989480
7.0579849490
1.7191171354
1.9900253766
1.3472372579
2.7394313323
2.1439402532
2.0412857188
2.1036468067
4.4493431308
1.7699019410
2.6871660678
1.7474554954
1.5740933901
4.1214254289
1.9117233383
6.6917591954
1.7287456751
1.8887511247
3.4675061487
1.6581029775
2.1538289992
2.0025530097
3.7671541081
1.6341095396
1.8494832450
1.6910926336
5.3860860224
6.9424534501
7.7461189268
22.6581829737
1.7925764011
1.5431452799
2.0176344271
1.5910475017
2.2037330299
1.3146958461
1.2619015124
2.5901731094
2.3454632662
1.6240252514
3.1297970819
0.4384086580
1.3655257005
5.6374840311
0.9403919087
2.1398911186
1.5653747209
1.3095786192
1.4169415703
1.6482870736
1.7545711764
0.9728951827
1.6475115359
1.5950666358
2.2210366117
1.8337400508
2.6772888319
1.9006441522
3.7192037498
1.9908577005
1.6511202107
1.2260843696
3.0819152878
1.8514340643
3.1654286766
1.7780999588
3.9724130841
1.8357980554
15.5201858499
16.6556686858
2.0120937584
2.6388826184
4.9637926517
1.2154797328
2.0155163031
3.6017607205
1.5482110982
3.0067615559
1.5659435422
3.6725552919
1.6902307135
7.7709829455
1.7086958204
2.2093466224
10.4628658743
3.8608322794
1.2238101718
1.6295228328
2.9916570933
1.8390941472
2.5979522875
1.5351217832
1.9441893612
1.4132137690
1.6237640893
2.3325348926
4.9549681537
1.6367981517
6.0044418552
3.2651993288
1.6350592060
2.5004727580
20.9448524371
1.4419441764
1.9279408577
2.0956931396
8.2596035658
4.4367582237
2.1343704615
5.2516494246
2.7944278351
2.3484130812
2.7773750081
22.8279774713
11.7337169969
2.0696449355
1.5854596161
12.4883232140
41.8249762375
4.9146991725
4.7540917950
2.3568793222
2.2602501946
2.9335801422
1.6266512862
3.2430528668
6.6340227101
2.6337904499
1.4352699748
1.6123027494
4.1658973024
1.5760629909
1.4340101870
1.6207406654
1.8319943401
2.3071421337
1.6146237786
1.7018055751
1.8767629554
1.5583680556
1.5723040371
11.4538419538
1.6228487802
1.6385895168
6.8459851569
1.7624485462
2.4641400284
6.0348628920
1.5785179268
2.1430768864
2.5352025200
2.7396089170
2.3502694749
1.3723765830
2.0095664108
2.0499359683
3.0488909988
1.3588672241
2.0961527090
1.8358346627
3.4799715927
1.9772352146
1.3720582124
1.5157125423
2.5611377871
14.3587383112
4.6176217003
31.5240260909
3.2702729944
2.7008973860
1.9267701616
4.6988490596
1.5954182335
2.8104941504
2.5509970754
2.7074986424
1.8962010330
3.1158068720
1.4192670433
3.3281708286
1.5818471112
3.9725342629
4.4388401861
5.5874469873
2.1704418959
1.5012299609
2.4178524864
2.9822437154
2.6059957571
3.9996157557
1.6023081504
1.6944024732
2.2785749901
1.7960781372
1.7564922651
1.4744803076
1.2968065925
2.4234180974
2.3798523970
1.2169039288
2.2514095904
5.4371537864
2.1743448649
1.6722272620
1.4549146913
3.3255466903
1.6375782033
10.2500903029
2.0813220738
1.5761485283
1.4423342906
1.6617740608
2.4816010863
5.4892799393
1.8399446806
11.5574242118
15.1844972690
7.2859561690
0.8945764305
1.3116740660
1.4463434502
1.7246609360
2.0270993208
1.8774762254
2.0884762524
2.2899059135
5.6059964970
6.2302446201
1.9543186093
4.2224221575
9.5213875465
2.4317411400
1.6677097440
1.8156386086
1.5659120373
1.4472749646
3.2538558585
1.9157156807
2.5404494813
3.6827935538
0.5061486917
2.0107203202
1.7593406672
2.6818190567
3.9613823737
2.7973249110
2.5442962888
1.9785521192
6.4689402707
2.3476457655
1.2273026978
1.4346234078
3.5424466260
1.3119366687
1.5519170072
4.2544717532
1.6411432109
4.0298867367
2.3073723019
2.3586110823
3.5047551159
20.8258229182
1.9626861799
19.2415580902
1.3298486116
1.6438995027
1.5087362458
3.8802300129
0.8586788373
1.6701601531
1.7685789621
1.5468383406
15.7983607889
1.8092846412
2.1885470513
1.5720743715
1.5895257843
1.3593327615
1.8484205816
2.8526181176
3.4680912480
1.6824923649
1.6447253849
10.9974830416
13.9195299392
14.5844217801
3.2768833688
1.6590295309
1.2974349001
2.0725742723
1.6300185249
1.5842202892
2.4318900114
1.4609909743
1.7234311601
2.8980340559
2.5092886667
1.6131534323
3.3323473662
2.3051864676
2.2437454821
3.1048525088
1.3954057035
3.3542449517
1.7070794101
1.6056524334
2.8438322014
2.0855411437
2.8786912739
1.2412076206
1.3552767508
3.7264195443
5.2565749577
1.6640959872
1.2474356448
2.3758940696
1.6344065126
1.8457201365
8.2989000251
1.7631409423
3.7424830582
2.0441742708
2.0774145325
1.6296618236
3.2373809431
1.6685132320
1.2732753807
4.4838217963
21.8384293954
3.7821359180
1.3265807820
20.1109576419
3.8518522646
5.0600327965
4.5403359459
4.1384094131
17.7015693937
1.5697219031
1.8243146816
1.8918097660
3.6228709783
1.4651892979
2.3576429605
4.9067901559
1.3909669481
1.5728091882
3.7032804668
1.6940497261
1.7231653021
1.5717797974
2.8754183009
4.7863637984
5.2332725894
1.7815030072
3.6299328148
5.9414502538
1.9385114029
12.1897537045
2.3836000447
1.7752181310
2.9638292509
1.8522882831
1.8920493766
3.3990247301
1.4935677507
2.2694448304
1.5081934772
7.7898903993
4.2474256405
1.4764584756
1.7126770957
2.0985125899
0.7148875476
3.0544779489
2.4618202500
1.5046260340
1.7192905861
9.6018516720
3.6039984228
1.7582156846
1.5739279051
7.6061080550
1.8360785512
1.7057512301
1.5901930033
1.8811082296
1.3958139536
3.7372298303
1.6683163486
2.6803438914
4.6656768038
1.4281835549
3.2911422645
4.1937294667
3.9603651478
1.7528631594
14.9845559197
15.3979445856
2.4107363786
1.7855108863
1.4321482559
5.5574114264
2.2038724549
1.5505813262
2.2943981557
2.3992807149
2.4623291188
1.5640416050
3.1597448860
1.5350554523
1.4303762639
4.5746046281
2.3389731135
1.6188423854
1.2880950888
1.5939715552
9.4373495747
1.4947032600
1.4259364593
1.7163410091
3.4518046993
3.3661064310
1.9678105316
1.9353898152
3.7513320125
3.0221658445
2.7117815834
1.4712083612
1.8187924082
6.4987484067
1.5511157849
4.1699308151
2.5153872532
2.2758909635
34.7640279629
1.3782452906
1.6064454676
3.4182113135
3.4347421231
1.6070108406
1.5752766139
3.1497311338
1.9415495594
14.3474012020
11.1238919189
2.1034111572
1.5592074474
1.6140930118
7.6850980790
1.4719448414
13.5558926508
5.1555922862
1.6797384092
6.3930199563
12.0854972552
1.5988179133
8.8531810070
12.3541772967
1.2319482420
2.4677570313
3.4295166768
1.8391345155
0.9458394483
1.7002272153
1.7083543107
7.4920628538
2.5686505150
42.5094988216
30.3135071519
2.3486153530
2.5947404757
1.7933319362
1.3960858693
3.7805354447
1.7318979581
4.6201552580
1.6578413846
2.3859311003
5.3826662347
1.8972414752
1.5533271815
2.2168737235
3.4300241100
6.0801134836
5.0938957306
2.0097032037
9.6928735200
1.9322669322
11.5676617443
2.6465598445
19.4587362186
32.6266176533
1.8871916312
10.8323222327
2.1079922641
5.4941443264
1.6781979722
1.4004969210
5.9151097357
2.0016456659
2.5499823910
1.3266174641
2.4864382203
3.2542980405
1.6548457805
1.3707390528
2.7863237331
2.5630259805
3.2441869301
11.0525123190
2.1463952862
1.9792811869
5.2602367856
1.5936623086
1.3920503670
1.7722606203
1.8154774294
2.9542197605
1.6146262135
1.6260032514
1.4978676042
3.5796250404
1.4741133202
15.7388318337
1.7132719471
3.7140660037
1.6321079981
1.9091007684
4.4743293879
20.5817323387
1.9849897043
2.8850201699
4.8684264732
3.0776364367
1.6583803358
2.2539356637
1.6189335827
1.3648000112
1.2454782927
1.5760165630
1.7531202405
1.9952907503
2.6242353542
6.6406737798
3.0304565776
9.1687445297
1.6891237788
2.7765368261
1.3610879201
1.7584775670
1.6522505522
2.6365961174
6.8108552999
2.3546446233
1.7370620243
0.6907548016
1.2422915437
2.2274366553
1.4815106693
1.5492894698
1.6591194029
4.2329660437
2.7518604667
8.2811797472
1.4741233195
1.2110057336
11.3107427887
1.6239565769
1.5894071496
2.1584272679
3.6343907854
3.6630700169
1.7153355498
1.8311477194
2.1704135419
2.1012610957
1.7193642042
3.5416418163
5.2500785191
6.9516102788
5.2623343983
2.6238841156
5.1746198369
2.6646226388
27.8511054692
2.2662880483
23.9290082914
2.2093071330
1.3683486601
1.8698945695
1.6963100044
3.6699124070
24.7269224930
2.3733684745
1.9881975884
3.6048506401
1.4174464633
1.8778957591
1.6346584843
2.1482652907
1.6159591539
1.5856676665
2.2205160929
2.3922857441
1.6468686145
5.8093601464
5.0139134971
6.0690589044
1.9948880737
3.9772569649
1.6444681448
1.6599578228
2.0386659872
11.1634640370
2.3861217123
1.6024087267
1.3449043227
1.5439251846
2.5579320941
2.1194449038
1.9789551999
3.1704636120
2.8753214589
3.0769460629
2.7827214096
12.3016212310
2.7685419855
3.6841624229
3.3733560755
2.3006898705
15.9353146055
1.2988117804
1.6055982319
2.2695999759
1.9081081704
4.4621312286
1.9491852367
1.6597589340
7.1488080098
1.7505475246
1.7827920871
2.0702785339
1.6350929742
1.6171094877
5.8180345613
2.1338707724
1.8763674778
1.4439110803
4.8539499206
1.5237563067
1.6429206584
2.3720783732
2.0773132721
3.2223866798
1.4839936414
1.5039671496
1.6764556752
2.4756926675
1.6343697103
2.0600275605
1.6196983553
2.8803889778
1.8973873134
1.7775657548
3.2952645976
1.6512206969
1.4750604100
7.4744857021
5.1905421441
1.4247779548
1.5602935023
1.2780742003
8.4893468538
1.6575291313
1.5434112177
1.6983939190
1.2796167552
1.8953018698
1.3741739242
1.5436930492
1.2987402309
3.7172623922
3.7271352378
2.6691889829
1.5346830033
0.7898370949
1.7608180667
2.1399471103
2.4548845993
1.6168272218
3.4823371069
2.3725403771
1.5970262956
1.2385097509
1.5654811051
1.7928256231
2.0043084280
2.4104054744
1.6930702976
3.1167250510
1.4137034362
1.9776594403
3.7195532394
3.6435706222
1.6167764881
3.0242283908
1.4563683751
1.8091043293
1.4496722861
1.5448290658
8.8965494896
1.1010574086
2.6680059266
11.6204904481
1.9097485596
1.4739277649
1.6979551360
1.6003618552
9.6039010254
1.7390565036
3.0827840630
2.0346206145
1.7367467109
3.3049268011
5.8827841811
2.8102709012
1.5688805980
3.0708234416
2.1386608372
4.8312388421
2.2260389327
1.4831334004
3.1501645322
9.6782863139
1.6787981694
4.4928879650
1.8783287521
2.2266908049
1.3494289688
2.3129384145
8.4282793828
1.5788239354
1.7799175553
3.6657533045
1.3292930570
2.6414527867
1.5683521172
1.5945823612
1.8746492531
7.5015766490
1.5939817392
3.2203070512
2.3393332559
1.5208300644
2.9099633508
2.9888031170
7.0371925510
2.3925104392
2.1702681594
1.2278318935
1.4411168915
1.9643028423
1.8584494874
1.4514457998
1.7407184896
14.9279590023
11.5668488091
3.0012139571
3.0735538208
1.4557861430
1.8607174372
2.5527963175
4.3346382749
1.6666023815
1.8661266775
2.3637775779
1.4576856177
3.0097723431
4.3918503845
2.3792920464
4.1996240809
1.4480356103
1.5004171904
2.0534966152
1.6108726081
1.5967621569
1.4345704503
1.7428501542
3.4401752796
1.4553443504
3.5740853092
1.8871652374
1.9665062046
1.4333272045
1.6188785995
1.7527288337
1.4210236218
1.6044638173
20.0030685771
1.8268908127
1.7729690748
9.2600385504
10.6738306622
3.0948832880
2.0191871129
7.6113433786
2.6692636186
6.1970037055
2.1515819073
1.8105848127
5.8682038662
2.0771521618
11.0315098373
1.7581492627
1.4941066488
3.9168059949
1.9706082124
2.1706544831
1.6665383367
1.8640856367
1.5291914328
4.0845002470
1.4147095019
1.7038171114
1.8110260355
2.3205950840
1.5004542542
1.4894243597
3.6440265549
2.5902691653
6.5651481313
3.2157540106
5.5278529106
1.5512545987
1.6720653496
1.5279319610
1.8916220341
14.4036184891
1.5694165904
2.5582186375
1.6315907219
4.8788355247
2.0620364854
1.5574890201
2.8436363913
2.6679634880
10.4554423798
1.4120126681
1.9840713666
1.7889188045
3.7339028124
3.6972922082
3.4665962502
3.5536622637
4.8774461700
5.2879001663
5.8191351186
3.8685850948
6.7073872154
1.5779252752
1.7900106061
1.9744329826
1.9239559809
2.2166490904
1.5116589687
3.0647714757
1.5510362882
1.8109236056
4.9637005445
1.5540807161
1.6920793423
1.6250602994
2.0295497662
1.5442552792
1.8808295863
2.8585289907
2.6827057736
1.5726478827
6.2294094746
2.8321952425
2.1621220963
1.9864608219
1.5434194493
1.4915691599
1.9703173930
1.4809812764
3.7574848449
1.6808740355
1.3537690676
1.2456107209
1.5419372818
4.5331381273
1.7165883879
20.9635902449
5.5149022821
12.1100797305
1.6560930809
7.7167708475
2.0430519948
1.8479982350
1.8364141132
10.1231315020
1.8892098829
4.6121067803
10.8476103924
3.6352241299
1.1057559500
4.1308135267
10.8182231895
1.8605494569
1.3581411586
1.6164583366
1.4782629505
1.4319127524
3.2889414629
5.0069062771
1.9795773224
2.7644220339
1.3143717561
2.3213391107
1.5744804449
2.3648600378
4.7764306298
3.3228874027
1.4658180369
3.3488953924
1.4872544622
1.7196388859
1.9527360078
6.3311473589
1.5127792436
1.6763246106
2.8843325280
1.3430441638
2.3230909087
1.6282404122
1.5662476557
1.6620323836
3.9358177203
2.2153156265
4.6467802464
1.8535378125
2.0233109595
1.4216973924
1.8425787070
2.5318480393
1.8611635548
1.4053563639
1.4108719643
1.8542320099
1.8693534859
1.4941831559
1.6350440860
1.9592986476
1.7106551383
1.5234706789
5.0714512439
6.0096911988
2.5309963278
5.2194440864
7.9442400075
42.1913684925
2.4107408436
1.6213192800
1.5960218275
1.6848089086
1.6817435196
2.2621489057
2.0408411116
2.1799436210
1.6334936277
1.6386461227
1.3350192908
6.4987951157
1.8011980571
2.1006535801
1.9301427753
1.6562103097
3.9676988889
1.7156202598
2.1480366126
1.8799435338
1.7116326329
3.3458598393
8.9155260363
2.2163250065
2.6267668293
8.0800173087
1.5767695313
1.6806940009
5.5357799156
2.4263707834
1.9134801172
1.6744185742
2.9798552522
1.7307035738
1.6967092557
5.6010311687
1.7110325335
3.8590712559
0.8266203492
1.6080794611
1.2833597510
4.2882035659
10.0939224830
5.5373779468
0.6133814025
1.4762384762
3.2943511905
1.5783062516
2.4899671497
2.5001632882
3.4315491777
1.7759164947
2.4316692927
1.8162822507
4.5091293789
3.1436521334
1.7050027412
2.1431727066
1.9560152501
2.4969520926
1.5657212964
1.5218752631
3.0232498185
1.5683402468
2.3086231362
2.0029744648
9.0045785592
2.7503642306
2.1296412368
2.3271452008
2.0748190595
3.8140906406
1.3696945712
1.6981050658
12.3127148497
1.7743688188
13.5016286343
2.1378035092
1.9140950954
3.2214255100
2.3052952121
3.8734294724
4.8327138518
2.7289880153
2.3800813062
3.3878462852
1.8074806541
2.8567083649
1.8154449885
5.5053686705
6.6835311373
2.4221370024
2.2637162141
2.2453742153
3.6699368722
1.8697406266
1.9383517519
1.7014986080
1.8848614974
1.4892339458
2.9335120980
10.9318739517
5.3484894370
2.2722806909
1.6495612039
1.9010127773
1.6059888425
1.4826563479
1.4946392891
2.9349578278
1.9955567667
2.4705659384
1.6522714662
2.6704543638
1.8864714067
1.5980115382
2.0359877408
9.3412072943
14.3231048536
1.3862432086
3.6655050392
2.0206098953
1.9721487344
1.7892114687
2.3902264045
1.2522821013
1.6065031601
1.8403834799
1.9691049174
4.4713389116
4.9994483855
3.4554355872
39.7034767865
1.4891104390
2.3261203174
3.8476178194
1.7078815638
1.5557123465
1.7467293801
4.9577898661
20.9273148225
1.1411602097
1.6990833733
1.6029187928
3.6937112999
1.8020757026
2.2973121361
1.5376273361
1.9107265243
3.8099413933
4.4249431079
4.8673326482
1.4993687160
1.5824967568
10.5788341956
2.1582757106
17.6578218190
1.7459277426
