likelihood_beta,beta
1.9351367219e-23,1.9437484119
2.2074824508e-23,2.2459444601
2.9658427532e-23,4.8468952572
1.4844580826e-23,1.4390102266
1.7430801972e-23,1.7316466941
2.8354338270e-23,3.0442432768
2.0994450476e-23,2.1252009317
2.8716611265e-23,3.1023328733
2.8236682145e-23,3.0259282102
2.4028920810e-23,2.4707915987
1.8092907984e-23,1.8050059802
1.5768801186e-23,1.5450609936
2.4115979110e-23,2.4810909741
3.1362114230e-23,3.7127858309
1.7644193828e-23,1.7553329027
2.6699402083e-23,2.8051550215
1.6662400151e-23,1.6459118241
1.2980027336e-23,1.2174759680
1.3068896070e-23,1.2283192218
2.6306399915e-23,2.7529157504
2.1291278970e-23,2.1582095598
1.6984231235e-23,1.6819139779
1.6482113801e-23,1.6256763629
2.5257638240e-23,2.6193037442
3.0844773460e-23,3.5392831204
1.5914535177e-23,1.5616092331
2.7925987381e-23,2.9787070307
2.5152750663e-23,2.6063302753
2.7750668058e-23,5.1631777547
2.4907864017e-23,2.5762760077
1.4038997177e-23,1.3447218284
3.1406560760e-23,4.3841125085
1.2946711142e-23,1.2134024895
1.9068456397e-23,1.9125934569
2.2600586333e-23,2.3054462860
2.6570997238e-23,2.7879362911
1.3326796163e-23,1.2596066581
2.1427754037e-23,2.1734234808
1.8737893807e-23,1.8761776590
1.8923668683e-23,1.8966460809
3.1733146140e-23,3.9432183956
1.6071151859e-23,1.5793465255
1.5287452944e-23,1.4900807932
1.5211212144e-23,1.4813238104
1.8622565778e-23,1.8634657460
1.7469054874e-23,1.7358961284
1.6680209243e-23,1.6479079940
2.8548115582e-23,3.0749797927
1.5976445484e-23,1.5686264085
2.9795678585e-23,3.2958340379
1.8565576886e-23,1.8571823858
2.3396571774e-23,2.3968132428
2.8878153775e-23,4.9867504549
1.5134733655e-23,1.4725253433
3.7937156521e-26,11.8456421602
8.7388593706e-41,23.1458839168
2.1505547237e-23,2.1821072219
3.0988675254e-23,4.5344809728
1.1757824793e-23,1.0647261072
4.2404275324e-24,8.3181242600
3.1772446082e-23,4.0131016042
2.2810913417e-23,2.3294243574
1.5719303422e-23,1.5394305892
1.6117258963e-23,1.5845594115
1.6319831792e-23,1.6074166276
1.7269435303e-23,1.7137032345
1.3095607267e-23,1.2315720472
2.2253339917e-23,2.2660825528
1.6549088087e-23,1.6331995832
2.1797542427e-23,2.2147829747
3.1390303468e-23,3.7247190064
1.2913958024e-23,1.2093933257
1.6088515365e-23,1.5813101149
1.8010197624e-23,1.7958617968
3.1771792032e-23,4.1048276279
1.9998471877e-23,2.0150450713
2.8734952221e-23,3.1053478267
1.6590337505e-23,1.6378295790
1.7610716173e-23,1.7516199150
1.6153400954e-23,1.5886428883
2.1988023417e-23,2.2361746987
1.6448194279e-23,1.6218634130
1.6960640023e-23,1.6792798177
1.9126279403e-23,1.9189614515
9.6440119935e-26,11.2857577928
2.4098733215e-23,2.4790483356
1.7353454204e-23,1.7230494872
1.3657179040e-23,1.2993152438
1.9431689933e-23,1.9525938560
3.0407558442e-23,4.6885541821
1.8793180407e-23,1.8822700281
2.7078936801e-23,2.8569883329
1.4703216039e-24,9.3203744860
2.0915196156e-23,2.1164045030
2.2262557940e-23,2.2671241566
2.4977258780e-23,2.5847601468
2.0849218585e-23,6.0068203610
1.3391256872e-23,1.2673861999
2.8325018133e-23,3.0396554607
3.1084680181e-23,3.6116287977
1.7418409930e-30,16.3320744331
3.0095209426e-23,3.3574572788
1.5587755852e-23,1.5244417798
2.3640381304e-23,2.4251723463
1.5873173374e-23,1.5569169049
3.0490656494e-23,4.6687449377
2.2096450424e-24,8.9592333329
2.0575744730e-24,9.0243451481
1.8785757981e-23,1.8814521579
1.6384331782e-23,1.6146793646
1.9529737305e-23,1.9633920528
2.8356593995e-23,5.0713100947
1.5731545959e-23,1.5408236613
1.8509539967e-23,1.8510026742
3.1004867295e-23,3.5863907547
2.1186758357e-23,2.1465743089
1.7478259115e-23,1.7369183786
1.5039371646e-23,1.4615340664
1.1152757971e-25,11.1945806887
1.5043592257e-23,1.4620210126
1.6255648121e-23,1.6001823890
3.1164797765e-23,3.6384164189
1.6143538081e-23,1.5875287765
1.8244367669e-23,1.8217389204
1.9389869853e-23,1.9479884137
1.4225679021e-23,1.3667462299
1.0357699450e-25,11.2411179675
1.6616449338e-23,1.6407590976
3.1681358398e-23,4.2249309406
3.0045751584e-23,4.7689494139
2.1390794876e-23,2.1693008658
1.7722090541e-23,1.7639683232
3.1469513133e-23,4.3551678142
1.6272359363e-23,1.6020666311
3.1576025490e-23,3.8173502590
2.8446916745e-23,3.0588359957
1.4694707595e-23,6.6942956693
2.4548053086e-23,2.5326719812
1.4090013637e-23,1.3507517640
2.3540996746e-23,2.4135887478
1.6609137043e-25,10.9385621795
2.2791225997e-24,8.9306923265
2.8383883703e-23,3.0488826162
2.1762845014e-23,2.2108930406
8.3683941204e-29,14.8172995040
1.5458664273e-23,1.5096961167
1.9928724079e-23,2.0073545303
1.7450986162e-23,1.7338891059
3.1218456431e-23,3.6573161700
1.5313896910e-23,1.4931148912
2.1719471428e-23,2.2060332106
1.7292795293e-23,1.7163026048
3.0954567508e-23,3.5711254143
2.4400553672e-24,8.8671924580
2.7568423114e-27,13.2379781803
1.5749065264e-23,1.5428166301
2.1427194956e-23,2.1733611039
1.2112924884e-23,1.1098517601
1.8678785603e-23,1.8696630972
1.6614849508e-23,1.6405796412
2.6314314473e-23,5.3619523298
2.0615324856e-23,2.0831778397
6.6753419718e-32,17.4760121924
1.8607628912e-23,1.8618189929
1.5143730080e-23,6.6423459116
2.4327955056e-23,2.5062968313
2.5331671729e-23,2.6284990291
1.5853618806e-23,1.5546973303
1.7720121693e-23,1.7637501304
1.5936341869e-23,1.5640817512
1.4546199731e-23,1.4043092535
1.9984293125e-23,2.0134815260
2.6689330281e-23,2.8037988903
2.0426489037e-23,2.0622938669
1.6497316247e-23,1.6273846868
1.8648476600e-23,1.8663221500
1.6957429199e-23,1.6789212442
1.7372776390e-23,1.7251977619
1.5294507564e-23,1.4908903804
1.9282984704e-23,1.9362181100
2.4600034849e-23,2.5389330310
2.9699562726e-23,3.2769668251
1.7136419813e-23,1.6988897102
1.1051805336e-23,7.1429821259
3.0828526542e-23,4.5811804575
1.2828216989e-23,1.1988766353
1.4119185801e-23,1.3541960097
1.5483713142e-23,1.5125602665
1.5578360033e-23,1.5233697729
1.6744701401e-23,1.6551327595
1.9541634338e-23,1.9647023901
1.9740141321e-23,1.9865700253
9.4365703080e-24,0.7502187799
1.8433513853e-23,1.8426163058
1.4517263421e-23,6.7149763452
1.8245048812e-23,6.2940928564
2.4918510790e-23,2.5775760454
2.3230523661e-23,5.7383002420
2.5891084168e-23,2.6990875552
2.6361716995e-23,2.7601878632
8.4169213569e-25,9.7780464611
1.6823896086e-23,1.6639962415
1.4824474172e-23,1.4366795758
3.1677080454e-23,3.8873713432
2.2383196775e-23,2.2807722578
1.6128535713e-23,1.5858337646
3.1540297849e-23,3.7970106677
1.9536873056e-23,1.9641779806
1.6862313352e-23,1.6682926775
1.8865620405e-23,1.8902513428
3.1245870279e-23,3.6673115317
1.6776849450e-23,1.6587318685
1.4823376612e-23,1.4365523215
2.0956584195e-23,2.1209973241
2.4758701518e-23,2.5581228918
1.7004992544e-23,1.6842315437
1.5200604696e-23,1.4801043320
1.4448993636e-23,1.3929497797
1.4860298051e-23,1.4408313249
2.5461574900e-23,5.4711945429
2.4609452602e-23,5.5758382803
6.4317198415e-26,11.5340060533
1.7821344251e-23,1.7749634506
2.2216170170e-24,8.9542638582
2.2767561975e-23,2.3244732086
1.5757984160e-23,1.5438309844
3.1724014517e-23,4.1834822721
2.3224861751e-23,2.3769533162
1.9598329454e-23,1.9709471082
1.8537116773e-23,1.8540439938
2.3731222115e-23,2.4357895495
2.0435559368e-23,2.0632963706
3.1322980186e-27,13.1750996104
2.4765383643e-23,2.5589337290
1.6533768637e-23,1.6314793836
1.8626239823e-23,1.8638707874
1.7719901178e-23,1.7637256920
1.3265381736e-23,1.2521798849
1.7703791974e-23,1.7619402937
3.1507547042e-23,4.3362565510
2.5574896994e-23,2.6589413283
2.8239125065e-23,3.0263059530
1.4813445571e-23,1.4354007401
1.8610443556e-23,1.8621293071
1.5927943156e-23,1.5631295868
6.5290259373e-25,9.9747151130
1.1763191087e-23,1.0654129999
3.4391755185e-73,36.2555889174
2.7351264526e-23,2.8951333539
2.5263337155e-23,2.6200104398
1.2465420552e-23,6.9618865610
2.1645117509e-23,2.1977092085
1.6811150801e-23,1.6625703969
1.6349297614e-23,1.6107353766
1.8048722273e-23,1.8001215593
2.4442540697e-23,5.5959057440
1.8325837298e-23,1.8307336943
1.5984296652e-23,1.5695157599
1.7638613004e-23,1.7547140108
1.7447479547e-23,1.7334995610
1.7578036460e-23,1.7479943851
1.6153863822e-23,1.5886951695
1.6780391556e-23,1.6591283301
1.3572461522e-23,1.2891714462
3.6681544817e-24,8.4687800058
2.4424376085e-23,2.5178249375
1.8849518759e-23,1.8884774079
1.7039342261e-23,1.6880647286
2.7843870836e-23,2.9664828837
1.5921811750e-23,1.5624343802
1.7192513267e-23,1.7051392576
3.0671770425e-23,4.6233744974
2.5338539551e-23,2.6293536750
1.8265317251e-23,1.8240522574
1.9002567669e-23,1.9053366884
9.2871694994e-24,7.3873542402
1.4431685176e-51,28.3078355133
1.4050818363e-23,1.3461197976
2.0150277829e-23,2.0317911818
2.8680942947e-23,5.0194158153
3.1197982496e-23,4.4659016565
2.6386537594e-23,2.7634591301
1.6834726345e-23,1.6652076661
2.4566370605e-23,2.5348768461
2.5669460554e-23,2.6708777398
1.6668811120e-23,1.6466304664
2.3390862583e-23,2.3961514639
3.1494540305e-23,3.7730445463
2.2941580091e-23,2.3443769810
1.6793769003e-23,1.6606254804
2.2309277533e-23,2.2724060030
2.9333474667e-96,42.9851291311
1.8843111544e-26,12.2404751898
1.3533221899e-23,1.2844641955
1.6007859778e-23,1.5721841907
1.4712765124e-23,1.4237109051
1.7449401624e-23,1.7337130834
2.7170494799e-23,2.8697186537
1.7034747113e-23,1.6875520316
2.4307679719e-23,2.5038778091
2.9177455518e-23,3.1805969717
3.5750074443e-31,16.9001921072
1.5390420511e-23,6.6140212809
2.0068328801e-23,2.0227497835
2.8055849715e-23,2.9982516352
3.1271355671e-23,3.6768306566
3.0067750332e-23,3.3516106844
1.5200769632e-23,1.4801232958
3.1559302112e-23,4.3082802311
1.4675955071e-23,1.4194299780
2.5481956404e-42,23.9627734844
1.5697301606e-23,1.5369262225
2.1719460553e-23,2.2060319924
1.5318695843e-23,1.4936653286
3.1649493596e-23,3.8657324279
2.3545164738e-23,2.4140738796
6.3886685971e-25,9.9912399599
2.0534175241e-23,2.0741998533
1.6253395389e-23,1.5999283491
2.2613427680e-23,2.3069071814
1.6581056100e-23,1.6367880309
1.9521294042e-23,1.9624621261
1.7548617780e-23,1.7447297415
2.8358112757e-23,5.0710719489
9.5296832180e-24,0.7636199331
1.3644299156e-23,1.2977747138
2.2972911501e-23,2.3479690320
1.8272239101e-23,1.8248165389
3.0441916360e-23,3.4354732857
1.6429316213e-23,1.6197404794
1.9723706821e-23,1.9847592392
1.5113386150e-23,1.4700668430
2.2583592513e-23,2.3035135801
3.0889029648e-23,3.5518906670
1.4606658414e-23,1.4113606187
2.1584033290e-23,2.1908772344
3.0425536982e-23,3.4315900428
1.6571145485e-23,1.6356757246
4.0682900349e-24,8.3617276362
2.4765329332e-23,2.5589271378
1.4610422574e-23,1.4117992913
9.9029916574e-26,11.2692205933
1.9921921493e-23,2.0066045689
1.7215776310e-23,1.7077299472
2.2473666618e-23,2.2910278102
1.3344186608e-24,9.4027626455
2.1142814394e-23,2.1416865019
1.7425932674e-23,1.7311056627
2.4736914726e-23,2.5554807121
1.6807658294e-23,1.6621796417
2.1087859459e-23,2.1355772009
1.7784534379e-23,1.7708867248
3.0569511953e-23,4.6493861151
1.6965468648e-23,1.6798190354
1.8978436632e-23,1.9026788095
1.7475772114e-23,1.7366421736
3.1779524789e-23,4.0600460091
1.8276428823e-23,1.8252791368
1.5623419152e-23,1.5285090008
2.7719936389e-23,2.9482216083
1.9400580628e-23,1.9491679262
2.4384378649e-23,2.5130379368
2.0287556582e-23,2.0469452890
1.9305310119e-23,1.9386765794
1.6936537391e-23,1.6765877820
1.8157231034e-23,1.8121140605
1.7663363351e-23,1.7574585056
1.8387655194e-23,1.8375563256
3.0251763463e-23,3.3916630486
1.8892943896e-23,1.8932614584
2.0005640558e-23,2.0158356228
1.6006937738e-23,1.5720797935
1.5075614318e-23,1.4657140346
1.8080718171e-23,1.8036586177
2.7724478315e-23,2.9488869653
1.9504189141e-23,1.9605782532
2.6702308731e-23,2.8055465687
3.0522420586e-23,4.6610156836
2.3081798990e-23,2.3604734575
2.4781090586e-24,8.8526732651
1.0824047880e-24,9.5763796314
1.9846886018e-23,1.9983333271
1.0859392717e-23,7.1685259251
3.1749097721e-23,4.1508823662
1.6585559389e-23,1.6372934014
1.7328253917e-23,1.7202470502
1.6512715064e-23,1.6291146962
1.3566312308e-23,1.2884341481
3.0032823212e-23,3.3442355890
1.8977932684e-23,1.9026233017
3.1777243998e-23,4.0834700607
1.8680067454e-23,1.8698043878
1.0002933258e-23,7.2853225681
2.0692999517e-23,2.0917765126
2.0564788225e-23,2.0775860978
1.6069881655e-23,1.5792028596
2.6013093265e-23,2.7147654238
2.8377130907e-23,3.0478208136
1.3785961828e-23,6.8012206704
9.3865772775e-24,0.7429915193
1.5088107474e-23,1.4671541362
2.3310695604e-23,2.3868696155
2.0705460383e-23,2.0931564337
2.2523374372e-23,2.2966703733
1.3085453519e-23,1.2303358897
1.5093585804e-23,1.4677855064
1.5650069607e-23,1.5315465578
7.2596596647e-24,7.7054542712
1.1396291197e-23,7.0978259411
2.0156567076e-23,2.0324852152
1.6551132142e-23,1.6334290792
1.6922918751e-23,1.6750663614
1.0989919784e-26,12.5321479249
1.4291862725e-23,1.3745280524
2.7116995265e-23,2.8622687763
2.4065939505e-23,2.4751674316
2.0968030265e-23,2.1222678115
3.1738652619e-23,4.1656600222
2.4717349811e-23,2.5531099637
3.2735236521e-24,8.5835482579
2.4287060497e-23,5.6144874467
6.3684648687e-26,11.5399598921
2.0738589457e-23,2.0968258381
1.4964483435e-23,1.4528863753
2.8915073085e-23,3.1353748525
2.4933913029e-23,2.5794577940
1.6154945197e-23,1.5888173101
3.1695942719e-23,4.2120131695
1.6990221933e-23,1.6825827725
2.5539527423e-23,2.6544915832
3.1742724162e-23,3.9557534924
1.6328781765e-23,1.6084248247
3.1044005680e-23,3.5986017087
2.9411257836e-23,3.2225864252
1.6548737369e-23,1.6331602058
1.7790254538e-23,1.7715203135
1.7149587625e-23,1.7003571236
2.5473914481e-23,5.4696490694
3.1467572112e-23,3.7598056415
2.6625837098e-23,2.7952715839
1.9999013410e-23,6.1008022055
2.8504674130e-23,3.0680245510
3.0443238672e-23,3.4357877468
2.1032602307e-23,2.1294378193
4.0715507272e-24,8.3608888580
1.3539822832e-23,1.2852564489
2.9060041358e-23,3.1601294074
2.1227500365e-23,2.1511080798
1.9114245380e-23,1.9176361835
2.3700259952e-23,2.4321675725
1.3465221801e-23,1.2762933626
3.0698738158e-23,4.6163277629
3.1035021791e-23,3.5957716292
1.6890690528e-23,1.6714649413
3.0146543916e-23,4.7474011782
1.5216721688e-23,1.4819571038
3.0424129471e-23,3.4312573739
1.3310501355e-23,1.2576375699
2.0102094690e-23,2.0264747465
3.1397910001e-23,4.3878959152
2.3396599646e-23,2.3968164738
2.5828642725e-23,2.6911052752
1.6616910296e-23,1.6408108037
1.0047859060e-23,0.8368462139
1.7854811144e-23,1.7786689470
3.0092647292e-23,3.3569099128
1.4297503608e-23,1.3751906761
3.1742384952e-23,4.1606235153
3.1387858046e-23,3.7236673572
1.7339410502e-23,1.7214878233
2.9478255928e-23,3.2349496948
3.0036555423e-23,4.7708865583
1.5599431478e-23,1.5257736306
2.2650071162e-23,2.3110780736
2.1930351568e-23,2.2296911846
3.0155399051e-23,3.3704277077
1.4916320053e-23,1.4473170508
1.5177914504e-23,1.4774948474
1.6218382663e-23,1.5959788203
7.2458553726e-24,0.4081025169
1.6330919846e-23,1.6086656550
1.9498758688e-23,1.9599801710
1.9363069718e-23,1.9450371103
3.1699803916e-23,4.2084086802
2.4887980845e-23,2.5738497116
1.9319014643e-23,1.9401857222
1.3482344084e-60,31.9039914372
1.7940926600e-23,1.7881995717
2.6631082059e-23,2.7959745809
1.5116192958e-23,1.4703901557
1.6085942732e-23,1.5810192187
1.7055881109e-23,1.6899098002
3.1699290865e-23,3.9070144399
2.1601687957e-23,2.1928512351
3.0108226624e-23,3.3602441415
1.8277168480e-23,6.2905461924
2.1739590915e-23,2.2082871332
2.7340453229e-23,2.8936025545
1.7971045587e-23,1.7915315461
3.1777169132e-23,4.0838827086
1.6043144618e-23,1.5761780729
1.8735706694e-23,1.8759366285
2.1445525588e-23,2.1754064890
1.6600742805e-23,1.6389970894
1.5041821125e-23,1.4618166765
3.1195055122e-23,3.6489703234
1.4443527023e-23,1.3923101284
2.5128226525e-23,2.6033058397
1.9902657899e-23,2.0044809224
1.4855334429e-23,1.4402562793
1.7596025487e-23,1.7499902397
2.1028498739e-23,2.1289820271
1.8942951879e-23,1.8987702045
2.6661477938e-23,2.8000536295
2.0735144189e-23,2.0964441909
4.5875475622e-24,8.2340852851
2.6992379334e-23,2.8450371096
1.8968911904e-23,1.9016296943
3.0454889110e-23,3.4385646636
5.3356261121e-25,10.1264705484
2.7232725397e-23,2.8784249129
1.6552467831e-23,1.6335790398
2.0311976579e-23,2.0496421741
1.0355898447e-23,0.8793629555
3.1055989641e-23,3.6024029413
7.9512377049e-24,0.5246359440
2.6328054880e-23,2.7557595442
3.0291791276e-23,3.4006649549
2.4037325857e-25,10.6921009549
2.3307086619e-23,2.3864522261
2.8824816141e-23,4.9956751569
1.7494289192e-23,1.7386985162
3.1444413124e-23,3.7488804309
2.0831735157e-23,2.1071481996
2.4021223450e-23,5.6460246019
1.5686780833e-23,1.5357283299
1.7769135074e-23,1.7691808927
2.4805841473e-23,2.5638477663
2.8721823019e-23,3.1031888279
1.5156102741e-23,1.4749851969
1.7769978076e-23,1.7692742801
1.3290469994e-23,1.2552155450
1.6271818020e-23,1.6020056008
6.3765561514e-25,9.9926808001
2.3659473270e-23,2.4274013963
1.6959824795e-23,1.6791887772
1.8431135758e-23,1.8423539359
1.9167822219e-23,1.9235363353
2.4117807307e-23,2.4813075788
1.1746133949e-37,21.3622951590
3.1085318232e-23,3.6118360431
2.2262210464e-23,2.2670848899
1.7734449519e-23,1.7653378975
2.1079962702e-23,2.1346996135
2.6428670639e-23,5.3468829492
1.4288176538e-23,1.3740949901
2.9706877217e-23,3.2783887047
2.1611379952e-23,2.1939351171
1.7770320475e-23,1.7693122108
3.1416349110e-23,4.3797792258
2.9518615885e-23,3.2424740644
1.6349957765e-23,1.6108097127
1.7231293733e-23,1.7094576863
2.4807430456e-23,2.5640409314
3.1676356348e-23,4.2291383399
1.9973812451e-23,2.0123258374
1.8026418640e-23,1.7976555241
2.5424397501e-23,2.6400618297
3.1525705361e-23,3.7891393456
1.5288455858e-23,1.4901958947
1.7894867411e-23,1.7831028169
2.6590557828e-23,2.7905495479
2.0426084822e-23,6.0536578033
1.3861049388e-23,1.3236218691
1.7397717846e-23,1.7279701897
2.6076203762e-23,2.7229180370
2.1192485058e-23,2.1472114524
3.1227592394e-23,4.4552867278
3.0611273408e-23,4.6388934615
2.4709311975e-23,5.5637704656
1.5463809098e-23,1.5102845044
1.6021467386e-23,1.5737247135
2.1508808759e-23,5.9334355129
1.7739439651e-23,1.7658908460
1.5846125789e-23,1.5538466190
2.2673178633e-23,5.8021970963
1.8963338240e-23,1.9010157673
1.9096068823e-23,1.9156344320
6.6602170171e-24,7.8103947306
1.6664139169e-23,1.6461067667
1.7021078519e-23,1.6860268163
1.5225460253e-23,1.4829614053
2.5764611092e-23,2.6829479470
1.7031198172e-23,1.6871560451
1.4246100306e-23,1.3691487976
6.3850250618e-24,7.8607206738
2.8751084601e-23,3.1080060389
1.7899645751e-23,1.7836316498
1.9925984588e-23,2.0070525087
1.5096707254e-23,1.4681452157
1.9641480624e-23,1.9757004307
1.5540844609e-23,1.5190875569
2.0496261309e-23,2.0700070285
1.5150300083e-23,1.4743173489
3.0454585120e-23,3.4384920620
2.2221719974e-23,2.2625109297
1.6012354952e-23,1.5726931304
9.0546631169e-24,7.4214883919
3.0626370755e-23,4.6350568510
3.1482563101e-23,3.7670918517
1.7108221321e-23,1.6957465624
2.6541174889e-23,2.7839587102
1.6393080574e-23,1.6156639402
1.7999178244e-23,1.7946431586
1.4502304387e-23,1.3991830789
1.5035821345e-23,1.4611244211
3.0328278723e-23,4.7069381150
2.5248298255e-23,2.6181459421
1.5204055672e-23,1.4805011013
5.8299982669e-24,7.9669767871
1.7672018843e-23,1.7584181529
2.3332938172e-23,2.3894429083
2.5052626368e-23,2.5940033098
2.3017033107e-23,5.7628750541
1.5330065331e-44,25.0883288614
1.6876205296e-23,1.6698457877
2.1922846599e-23,2.2288479095
1.9709533954e-23,1.9831977029
2.8435717340e-23,3.0570619140
3.1392072004e-23,3.7254815834
3.1435085446e-23,3.7445854962
1.5122898002e-23,1.4711624220
2.4728903895e-23,2.5545097868
2.8729547654e-23,3.1044586136
2.0457283557e-23,2.0656976899
1.9955343749e-23,2.0102894336
2.4823717786e-23,2.5660216316
1.5046992446e-23,1.4624132708
6.8696433417e-27,12.7783785459
1.8055115459e-23,1.8008283661
1.9482714505e-23,1.9582131695
2.2200949237e-23,2.2601658771
1.5278668961e-23,1.4890725791
1.4997503141e-23,1.4567010921
1.9302443616e-23,1.9383609204
1.6514883644e-23,1.6293582988
1.7475654317e-23,1.7366290910
1.9542425411e-23,1.9647895196
3.1386915162e-23,3.7232627326
1.6526966386e-23,1.6307154484
2.2648113588e-23,2.3108551746
3.1544709468e-23,4.3164702176
1.5244755246e-23,1.4851782773
2.4110857697e-23,5.6354227354
1.6776337966e-23,1.6586746175
1.7546969994e-23,1.7445468583
1.7542930941e-28,14.5027549267
3.1635521132e-23,4.2602597866
2.7860302878e-23,2.9689209045
2.0988389005e-23,2.1245279322
2.2255407366e-23,5.8495908434
1.5146922767e-23,1.4739286034
3.1744755847e-23,3.9586150369
1.5898446772e-23,1.5597844728
1.7656521680e-23,1.7566999099
2.3322352725e-23,2.3882180655
1.4828913109e-23,1.4371942059
1.5579529021e-23,1.5235031579
1.7482271855e-23,1.7373640177
1.4695454977e-23,6.6942087520
2.4309836202e-23,2.5041350129
1.8673796915e-23,1.8691132189
3.1678587076e-23,4.2272748308
2.2215133858e-23,2.2617672516
1.9158751524e-23,1.9225374400
3.1082840388e-23,3.6110317288
1.7690373777e-23,1.7604529620
2.5126475588e-23,2.6030900334
8.5010489632e-24,0.6109464855
1.8228456601e-23,1.8199817809
2.2212846694e-23,2.2615090147
1.8584707969e-23,1.8592918448
1.3549178509e-23,1.2863790569
1.8549619149e-23,1.8554227149
2.8398492508e-23,3.0511826544
2.3249178270e-23,5.7361466538
1.4805642204e-23,1.4344956922
3.1737694637e-23,3.9489916939
1.6111142573e-23,1.5838681175
2.0818102652e-23,2.1056369346
9.5152075812e-28,13.7460024853
3.1758423419e-33,18.4623241503
1.7617972397e-23,1.7524247896
1.7069309511e-23,1.6914076121
9.7947262300e-24,0.8013532075
3.0067558604e-23,3.3515700130
1.5165940730e-23,1.4761172958
2.4507008093e-23,2.5277370079
1.8267145011e-23,1.8242540737
1.5966309981e-23,1.5674781195
3.1775223159e-23,4.0929412277
1.4114775563e-23,1.3536754854
1.8972265503e-23,1.9019990832
1.5015460202e-23,1.4587744649
1.9777424573e-23,1.9906782526
2.9868619074e-23,4.8054791087
1.4221983913e-23,1.3663113607
2.2897094396e-23,2.3392813253
2.5292667825e-23,2.6236505791
2.0811215214e-23,2.1048734794
1.0058374063e-29,15.6706211534
1.1192903640e-24,9.5489534284
2.7223010254e-23,2.8770628198
4.0279103463e-26,11.8109100523
2.6200418844e-23,2.7390529836
1.1993032574e-23,1.0946891832
1.8032927124e-23,1.7983751816
1.9688627081e-23,1.9808943233
3.1059708537e-23,3.6035887155
2.3266019958e-23,2.3817055268
2.8671229057e-23,3.0949051431
2.9719486707e-23,3.2808451737
2.3640303200e-23,2.4251632300
3.0647581250e-23,4.6296264762
1.4959406237e-23,1.4522995639
1.7079884654e-23,1.6925870076
2.8479238085e-48,26.8546147616
2.9594495532e-23,4.8591237046
3.1770629133e-23,4.0076842457
2.6246048258e-23,2.7450104147
2.7784587987e-23,2.9577201289
1.7293982124e-23,1.7164346521
3.5034443464e-35,19.8090568714
1.6376844947e-23,1.6138367053
2.8959678135e-23,4.9729736602
1.3640245077e-23,1.2972896928
2.3175593758e-23,2.3712713059
1.4790179468e-23,1.4327018105
1.6645005711e-23,1.6439616666
2.6290101267e-23,2.7507779043
2.2065961248e-23,2.2449462228
1.4257685660e-23,1.3705112393
1.7402555594e-23,1.7285078628
2.1021875393e-23,2.1282463973
2.9531558181e-33,18.4850447266
1.7751260976e-23,1.7672006599
2.5861545437e-23,2.6953080091
2.3613177425e-23,2.4219983471
2.2926453884e-23,2.3426437469
2.2887904836e-23,2.3382293492
1.8672450086e-23,1.8689647631
1.7990775613e-23,1.7937138475
1.6747008753e-23,1.6553911275
1.7798289189e-23,1.7724102176
3.1778943784e-23,4.0709580215
1.7010592295e-23,1.6848565415
2.8997964100e-23,3.1494617945
2.0685691181e-23,2.0909672488
2.6337759077e-23,2.7570351846
1.7745034733e-23,1.7665108018
1.6689704037e-23,1.6489720427
2.6484400735e-23,2.7764082555
1.4795437289e-23,1.4333118601
1.4533790553e-23,1.4028606554
2.1314541674e-23,2.1608010699
1.6979912403e-23,1.6814317989
1.6270473408e-23,1.6018540086
1.8780880786e-23,1.8809147357
1.6360302111e-23,1.6119744374
1.6025127340e-23,1.5741389981
3.6128951335e-24,8.4842574479
1.4349124138e-23,1.3812499170
1.3828497295e-23,1.3197504954
2.6215952752e-23,2.7410792467
1.3101578532e-23,1.2322988173
2.7347879882e-23,2.8946539620
2.6481765900e-23,2.7760585343
1.4128489701e-23,1.3552939106
2.0575831874e-23,2.0788078703
1.6237107229e-23,1.5980912719
1.4903434377e-23,1.4458259977
1.0476216446e-23,0.8957783268
1.4909196315e-23,1.4464927886
1.7393999676e-23,1.7275569306
1.9644830144e-23,1.9760694140
1.5518307531e-23,1.5165135568
2.0236353250e-23,2.0412917085
1.7150622663e-23,1.7004724585
9.2831876469e-34,18.8420218801
1.7374357295e-23,1.7253735114
1.8327145374e-23,1.8308780837
4.0566320424e-73,36.2324754327
2.5026130450e-23,2.5907503606
1.8678190143e-23,1.8695974630
2.5705478684e-23,2.6754396300
1.6028977268e-23,1.5745747590
1.3279408804e-23,6.8620295441
1.7059114656e-23,1.6902704931
3.1325750474e-23,4.4179459331
1.6797612488e-23,1.6610555802
3.0764744090e-23,3.5171869467
2.4751597746e-23,2.5572611308
2.5027301199e-23,2.5908940157
1.6720723100e-23,1.6524473006
1.9193895377e-23,1.9264075715
1.9885515075e-23,2.0025911911
2.1142141066e-39,22.3784396625
2.2670856366e-23,2.3134453464
1.5270378876e-23,1.4881208852
1.5501227227e-23,1.5145620316
1.6566321448e-23,1.6351342487
2.0523609564e-23,2.0730313053
3.1774970736e-23,4.0219573429
2.3571075847e-23,5.6988159131
1.8746886943e-29,15.4264962751
3.1247125884e-23,3.6677752572
2.8912532307e-23,4.9809611728
1.6533477616e-23,1.6314467016
2.3311202857e-23,2.3869282839
1.6341712911e-23,1.6098812503
2.1443833174e-23,2.1752176246
8.7940744549e-25,9.7434162525
3.0812660864e-23,4.5855944324
8.2062012946e-24,0.5651134879
3.0026169892e-23,3.3428383548
1.7006195706e-23,1.6843658341
1.5702018527e-23,1.5374632139
1.8031977433e-23,1.7982701740
3.8664816894e-24,8.4146630790
1.6177878593e-23,1.5914071203
1.6326823994e-23,1.6082042973
1.5817359491e-23,1.5505796150
1.6364066054e-23,1.6123981945
2.1702416126e-23,2.2041230720
2.5236028754e-23,2.6166257551
2.8092806367e-23,5.1120438291
1.4918539310e-23,1.4475738059
1.4024957804e-23,1.3430609439
3.1572031382e-23,4.3009139371
1.5790533466e-23,1.5475314517
1.7000412538e-23,1.6837203308
1.3681306245e-23,1.3021994437
1.6016829919e-23,1.5731997437
2.3182645557e-23,2.3720841454
1.6564379661e-23,1.6349162816
2.0258874485e-23,2.0437781801
1.6346645139e-23,1.6104366880
1.7883621914e-23,1.7818581724
2.2426693761e-24,8.9455776797
1.6145361595e-23,1.5877347743
1.3905666710e-23,1.3289222814
1.8121576828e-23,1.8081744001
1.5219658654e-23,1.4822946626
1.6342145248e-23,1.6099299391
2.4661179169e-23,5.5695931491
1.9541213820e-23,1.9646560740
1.2888147791e-23,6.9096761722
1.6277609224e-23,1.6026584674
1.7106618392e-23,1.6955678618
1.5912611817e-23,1.5613911110
6.8448807999e-62,32.3821131100
1.7941659972e-33,18.6398367447
1.9775381709e-23,1.9904531396
1.6626055321e-23,1.6418365390
7.3245557431e-45,25.2459659040
3.1499355241e-23,4.3404347180
1.6416819750e-23,1.6183348644
3.3956798021e-24,8.5469268220
1.6549067450e-23,1.6331972662
1.8068270387e-23,1.8022826349
2.7626027053e-23,5.1813782544
1.8982872795e-23,1.9031674317
2.1754111192e-23,2.2099142044
1.9949880762e-23,2.0096870984
3.1504073436e-23,3.7778712796
2.1458457625e-23,2.1768497682
1.7688458098e-23,1.7602406063
3.1291356084e-23,4.4314416626
2.8399402650e-23,3.0513260836
2.8170701458e-23,3.0157653028
2.2986011283e-23,2.3494716663
1.6280522072e-23,1.6029868227
1.3736632611e-23,1.3088054453
3.1376880460e-23,3.7189856685
1.6973208185e-23,1.6806832527
1.6637629047e-23,1.6431345009
1.4708697308e-23,1.4232380124
1.1824334492e-49,27.4749630210
1.8071003374e-23,1.8025847496
1.9006046933e-23,1.9057198991
1.4151773594e-43,24.6066600317
2.8700325910e-23,3.0996621701
2.7916848921e-23,5.1385653986
1.4856700204e-23,6.6754924818
2.8849204113e-23,4.9916029868
1.5327019023e-23,1.4946198680
2.1425741515e-23,2.1731989449
3.1074445823e-23,3.6083170528
1.8034834594e-23,1.7985860890
2.4189714112e-23,2.4898377583
1.7504414514e-23,1.7398227950
2.6013371373e-23,5.4011057111
1.6458163664e-23,1.6229842838
2.6768757190e-23,2.8145196120
3.0516082279e-23,4.6625652495
1.9359930044e-23,1.9446913635
2.2847214394e-23,2.3335739509
2.6388582110e-23,2.7637288212
1.0889832865e-40,23.0938741638
3.0057216049e-23,3.3493791196
1.9740336478e-23,1.9865915285
1.9618918692e-23,1.9732150705
1.4824187577e-23,1.4366463474
2.0784406466e-23,2.1019022302
1.2687135661e-68,34.7488892487
1.8297098890e-23,1.8275612230
2.0000452736e-23,2.0152635152
1.8243340746e-23,1.8216255167
2.6855966608e-23,2.8263611810
3.1238493038e-23,3.6645976051
1.7439066448e-23,1.7325649086
2.9230969609e-23,3.1900577072
3.1727199747e-23,3.9360814295
1.9699074725e-23,1.9820453610
1.3418000967e-23,1.2706092123
1.0863951334e-23,7.1679179737
2.1899052175e-23,2.2261749744
2.9219183001e-23,3.1879666154
2.8362981725e-23,3.0455988054
2.2333405592e-23,2.2751355663
1.8809029714e-23,1.8840163966
1.7143967019e-26,12.2923439225
1.5595562009e-23,6.5905747264
1.5049123730e-23,1.4626591288
1.8895290146e-23,1.8935199270
2.3346045205e-23,5.7249469953
6.9473935837e-38,21.4984895476
1.3930294229e-23,1.3318450810
3.1133679768e-23,4.4880849447
3.1655899128e-23,3.8705356668
4.1148344154e-31,16.8507600865
2.1592833881e-23,2.1918611853
1.8817501237e-23,1.8849498099
3.1491041648e-23,3.7712931614
3.1426568230e-23,3.7407134307
2.7676734319e-23,2.9419072465
1.6356229388e-23,1.6115158897
3.1303346436e-23,3.6891157300
6.2136544374e-24,7.8928180675
2.9807800101e-23,3.2982423310
2.5052865309e-23,2.5940326621
1.8903594959e-23,1.8944347956
2.5002093789e-23,5.5281044018
1.6311823062e-23,1.6065143426
2.2264223514e-23,2.2673123792
3.1770696236e-23,4.0078739003
1.3791304168e-23,1.3153227146
2.4544807890e-23,2.5322815206
2.8270375987e-23,5.0847594224
2.4137352279e-23,5.6322828934
2.0231739197e-23,2.0407823280
1.8979025303e-23,1.9027436489
1.6544278715e-23,1.6326595857
3.1749491470e-23,3.9656278515
7.7931895460e-26,11.4173845821
2.6401878764e-23,2.7654836395
1.4653953832e-23,1.4168694755
3.0347495851e-23,3.4133813122
1.7802540889e-23,1.7728811062
2.9748414417e-23,4.8294007976
1.9740549571e-23,1.9866150081
1.8346277125e-23,1.8329897957
1.6288798316e-23,1.6039196943
1.5874355103e-23,1.5570510146
1.5700294848e-23,1.5372669895
2.0631360017e-23,6.0309544675
2.3131727377e-23,2.3662181895
1.5090945143e-23,1.4674811832
1.8108976965e-23,1.8067819585
1.8696620904e-23,1.8716289231
2.7589196337e-23,2.9291912485
1.6125039722e-23,1.5854387178
1.6716247342e-23,1.6519459421
1.8210157979e-23,1.8179607811
2.6046395514e-23,2.7190636838
1.6676392125e-23,1.6474801846
7.9969174558e-24,7.5839589577
1.5797334735e-23,1.5483043994
1.1845448242e-23,1.0759226457
1.5953355169e-23,1.5660101302
1.7518725447e-23,1.7414116497
1.6798098508e-23,1.6611099661
1.5049321157e-23,1.4626819026
1.6547905128e-23,1.6330667637
1.6282471658e-23,1.6032065845
1.5461667352e-23,1.5100395710
1.3780815419e-23,1.3140731818
1.9031004442e-23,1.9084686971
2.2306884857e-23,2.2721353905
1.9589705650e-23,1.9699971968
2.0981717784e-23,2.1237872789
1.8463580095e-23,1.8459332093
3.1752837830e-23,3.9709227349
3.1358422545e-23,4.4046543038
1.7240155009e-23,1.7104441896
1.5455716982e-23,1.5093590229
2.0443385291e-23,2.0641613827
3.0865225957e-23,3.5450732811
2.9795793263e-23,3.2958567909
1.9647400426e-23,1.9763525581
2.1209668077e-23,2.1491234494
3.0981798846e-23,3.5793324103
2.0968136038e-23,5.9936274428
1.6056091561e-23,1.5776429414
2.5022387143e-23,2.5902910923
2.8766991313e-23,3.1106329037
1.8959095132e-23,6.2153586012
1.8322256106e-23,1.8303383870
1.5972716107e-23,1.5682039166
1.6987849013e-23,1.6823178681
2.3071289223e-23,5.7566418900
8.8397440051e-24,7.4535127518
1.5857117474e-23,1.5550945090
1.6294468557e-23,1.6045587567
1.5326108926e-23,1.4945155020
1.6246060539e-23,1.5991011385
1.7140339830e-23,1.6993265770
1.6326472365e-23,1.6081646885
1.9125046570e-23,1.9188256841
1.4901308086e-23,1.4455799140
2.7583453651e-23,2.9283606534
1.7934173727e-23,1.7874524255
2.3849705497e-23,5.6662257711
1.6330053100e-23,1.6085680270
1.7577730080e-23,1.7479603899
1.6477937543e-23,1.6252070044
1.7424703061e-23,1.7309690354
3.1513417069e-23,3.7826827287
1.6809425066e-23,1.6623773171
1.6666164392e-23,1.6463337870
3.8137359346e-24,8.4288443874
1.3610248906e-23,1.2936991829
1.8501908246e-24,9.1198047790
1.9675264894e-23,1.9794222238
1.9756415281e-23,1.9883631971
1.3546022504e-23,1.2860003968
2.9058483633e-23,4.9560465434
1.5717004553e-23,1.5391689670
1.3431402359e-23,1.2722232393
9.7591194955e-24,7.3195883392
2.5625428749e-23,5.4505944753
1.8401801454e-23,1.8391173175
3.1504087915e-23,3.7778786723
2.0722374868e-23,2.0950297723
1.0985289196e-26,12.5323719823
1.1163525031e-23,0.9876486518
2.7745866138e-23,5.1638829679
1.7335264756e-23,1.7210267729
3.1226659581e-23,3.6602816940
1.3486318984e-23,6.8370767796
2.2848686598e-23,2.3337423111
1.6340597756e-23,1.6097556625
1.9069772502e-23,1.9127384025
1.4429616835e-23,1.3906820899
1.6577062798e-23,1.6363398659
1.9143637592e-23,1.9208730302
2.6743426865e-23,2.8110940806
1.6843137977e-23,1.6661484392
1.9505497568e-23,1.9607223572
2.1925247041e-23,5.8867893779
1.6823202432e-23,1.6639186468
1.6442396022e-23,1.6212114325
3.1730866964e-23,4.1754751844
2.7019756394e-23,2.8488084931
1.6246666183e-23,1.5991694455
2.7395694355e-23,2.9014391759
1.3996541335e-23,1.3396972410
1.6364711927e-23,1.6124709066
2.8903793459e-23,4.9824355615
2.7212533288e-23,2.8755951316
3.1691319685e-23,4.2162214537
8.1594084641e-30,15.7515158919
2.0186227420e-23,2.0357585939
1.5830719751e-23,1.5520971555
2.2169354748e-23,2.2566004584
2.2509254989e-23,2.2950670468
7.2622299274e-28,13.8708549044
1.9932830891e-23,2.0078073008
2.3061618617e-23,2.3581535083
1.9224337538e-23,1.9297598917
2.6735946182e-23,2.8100836142
2.4086090737e-23,5.6383553106
2.0217076653e-23,2.0391637005
2.3554401941e-23,2.4151492449
2.0491639045e-23,2.0694959367
1.6476754641e-23,1.6250740559
2.5705039193e-23,2.6753839140
3.0301593423e-23,4.7130205993
2.7253708056e-23,2.8813704646
1.7018917684e-23,1.6857856764
1.6115819171e-23,1.5843966878
1.8190935349e-23,1.8158375054
1.3811407891e-23,1.3177166221
2.7189528193e-23,5.2435301841
1.6765251522e-23,1.6574336055
1.8379014960e-23,1.8366028542
9.0492951364e-67,34.1159357940
1.4286663036e-63,32.9910430129
3.1184084557e-23,3.6451137491
2.4145498651e-26,12.1027930716
9.6323108338e-29,14.7582369383
1.4024940044e-23,1.3430588424
1.6855565240e-23,1.6675381457
2.1414030683e-23,2.1718924863
1.8428762867e-23,1.8420921375
2.3356029426e-23,2.3921159928
3.1451396749e-23,4.3637723155
1.5665147437e-23,1.5332644193
3.1575708139e-23,3.8171621352
1.5774576062e-23,1.5457175585
2.3138348058e-23,2.3669804936
3.0854235364e-23,4.5739527821
2.7353917493e-23,2.8955092098
1.5393151057e-23,1.5021984269
1.6510817804e-23,1.6289015655
1.5352839180e-23,1.4975800042
1.1258713994e-23,1.0001332033
2.1824909367e-39,22.3706217574
1.8318808723e-23,6.2859491523
2.2943096642e-23,2.3445507883
1.7202022563e-23,1.7061983391
1.5877632482e-23,1.5574229364
1.3258073236e-23,1.2512951007
1.9081638651e-23,1.9140452382
2.2686834876e-23,2.3152658829
2.5592478167e-26,12.0701326139
1.7947585938e-23,1.7889363344
2.1787961661e-23,2.2137086726
2.2874044396e-23,2.3366430911
2.7798352520e-23,2.9597501305
1.4781786007e-23,1.4317277863
5.5752205649e-24,8.0181436827
2.5093385951e-23,2.5990148530
1.7261178344e-23,1.7127842946
2.6707804721e-23,2.8062871381
1.2035254457e-23,1.1000372556
1.7453954868e-23,1.7342188851
2.2929889947e-35,19.9298413040
1.7973526129e-23,1.7918059303
1.5885280388e-23,1.5582907486
2.4694543996e-23,2.5503488462
2.9413077142e-23,4.8929868992
9.7882667181e-24,7.3154663359
2.2895259826e-23,2.3390712950
1.6380498689e-23,1.6142479536
1.8807626279e-23,1.8838617609
3.1223619730e-23,3.6591802754
1.5519689474e-23,1.5166714233
1.4574371798e-23,1.4075962986
3.1337905175e-23,3.7028493211
2.6361054297e-23,2.7601005927
1.6724353407e-23,1.6528539328
1.8929784962e-23,1.8973198223
1.2714046443e-23,6.9310832648
1.9919615425e-23,2.0063503370
2.5764858189e-23,2.6829793717
1.7967712496e-23,1.7911628502
1.9901019154e-23,2.0043002713
1.4126809091e-23,1.3550956118
3.1679855845e-23,3.8897012197
2.0888991392e-23,2.1134974864
2.5112336543e-23,2.6013479903
2.2855238401e-23,2.3344916385
1.4288507168e-23,1.3741338351
1.7960587320e-23,1.7903746575
1.7151055923e-23,1.7005207365
2.0810349757e-23,2.1047775488
1.6156517429e-23,1.5889948888
1.7227097271e-25,10.9146005054
1.9223288810e-23,1.9296444053
1.6181301594e-23,1.5917935892
1.8665820854e-23,6.2476729563
2.8077803448e-23,3.0015824065
1.3082911975e-23,1.2300264066
1.7032319835e-23,1.6872812006
1.6419509556e-23,1.6186374384
1.4360155440e-23,1.3825437241
2.1731889006e-23,2.2074242350
1.5749933280e-23,1.5429153576
2.2411910303e-23,2.2840252448
1.3532422557e-23,1.2843682465
2.5894317373e-23,2.6995016272
3.1127267494e-23,3.6256699116
2.1049072699e-23,5.9846395845
1.8354654230e-23,1.8339143758
3.1581118574e-23,3.8203895263
1.8062197049e-23,1.8016112464
3.1381489328e-23,3.7209435234
2.9526123294e-23,3.2438802116
2.1460956714e-23,2.1771287062
1.6246165164e-23,1.5991129385
7.5480712349e-24,0.4588964657
4.5530308794e-26,11.7393668234
1.3568514155e-23,1.2886981679
1.5850274860e-23,1.5543176930
2.8239179981e-23,3.0263144457
2.5415909335e-23,2.6390012078
1.6517858773e-23,1.6296924910
1.6640041808e-23,6.4725019358
2.1336341488e-23,2.1632302575
2.5606765745e-23,2.6629575104
2.6590988298e-23,5.3252998987
1.4841399357e-23,1.4386415208
2.8978674411e-23,3.1461677841
1.7165333404e-23,1.7021115441
1.5562858413e-23,1.5216007083
2.2770485595e-23,2.3248069650
1.9326204318e-23,1.9409774516
1.7115437170e-23,1.6965509721
1.6905456641e-23,1.6731151930
2.1073140529e-23,2.1339415050
3.1517006258e-23,4.3313539110
1.6348112650e-23,1.6106019423
2.6277450031e-23,2.7491199739
2.6238017852e-23,2.7439607492
1.5998357706e-23,1.5711082471
2.8177215865e-23,3.0167653480
7.7576517173e-25,9.8419330446
3.1361492370e-23,3.7125271116
1.5754654638e-23,1.5434523340
3.1363431587e-23,3.7133345306
2.2607966568e-23,5.8096211448
1.9914574451e-23,2.0057946034
2.0379000195e-23,2.0570460772
1.7287769717e-23,1.7157434397
2.2264264077e-23,5.8485900324
2.1989004914e-23,2.2362850915
2.3974415578e-23,2.4643584022
1.5526209348e-23,1.5174161658
2.9628574331e-23,3.2632815019
1.8896152423e-23,1.8936149173
2.4846793395e-23,2.5688301347
3.0308906763e-23,3.4045482533
2.3052429343e-23,2.3570974799
3.0725815788e-27,13.1846067313
2.5482024364e-58,31.0425728543
2.7691825655e-26,12.0256770506
2.2012454980e-23,2.2389231392
1.8066316030e-23,1.8020665896
2.0280904340e-23,2.0462106961
1.6608866714e-23,1.6399085028
1.3588932405e-23,1.2911456469
2.5376385464e-23,2.6340683336
2.0202419284e-23,2.0375457680
3.1328589352e-23,4.4168100118
1.7114667707e-23,1.6964651970
7.2749977818e-29,14.8757719671
1.5225492804e-23,1.4829651460
2.4170282507e-23,2.4875305580
7.7882847836e-24,7.6175767674
1.2829415460e-23,1.1990238518
1.5626536800e-23,1.5288644220
2.6222464428e-23,2.7419292085
2.0150669594e-23,2.0318344134
1.7133719586e-23,1.6985887719
1.8839136642e-23,1.8873335652
2.0422469552e-26,12.1960369326
1.9913143609e-23,2.0056368645
1.9089528274e-23,1.9149141246
1.7989312582e-23,1.7935520344
2.4208567541e-23,2.4920777838
2.2082547577e-23,2.2468144035
1.9449857899e-23,6.1613123413
5.5767603995e-121,49.0938912729
1.1762846759e-30,16.4753403212
1.7425885360e-23,1.7311004054
1.6531883654e-23,1.6312676956
3.1521323796e-23,3.7868197984
2.9464965474e-23,3.2324847081
2.2570041212e-23,2.3019728751
1.7451866161e-23,1.7339868617
2.6076320117e-23,2.7229330955
1.5741070953e-23,1.5419072891
3.2406761717e-25,10.4860069675
1.9672637079e-23,1.9791327251
2.0026122613e-23,2.0180944793
2.0419193987e-23,2.0614876196
1.5409585396e-23,1.5040801860
2.9583215777e-23,3.2546423868
1.3789741457e-23,1.3151365718
3.1714382474e-23,4.1939451450
1.5057991995e-23,1.4636820185
1.7296060075e-23,1.7166658418
1.8404212171e-23,1.8393833218
1.7949546141e-23,1.7891531970
1.7673105126e-23,1.7585385858
1.8426653890e-23,1.8418594541
1.1456300494e-23,1.0258747988
1.5319522683e-23,1.4937601616
1.4846084895e-23,1.4391845263
2.7999804277e-23,2.9897839258
2.3134075096e-23,2.3664884911
2.1228886097e-23,2.1512623203
2.3081197532e-23,2.3604042970
3.1230964763e-23,3.6618466314
3.0488846996e-23,4.6691825465
2.3005978012e-23,2.3517628824
1.7195223072e-23,1.7054410686
2.0244576422e-23,2.0421995582
2.5165664089e-23,2.6079241693
2.6268104892e-23,2.7478961393
1.7727220635e-23,1.7645368370
1.9025641743e-23,1.9078780620
1.6336944261e-23,1.6093441940
1.4799666141e-23,1.4338024669
2.1262446630e-23,2.1549985563
2.1645856045e-23,2.1977918455
1.4678371028e-23,1.4197110642
2.6393752083e-23,2.7644109476
2.0892809604e-23,2.1139210146
2.3703406832e-23,2.4325355442
1.4107349160e-23,1.3527988329
2.2023159742e-23,2.2401277234
1.5095192304e-23,1.4679706391
2.6782499333e-23,2.8163806172
2.1725258100e-23,2.2066814059
1.8434423086e-23,1.8427166187
4.3100544071e-25,10.2829268004
1.8129368709e-23,1.8090354464
3.0927777512e-23,4.5527296176
2.0088366172e-23,2.0249601850
2.2927765858e-23,2.3427940552
2.1299738950e-23,2.1591519360
2.3732265531e-23,2.4359116676
2.0230210694e-23,2.0406135877
1.6339225781e-23,1.6096011488
1.7581078312e-23,1.7483318961
1.9209078735e-23,6.1878274134
1.5143711006e-23,1.4735588881
1.9656913546e-23,1.9774005429
2.7556421039e-23,2.9244566441
1.1779704839e-23,7.0483811897
2.9938698036e-51,28.1718791519
1.7656233917e-23,1.7566680022
3.8558714013e-25,10.3630046331
1.9927353534e-23,2.0072034309
3.0218442489e-23,3.3842522583
1.9498788164e-23,1.9599834172
1.1296876035e-23,7.1107840203
1.7206278876e-23,1.7066723435
2.8953228109e-23,3.1418372212
3.1774347582e-23,4.0195811283
3.1386429760e-23,4.3928523799
1.6779794318e-23,1.6590614836
1.7896323684e-23,1.7832639888
1.6337649349e-23,1.6094236051
1.6505664332e-23,1.6283226157
1.1953591220e-23,1.0896850217
3.9725428066e-26,11.8189493010
1.6052594256e-23,6.5386597219
2.6544430112e-23,2.7843924913
1.9531598744e-23,1.9635970699
3.1774786259e-23,4.0212378737
2.1732911534e-23,2.2075387902
2.3170381461e-24,8.9154131267
3.0391365240e-23,3.4235584569
3.0735110992e-23,3.5092168273
1.7939548975e-23,1.7880471524
1.7097423862e-23,1.6945427590
2.8427458878e-23,3.0557552678
1.5536861788e-23,1.5186327537
3.0202693174e-23,3.3807749242
2.8502799392e-23,3.0677252561
1.6632950847e-23,1.6426098783
1.9078593091e-23,1.9137098280
2.6389439843e-23,2.7638419749
1.9984621780e-23,2.0135177670
1.6536700008e-23,1.6318085720
2.2515310299e-23,2.2957546019
2.8884964856e-23,3.1303011906
3.1487864040e-23,3.7697115437
1.9614149578e-23,1.9726897317
1.9958223632e-23,2.0106069672
1.8565063656e-23,1.8571257933
1.8042491248e-23,1.7994326524
1.8694001343e-23,1.8713401991
3.1679533764e-23,3.8894291979
2.8510491369e-23,3.0689537029
2.7489888543e-23,5.2010182542
2.2093741379e-23,5.8678314959
3.1760071266e-23,4.1322629966
4.7489180436e-158,56.9480214149
4.3675278260e-44,24.8628267107
2.5699852218e-38,21.7535228246
1.9633208605e-23,1.9747891954
1.6868359716e-23,1.6689686902
1.6587379118e-23,1.6374976070
1.5732210901e-23,1.5408993158
1.8670110876e-23,1.8687069195
2.6140454679e-24,8.8022274434
2.3312457593e-23,2.3870734089
2.1466689902e-23,2.1777686547
1.9730496317e-23,6.1303996849
4.2235592342e-29,15.0999154201
1.5521457722e-42,24.0746691745
3.0116712948e-23,3.3620663435
2.5970007509e-23,5.4066903713
2.3845149296e-23,2.4491460937
1.0433583566e-23,7.2259332568
2.2262138686e-23,2.2670767786
2.5404724751e-23,2.6376043294
1.9548471214e-23,1.9654554127
1.4560824425e-23,1.4060159109
1.6511793930e-23,1.6290112204
1.7427432459e-23,6.3846346879
1.5027416201e-23,1.4601544801
1.8807124607e-23,1.8838064846
1.8493571795e-23,1.8492414631
1.8440366882e-23,1.8433723694
2.9693799151e-23,4.8400589894
2.1767651653e-23,2.2114317946
1.5311107721e-23,1.4927949466
3.1561349759e-23,4.3071097803
2.2349832791e-23,2.2769946491
1.5858392511e-23,1.5552392486
2.9619584335e-23,4.8543441447
1.6147513574e-23,1.5879778703
1.4831852713e-23,1.4375349812
2.3125275707e-23,2.3654754658
1.8364395036e-23,1.8349894201
2.8973487087e-23,3.1452836243
2.2438283252e-23,2.2870146501
3.1729520037e-23,3.9388155647
1.5845969251e-23,1.5538288453
1.6355539575e-23,1.6114382209
3.1296175922e-23,3.6863279016
1.8454316973e-23,1.8449113494
3.1603813949e-23,4.2814786918
1.0624062855e-26,12.5501291542
2.4735869654e-23,2.5553540300
2.0962565069e-23,2.1216611699
2.5777845601e-23,5.4312753489
3.1514097357e-23,3.7830362710
2.6066897966e-23,2.7217140316
2.6261599520e-23,2.7470446168
7.9410306780e-24,7.5929085861
1.8399362358e-23,1.8388481788
2.1296295514e-23,2.1587683527
1.9785014639e-23,1.9915146494
2.5864059450e-23,2.6956294422
1.5858821568e-23,1.5552879536
1.4708745864e-23,1.4232436574
2.8725053712e-23,5.0121872661
2.2156127415e-23,2.2551083495
1.6324583078e-23,1.6079518679
2.8264185688e-25,10.5811647144
3.1201107696e-23,3.6511130973
2.3984204384e-23,2.4655129257
1.7602500774e-23,1.7507085856
1.5136993396e-23,1.4727855216
2.3299053388e-23,2.3855233024
2.8850573178e-23,3.1245330319
2.1500101301e-23,2.1814990313
3.0386288047e-24,8.6570787382
1.7253871490e-23,1.7119710282
3.0664574856e-23,3.4906660349
1.8510177966e-23,1.8510730400
5.3628018238e-24,8.0620927598
2.1346895694e-24,8.9908543143
1.6903994109e-23,1.6729517547
1.7842899197e-23,1.7773501481
1.9546519987e-23,1.9652405013
1.6866467696e-23,1.6687571587
1.6718211279e-23,1.6521659390
1.8556930034e-23,1.8562289046
1.5391679476e-23,1.5020298981
1.3552358934e-23,1.2867606098
1.5572544573e-23,1.5227061670
2.6819759443e-23,2.8214357698
1.7000421762e-23,1.6837213603
1.8492618820e-23,1.8491363509
1.6174083192e-23,1.5909785812
1.7907010020e-23,1.7844466396
1.8017882241e-23,1.7967115892
2.5544729472e-23,2.6551455389
2.1696338483e-23,2.2034425086
1.8653977584e-23,1.8669285454
1.1872227882e-23,1.0793363795
1.5944357367e-23,1.5649903414
1.9435119524e-23,1.9529715469
2.2070252774e-23,2.2454295435
1.4680470074e-23,1.4199552660
4.6406537101e-24,8.2216497125
6.4958608527e-24,7.8402762619
1.6869178202e-23,1.6690601969
2.1325123255e-23,2.1619801136
1.4369936666e-23,1.3836906080
1.6881822747e-23,1.6704737388
1.8275790198e-23,1.8252086252
1.8426628313e-23,1.8418566321
1.5812269608e-23,1.5500013793
1.4115154982e-23,1.3537202692
2.8145089322e-23,5.1040664505
7.6614125301e-24,7.6383044212
1.4165527414e-23,1.3596617824
1.8881513514e-23,1.8920022417
1.8848415775e-23,1.8883558888
6.7420513233e-25,9.9502166522
2.2227410007e-23,2.2631534963
2.2525451479e-23,2.2969062774
2.2482745261e-23,2.2920579543
1.6448593719e-23,1.6219083258
1.6267673967e-23,1.6015383883
3.1164937713e-23,4.4774423498
1.0912770888e-23,0.9544912347
1.5277811371e-23,1.4889741362
1.5775164351e-23,1.5457844391
2.3598696521e-23,2.4203098149
1.7091706900e-23,1.6939053182
3.0952627480e-23,3.5705457280
1.8499404983e-23,6.2660221471
2.7472498632e-23,2.9123973136
1.4676860980e-23,1.4195353785
1.7749513799e-23,6.3488999166
2.8091131745e-23,3.0036084043
1.5762513193e-23,1.5443460124
1.4624535546e-23,1.4134436487
2.1692561745e-23,5.9128873693
1.8299298814e-23,1.8278040920
1.6876934292e-23,1.6699272816
1.7425970200e-23,1.7311098324
3.9417944026e-24,8.3946678636
1.6103583659e-23,1.5830136892
1.3521355394e-23,1.2830395579
1.8967392081e-23,1.9014622896
1.8861326171e-23,1.8897782489
2.7559586888e-23,2.9249133535
3.1351575315e-23,3.7084263993
1.6325513982e-23,1.6080567313
5.6007399122e-28,13.9894144942
2.4607386082e-23,2.5398194785
3.1462456572e-23,3.7573589239
1.3610269006e-23,1.2937015899
2.2207305272e-23,2.2608833925
1.6244130255e-24,9.2343437507
2.6902686407e-23,2.8327360535
3.1626805265e-23,3.8496011168
2.0058067813e-23,2.0216179286
2.9785092570e-23,3.2937362267
1.6413893407e-23,6.4979013267
1.6804953597e-23,1.6618770176
1.4647576604e-23,1.4161270399
1.3887298262e-23,1.3267409786
1.6877659045e-23,1.6700083004
1.8016970647e-23,1.7966107841
2.5518421014e-23,5.4640669675
2.7336863970e-23,5.2228123422
1.8689280563e-23,1.8708198761
1.2954166676e-23,1.2143144595
3.1500325385e-27,13.1723092024
1.6455462936e-23,1.6226806536
4.6162339589e-33,18.3448643294
1.4532617657e-23,1.4027237132
3.1753220348e-23,3.9715486121
2.1179904233e-23,2.1458117831
2.7351585298e-23,2.8951787944
1.6318201294e-23,1.6072329403
1.6158641911e-23,1.5892348353
1.4138307053e-23,1.3564521007
1.6534927698e-23,1.6316095460
1.7970765393e-23,1.7915005523
1.9590647937e-23,1.9701009889
2.8755810116e-23,5.0071211834
1.8832823811e-23,1.8866380399
1.9283631069e-23,1.9362892874
2.1269318548e-23,2.1557637718
2.5262569636e-23,2.6199152525
1.5629046286e-23,1.5291504957
2.2600474480e-23,2.3054335628
2.4092329895e-23,2.4782902143
1.5140613541e-23,1.4732023056
1.8382491633e-23,1.8369865185
2.0804408274e-23,6.0117880034
2.6872626139e-23,2.8286318364
2.2823747630e-23,2.3308910610
2.3887544172e-23,2.4541283588
1.9244405953e-23,1.9319698286
2.2719050615e-23,2.3189383225
2.8972045854e-23,3.1450380954
3.7789439373e-28,14.1663277234
2.0447359688e-23,2.0646006962
3.1779469633e-23,4.0624275794
1.9284547347e-23,1.9363901877
2.3669323638e-23,2.4285519474
2.0613631989e-23,2.0829904945
3.1777281772e-23,4.0326476900
2.4555814052e-23,5.5823010216
1.0265058268e-23,7.2490077435
1.4466820407e-23,1.3950350857
1.6249123389e-23,1.5994465725
2.8184152037e-23,3.0178309419
3.1705205533e-23,4.2032169536
1.9774464182e-23,1.9903520333
1.8884748043e-23,1.8923585734
1.3933954037e-23,1.3322792539
1.5120350773e-23,1.4708690532
2.2060514946e-23,2.2443328990
1.9942571132e-23,2.0088811762
1.8117944488e-23,1.8077729923
1.8034928797e-23,1.7985965048
2.5672018430e-23,5.4447055712
1.3549172156e-23,1.2863782946
1.6613182861e-23,1.6403926855
3.1699411647e-23,4.2087787813
1.8038814979e-23,1.7990261884
2.0889581022e-23,2.1135628890
2.2985732832e-23,2.3494397212
1.6792167790e-23,1.6604462927
1.7079857513e-23,1.6925839809
1.5054235779e-23,1.4632487907
2.0039259542e-23,2.0195433814
2.9112668701e-23,3.1692552750
1.6396743371e-23,1.6160761077
1.8503152750e-23,1.8502982093
1.5223214112e-23,1.4827032796
1.3396981081e-23,1.2680762695
1.4823828925e-26,12.3715231596
1.6776869390e-23,1.6587341004
1.7293677106e-23,1.7164007159
1.5476648192e-23,1.5117525859
1.5327935221e-23,1.4947249317
1.3390779982e-23,1.2673287038
1.8937274522e-23,1.8981448279
1.7750913452e-23,1.7671621557
1.6723304679e-23,1.6527364663
2.0053838949e-23,2.0211514715
2.2474233048e-23,2.2910920769
1.6658635753e-23,1.6454898219
2.2666135014e-23,2.3129075300
3.1504282170e-23,3.7779778781
1.7386243310e-23,1.7266947945
1.5115940681e-23,1.4703610971
1.5319512093e-23,1.4937589470
3.0935251531e-23,3.5653825553
3.1768183167e-23,4.0012018829
1.0978208049e-23,7.1527244959
1.7410123814e-23,1.7293489527
1.6647283087e-23,1.6442170181
1.5840488853e-23,1.5532065611
2.0569091218e-23,2.0780621315
2.0115626373e-23,2.0279676854
1.8849830868e-23,1.8885117939
1.8175595061e-23,1.8141428950
3.0303833988e-23,3.4033951283
2.6413915059e-23,2.7670734162
1.8454314741e-23,1.8449111031
1.0754552815e-24,9.5816358150
2.4511872260e-23,2.5283214420
2.4039955943e-23,2.4720954592
2.5557030407e-23,2.6566925874
2.6847978838e-23,2.8252734511
1.4551487008e-23,1.4049263339
1.7096434102e-23,1.6944324038
2.1977789256e-23,2.2350237269
1.9991401147e-23,2.0142653439
2.0798312531e-23,2.1034433721
2.2110243081e-23,2.2499350225
1.6047605671e-23,1.5766828499
2.4929407133e-23,2.5789071646
1.6491870976e-23,1.6267728358
3.5938994328e-41,23.3544688684
3.1724391234e-23,4.1830553474
1.7865566517e-23,1.7798595987
1.5996358181e-23,1.5708818138
1.6870873280e-23,1.6692497036
2.2935621258e-23,2.3436941162
1.9162633874e-23,1.9229649781
1.5972069023e-23,1.5681306073
1.9463332108e-23,1.9560785611
1.8621646618e-23,1.8633644132
9.7612521846e-69,34.7873508725
3.1770644451e-23,4.0077274762
1.7307971595e-23,1.7179910038
1.4428874458e-23,1.3905951864
3.1769547751e-23,4.0047209604
2.7857516301e-23,2.9685071775
1.7521130037e-23,1.7416785961
3.1449412409e-23,3.7512065742
1.6361116228e-23,1.6120660954
2.0005354312e-23,2.0158040555
2.2546524792e-23,2.2993002043
2.9088843252e-23,3.1651143036
2.8319324710e-23,3.0387664381
2.6135071102e-23,5.3853572647
1.5630369787e-23,1.5293013653
1.8514085579e-23,1.8515040119
2.0586564314e-23,2.0799953077
9.6678880545e-31,16.5463011263
1.7339646351e-23,1.7215140515
1.5930452170e-23,1.5634140489
1.6363891330e-23,1.6123785240
2.4904375817e-23,5.5400567916
2.0328482073e-23,6.0644417804
6.1739319623e-24,7.9003453011
3.0980916151e-23,3.5790642916
1.5902278054e-23,1.5602190665
3.1495790096e-23,4.3422342508
1.8737899333e-23,1.8761782680
1.5048851247e-23,1.4626276966
1.6333898187e-23,1.6090011178
1.8525879434e-23,1.8528047194
1.6155142766e-23,1.5888396252
1.7210064082e-23,1.7070938647
9.4766685135e-69,34.7916885693
3.1105098855e-23,4.4975996901
1.7758626019e-23,1.7680166511
2.6934991291e-23,2.8371569805
1.8166709200e-23,1.8131612235
2.7645566950e-23,5.1785391211
3.0204973736e-23,3.3812774612
1.7633432595e-23,1.7541394970
1.8530689404e-23,1.8533351785
2.6065577777e-23,2.7215432756
2.3433252265e-23,2.4010674950
2.7962182433e-23,2.9841278025
1.7995163949e-23,1.7941991937
2.9748953815e-23,3.2866120978
4.7843650109e-24,8.1885171468
1.5489680764e-23,1.5132424107
2.1435995612e-23,2.1743430477
2.3617793310e-23,2.4225367266
2.4104750707e-23,2.4797609251
2.7207651696e-23,2.8749117124
2.5639091763e-23,2.6670380400
2.7678868661e-23,5.1736884045
1.3357400088e-23,1.2633021211
2.0407274226e-23,6.0557366645
1.6473108495e-23,1.6246642449
2.4927863807e-23,2.5787185914
1.6959877491e-23,1.6791946620
1.6169407105e-23,1.5904505680
2.4198801856e-23,5.6249896802
5.0101750453e-25,10.1730163291
2.5020316800e-23,2.5900371132
2.6833463262e-23,2.8232984275
1.7704097837e-23,1.7619741949
8.5127868128e-24,7.5031565861
3.7749469515e-25,10.3781428808
2.5690006977e-23,2.6734789972
3.0286177452e-23,3.3993957573
1.9953590415e-23,2.0100961141
2.4949804088e-23,2.5814005567
1.9557619595e-23,1.9664630395
2.0085874994e-23,2.0246853627
3.1772877194e-23,4.0144859389
1.8027291654e-23,1.7977520570
1.8263405079e-23,1.8238411184
1.6224016845e-23,1.5966145181
4.9607738925e-24,8.1488325318
3.0315710492e-23,4.7098092444
3.0552107837e-25,10.5271810383
2.0112901252e-23,2.0276670177
7.5573284298e-24,7.6554758723
8.7589110969e-46,25.6928417119
3.4755119900e-26,11.8961594431
1.6687886131e-23,6.4671386687
1.6819822551e-23,1.6635405509
2.1536659526e-23,2.1855826085
1.6129666726e-23,1.5859615643
1.7891337568e-23,1.7827121470
1.2830211643e-27,13.6059837305
6.8447903986e-24,7.7774292362
2.4075951775e-23,2.4763518635
1.7163955017e-23,1.7019579740
1.5568353131e-23,1.5222278329
1.7467579714e-23,1.7357322845
1.6732904665e-23,1.6538116856
1.3777330910e-23,1.3136579851
9.7657259527e-24,7.3186534324
2.3166433758e-23,2.3702156761
2.3246538062e-23,2.3794554791
2.9517809311e-23,3.2423231150
1.8049614045e-23,1.8002201520
1.7976838910e-23,1.7921723651
1.5264304304e-23,1.4874234260
3.0576129604e-23,3.4681720821
1.6187936974e-23,1.5925426868
1.7933084377e-23,1.7873318951
1.5136288415e-23,1.4727043540
3.1592345531e-23,4.2886782900
2.3734119295e-23,2.4361286356
1.8329190820e-23,6.2848031313
1.7432210501e-23,1.7318031922
1.4539209671e-23,1.4034933165
1.8901412044e-23,1.8941943245
3.0905819649e-25,10.5191595731
1.7872895585e-23,1.7806708940
1.6900358406e-23,1.6725454514
1.6392049467e-23,1.6155479077
1.4200854067e-23,1.3638238133
1.3377715141e-23,1.2657532107
2.6308091255e-23,2.7531377233
2.2501969390e-23,2.2942399076
2.6340514580e-23,2.7573975446
1.8603439471e-24,9.1149314663
1.6543760781e-23,1.6326014298
1.9922676723e-23,2.0066878295
1.6551442239e-23,1.6334638947
1.9447147972e-23,1.9542962138
1.7150318074e-23,1.7004385182
1.8660196379e-23,1.8676140549
3.0485189900e-23,4.6700661023
2.6040629505e-23,2.7183188823
3.0745194340e-23,3.5119166475
1.8027848280e-23,1.7978136052
1.8257828330e-23,1.8232253305
2.6556846004e-23,2.7860478644
2.8409033905e-33,18.4971414207
1.2406860547e-23,6.9691830641
1.0550439613e-35,20.1486844288
2.5404536444e-23,2.6375808177
1.5542610326e-23,1.5192891751
2.3248307440e-23,2.3796597854
1.5270661966e-23,1.4881533864
1.6595324597e-23,1.6383891689
1.3870763354e-23,1.3247764363
3.1589175539e-23,3.8252775056
1.7675413709e-23,1.7587945277
1.6356697620e-23,1.6115686093
1.4055352089e-23,1.3466558333
1.8098720021e-23,1.8056483593
1.9104052704e-23,1.9165136864
1.9493008298e-23,1.9593468567
1.5835255914e-23,1.5526123184
1.4430301389e-23,1.3907622231
9.4984744154e-24,7.3567701593
1.9354539230e-23,1.9440977183
2.0455002949e-23,2.0654455830
1.9901553421e-23,2.0043591674
2.1127222125e-23,2.1399527593
3.1468370089e-23,3.7601890838
1.7473289205e-23,1.7363664167
2.6761712151e-23,2.8135662593
3.0072503706e-23,3.3526196860
2.0391647737e-23,2.0584435506
2.2465023670e-23,2.2900472752
4.3857306661e-26,11.7612933416
1.6751519516e-23,1.6558962023
1.8705791234e-23,1.8726396446
2.2084143865e-23,2.2469942270
1.9250045821e-23,1.9325908902
2.6653459624e-23,5.3169302343
1.3176383634e-23,1.2413912748
1.7108430511e-23,1.6957698834
1.4836265453e-23,1.4380464867
2.0367304470e-23,2.0557538702
1.6699584069e-23,1.6500791199
1.7102541099e-23,1.6951132954
2.1294046297e-23,2.1585178083
1.5080203991e-23,1.4662431376
1.7100820797e-23,1.6949214974
2.2629915531e-23,2.3087834925
3.0760158103e-23,3.5159463390
2.4561000101e-23,5.5816767527
3.1470023808e-23,3.7609852699
1.7348327305e-23,1.7224794000
1.5215723791e-23,1.4818424062
1.7372943343e-23,6.3906906733
1.2962985093e-24,9.4271379373
1.6334759521e-23,1.6090981306
1.9350131556e-23,1.9436123390
1.6787051107e-23,1.6598736728
2.8249049603e-23,3.0278416486
1.6019862022e-23,1.5735429881
2.9980323325e-23,4.7826317437
1.4942803602e-23,1.4503801993
2.1294071680e-23,2.1585206357
1.6693423822e-23,1.6493888691
2.3194394649e-23,2.3734387490
2.7802918258e-23,2.9604240950
2.2800535981e-23,5.7876682729
2.5413892670e-23,2.6387492840
2.0343672320e-23,2.0531431419
2.3483338383e-23,2.4068834589
2.0412778130e-23,6.0551284239
2.1051440897e-23,2.1315305042
2.5433419400e-23,2.6411896251
1.8429342652e-23,1.8421561048
1.4060316333e-23,1.3472426938
2.1770369131e-23,2.2117364010
1.6986897201e-23,1.6822116091
1.9414833048e-23,1.9507374720
2.0194619701e-23,2.0366848721
1.6812100547e-23,1.6626766553
1.5723000782e-23,1.5398513430
1.6618138708e-23,1.6409485938
1.9110880681e-23,1.9172656378
2.9703755220e-23,3.2777815388
2.0598175306e-23,2.0812800539
1.7110736668e-23,6.4198800194
1.3096496172e-23,1.2316802460
3.1331895405e-23,4.4154827409
2.2271364428e-23,2.2681194215
1.6582781515e-23,1.6369816650
3.1736606157e-23,4.1683242969
2.4534976205e-23,2.5310988706
1.3084069287e-23,1.2301673354
2.1969101813e-23,2.2340468544
2.0364177618e-23,2.0554084143
2.1002546997e-23,2.1260999434
1.4796401605e-23,1.4334237386
1.6570016491e-23,1.6355490036
6.1132160956e-24,7.9119160091
2.5437977097e-23,2.6417595558
2.7016370561e-23,2.8483416409
1.7010634157e-23,1.6848612136
1.9229625932e-23,1.9303422513
2.7346480007e-23,2.8944557278
2.7420401204e-23,2.9049562335
9.4432086772e-24,7.3647302341
2.0704497174e-23,2.0930497626
1.1472730885e-23,7.0879019263
2.4255285279e-23,2.4976347577
2.9770228619e-23,4.8251079006
1.7397790120e-23,1.7279782225
1.6674355542e-23,1.6472519224
1.8315574909e-23,1.8296008686
2.2679590680e-23,2.3144404276
1.8491520025e-23,1.8490151545
2.3659004827e-23,2.4273466890
2.4499591306e-23,2.5268460805
3.1721468170e-23,4.1863308885
2.2201439379e-23,2.2602212050
1.8410475255e-23,1.8400743917
2.9411732605e-23,4.8932335059
2.4051303171e-23,2.4734366896
1.5792128315e-23,1.5477127109
1.8062916650e-23,1.8016907974
3.1720986598e-23,3.9290444218
1.5309661564e-24,9.2856566222
2.0291799373e-23,2.0474138257
2.5161415069e-23,2.6073996132
1.6251897500e-23,1.5997594277
1.7247209196e-23,1.7112294482
2.8754155041e-23,3.1085126443
1.7099029794e-23,1.6947218129
3.0989647524e-23,3.5817227479
1.3501059245e-23,1.2806016927
1.3721666920e-23,1.3070195978
7.1510666989e-24,7.7240231185
1.6127451491e-23,1.5857112500
7.8351033762e-24,0.5059241170
1.4923506759e-23,1.4481484636
1.6573734072e-23,1.6359662665
2.3895596925e-23,2.4550754707
2.4159392855e-23,2.4862382525
1.9438306255e-23,1.9533224933
1.3003983735e-23,1.2204021965
1.6816713979e-23,1.6631927911
2.3866840774e-23,2.4516944611
1.6773192645e-23,1.6583225498
2.5166288376e-23,2.6080012483
1.0279331137e-36,20.7879918387
1.2415926925e-27,13.6214589814
2.8321188253e-23,3.0390573629
2.9667279005e-23,4.8451893406
2.2118401575e-23,2.2508545704
2.7203372174e-23,2.8743128063
2.5494218348e-23,5.4671040505
2.0622260546e-23,2.0839454193
1.4910999996e-25,11.0088252342
2.4029351462e-23,2.4708424737
1.4497390697e-23,1.3986089004
2.8245548231e-23,3.0272996563
1.9174926471e-23,1.9243186757
2.2903482151e-23,2.3400126952
2.2662133886e-23,2.3124517974
3.1764716011e-23,3.9931135063
1.9047151840e-23,1.9102471089
1.8414573699e-23,1.8405266039
1.8066195669e-23,1.8020532843
2.4888281884e-23,2.5738864314
2.0260466931e-23,2.0439540067
1.0820676553e-23,7.1736947458
6.0352557744e-24,7.9268910447
1.9095540382e-52,28.6807377289
2.3539802721e-23,2.4134497802
2.1391458791e-23,2.1693749057
2.3342448438e-23,5.7253633608
2.1828288805e-23,2.2182316447
2.0402909349e-23,2.0596879801
1.6596891895e-23,1.6385650237
1.7840173513e-23,1.7770483649
2.0598073749e-23,2.0812688161
2.1390337681e-23,2.1692498796
2.7031551902e-23,2.8504358573
1.7367309287e-23,1.7245899616
3.0393531619e-23,3.4240648790
2.4556439233e-23,2.5336812231
3.1146460666e-23,3.6321427868
2.0002445650e-23,2.0154832903
3.1033667767e-23,4.5205604763
1.5766521304e-23,1.5448017672
3.0727188983e-23,3.5071043709
1.3037030493e-23,1.2244349023
1.9942583328e-23,2.0088825209
1.8218635355e-23,1.8188970943
1.1601320839e-23,1.0446240911
2.2747013187e-23,2.3221279890
1.9144641743e-23,1.9209836121
2.5813031833e-23,2.6891139087
1.9786616363e-23,1.9916911557
2.9376918727e-23,3.2163094057
2.5383575773e-23,2.6349650362
2.3505958852e-23,2.4095127792
1.5544863312e-23,1.5195464219
2.7978064574e-23,2.9865128323
9.8653113816e-24,0.8113024653
1.4783264022e-23,1.4318993175
1.6575111944e-23,1.6361209140
2.1428718630e-23,2.1735311019
3.1768187474e-23,4.0012126472
3.1678442144e-23,3.8885104722
1.6580758947e-23,1.6367546825
1.9326707299e-23,1.9410328400
2.1908146788e-23,2.2271964953
9.5137099116e-24,0.7613264676
2.1275480237e-23,2.1564499519
1.9510330160e-23,1.9612545985
1.7179439030e-23,1.7036829588
2.7503031511e-23,2.9167742760
2.0033656865e-23,2.0189254395
2.5113113309e-23,2.6014436654
1.6461462242e-23,1.6233551111
1.5300014837e-23,1.4915223121
1.7256395782e-23,1.7122519936
1.3764722168e-23,1.3121552374
2.3230022710e-23,5.7383580602
1.2858507076e-23,1.2025954886
2.1526210116e-23,2.1844152024
1.7462901722e-23,1.7352126918
1.2022149488e-23,7.0175287154
1.8147246230e-23,1.8110108602
2.3738501644e-23,2.4366416019
3.8691408460e-72,35.9151075586
2.5922524658e-23,2.7031172641
1.7175829527e-23,1.7032808709
1.4877631536e-23,1.4428389296
1.4036844664e-23,1.3444672240
1.3631684477e-23,1.2962653281
1.4352519114e-23,1.3816481363
1.5427038112e-23,1.5060778715
3.1759237349e-23,4.1338382641
1.6419876940e-23,1.6186787642
1.4772676288e-23,1.4306704266
1.6425747221e-23,1.6193390619
3.0629330375e-23,3.4816050286
1.5895271702e-23,6.5564827023
2.8758518117e-23,3.1092328995
2.2532514928e-23,2.2977085715
2.9954246566e-23,3.3278853692
3.1005390314e-23,4.5293550467
1.6300109193e-23,1.6051944270
1.4887126966e-23,1.4439383738
1.4288438603e-23,1.3741257796
1.8849626019e-23,1.8884892251
2.9852917292e-23,3.3072653576
3.7989791375e-38,21.6537338735
3.0337543014e-23,4.7048143562
3.1553375020e-23,3.8042688080
3.1959763798e-24,8.6073528422
1.6309329432e-23,1.6062333810
2.3339350733e-23,5.7257219223
1.6518322154e-23,1.6297445406
1.5789781739e-23,1.5474460140
1.4434165491e-23,6.7246924709
2.6051616369e-23,2.7197382824
1.7558718911e-46,26.0249651120
2.9958652456e-23,3.3287935670
3.1171482999e-23,4.4751808376
1.4749531379e-23,1.4279829903
1.1636452005e-24,9.5169735049
4.7971347020e-30,15.9544017367
2.5362924416e-23,2.6323904420
1.5014598327e-23,1.4586749694
2.6543406372e-23,2.7842560607
1.6766136016e-23,1.6575326221
4.1219797739e-31,16.8501490463
1.7648330697e-23,1.7557916466
1.4973184220e-23,1.4538918375
2.6643859199e-23,2.7976881984
2.9430083178e-24,8.6882950522
1.6836234358e-23,1.6653763325
1.7884191326e-23,1.7819211969
1.4496623735e-23,1.3985192724
2.5875329290e-23,2.6970709143
1.6241098957e-23,1.5985415266
3.1210307488e-23,3.6543910550
2.6144947235e-23,2.7318327067
1.4134848992e-27,13.5601782780
1.5396908820e-23,1.5026287518
1.6627678354e-23,1.6420185703
1.5748441545e-23,1.5427456877
1.4027262507e-23,1.3433336389
2.6656808924e-23,5.3164804923
2.2905479644e-23,2.3402414213
2.1120256440e-23,2.1391783208
1.7613197277e-23,1.7518951297
2.2377856445e-23,2.2801674429
2.8971145026e-23,3.1448846575
1.8519773388e-23,1.8521313103
1.7177980606e-23,1.7035204966
1.9342637903e-23,1.9427871293
2.1817712341e-23,2.2170451544
1.4787099730e-23,1.4323444428
2.7059882393e-23,2.8543505444
9.6920061103e-24,7.3291066069
1.6269971652e-23,1.6017974397
2.8852001869e-23,3.1247720781
1.6297599503e-23,1.6049116048
2.1703573538e-23,2.2042526835
1.9770523188e-24,9.0604291104
5.8277378915e-24,7.9674237110
2.8584103123e-23,5.0351359729
1.7521534708e-23,1.7417235202
1.9739913334e-23,1.9865449047
3.1773612907e-23,4.0989508635
2.0335211827e-23,2.0522085705
1.9455210623e-23,1.9551841442
1.3485533366e-23,1.2787357780
2.0648734039e-23,2.0868756395
2.7568780557e-23,2.9262403910
2.1151577523e-23,2.1426610230
2.6581786115e-23,2.7893772361
2.6759900648e-23,2.8133211997
2.5315332593e-23,2.6264668743
3.0825060992e-23,4.5821475831
1.4628861523e-23,1.4139475720
1.8668109187e-23,1.8684862783
1.8916114459e-23,1.8958139312
2.2278184941e-23,2.2688903512
5.6511351793e-28,13.9853500249
2.6864352327e-23,5.2884032083
1.4136205435e-23,1.3562041907
1.7965450463e-23,1.7909126265
4.1348301946e-24,8.3447105729
3.0658516436e-23,3.4890989480
1.1704734452e-23,7.0579849490
1.7318095227e-23,1.7191171354
1.9771499798e-23,1.9900253766
1.4060270347e-23,1.3472372579
2.6203320487e-23,2.7394313323
2.1163079413e-23,2.1439402532
2.0236298995e-23,2.0412857188
2.0800148042e-23,2.1036468067
3.1243842826e-23,4.4493431308
1.7775644071e-23,1.7699019410
2.5797749313e-23,2.6871660678
1.7573179832e-23,1.7474554954
1.6024724410e-23,1.5740933901
3.1765334827e-23,4.1214254289
1.9060555764e-23,1.9117233383
1.4716523638e-23,6.6917591954
1.7404695399e-23,1.7287456751
1.8852003193e-23,1.8887511247
3.0573462744e-23,3.4675061487
1.6771231085e-23,1.6581029775
2.1251942528e-23,2.1538289992
1.9885168700e-23,2.0025530097
3.1482689623e-23,3.7671541081
1.6557193157e-23,1.6341095396
1.8495763870e-23,1.8494832450
1.7066485448e-23,1.6910926336
2.6129458656e-23,5.3860860224
1.2622010379e-23,6.9424534501
7.0232617196e-24,7.7461189268
6.7197054793e-40,22.6581829737
1.7980491714e-23,1.7925764011
1.5751954820e-23,1.5431452799
2.0021951254e-23,2.0176344271
1.6174693577e-23,1.5910475017
2.1698932993e-23,2.2037330299
1.3786041748e-23,1.3146958461
1.3345797465e-23,1.2619015124
2.5021425413e-23,2.5901731094
2.2951057560e-23,2.3454632662
1.6467423666e-23,1.6240252514
2.8881966065e-23,3.1297970819
7.4251958039e-24,0.4384086580
1.4215309035e-23,1.3655257005
2.4093451242e-23,5.6374840311
1.0807059234e-23,0.9403919087
2.1126667716e-23,2.1398911186
1.5947748662e-23,1.5653747209
1.3743113978e-23,1.3095786192
1.4654573151e-23,1.4169415703
1.6683591734e-23,1.6482870736
1.7637325041e-23,1.7545711764
1.1051580678e-23,0.9728951827
1.6676671849e-23,1.6475115359
1.6210298861e-23,1.5950666358
2.1853285731e-23,2.2210366117
1.8353074742e-23,1.8337400508
2.5720059497e-23,2.6772888319
1.8959964481e-23,1.9006441522
3.1377395120e-23,3.7192037498
1.9779053026e-23,1.9908577005
1.6708876400e-23,1.6511202107
1.3050557973e-23,1.2260843696
2.8591193937e-23,3.0819152878
1.8513451360e-23,1.8514340643
2.9090655225e-23,3.1654286766
1.7849671672e-23,1.7780999588
3.1753744156e-23,3.9724130841
1.8371722253e-23,1.8357980554
1.4785450721e-29,15.5201858499
7.1301234483e-31,16.6556686858
1.9971707728e-23,2.0120937584
2.5414960045e-23,2.6388826184
2.9013455943e-23,4.9637926517
1.2963695781e-23,1.2154797328
2.0002745008e-23,2.0155163031
3.1053971610e-23,3.6017607205
1.5796513721e-23,1.5482110982
2.8111836811e-23,3.0067615559
1.5952767608e-23,1.5659435422
3.1259984515e-23,3.6725552919
1.7058758033e-23,1.6902307135
6.8812825982e-24,7.7709829455
1.7224450835e-23,1.7086958204
2.1749046338e-23,2.2093466224
3.3492593178e-25,10.4628658743
3.1642793187e-23,3.8608322794
1.3031908610e-23,1.2238101718
1.6516348384e-23,1.6295228328
2.8012231007e-23,2.9916570933
1.8401591470e-23,1.8390941472
2.5084750103e-23,2.5979522875
1.5681454479e-23,1.5351217832
1.9355371429e-23,1.9441893612
1.4622562274e-23,1.4132137690
1.6465100362e-23,1.6237640893
2.2838127402e-23,2.3325348926
2.9064727096e-23,4.9549681537
1.6581146282e-23,1.6367981517
2.0870667435e-23,6.0044418552
2.9638586466e-23,3.2651993288
1.6565652915e-23,1.6350592060
2.4279115051e-23,2.5004727580
5.7254737574e-37,20.9448524371
1.4869905462e-23,1.4419441764
1.9207818990e-23,1.9279408577
2.0728363891e-23,2.0956931396
4.4799855569e-24,8.2596035658
3.1277469820e-23,4.4367582237
2.1077000742e-23,2.1343704615
2.7131299710e-23,5.2516494246
2.6619539518e-23,2.7944278351
2.2976783089e-23,2.3484130812
2.6491681967e-23,2.7773750081
3.3229575532e-40,22.8279774713
4.5970842712e-26,11.7337169969
2.0492986591e-23,2.0696449355
1.6125224658e-23,1.5854596161
1.1931663567e-26,12.4883232140
5.6993698161e-92,41.8249762375
2.9293418477e-23,4.9146991725
3.0115544506e-23,4.7540917950
2.3050530738e-23,2.3568793222
2.2201696192e-23,2.2602501946
2.7619490532e-23,2.9335801422
1.6490789276e-23,1.6266512862
2.9521707444e-23,3.2430528668
1.5216088148e-23,6.6340227101
2.5374156717e-23,2.6337904499
1.4812318018e-23,1.4352699748
1.6363218262e-23,1.6123027494
3.1738472384e-23,4.1658973024
1.6042127608e-23,1.5760629909
1.4801456739e-23,1.4340101870
1.6438209658e-23,1.6207406654
1.8337258241e-23,1.8319943401
2.2615492604e-23,2.3071421337
1.6383837888e-23,1.6146237786
1.7162587161e-23,1.7018055751
1.8743204848e-23,1.8767629554
1.5885961734e-23,1.5583680556
1.6008918282e-23,1.5723040371
7.3415523661e-26,11.4538419538
1.6456958375e-23,1.6228487802
1.6597110191e-23,1.6385895168
1.3412295355e-23,6.8459851569
1.7708377593e-23,1.7624485462
2.3972563713e-23,2.4641400284
2.0596042962e-23,6.0348628920
1.6063826276e-23,1.5785179268
2.1155316816e-23,2.1430768864
2.4569075142e-23,2.5352025200
2.6204682248e-23,2.7396089170
2.2992964834e-23,2.3502694749
1.4273553123e-23,1.3723765830
1.9948786150e-23,2.0095664108
2.0314636647e-23,2.0499359683
2.8383936993e-23,3.0488909988
1.4158787139e-23,1.3588672241
2.0732512810e-23,2.0961527090
1.8372053965e-23,1.8358346627
3.0622921763e-23,3.4799715927
1.9655412785e-23,1.9772352146
1.4270844449e-23,1.3720582124
1.5511296135e-23,1.5157125423
2.4783538165e-23,2.5611377871
2.4440049498e-28,14.3587383112
3.0693809861e-23,4.6176217003
1.3890433738e-59,31.5240260909
2.9664973391e-23,3.2702729944
2.5905211613e-23,2.7008973860
1.9197188013e-23,1.9267701616
3.0363417453e-23,4.6988490596
1.6213414606e-23,1.5954182335
2.6738985942e-23,2.8104941504
2.4699899994e-23,2.5509970754
2.5956646099e-23,2.7074986424
1.8919628541e-23,1.8962010330
2.8798218498e-23,3.1158068720
1.4674554699e-23,1.4192670433
2.9955631920e-23,3.3281708286
1.6093264750e-23,1.5818471112
3.1753817162e-23,3.9725342629
3.1271980188e-23,4.4388401861
2.4513025397e-23,5.5874469873
2.1401025883e-23,2.1704418959
1.5384695081e-23,1.5012299609
2.3577611603e-23,2.4178524864
2.7949617541e-23,2.9822437154
2.5150039502e-23,2.6059957571
3.1767539589e-23,3.9996157557
1.6274501698e-23,1.6023081504
1.7096165661e-23,1.6944024732
2.2363792986e-23,2.2785749901
1.8012153940e-23,1.7960781372
1.7654649028e-23,1.7564922651
1.5151715899e-23,1.4744803076
1.3636207541e-23,1.2968065925
2.3625348554e-23,2.4234180974
2.3249975463e-23,2.3798523970
1.2975346452e-23,1.2169039288
2.2123325321e-23,2.2514095904
2.5731598009e-23,5.4371537864
2.1436011898e-23,2.1743448649
1.6897511283e-23,1.6722272620
1.4982037245e-23,1.4549146913
2.9942878812e-23,3.3255466903
1.6588097346e-23,1.6375782033
4.5095634977e-25,10.2500903029
2.0598555048e-23,2.0813220738
1.6042883523e-23,1.5761485283
1.4873273878e-23,1.4423342906
1.6804033444e-23,1.6617740608
2.4120284402e-23,2.4816010863
2.5316620963e-23,5.4892799393
1.8409299686e-23,1.8399446806
6.1862051277e-26,11.5574242118
3.4300924666e-29,15.1844972690
9.9983937843e-24,7.2859561690
1.0467381044e-23,0.8945764305
1.3760685901e-23,1.3116740660
1.4907905772e-23,1.4463434502
1.7367947679e-23,1.7246609360
2.0107755802e-23,2.0270993208
1.8749677244e-23,1.8774762254
2.0663192724e-23,2.0884762524
2.2463777513e-23,2.2899059135
2.4358216036e-23,5.6059964970
1.8823968496e-23,6.2302446201
1.9447351330e-23,1.9543186093
3.1684282143e-23,4.2224221575
1.1574357161e-24,9.5213875465
2.3696612749e-23,2.4317411400
1.6857099869e-23,1.6677097440
1.8189134786e-23,1.8156386086
1.5952489616e-23,1.5659120373
1.4915956292e-23,1.4472749646
2.9579065326e-23,3.2538558585
1.9096806583e-23,1.9157156807
2.4612609366e-23,2.5404494813
3.1287010077e-23,3.6827935538
7.8364906957e-24,0.5061486917
1.9959251685e-23,2.0107203202
1.7680340008e-23,1.7593406672
2.5755732322e-23,2.6818190567
3.1746665886e-23,3.9613823737
2.6641151380e-23,2.7973249110
2.4644479789e-23,2.5442962888
1.9667366806e-23,1.9785521192
1.6671811053e-23,6.4689402707
2.2970092774e-23,2.3476457655
1.3060553577e-23,1.2273026978
1.4806743288e-23,1.4346234078
3.0855974637e-23,3.5424466260
1.3762888664e-23,1.3119366687
1.5829133579e-23,1.5519170072
3.1643626695e-23,4.2544717532
1.6619873774e-23,1.6411432109
3.1776762099e-23,4.0298867367
2.2617515396e-23,2.3073723019
2.3065599667e-23,2.3586110823
3.0718345610e-23,3.5047551159
8.9307117720e-37,20.8258229182
1.9523328346e-23,1.9626861799
2.4582212993e-34,19.2415580902
1.3913470110e-23,1.3298486116
1.6644451308e-23,1.6438995027
1.5450272348e-23,1.5087362458
3.1668337373e-23,3.8802300129
1.0205388729e-23,0.8586788373
1.6879017459e-23,1.6701601531
1.7763701623e-23,1.7685789621
1.5784435400e-23,1.5468383406
7.2235280387e-30,15.7983607889
1.8131623819e-23,1.8092846412
2.1563187639e-23,2.1885470513
1.6006889851e-23,1.5720743715
1.6161218066e-23,1.5895257843
1.4162736166e-23,1.3593327615
1.8486129562e-23,1.8484205816
2.7047352551e-23,2.8526181176
3.0575806036e-23,3.4680912480
1.6989412086e-23,1.6824923649
1.6651817211e-23,1.6447253849
1.5174002847e-25,10.9974830416
6.5300037926e-28,13.9195299392
1.4506292943e-28,14.5844217801
2.9699133049e-23,3.2768833688
1.6779508839e-23,1.6590295309
1.3641458750e-23,1.2974349001
2.0519476989e-23,2.0725742723
1.6520761396e-23,1.6300185249
1.6114258421e-23,1.5842202892
2.3697886064e-23,2.4318900114
1.5034664853e-23,1.4609909743
1.7356886806e-23,1.7234311601
2.7371723463e-23,2.8980340559
2.4353011143e-23,2.5092886667
1.6370774841e-23,1.6131534323
2.9975846283e-23,3.3323473662
2.2598302159e-23,2.3051864676
2.2055298231e-23,2.2437454821
2.8731942214e-23,3.1048525088
1.4469989567e-23,1.3954057035
3.0080147568e-23,3.3542449517
1.7209934279e-23,1.7070794101
1.6304173628e-23,1.6056524334
2.6983620610e-23,2.8438322014
2.0636678011e-23,2.0855411437
2.7234624314e-23,2.8786912739
1.3174870855e-23,1.2412076206
1.4128344266e-23,1.3552767508
3.1394241861e-23,3.7264195443
2.7095843007e-23,5.2565749577
1.6824787766e-23,1.6640959872
1.3226213523e-23,1.2474356448
2.3215681837e-23,2.3758940696
1.6559838525e-23,1.6344065126
1.8461648568e-23,1.8457201365
4.3180377163e-24,8.2989000251
1.7714624893e-23,1.7631409423
3.1430473495e-23,3.7424830582
2.0262461826e-23,2.0441742708
2.0563237369e-23,2.0774145325
1.6517585753e-23,1.6296618236
2.9491331387e-23,3.2373809431
1.6864285976e-23,1.6685132320
1.3440141392e-23,1.2732753807
3.1146291134e-23,4.4838217963
1.8397242890e-38,21.8384293954
3.1512363201e-23,3.7821359180
1.3885949647e-23,1.3265807820
1.2070315406e-35,20.1109576419
3.1630080161e-23,3.8518522646
2.8428210911e-23,5.0600327965
3.0969372909e-23,4.5403359459
3.1756718571e-23,4.1384094131
3.3906151125e-32,17.7015693937
1.5986116628e-23,1.5697219031
1.8267693914e-23,1.8243146816
1.8879766363e-23,1.8918097660
3.1118882222e-23,3.6228709783
1.5071062975e-23,1.4651892979
2.3057176223e-23,2.3576429605
2.9337304882e-23,4.9067901559
1.4432050349e-23,1.3909669481
1.6013380073e-23,1.5728091882
3.1338969472e-23,3.7032804668
1.7093002006e-23,1.6940497261
1.7354495781e-23,1.7231653021
1.6004288245e-23,1.5717797974
2.7211270391e-23,2.8754183009
2.9962285450e-23,4.7863637984
2.7262700611e-23,5.2332725894
1.7880413128e-23,1.7815030072
3.1139938952e-23,3.6299328148
2.1437014529e-23,5.9414502538
1.9303810150e-23,1.9385114029
2.0655483040e-26,12.1897537045
2.3282415893e-23,2.3836000447
1.7823644174e-23,1.7752181310
2.7825954880e-23,2.9638292509
1.8521196705e-23,1.8522882831
1.8881941370e-23,1.8920493766
3.0284534503e-23,3.3990247301
1.5317845086e-23,1.4935677507
2.2283089962e-23,2.2694448304
1.5445527668e-23,1.5081934772
6.7746188156e-24,7.7898903993
3.1653179205e-23,4.2474256405
1.5168906004e-23,1.4764584756
1.7260215176e-23,1.7126770957
2.0753815200e-23,2.0985125899
9.1936654999e-24,0.7148875476
2.8419377683e-23,3.0544779489
2.3952884590e-23,2.4618202500
1.5414353575e-23,1.5046260340
1.7319654596e-23,1.7192905861
1.0490800581e-24,9.6018516720
3.1060991336e-23,3.6039984228
1.7670192638e-23,1.7582156846
1.6023262433e-23,1.5739279051
7.8590623974e-24,7.6061080550
1.8374263945e-23,1.8360785512
1.7198007935e-23,1.7057512301
1.6167126239e-23,1.5901930033
1.8782636768e-23,1.8811082296
1.4473480815e-23,1.3958139536
3.1418818129e-23,3.7372298303
1.6862525062e-23,1.6683163486
2.5744123720e-23,2.6803438914
3.0503309730e-23,4.6656768038
1.4751258257e-23,1.4281835549
2.9771967857e-23,3.2911422645
3.1714588775e-23,4.1937294667
3.1745970047e-23,3.9603651478
1.7621924644e-23,1.7528631594
5.5953147330e-29,14.9845559197
2.0145534266e-29,15.3979445856
2.3516480800e-23,2.4107363786
1.7916627167e-23,1.7855108863
1.4785409118e-23,1.4321482559
2.4761772983e-23,5.5574114264
2.1700178099e-23,2.2038724549
1.5817374555e-23,1.5505813262
2.2503363351e-23,2.2943981557
2.3417850968e-23,2.3992807149
2.3957202488e-23,2.4623291188
1.5935987729e-23,1.5640416050
2.9057814185e-23,3.1597448860
1.5680872030e-23,1.5350554523
1.4770142267e-23,1.4303762639
3.0851930547e-23,4.5746046281
2.2894402205e-23,2.3389731135
1.6421331543e-23,1.6188423854
1.3563484872e-23,1.2880950888
1.6200595600e-23,1.5939715552
1.2806039631e-24,9.4373495747
1.5327746233e-23,1.4947032600
1.4731914599e-23,1.4259364593
1.7293140466e-23,1.7163410091
3.0509780417e-23,3.4518046993
3.0135457687e-23,3.3661064310
1.9569853458e-23,1.9678105316
1.9275462934e-23,1.9353898152
3.1449680947e-23,3.7513320125
2.8212313123e-23,3.0221658445
2.5989937304e-23,2.7117815834
1.5123296890e-23,1.4712083612
1.8217687507e-23,1.8187924082
1.6406363979e-23,6.4987484067
1.5822079507e-23,1.5511157849
3.1735348070e-23,4.1699308151
2.4404015510e-23,2.5153872532
2.2340081032e-23,2.2758909635
1.1443672597e-68,34.7640279629
1.4323518141e-23,1.3782452906
1.6311211764e-23,1.6064454676
3.0368395096e-23,3.4182113135
3.0438839454e-23,3.4347421231
1.6316229883e-23,1.6070108406
1.6035178649e-23,1.5752766139
2.8999538827e-23,3.1497311338
1.9331399608e-23,1.9415495594
2.5081470107e-28,14.3474012020
1.2467250031e-25,11.1238919189
2.0798021866e-23,2.1034111572
1.5893360240e-23,1.5592074474
1.6379122083e-23,1.6140930118
7.3799519576e-24,7.6850980790
1.5129692188e-23,1.4719448414
1.4263160715e-27,13.5558926508
2.7802177369e-23,5.1555922862
1.6964746633e-23,1.6797384092
1.7351993252e-23,6.3930199563
2.4902006578e-26,12.0854972552
1.6243549385e-23,1.5988179133
2.4767703010e-24,8.8531810070
1.5305468092e-26,12.3541772967
1.3098697998e-23,1.2319482420
2.4003222500e-23,2.4677570313
3.0416753519e-23,3.4295166768
1.8401957314e-23,1.8391345155
1.0847837720e-23,0.9458394483
1.7148421818e-23,1.7002272153
1.7221383638e-23,1.7083543107
8.5851928146e-24,7.4920628538
2.4845318239e-23,2.5686505150
1.7426328705e-94,42.5094988216
1.8925426166e-56,30.3135071519
2.2978546545e-23,2.3486153530
2.5058626449e-23,2.5947404757
1.7987322590e-23,1.7933319362
1.4475806337e-23,1.3960858693
3.1509266796e-23,3.7805354447
1.7433063432e-23,1.7318979581
3.0684129417e-23,4.6201552580
1.6768894195e-23,1.6578413846
2.3302580188e-23,2.3859311003
2.6155779498e-23,5.3826662347
1.8929073717e-23,1.8972414752
1.5841551104e-23,1.5533271815
2.1816184053e-23,2.2168737235
3.0418905621e-23,3.4300241100
2.0186543790e-23,6.0801134836
2.8211310458e-23,5.0938957306
1.9950026833e-23,2.0097032037
9.3705899357e-25,9.6928735200
1.9247103954e-23,1.9322669322
6.0816082978e-26,11.5676617443
2.5476324220e-23,2.6465598445
1.1761996818e-34,19.4587362186
1.4618836853e-62,32.6266176533
1.8837848391e-23,1.8871916312
1.9510450139e-25,10.8323222327
2.0839348406e-23,2.1079922641
2.5277460894e-23,5.4941443264
1.6950953082e-23,1.6781979722
1.4513550221e-23,1.4004969210
2.1672710585e-23,5.9151097357
1.9876937309e-23,2.0016456659
2.4691515653e-23,2.5499823910
1.3886258451e-23,1.3266174641
2.4161078155e-23,2.4864382203
2.9581399116e-23,3.2542980405
1.6742138622e-23,1.6548457805
1.4259623190e-23,1.3707390528
2.6558914112e-23,2.7863237331
2.4799080272e-23,2.5630259805
2.9527759394e-23,3.2441869301
1.3936162235e-25,11.0525123190
2.1185149219e-23,2.1463952862
1.9673984686e-23,1.9792811869
2.7069418717e-23,5.2602367856
1.6197855707e-23,1.5936623086
1.4441307257e-23,1.3920503670
1.7796938489e-23,1.7722606203
1.8187675685e-23,1.8154774294
2.7760809918e-23,2.9542197605
1.6383859522e-23,1.6146262135
1.6485022537e-23,1.6260032514
1.5355348532e-23,1.4978676042
3.0982761701e-23,3.5796250404
1.5148527506e-23,1.4741133202
8.4323453453e-30,15.7388318337
1.7265559964e-23,1.7132719471
3.1365184586e-23,3.7140660037
1.6539366455e-23,1.6321079981
1.9036743405e-23,1.9091007684
3.1173938458e-23,4.4743293879
2.2006299866e-36,20.5817323387
1.9725798535e-23,1.9849897043
2.7279656312e-23,2.8850201699
2.9545294927e-23,4.8684264732
2.8564645123e-23,3.0776364367
1.6773708888e-23,1.6583803358
2.2145729580e-23,2.2539356637
1.6422142307e-23,1.6189335827
1.4209144716e-23,1.3648000112
1.3210068210e-23,1.2454782927
1.6041717317e-23,1.5760165630
1.7624242495e-23,1.7531202405
1.9819279658e-23,1.9952907503
2.5297375928e-23,2.6242353542
1.5158257857e-23,6.6406737798
2.8265922741e-23,3.0304565776
1.7507397519e-24,9.1687445297
1.7048834986e-23,1.6891237788
2.6485369283e-23,2.7765368261
1.4177628474e-23,1.3610879201
1.7672554746e-23,1.7584775670
1.6718966644e-23,1.6522505522
2.5396648381e-23,2.6365961174
1.3705183227e-23,6.8108552999
2.3031077376e-23,2.3546446233
1.7479552551e-23,1.7370620243
9.0299167070e-24,0.6907548016
1.3183800326e-23,1.2422915437
2.1910284747e-23,2.2274366553
1.5212837717e-23,1.4815106693
1.5806003708e-23,1.5492894698
1.6780311796e-23,1.6591194029
3.1671698288e-23,4.2329660437
2.6298356647e-23,2.7518604667
4.3905147899e-24,8.2811797472
1.5148614377e-23,1.4741233195
1.2927126264e-23,1.2110057336
9.2644581855e-26,11.3107427887
1.6466812728e-23,1.6239565769
1.6160167623e-23,1.5894071496
2.1293233472e-23,2.1584272679
3.1153061352e-23,3.6343907854
3.1234318916e-23,3.6630700169
1.7284103913e-23,1.7153355498
1.8329588126e-23,1.8311477194
2.1400771664e-23,2.1704135419
2.0778620879e-23,2.1012610957
1.7320316451e-23,1.7193642042
3.0853131122e-23,3.5416418163
2.7142586969e-23,5.2500785191
1.2548113149e-23,6.9516102788
2.7054257372e-23,5.2623343983
2.5294548184e-23,2.6238841156
2.7672482182e-23,5.1746198369
2.5619963428e-23,2.6646226388
1.6477785444e-50,27.8511054692
2.2255158640e-23,2.2662880483
2.9577663307e-42,23.9290082914
2.1748693938e-23,2.2093071330
1.4239298089e-23,1.3683486601
1.8680885624e-23,1.8698945695
1.7113275540e-23,1.6963100044
3.1252893904e-23,3.6699124070
8.1639268070e-44,24.7269224930
2.3193785212e-23,2.3733684745
1.9754912325e-23,1.9881975884
3.1063656101e-23,3.6048506401
1.4658910609e-23,1.4174464633
1.8753484255e-23,1.8778957591
1.6562083109e-23,1.6346584843
2.1201956254e-23,2.1482652907
1.6395704020e-23,1.6159591539
1.6127065793e-23,1.5856676665
2.1848647763e-23,2.2205160929
2.3357495332e-23,2.3922857441
1.6670935748e-23,1.6468686145
2.2610260657e-23,5.8093601464
2.8714543841e-23,5.0139134971
2.0286676402e-23,6.0690589044
1.9815625861e-23,1.9948880737
3.1756581912e-23,3.9772569649
1.6649522852e-23,1.6444681448
1.6787803014e-23,1.6599578228
2.0212567827e-23,2.0386659872
1.1714987316e-25,11.1634640370
2.3304228566e-23,2.3861217123
1.6275393857e-23,1.6024087267
1.4040540124e-23,1.3449043227
1.5758812507e-23,1.5439251846
2.4757128887e-23,2.5579320941
2.0942596431e-23,2.1194449038
1.9671025654e-23,1.9789551999
2.9119603764e-23,3.1704636120
2.7210578706e-23,2.8753214589
2.8560353025e-23,3.0769460629
2.6531885920e-23,2.7827214096
1.6855563742e-26,12.3016212310
2.6425025390e-23,2.7685419855
3.1290570026e-23,3.6841624229
3.0168848989e-23,3.3733560755
2.2558753656e-23,2.3006898705
5.0449010137e-30,15.9353146055
1.3652969196e-23,1.2988117804
1.6303692621e-23,1.6055982319
2.2284462328e-23,2.2695999759
1.9027731019e-23,1.9081081704
3.1208586111e-23,4.4621312286
1.9400737818e-23,1.9491852367
1.6786025892e-23,1.6597589340
1.1007763341e-23,7.1488080098
1.7601048912e-23,1.7505475246
1.7892059848e-23,1.7827920871
2.0498716717e-23,2.0702785339
1.6565953745e-23,1.6350929742
1.6405927561e-23,1.6171094877
2.2533957463e-23,5.8180345613
2.1072503986e-23,2.1338707724
1.8739616235e-23,1.8763674778
1.4886891219e-23,1.4439110803
2.9621647935e-23,4.8539499206
1.5581747691e-23,1.5237563067
1.6635722120e-23,1.6429206584
2.3182595485e-23,2.3720783732
2.0562322022e-23,2.0773132721
2.9410168451e-23,3.2223866798
1.5234443556e-23,1.4839936414
1.5408598040e-23,1.5039671496
1.6935354778e-23,1.6764556752
2.4070379854e-23,2.4756926675
1.6559510693e-23,1.6343697103
2.0405982283e-23,2.0600275605
1.6428941680e-23,1.6196983553
2.7246720462e-23,2.8803889778
1.8930397655e-23,1.8973873134
1.7844846575e-23,1.7775657548
2.9792807570e-23,3.2952645976
1.6709773358e-23,1.6512206969
1.5156756282e-23,1.4750604100
8.7006908303e-24,7.4744857021
2.7562715715e-23,5.1905421441
1.4721945317e-23,1.4247779548
1.5902934289e-23,1.5602935023
1.3480030306e-23,1.2780742003
3.5948650802e-24,8.4893468538
1.6766104834e-23,1.6575291313
1.5754293109e-23,1.5434112177
1.7131971274e-23,1.6983939190
1.3492862863e-23,1.2796167552
1.8911466039e-23,1.8953018698
1.4288848392e-23,1.3741739242
1.5756771255e-23,1.5436930492
1.3652370960e-23,1.2987402309
3.1372802273e-23,3.7172623922
3.1395893508e-23,3.7271352378
2.5656109823e-23,2.6691889829
1.5677601688e-23,1.5346830033
9.7133888818e-24,0.7898370949
1.7693667489e-23,1.7608180667
2.1127171317e-23,2.1399471103
2.3893974219e-23,2.4548845993
1.6403418791e-23,1.6168272218
3.0632197154e-23,3.4823371069
2.3186603052e-23,2.3725403771
1.6227666691e-23,1.5970262956
1.3152656885e-23,1.2385097509
1.5948687300e-23,1.5654811051
1.7982744923e-23,1.7928256231
1.9901093146e-23,2.0043084280
2.3513635603e-23,2.4104054744
1.7084218481e-23,1.6930702976
2.8803745773e-23,3.1167250510
1.4626765659e-23,1.4137034362
1.9659263669e-23,1.9776594403
3.1378219223e-23,3.7195532394
3.1179667165e-23,3.6435706222
1.6402967883e-23,1.6167764881
2.8225680711e-23,3.0242283908
1.4994622214e-23,1.4563683751
1.8129992067e-23,1.8091043293
1.4936681673e-23,1.4496722861
1.5766761389e-23,1.5448290658
2.3645507184e-24,8.8965494896
1.2043316528e-23,1.1010574086
2.5646751454e-23,2.6680059266
5.5672582848e-26,11.6204904481
1.9042625143e-23,1.9097485596
1.5146915482e-23,1.4739277649
1.7128034430e-23,1.6979551360
1.6257239610e-23,1.6003618552
1.0464373874e-24,9.6039010254
1.7497513145e-23,1.7390565036
2.8596573211e-23,3.0827840630
2.0175916594e-23,2.0346206145
1.7476713380e-23,1.7367467109
2.9841269193e-23,3.3049268011
2.1960883095e-23,5.8827841811
2.6737333005e-23,2.8102709012
1.5978689355e-23,1.5688805980
2.8522184473e-23,3.0708234416
2.1115601648e-23,2.1386608372
2.9739042155e-23,4.8312388421
2.1897840897e-23,2.2260389327
1.5226956967e-23,1.4831334004
2.9002071945e-23,3.1501645322
9.5428944108e-25,9.6782863139
1.6956327161e-23,1.6787981694
3.1119327068e-23,4.4928879650
1.8757413443e-23,1.8783287521
2.1903644782e-23,2.2266908049
1.4078815965e-23,1.3494289688
2.2666406154e-23,2.3129384145
3.8158268342e-24,8.4282793828
1.6066531573e-23,1.5788239354
1.7866090071e-23,1.7799175553
3.1241640595e-23,3.6657533045
1.3908789914e-23,1.3292930570
2.5435524011e-23,2.6414527867
1.5974024261e-23,1.5683521172
1.6206007629e-23,1.5945823612
1.8724025273e-23,1.8746492531
8.5230754708e-24,7.5015766490
1.6200685831e-23,1.5939817392
2.9398813366e-23,3.2203070512
2.2897547986e-23,2.3393332559
1.5556107007e-23,1.5208300644
2.7455483914e-23,2.9099633508
2.7993291023e-23,2.9888031170
1.1867346783e-23,7.0371925510
2.3359435622e-23,2.3925104392
2.1399468164e-23,2.1702681594
1.3064896333e-23,1.2278318935
1.4862763186e-23,1.4411168915
1.9538006718e-23,1.9643028423
1.8577068308e-23,1.8584494874
1.4952020352e-23,1.4514457998
1.7512481871e-23,1.7407184896
6.4162589683e-29,14.9279590023
6.0898541934e-26,11.5668488091
2.8075377485e-23,3.0012139571
2.8539228745e-23,3.0735538208
1.4989581235e-23,1.4557861430
1.8597637696e-23,1.8607174372
2.4714760255e-23,2.5527963175
3.1510687637e-23,4.3346382749
1.6847197081e-23,1.6666023815
1.8646703370e-23,1.8661266775
2.3110523132e-23,2.3637775779
1.5006029023e-23,1.4576856177
2.8131563350e-23,3.0097723431
3.1388764062e-23,4.3918503845
2.3245122608e-23,2.3792920464
3.1708833129e-23,4.1996240809
1.4922531190e-23,1.4480356103
1.5377599645e-23,1.5004171904
2.0346872135e-23,2.0534966152
1.6350516321e-23,1.6108726081
1.6225325437e-23,1.5967621569
1.4806286718e-23,1.4345704503
1.7531683782e-23,1.7428501542
3.0461624536e-23,3.4401752796
1.4985756562e-23,1.4553443504
3.0964439238e-23,3.5740853092
1.8837608830e-23,1.8871652374
1.9558011494e-23,1.9665062046
1.4795569546e-23,1.4333272045
1.6421653493e-23,1.6188785995
1.7620713578e-23,1.7527288337
1.4689654412e-23,1.4210236218
1.6293626152e-23,1.6044638173
1.7705495688e-35,20.0030685771
1.8291026397e-23,1.8268908127
1.7803335183e-23,1.7729690748
1.5770429277e-24,9.2600385504
2.4691863929e-25,10.6738306622
2.8671095114e-23,3.0948832880
2.0036029388e-23,2.0191871129
7.8267022071e-24,7.6113433786
2.5656700064e-23,2.6692636186
1.9125751269e-23,6.1970037055
2.1231757269e-23,2.1515819073
1.8143390333e-23,1.8105848127
2.2090436349e-23,5.8682038662
2.0560865648e-23,2.0771521618
1.4397352539e-25,11.0315098373
1.7669593538e-23,1.7581492627
1.5322543791e-23,1.4941066488
3.1709353723e-23,3.9168059949
1.9595252791e-23,1.9706082124
2.1402931896e-23,2.1706544831
1.6846624386e-23,1.6665383367
1.8628188695e-23,1.8640856367
1.5629405403e-23,1.5291914328
3.1777054850e-23,4.0845002470
1.4635403246e-23,1.4147095019
1.7180643337e-23,1.7038171114
1.8147383573e-23,1.8110260355
2.2733576916e-23,2.3205950840
1.5377923187e-23,1.5004542542
1.5281733639e-23,1.4894243597
3.1180973979e-23,3.6440265549
2.5022208409e-23,2.5902691653
1.5818937415e-23,6.5651481313
2.9373869940e-23,3.2157540106
2.5004145477e-23,5.5278529106
1.5823301579e-23,1.5512545987
1.6896062547e-23,1.6720653496
1.5618357926e-23,1.5279319610
1.8878062280e-23,1.8916220341
2.2051673150e-28,14.4036184891
1.5983421135e-23,1.5694165904
2.4759490654e-23,2.5582186375
1.6534760074e-23,1.6315907219
2.9489668846e-23,4.8788355247
2.0424160247e-23,2.0620364854
1.5878214833e-23,1.5574890201
2.6982196673e-23,2.8436363913
2.5646415666e-23,2.6679634880
3.3847717622e-25,10.4554423798
1.4612253642e-23,1.4120126681
1.9717463588e-23,1.9840713666
1.7947427488e-23,1.7889188045
3.1411339178e-23,3.7339028124
3.1324074807e-23,3.6972922082
3.0569814390e-23,3.4665962502
3.0895166215e-23,3.5536622637
2.9497128534e-23,4.8774461700
2.6868042571e-23,5.2879001663
2.2524268109e-23,5.8191351186
3.1653317263e-23,3.8685850948
1.4582290142e-23,6.7073872154
1.6058587233e-23,1.5779252752
1.7957296453e-23,1.7900106061
1.9629974939e-23,1.9744329826
1.9171632919e-23,1.9239559809
2.1814181421e-23,2.2166490904
1.5475829366e-23,1.5116589687
2.8484273602e-23,3.0647714757
1.5821379656e-23,1.5510362882
1.8146456534e-23,1.8109236056
2.9013993217e-23,4.9637005445
1.5848187604e-23,1.5540807161
1.7075332476e-23,1.6920793423
1.6476632245e-23,1.6250602994
2.0129965091e-23,2.0295497662
1.5761715280e-23,1.5442552792
1.8780108046e-23,1.8808295863
2.7090052795e-23,2.8585289907
2.5762706744e-23,2.6827057736
1.6011955291e-23,1.5726478827
1.8831548421e-23,6.2294094746
2.6898729207e-23,2.8321952425
2.1326397420e-23,2.1621220963
1.9739150221e-23,1.9864608219
1.5754365488e-23,1.5434194493
1.5300423139e-23,1.4915691599
1.9592612577e-23,1.9703173930
1.5208232423e-23,1.4809812764
3.1462720844e-23,3.7574848449
1.6974916846e-23,1.6808740355
1.4115568417e-23,1.3537690676
1.3211160283e-23,1.2456107209
1.5741334610e-23,1.5419372818
3.0993070722e-23,4.5331381273
1.7295363909e-23,1.7165883879
5.3369471809e-37,20.9635902449
2.5109549329e-23,5.5149022821
2.3833232621e-26,12.1100797305
1.6753277889e-23,1.6560930809
7.1933497417e-24,7.7167708475
2.0252297339e-23,2.0430519948
1.8482300595e-23,1.8479982350
1.8377304655e-23,1.8364141132
5.3596706977e-25,10.1231315020
1.8856167215e-23,1.8892098829
3.0714741021e-23,4.6121067803
1.9066572764e-25,10.8476103924
3.1155499737e-23,3.6352241299
1.2080481939e-23,1.1057559500
3.1760823155e-23,4.1308135267
1.9928040052e-25,10.8182231895
1.8596114130e-23,1.8605494569
1.4152628961e-23,1.3581411586
1.6400140294e-23,1.6164583366
1.5184592237e-23,1.4782629505
1.4783379788e-23,1.4319127524
2.9760802107e-23,3.2889414629
2.8757111927e-23,5.0069062771
1.9676672736e-23,1.9795773224
2.6393836094e-23,2.7644220339
1.3783321402e-23,1.3143717561
2.2740098975e-23,2.3213391107
1.6028143987e-23,1.5744804449
2.3119929009e-23,2.3648600378
3.0010113595e-23,4.7764306298
2.9929913752e-23,3.3228874027
1.5076516444e-23,1.4658180369
3.0054928680e-23,3.3488953924
1.5262832818e-23,1.4872544622
1.7322785983e-23,1.7196388859
1.9432980732e-23,1.9527360078
1.7909838373e-23,6.3311473589
1.5485628749e-23,1.5127792436
1.6934181512e-23,1.6763246106
2.7274771673e-23,2.8843325280
1.4024815991e-23,1.3430441638
2.2755451396e-23,2.3230909087
1.6504932635e-23,1.6282404122
1.5955451106e-23,1.5662476557
1.6806342166e-23,1.6620323836
3.1726973179e-23,3.9358177203
2.1802292176e-23,2.2153156265
3.0579947909e-23,4.6467802464
1.8532526825e-23,1.8535378125
2.0073416050e-23,2.0233109595
1.4695447659e-23,1.4216973924
1.8433173060e-23,1.8425787070
2.4541204672e-23,2.5318480393
1.8601683983e-23,1.8611635548
1.4555172006e-23,1.4053563639
1.4602465777e-23,1.4108719643
1.8538821685e-23,1.8542320099
1.8675976692e-23,1.8693534859
1.5323210901e-23,1.4941831559
1.6565518216e-23,1.6350440860
1.9492570565e-23,1.9592986476
1.7242049966e-23,1.7106551383
1.5579244372e-23,1.5234706789
2.8355693694e-23,5.0714512439
2.0823324524e-23,6.0096911988
2.4534123566e-23,2.5309963278
2.7360646454e-23,5.2194440864
5.9458089623e-24,7.9442400075
2.6030843124e-93,42.1913684925
2.3516519190e-23,2.4107408436
1.6443355108e-23,1.6213192800
1.6218763819e-23,1.5960218275
1.7010165509e-23,1.6848089086
1.6982704431e-23,1.6817435196
2.2218513935e-23,2.2621489057
2.0232271674e-23,2.0408411116
2.1486171902e-23,2.1799436210
1.6551707068e-23,1.6334936277
1.6597614698e-23,1.6386461227
1.3957059563e-23,1.3350192908
1.6405948823e-23,6.4987951157
1.8058459481e-23,1.8011980571
2.0773138407e-23,2.1006535801
1.9227814494e-23,1.9301427753
1.6754324908e-23,1.6562103097
3.1750823848e-23,3.9676988889
1.7286662655e-23,1.7156202598
2.1199901132e-23,2.1480366126
1.8772067127e-23,1.8799435338
1.7250831317e-23,1.7116326329
3.0040543024e-23,3.3458598393
2.3167560991e-24,8.9155260363
2.1811292064e-23,2.2163250065
2.5317745118e-23,2.6267668293
5.2778588618e-24,8.0800173087
1.6048371766e-23,1.5767695313
1.6973304446e-23,1.6806940009
2.4939388749e-23,5.5357799156
2.3650647326e-23,2.4263707834
1.9076507299e-23,1.9134801172
1.6917120923e-23,1.6744185742
2.7933665470e-23,2.9798552522
1.7422314011e-23,1.7307035738
1.7116857100e-23,1.6967092557
2.4399741930e-23,5.6010311687
1.7245440210e-23,1.7110325335
3.1640344340e-23,3.8590712559
9.9745516076e-24,0.8266203492
1.6325715763e-23,1.6080794611
1.3524022064e-23,1.2833597510
3.1593112796e-23,4.2882035659
5.5740915926e-25,10.0939224830
2.4926312445e-23,5.5373779468
8.5168949587e-24,0.6133814025
1.5166993916e-23,1.4762384762
2.9788198437e-23,3.2943511905
1.6061955014e-23,1.5783062516
2.4190803483e-23,2.4899671497
2.4276517504e-23,2.5001632882
3.0425364120e-23,3.4315491777
1.7829951043e-23,1.7759164947
2.3695998212e-23,2.4316692927
1.8194961584e-23,1.8162822507
3.1069663866e-23,4.5091293789
2.8963904452e-23,3.1436521334
1.7191287582e-23,1.7050027412
2.1156178375e-23,2.1431727066
1.9462757234e-23,1.9560152501
2.4249550183e-23,2.4969520926
1.5950806589e-23,1.5657212964
1.5565263926e-23,1.5218752631
2.8219341009e-23,3.0232498185
1.5973919481e-23,1.5683402468
2.2628506642e-23,2.3086231362
1.9888992049e-23,2.0029744648
2.1028083068e-24,9.0045785592
2.6286945562e-23,2.7503642306
2.1034433652e-23,2.1296412368
2.2790962658e-23,2.3271452008
2.0539773608e-23,2.0748190595
3.1570492127e-23,3.8140906406
1.4250740798e-23,1.3696945712
1.7129379608e-23,1.6981050658
1.6516645066e-26,12.3127148497
1.7815974509e-23,1.7743688188
1.5986574661e-27,13.5016286343
2.1107889437e-23,2.1378035092
1.9082091360e-23,1.9140950954
2.9404923283e-23,3.2214255100
2.2599258190e-23,2.3052952121
3.1659680633e-23,3.8734294724
2.9731507034e-23,4.8327138518
2.6123041431e-23,2.7289880153
2.3251957731e-23,2.3800813062
3.0234643675e-23,3.3878462852
1.8115299170e-23,1.8074806541
2.7076915763e-23,2.8567083649
1.8187382010e-23,1.8154449885
2.5186827085e-23,5.5053686705
1.4787370454e-23,6.6835311373
2.3614366268e-23,2.4221370024
2.2232392490e-23,2.2637162141
2.2069761517e-23,2.2453742153
3.1252959757e-23,3.6699368722
1.8679488983e-23,1.8697406266
1.9302360357e-23,1.9383517519
1.7159832043e-23,1.7014986080
1.8816699718e-23,1.8848614974
1.5280074748e-23,1.4892339458
2.7619021507e-23,2.9335120980
1.6779573427e-25,10.9318739517
2.6416519353e-23,5.3484894370
2.2308169574e-23,2.2722806909
1.6694961802e-23,1.6495612039
1.8963311096e-23,1.9010127773
1.6307159148e-23,1.6059888425
1.5222805737e-23,1.4826563479
1.5327188381e-23,1.4946392891
2.7628982460e-23,2.9349578278
1.9821693409e-23,1.9955567667
2.4027010544e-23,2.4705659384
1.6719153350e-23,1.6522714662
2.5666114363e-23,2.6704543638
1.8831311403e-23,1.8864714067
1.6236400376e-23,1.5980115382
2.0188303574e-23,2.0359877408
1.4349063350e-24,9.3412072943
2.6510802310e-28,14.3231048536
1.4391715421e-23,1.3862432086
3.1240965197e-23,3.6655050392
2.0048928964e-23,2.0206098953
1.9609238270e-23,1.9721487344
1.7950072859e-23,1.7892114687
2.3339707818e-23,2.3902264045
1.3266226174e-23,1.2522821013
1.6311723812e-23,1.6065031601
1.8413276543e-23,1.8403834799
1.9581604946e-23,1.9691049174
3.1182524335e-23,4.4713389116
2.8802142290e-23,4.9994483855
3.0524643328e-23,3.4554355872
1.8294533277e-84,39.7034767865
1.5278998784e-23,1.4891104390
2.2781988395e-23,2.3261203174
3.1623890837e-23,3.8476178194
1.7217137928e-23,1.7078815638
1.5862560313e-23,1.5557123465
1.7566636205e-23,1.7467293801
2.9048377442e-23,4.9577898661
6.1142686737e-37,20.9273148225
1.2362294203e-23,1.1411602097
1.7138157537e-23,1.6990833733
1.6279918567e-23,1.6029187928
3.1315052269e-23,3.6937112999
1.8066398466e-23,1.8020757026
2.2529024811e-23,2.2973121361
1.5703460254e-23,1.5376273361
1.9051504831e-23,1.9107265243
3.1563342295e-23,3.8099413933
3.1308071178e-23,4.4249431079
2.9551105164e-23,4.8673326482
1.5368448033e-23,1.4993687160
1.6099010944e-23,1.5824967568
2.8359701523e-25,10.5788341956
2.1291872852e-23,2.1582757106
3.8700979200e-32,17.6578218190
1.7559412428e-23,1.7459277426
