likelihood_theta1,theta1
1.0746217728e-28,0.3789285760
4.1133621697e-23,1.4937266703
7.6696590031e-26,0.8340865375
3.3012034041e-40,3.7925746567
3.8153819392e-28,3.0171039242
1.4490524976e-22,1.9374635866
2.5342154308e-27,0.5640775724
5.8012142488e-27,0.6240996804
3.1180555691e-23,1.4503021389
7.8360550072e-29,3.0790840714
1.1061860785e-28,0.3803640972
7.5132834571e-25,1.0346020919
3.1336767611e-27,0.5789844275
1.9897199279e-24,1.1271948532
8.3538554416e-26,0.8413525371
3.7627984840e-26,0.7740767662
7.4715646270e-30,0.2611813585
3.9420488645e-39,3.7396600209
9.2314805550e-34,0.0123673841
5.6408083860e-40,3.7813074860
1.8121096650e-24,1.1180181281
1.0412189009e-30,0.1888310399
1.2275080540e-22,2.0387738232
6.2238668518e-25,1.0173517741
3.4028583537e-25,2.6845014978
1.8167837918e-24,1.1182700261
5.1357898983e-27,0.6149612764
2.5924313565e-23,1.4232744568
1.4749080374e-23,2.3921895492
7.4538223874e-27,0.6432087555
8.0615022457e-32,3.3115445639
2.0894925208e-24,2.5621871668
2.9010945804e-34,0.0016389230
2.7498225758e-29,0.3154065160
1.5944910178e-25,0.8967871601
6.0058303691e-27,0.6267179773
1.3980502141e-33,0.0183907108
4.7627258185e-25,0.9931251140
5.5839605614e-24,1.2339722012
1.7714279135e-29,0.2964556493
1.4678060971e-22,1.8769194608
2.0921169161e-23,1.3934285777
1.4974024778e-28,0.3956174152
1.8911357997e-29,3.1315626304
3.1914175377e-29,0.3219850219
1.4296475325e-22,1.8362487653
9.3465036499e-28,2.9801081682
6.7302926572e-26,0.8230032412
4.6493330165e-47,4.0914799094
7.9543320331e-26,0.8371837873
3.5088800350e-28,0.4410283646
1.7755913919e-25,0.9061019115
1.3448001172e-25,0.8820964807
2.0581452256e-30,0.2127049022
1.1441538863e-31,3.3008463216
1.0004871992e-69,4.8193228297
7.7516429558e-60,4.5361977582
1.0946970603e-24,1.0696602171
2.2992790066e-41,3.8473515215
1.4469315125e-23,1.3452550597
4.2055529342e-26,0.7833840394
1.5774810199e-24,1.1045341206
2.1380415041e-31,0.1372516298
1.2451006993e-24,1.0818464879
5.3414877022e-23,1.5388109634
5.2723986051e-29,0.3447904963
6.5825175522e-60,4.5383858033
1.3198150086e-22,2.0067097402
1.1540879219e-28,0.3824732481
9.1476114149e-31,3.2351305276
1.4627756307e-22,1.9217278636
4.7290898193e-34,0.0044630909
4.9793221495e-31,0.1641554947
1.4498977821e-29,0.2880504349
3.8036847320e-23,1.4810606398
3.3828096288e-24,1.1807263876
3.2521931146e-23,1.4566656099
1.3691343899e-31,0.1236563509
2.5455380166e-29,0.3120291643
8.5959460120e-26,0.8437847271
1.9394999278e-23,2.3627642682
1.6744720990e-23,2.3788003486
6.9950755008e-23,2.1825978780
5.6350800508e-25,1.0083159479
2.7121599068e-23,1.4297617415
2.9112253090e-25,0.9493127657
1.4012710557e-25,0.8856386752
4.0658687079e-59,4.5138718899
1.4025774724e-28,0.3922847077
9.1535019159e-26,0.8491407562
2.9556576376e-28,0.4315598934
1.7101785515e-27,0.5373682964
6.9542758603e-23,1.5901997656
2.7037722840e-29,0.3146657438
1.8769649313e-28,0.4072905562
1.5497131682e-27,0.5308600313
1.3809697419e-22,1.9805808023
3.8790928528e-33,0.0355199922
5.0498593695e-25,0.9983984228
1.6088486582e-26,0.7040868032
1.2210601206e-22,1.7450405337
2.4382624222e-23,1.4145829301
8.0670490030e-29,3.0779818842
6.2100869909e-26,0.8161950440
1.1524578769e-28,0.3824027911
4.8309827485e-25,0.9944055934
5.1956425850e-25,2.6579992255
1.0201233752e-26,2.8730956038
9.4966032205e-23,2.1169307863
2.7872979254e-26,0.7491146101
3.5799273013e-42,3.8844235733
1.3916024896e-24,2.5917446550
3.0983222377e-30,0.2275872857
7.7659381047e-26,0.8351464590
3.6585590217e-23,2.2851149590
1.7440383245e-28,0.4034670786
7.4316290163e-41,3.8234830949
2.4644636263e-30,0.2192063601
3.9639417544e-25,2.6750643661
2.9948064294e-31,0.1478030894
3.8556294467e-23,1.4832314279
4.7734048008e-23,1.5188251903
3.0695885395e-31,0.1485843539
1.1267401688e-32,3.3698796258
5.0605121618e-25,0.9985885219
2.7930067135e-32,0.0790938862
8.6013986467e-28,2.9836024830
2.0744106077e-31,0.1363169239
8.1758774840e-23,2.1513376919
5.6636533776e-25,1.0087747074
7.6383723596e-24,1.2689045052
1.3961247105e-23,1.3407663336
7.3716225097e-25,1.0328499709
3.7211475514e-23,1.4775703106
4.9801055732e-26,0.7975775024
1.5749042272e-26,0.7023614353
6.8092499049e-26,2.7769325419
9.7271365083e-28,0.5010656876
6.9130886330e-32,0.1036751991
8.4864082322e-23,1.6349084264
1.7669318011e-35,3.5435854319
1.9314042386e-31,3.2846575553
3.6211095800e-24,1.1877904070
8.5501153741e-23,2.1415869586
3.4059380755e-25,2.6844459482
9.0897335079e-33,0.0525133278
5.0193400881e-26,0.7982377925
8.0888714013e-23,1.6235197591
1.6995046731e-26,0.7085305375
3.3976955452e-31,3.2669259259
6.0735734344e-25,1.0151249605
1.0839147805e-23,2.4231246353
1.5406857095e-26,0.7005860277
5.3860791827e-35,3.5152788982
9.5849876460e-23,2.1146144619
3.4059222898e-31,0.1518912690
6.6178811285e-28,0.4775893123
5.2157243134e-68,4.7729862777
1.2856363400e-26,0.6860383958
1.9356455853e-31,0.1341820587
1.3351322400e-25,0.8814755561
9.9603577150e-29,0.3751812342
1.6019290204e-30,3.2167221823
1.4057955064e-23,1.3416309235
2.3325626517e-23,1.4083812180
6.2141738411e-23,1.5673990143
1.0413376541e-24,1.0649581003
1.7377099312e-24,1.1139259102
3.0334866908e-28,0.4329833938
1.8001208809e-24,2.5731987420
3.5891787738e-32,0.0856477087
1.6346188546e-24,1.1079802565
2.1432777925e-26,0.7274615997
7.4929133716e-27,0.6436117497
3.4411259848e-24,1.1824954461
1.4355285900e-22,1.8405647396
1.7380022909e-30,0.2066780598
1.2499401980e-28,0.3864657210
2.9624989341e-29,0.3186868035
8.9455733709e-23,1.6479718974
7.4769459636e-27,0.6434473739
4.3450251107e-24,1.2069519877
4.3177113158e-24,1.2062826723
9.4326126935e-25,1.0556948107
3.2498450696e-31,3.2683328639
3.3030642208e-34,0.0021655926
4.4005651290e-31,3.2587112549
1.6585086176e-28,3.0502287092
6.0047873219e-32,0.0996996911
1.3666713266e-22,1.9872584917
4.2650962504e-23,1.4997075252
2.3920507804e-28,0.4201130160
1.6946163263e-56,4.4302614725
2.2475463769e-29,0.3066279847
1.7831899959e-23,1.3721114602
2.9165616797e-23,1.4403651498
1.8582678179e-25,0.9100511424
9.4017210883e-23,2.1194130451
1.3090718921e-27,0.5198812885
1.8236567855e-27,0.5416513790
4.1904599225e-45,4.0118819495
7.6221704227e-24,1.2686628450
8.3936478966e-32,0.1092358525
1.3500720702e-25,0.8824332442
4.3465758460e-28,0.4530857769
1.8742906549e-30,0.2093604921
4.0286684671e-26,0.7797857019
7.2072249301e-27,0.6406207964
1.4961974451e-30,0.2013959582
1.4391938587e-22,1.8434246738
3.5292983635e-24,1.1851196932
1.6485306708e-30,0.2048084014
9.8167568625e-28,0.5016372653
3.3654331271e-24,1.1801939575
1.0892120329e-27,0.5081574905
1.2295676179e-28,0.3856409431
5.3974032303e-26,0.8043538384
9.8463019707e-29,0.3746152252
1.7000662526e-32,0.0667582965
1.5775900852e-25,0.8958660126
3.9379824407e-44,3.9707285253
6.7185581457e-27,2.8927890331
6.5148299450e-23,2.1957065943
1.8040322264e-23,1.3736377643
8.0514748527e-24,1.2749217674
1.0111357935e-30,0.1878279883
1.3154493091e-22,2.0083794693
1.8840745462e-25,0.9112489812
3.6642900405e-26,0.7718613049
2.7400003949e-27,0.5695194224
9.3545085668e-25,1.0549188015
7.2454416596e-23,1.5989038892
4.4779854244e-23,2.2565295190
3.5327795389e-24,1.1852220891
4.8412106209e-24,2.4957798542
5.5879458660e-29,0.3474960824
1.8716400411e-29,0.2987892973
1.6644884232e-33,0.0210838743
6.7728269883e-30,3.1678375158
1.4717943903e-22,1.8927405562
4.4734135370e-23,1.5077034846
2.9590101802e-23,1.4424987690
3.2874856115e-48,4.1365659917
4.4007385180e-25,0.9860272141
5.1287804358e-31,0.1651228124
2.7483283010e-31,3.2736174566
9.5219939326e-43,3.9102757318
3.8209750345e-60,4.5456470276
3.0621625968e-26,0.7569134429
2.5892443415e-23,2.3293099053
4.2023575724e-23,2.2657737649
1.2519637496e-22,2.0308251214
2.5332890835e-23,2.3319385751
3.6750110764e-23,2.2845051263
6.9968092135e-24,1.2589779001
9.3342365988e-23,1.6590021305
3.5764297504e-30,0.2329134281
8.1542761972e-27,0.6501514701
5.2418819609e-25,1.0017679253
4.4021329587e-32,0.0911295382
1.2422330116e-22,2.0340253429
3.9841912731e-29,0.3319419020
2.3058607290e-43,3.9374817118
6.5353639119e-33,0.0456132649
1.0219824294e-26,2.8730087127
1.0950816783e-22,2.0779032776
2.7355267976e-29,0.3151777753
2.0961622264e-26,0.7256395968
5.2559112489e-27,0.6166876362
1.4718227460e-22,1.8933507031
3.0277671808e-24,1.1693227086
5.8846096761e-23,1.5568560776
7.1976843692e-23,1.5974848528
1.1837286286e-24,1.0770490577
6.9892261879e-48,4.1238548246
1.1405989722e-22,2.0650225021
6.9937612744e-35,3.5085536620
4.1840293079e-32,0.0897533414
5.0514050579e-26,0.7987736921
1.1604454634e-22,2.0592483122
1.0417167646e-22,2.0925125555
8.2626474916e-27,0.6511760865
1.1651626110e-22,2.0578594334
6.6830035102e-23,2.1910808331
1.4028025482e-22,1.9693663917
1.3582081052e-22,1.9910182246
5.2070169184e-27,0.6159893029
1.3959054669e-22,1.8156078415
2.3448660149e-28,0.4190477593
1.0911881152e-22,1.7045021372
1.2803077786e-22,1.7656808430
6.4000311190e-41,3.8265451202
5.2951538148e-24,1.2281859845
1.1054773332e-33,0.0149166660
1.6169581652e-32,0.0655627891
5.6804608623e-30,0.2504789306
3.7869781971e-30,0.2350522806
3.7492136491e-27,0.5918389043
1.9479741988e-29,0.3004912090
7.8318646350e-23,1.6160961276
5.9626278622e-27,0.6261720016
4.2475146161e-32,3.3308656231
9.3624607631e-25,1.0549980884
6.6846599394e-23,1.5820167137
1.2388565663e-22,1.7510416579
1.1669839432e-22,1.7275841956
1.0365150101e-22,1.6884851933
2.4409784068e-27,0.5614812367
1.3716367178e-22,1.8033177452
1.4292110784e-31,0.1249478260
5.3510505752e-23,2.2291260335
5.2963553055e-29,0.3450010173
6.6916945972e-28,0.4782513236
1.6826241606e-31,0.1298930667
6.1254796383e-23,2.2065874552
1.0621735080e-23,1.3073426920
3.6207211442e-23,1.4732525019
1.1698759820e-28,0.3831510438
3.6737279328e-26,2.8095071030
1.3817042292e-23,1.3394679489
1.4605342226e-22,1.9248615414
1.0726611405e-22,2.0840959953
3.5345269504e-23,1.4694812719
9.9161887146e-23,2.1058908421
6.1002114821e-55,4.3787229609
2.9198904782e-33,0.0304166511
1.8346587276e-26,0.7147531034
2.9446118019e-23,1.4417775515
1.1243262892e-24,1.0721795244
8.7487968771e-24,1.2845024359
3.4066633232e-27,0.5849415936
3.0330609393e-27,0.5766710865
1.1851508126e-23,1.3205520685
1.4692853736e-23,1.3471893006
2.4351234164e-30,0.2187715982
3.0806812441e-27,0.5777743814
1.2243578806e-22,1.7461415494
2.1692377353e-41,3.8485260763
9.2371021141e-24,2.4384145142
1.9952456750e-27,0.5476986774
2.4690027573e-30,0.2192731910
2.2315500983e-23,2.3468654725
3.0136194485e-30,0.2265649319
1.2195025166e-31,0.1201959559
1.2595694189e-24,1.0829453878
3.8414450907e-33,3.4005917777
1.1161371015e-22,1.7119635260
9.3883884091e-24,2.4368835122
2.4328792083e-27,0.5612515537
4.6184872187e-30,0.2425454370
3.2602242717e-27,0.5818014498
1.2887543374e-29,0.2831702171
5.6145355163e-23,2.2213033347
3.0618760376e-30,0.2271506003
3.7609863266e-26,0.7740365226
1.0120197653e-23,1.3015839420
1.3754575928e-24,1.0913463906
3.3746578769e-25,0.9623679082
1.8424040174e-26,0.7150963144
2.0344448247e-23,2.3574150195
6.9329042663e-28,0.4803703261
3.7754413051e-30,3.1879273794
5.5418954289e-24,1.2331460471
5.5241591963e-23,2.2239668587
1.2314792781e-22,1.7485359216
2.3228066886e-29,0.3080513818
7.2360469360e-28,2.9908297227
8.5149685775e-27,0.6535143716
3.3464190668e-25,0.9616232584
1.0988586471e-22,1.7067842048
2.4700231708e-34,3.4755522133
7.1836776995e-25,1.0304756920
7.0676152645e-27,0.6391193189
1.2072243033e-28,0.3847220307
1.4613397747e-22,1.9237742285
6.6550820161e-28,0.4779237717
3.3065410866e-27,0.5828080659
1.2036936599e-23,1.3224433171
5.4073414531e-28,0.4656732699
2.9453644443e-23,1.4418153147
1.4353094571e-24,2.5895465180
5.5886066257e-23,2.2220654724
2.1854309603e-23,2.3492715869
4.6895732057e-37,3.6317188030
1.9864270034e-23,1.3864318591
3.2035744788e-30,0.2288221617
1.1088622446e-22,2.0740508480
4.9525228901e-33,0.0401267273
1.4548678358e-22,1.9316180952
1.2557282375e-40,3.8126843139
1.2801206541e-22,1.7656123072
1.1405933161e-30,0.1919620848
6.2850111353e-25,1.0182431626
2.1523449024e-25,0.9228363865
1.4520007207e-26,0.6958045756
7.9062447857e-31,0.1794858255
3.6252090086e-27,0.5894099399
6.0030631656e-25,1.0140621881
1.3515280118e-23,1.3367145543
1.2133905450e-53,4.3345538696
8.4763440129e-29,0.3673069507
3.3589652385e-24,1.1799951444
4.5622991479e-28,0.4558522687
2.3128000882e-23,1.4071980836
9.3007355425e-34,0.0124709963
2.2769106432e-31,0.1392044865
3.0227780584e-31,0.1480974316
6.8445108678e-25,1.0260385895
3.0453202902e-45,4.0176588215
4.0260666263e-24,1.1988906416
1.3889808554e-22,1.8119422964
5.1441734915e-29,0.3436486579
1.1926742575e-22,2.0496172355
6.9058806059e-33,0.0467379323
2.6955888419e-27,0.5683765869
3.4063081920e-28,0.4393789644
6.2355617710e-29,0.3526383116
3.8343841061e-26,0.7756516081
4.1634974021e-27,0.5994610619
7.2821858268e-23,2.1748927868
2.4874155389e-23,1.4173977712
6.6673313354e-25,2.6418682139
7.2127548083e-29,0.3595434349
1.3963037060e-28,0.3920570923
1.5525992425e-35,3.5468296648
1.3977866999e-26,0.6927435528
1.2185947671e-23,1.3239456447
1.1688769559e-22,2.0567610713
5.1656606127e-24,2.4903011046
5.6272170052e-24,1.2348160702
2.8630727479e-26,2.8222862161
6.5498522725e-31,3.2459583945
2.1763467613e-24,2.5591423150
5.3574516200e-27,2.9032729341
1.2162956319e-22,2.0423201303
1.2907944770e-22,1.7695629593
1.3932751316e-22,1.8141984583
1.4717728729e-22,1.8974109232
1.8733703928e-23,2.3666050183
2.8309306714e-27,0.5718086708
1.1439030765e-24,1.0738103165
7.2706832361e-23,1.5996526180
3.3672568835e-26,0.7648123429
2.6003337541e-26,0.7433724918
8.7919556680e-23,1.6436083446
7.5957231834e-33,0.0487066463
1.1811091815e-22,1.7320464438
2.4565780750e-56,4.4249886738
1.3890272886e-22,1.9766050357
9.5637201856e-23,2.1151722119
5.8917565766e-33,0.0435294397
6.5668179385e-26,0.8209208960
4.4523455961e-26,0.7881654507
3.4957587957e-31,0.1527227243
6.7497216093e-26,0.8232474313
1.0222241219e-32,0.0550697076
6.5075558097e-24,1.2508627540
1.6203751589e-34,0.0003614723
2.3729322782e-26,0.7358256298
1.3735882562e-22,1.9840833574
6.1568440229e-43,3.9186923719
3.4696138430e-25,2.6833075331
1.8457853972e-26,0.7152457190
1.7721391006e-50,4.2220329067
3.1165115095e-26,0.7583748715
1.4451291679e-24,1.0960859955
1.3663524020e-33,3.4293711516
7.3993595181e-25,1.0331955202
4.4661457300e-27,2.9116061914
5.4703061200e-26,0.8054849142
8.5667046906e-27,0.6539858838
3.4747890316e-23,1.4668304801
3.3409120338e-28,0.4383040035
4.9582872622e-24,1.2210745434
2.7848500068e-28,0.4283140818
8.9766737620e-23,2.1304934366
3.6439102519e-32,0.0860496489
5.2193656685e-28,0.4636134050
2.8038894684e-24,2.5398301129
2.7204622948e-71,4.8606682357
1.7272597319e-23,2.3754623238
2.5930788107e-43,3.9352478756
3.7572383171e-29,0.3292913633
5.4575821402e-26,0.8052885689
1.0896644025e-27,0.5081836911
1.1144500757e-30,0.1911638660
3.5482259523e-25,2.6819279975
1.0251434889e-22,2.0969680117
9.5639304154e-26,0.8528833880
4.9369953062e-32,0.0942629726
2.9645448077e-32,3.3415682579
3.4250913631e-26,2.8131204346
1.9101305268e-25,0.9124423456
2.2258609635e-27,0.5551368105
3.3705464380e-24,1.1803508898
1.0199680667e-22,2.0983528430
1.2741006413e-24,1.0840372787
3.1354898269e-24,1.1729048012
1.1982784520e-29,0.2801783454
1.3694532931e-22,1.8022802806
2.6977977557e-29,0.3145687915
3.6672955394e-27,2.9205402164
4.2855379346e-59,4.5131586765
2.0342856780e-30,0.2122869621
2.0134918004e-31,0.1353966359
1.0217498670e-24,1.0631752827
2.2640000989e-32,0.0737691484
1.6149771420e-27,0.5335760050
2.5591190023e-23,1.4214299163
6.2706280607e-30,3.1705082480
1.0931680958e-26,0.6731312291
4.6846526471e-28,0.4573699052
2.5395838763e-25,0.9373059612
2.5878485354e-24,1.1533821778
2.7189194934e-25,0.9432974283
4.9055629265e-31,3.2552424247
5.0379990113e-27,0.6135285749
2.7568403359e-25,0.9445153820
3.0371605920e-25,0.9530479696
6.2393191958e-24,1.2461854093
1.2054387021e-22,1.7398875206
8.8875337505e-31,0.1834367575
7.1288620253e-29,0.3589851805
1.7687505909e-53,4.3289086372
1.4716562666e-22,1.8909409194
1.1689722757e-62,4.6212634247
1.1150824918e-23,1.3131749705
1.0623171982e-26,0.6708664502
3.3444125574e-24,1.1795465546
6.5207091977e-28,0.4767077275
4.7320023999e-23,2.2482870494
1.3940281395e-23,2.3980128883
2.6593133220e-26,0.7452258205
3.3883003871e-23,2.2953884865
3.7661080163e-23,2.2811585131
6.3566742421e-24,2.4723820772
9.8585653008e-30,0.2722440345
2.0954209359e-24,1.1323053181
1.7413165260e-25,0.9044120804
4.7388819151e-28,0.4580312701
2.4835866203e-23,1.4171800143
1.8989532862e-33,0.0231823474
2.1158419781e-27,0.5516782918
2.8815933787e-24,2.5377067928
4.9889653731e-28,0.4609965319
7.2218900498e-23,2.1765039097
7.3504467686e-28,0.4838882571
2.7539630169e-24,1.1596709658
7.8535940184e-24,1.2720734409
1.5459167327e-54,4.3651045799
5.4236976440e-26,0.8047635034
1.4627776232e-27,0.5270802304
3.3559418570e-30,0.2305447858
1.1356474698e-29,0.2779830830
5.4895326489e-23,1.5438217929
2.6366673289e-26,2.8264632732
4.1028455666e-24,1.2008818433
9.1565898345e-28,0.4973133928
5.8465951360e-31,0.1694288976
4.5469959888e-26,0.7899309504
1.2240876217e-26,0.6821204576
1.5431016467e-30,0.2024799140
2.2003503124e-23,1.4003146855
7.9270878004e-24,1.2731384507
3.7204726207e-26,0.7731318509
1.0440260839e-28,0.3775001440
4.1817019283e-29,0.3341386200
2.2036084849e-42,3.8939473582
2.1913710566e-23,1.3997534812
1.7566879050e-31,0.1312075246
6.5528176545e-29,0.3549820351
3.8996408845e-27,0.5946903520
4.2184716459e-24,2.5072255265
2.0239608293e-32,0.0709906401
2.9034747836e-29,0.3177986081
2.1278144865e-27,0.5520623045
2.0269309304e-28,0.4113215257
1.2091360273e-25,2.7452936919
1.4517041064e-22,1.9349025240
6.7452680357e-23,1.5838674582
2.0426064097e-28,0.4117272210
2.5373420701e-25,0.9372285089
3.8623862182e-24,1.1945299256
1.4897327203e-31,0.1261989003
4.8230290556e-23,1.5206240525
1.0976115792e-22,1.7064125017
3.8669564120e-23,1.4837022032
4.2406729475e-25,0.9827090951
1.9691648251e-23,2.3610726775
1.4534066792e-22,1.9331695017
1.2587346305e-26,0.6843481429
3.1991859440e-32,0.0826164922
5.5957368273e-25,1.0076806435
1.9778448620e-29,0.3011405851
3.7013566679e-33,0.0346589231
3.3847026871e-24,1.1807842438
1.1178817116e-22,1.7124896800
1.7927624382e-24,1.1169690673
5.3365577508e-29,0.3453523554
5.3836376562e-33,0.0417486593
6.9082574885e-31,0.1749655404
1.1056831429e-26,0.6740329625
1.5415944195e-27,2.9587678715
2.3116109955e-31,0.1396750645
6.5870615153e-25,1.0225295281
7.0055652162e-23,1.5917424658
2.9340498812e-32,0.0803649466
1.1852964556e-23,1.3205670189
1.2141510296e-22,1.7427490486
1.4685101783e-22,1.9111765231
1.5921462855e-23,2.3841683576
2.6409120362e-26,2.8263819224
7.3514089837e-23,1.6020413486
1.0938334311e-22,2.0782504115
1.5633493384e-29,3.1383849742
2.1641407005e-32,0.0726454110
4.9461046604e-23,2.2415224644
1.3178646570e-23,1.3335826579
6.9825896418e-28,0.4807986552
2.3151439957e-23,1.4073388094
3.2704123858e-55,4.3877954025
3.4104512135e-24,1.1815683004
5.0509964244e-27,0.6137204415
5.2653731500e-24,2.4886753865
2.3196797669e-29,3.1241903396
6.2249798994e-24,1.2459304619
8.2463070587e-27,0.6510223909
1.7915631279e-29,0.2969340964
5.3402931138e-27,0.6178790604
1.0931009713e-22,2.0784539708
8.3245790910e-25,1.0440737832
5.3307867468e-32,0.0963811270
6.3510062985e-23,2.2002539365
4.8892257994e-23,1.5230067483
5.1006518170e-23,1.5304937159
7.2684733884e-29,0.3599109517
1.3559002714e-27,0.5221505362
1.1085718122e-31,0.1173669796
8.6284436678e-26,2.7640498242
5.6873490237e-30,0.2505257555
3.5010876459e-31,0.1527714126
2.2934886457e-28,0.4178657059
2.2244603670e-30,0.2154989308
2.0606416270e-31,0.1361111461
1.4717314100e-22,1.8917879325
8.9542068784e-30,0.2683770669
2.9869691860e-30,0.2262377517
3.4839466260e-26,0.7676509827
7.1935388513e-23,1.5973615224
1.4379987213e-22,1.8424760428
7.4147799044e-24,1.2655297033
1.3033614698e-24,2.5963749695
3.4184497667e-28,0.4395765077
2.0531317284e-23,1.3908805225
1.4127999184e-22,1.9636776236
1.3860851470e-22,1.8104503633
9.9752818859e-28,2.9773601700
1.4314067818e-22,1.8375081564
4.0514045033e-27,0.5974685873
7.1812550707e-29,0.3593345197
4.9068795964e-25,0.9958093047
8.3592832950e-32,0.1091173241
2.5864465057e-26,0.7429302098
5.6272900354e-32,0.0978850672
1.1007894081e-29,0.2767125770
7.3651507075e-28,0.4840088767
2.0589807329e-28,3.0417402672
1.7820126167e-35,3.5433719286
5.4156749780e-29,3.0929923970
1.1531483083e-23,1.3172292172
9.7676826154e-28,0.5013248569
2.6498797308e-23,1.4264143424
9.0827374905e-24,1.2888610726
1.1575412107e-25,2.7477449447
1.9038128136e-25,0.9121544512
1.3927757681e-22,1.8139333028
8.6606959579e-23,1.6398751124
8.1953357215e-25,1.0426247660
1.3634433798e-59,4.5286204934
1.7721070235e-26,0.7119295051
1.0194351080e-23,1.3024503400
6.4425741559e-28,0.4759903428
8.3359897494e-33,0.0506627706
2.1422373644e-23,1.3966508125
6.4178095047e-27,0.6317515083
1.5951458655e-23,1.3576538197
2.1401417702e-31,0.1372820368
4.1077957376e-24,1.2010090782
6.0531532767e-34,3.4515679210
6.3525493512e-30,0.2548181250
2.0445255571e-24,2.5638071839
6.4502036297e-23,2.1974953977
4.1135359020e-24,1.2011564471
6.7124260045e-25,1.0242541581
6.6947918960e-52,4.2735260147
1.0736328960e-23,1.3086262575
3.2893031103e-32,0.0833446531
1.1877560623e-23,1.3208192681
7.5168774409e-28,2.9892426288
5.8523759179e-26,0.8111817819
7.1821905906e-24,1.2619244865
1.9291657207e-32,0.0698153093
2.6722113838e-27,0.5677682570
2.2351572272e-34,3.4781972983
1.5865029068e-29,0.2918117997
4.6431896085e-23,1.5140512445
1.9639889758e-32,0.0702526681
4.8844937891e-25,0.9953974429
6.7990228241e-32,3.3167122246
3.9836557326e-29,3.1044057819
4.3300898212e-47,4.0927068876
4.9819188916e-23,2.2404059493
3.6937710612e-27,0.5907619694
9.4838753626e-23,2.1172640151
2.1394092683e-26,0.7273134557
1.3197063234e-41,3.8585145732
1.4263135741e-25,2.7359322665
9.1233852955e-28,0.4970886921
7.1172416905e-25,1.0296223661
1.4617087947e-22,1.8663790581
4.8435957427e-27,0.6106039490
1.7147861859e-26,0.7092573036
7.3467774852e-25,1.0325394068
1.0715307871e-30,3.2299653509
5.8617893911e-39,3.7310096984
4.7178900301e-27,0.6086556881
2.2910266808e-25,2.7083724960
1.3231599265e-22,2.0054166637
1.0034160245e-22,1.6789490957
2.0935182554e-23,2.3541782922
6.4899951505e-24,2.4705546382
3.4144143014e-30,0.2311866729
7.7562664734e-23,1.6139011823
4.5172980388e-24,1.2110892611
5.3668134207e-23,1.5396734361
1.4860279843e-33,3.4270589265
2.9101956565e-25,0.9492815898
8.1711165760e-32,0.1084602979
2.2528163092e-27,0.5559609557
1.1382087655e-25,0.8677710415
1.1902670733e-26,0.6798880036
1.6060493184e-32,0.0654020447
6.1205575927e-31,0.1709426334
1.5611526991e-29,0.2911368650
1.2927648773e-22,1.7703018068
1.5112287090e-30,0.2017467393
4.8114958704e-27,0.6101108372
1.2988837047e-27,0.5193780719
7.7957902519e-25,1.0380051403
4.6064398848e-28,0.4564039175
1.5025796621e-28,0.3957938271
1.9871150572e-23,1.3864783387
5.7559445201e-31,0.1689133562
7.0765494350e-30,0.2590420725
1.4701640615e-22,1.8832937605
3.4489243745e-24,1.1827299678
1.3253722080e-22,1.7830313267
2.1680012683e-28,0.4148752797
1.1515046447e-23,1.3170564854
1.6547211962e-24,1.1091662742
3.4083067980e-31,3.2668272498
7.2477403107e-25,2.6363784885
1.3466425614e-30,0.1977147078
7.5264723833e-30,0.2614704298
7.6908187148e-23,1.6119963534
1.1579290574e-22,1.7247546685
1.3326836365e-30,3.2228026164
4.5315181995e-23,1.5098922991
2.2189555743e-31,0.1384033971
1.2699928256e-24,1.0837297924
3.7377534237e-28,3.0179354880
5.1630905894e-33,0.0409327289
2.8893306677e-33,0.0302326954
8.4340403837e-23,2.1446077750
8.7719137291e-34,0.0116646444
3.6464693544e-26,0.7714543372
5.5014894693e-38,3.6811655431
3.6490001120e-32,0.0860867570
4.7698173395e-25,0.9932589603
1.5611071885e-24,2.5835339445
8.6861396696e-32,0.1102270927
3.5076111593e-56,4.4199165745
9.0560142105e-32,0.1114376841
6.9354353306e-25,2.6392811725
1.1423757164e-28,0.3819649833
2.2152184538e-26,0.7301707610
5.4339105469e-29,0.3461932458
3.0285436937e-32,0.0811870513
1.4244878527e-22,1.9564090990
3.8507741567e-32,0.0875222058
7.9961354711e-32,0.1078367778
1.0905278644e-34,3.4970334502
3.0931196423e-24,1.1715093260
2.6346820514e-23,1.4255886666
1.0642871806e-22,2.0863874662
8.8711668530e-30,0.2680041810
1.3457986611e-22,1.9963127379
4.2368151181e-26,0.7840046293
3.5163708187e-23,1.4686788945
4.0255815790e-25,2.6741028513
1.1444709122e-22,1.7205900658
6.3604606697e-23,1.5719946598
5.5743622364e-23,1.5466604503
4.8676399639e-23,2.2439833561
9.1758324970e-29,0.3711624686
1.3666230077e-22,1.9872803346
1.3288642383e-22,2.0031825723
2.6382277738e-24,1.1553272650
3.1529376022e-29,0.3214460672
2.9454855762e-25,2.6933073663
2.2707589716e-24,2.5559502747
6.3371191494e-27,0.6307893664
3.2219672333e-26,0.7611413844
1.1200916778e-22,1.7131570676
7.7302383954e-28,2.9880742095
3.6800575890e-25,0.9700597740
1.4111223979e-22,1.9646622907
1.4684178389e-22,1.8783375233
8.6583930044e-28,0.4938633436
1.6586833642e-32,0.0661693156
3.3485568509e-29,0.3241259782
1.8269645578e-39,3.7562787340
1.6960657352e-24,1.1115643418
4.5735139898e-61,4.5737225282
9.7284969949e-24,1.2969162700
4.3286622794e-23,2.2614961838
1.7995777334e-27,0.5407627097
4.0277787126e-27,0.5970423075
1.6557497696e-28,3.0502937529
1.3357516990e-22,1.7873164313
1.0699585591e-27,2.9743922699
8.0435574621e-31,0.1800654347
3.3060989255e-30,0.2299893958
7.3835524314e-23,1.6029901026
9.5468816634e-27,0.6624535635
5.8296861953e-23,1.5550713702
1.3455810015e-28,0.3901821050
4.5133776787e-32,0.0918082395
2.5572574781e-25,0.9379142660
1.4473308834e-24,1.0962322936
1.6730280473e-30,0.2053295363
4.6678796504e-33,0.0389914942
2.7763507709e-35,3.5321839075
1.4039179668e-27,0.5244064276
1.4294829167e-22,1.9530416940
4.5242962902e-23,1.5096211913
1.3928900032e-22,1.8139938935
5.1239730634e-29,0.3434664119
2.0292990504e-38,3.7035862963
5.0117407245e-32,0.0946764023
2.8230429540e-33,0.0298281572
5.4829680532e-27,2.9022064584
1.1149837143e-28,3.0656182175
1.0895211325e-28,0.3796108844
8.7843214243e-25,2.6235502177
9.8028339194e-28,0.5015487723
4.0782477645e-23,2.2700501025
1.0165137687e-29,0.2734810254
2.7351820115e-30,0.2230054885
1.4850873823e-24,2.5871138531
5.2032705125e-35,3.5161653110
1.4539464774e-22,1.8569260592
1.4423291896e-22,1.8459954819
2.1132748629e-25,0.9212389842
2.8882197758e-37,3.6430610860
8.8234468007e-23,1.6445032747
7.6483931034e-23,2.1651760954
9.8314412172e-29,3.0704443545
1.3986515112e-22,1.9716134391
3.5577014541e-26,0.7693979089
1.4162630065e-22,1.9616018992
3.1000457243e-29,0.3206953525
5.1903896105e-25,1.0008760435
4.0562509758e-50,4.2087683915
3.2159778756e-25,0.9581032760
9.5083746815e-26,0.8523860751
3.1898779308e-30,0.2286636135
4.2590826905e-23,2.2638436474
5.1871112692e-27,0.6157032941
1.6969317896e-25,0.9021751409
2.1069421822e-26,2.8377243998
4.7464220961e-25,2.6637514017
1.0322611987e-32,0.0552848356
3.4341530540e-23,1.4650093221
3.9877519408e-26,2.8052564876
2.8961619641e-29,0.3176874167
5.7818994431e-31,0.1690617383
2.3343179553e-23,2.3416292739
6.2412425940e-27,0.6296314745
1.5716977502e-31,3.2910575939
6.0368181293e-41,3.8277405171
5.3268831414e-23,1.5383125867
5.6171740701e-33,3.3898371101
3.3923225517e-24,1.1810168301
6.3822827827e-23,1.5726761055
1.6381645581e-27,2.9561415134
1.3006454042e-23,1.3319550840
1.1841064061e-28,3.0633028613
8.3230442390e-30,0.2654590568
6.1049516880e-23,1.5639351781
1.0100435071e-29,0.2732228415
9.7695080885e-23,2.1097637709
3.3398311914e-45,4.0159903063
2.3681364799e-26,0.7356590759
8.8287217060e-26,2.7627894201
2.9203613581e-28,0.4309032146
2.7509887011e-23,1.4318200401
2.5212615640e-27,0.5637219909
1.0519157536e-36,3.6125998988
5.7154337050e-23,1.5513315016
1.0220432807e-25,0.8585553574
3.7913687278e-29,0.3296991598
6.1822478679e-32,0.1005173745
2.0799395471e-27,0.5505150512
1.9363833800e-74,4.9413659057
1.1436240660e-29,0.2782687668
7.8789268618e-26,0.8363740645
5.9937887998e-29,0.3507781225
1.3078127301e-22,1.7760516765
6.3141380830e-26,0.8176003450
1.1108239143e-23,1.3127142309
1.0144776315e-27,2.9766476700
5.2703924041e-26,0.8023471519
6.1155547068e-29,0.3517233582
1.7336427918e-33,0.0217262018
4.5956190991e-29,3.0991111320
1.4854830797e-24,1.0987352050
1.5465535351e-25,0.8941491530
3.3370183514e-27,2.9247858888
5.9895128667e-23,2.2104507985
1.8898333752e-29,0.2992006290
1.4270223120e-22,1.8344146660
1.5549704179e-24,1.1031446914
1.2305745652e-31,0.1204651190
9.8084705937e-31,3.2328558552
8.8478544855e-24,2.4424486977
2.3208008811e-26,2.8328899557
1.9052427772e-33,0.0232357072
6.0228126215e-26,0.8136067202
2.4325529784e-26,0.7378695718
1.9393720444e-23,1.3832228101
2.9848457390e-29,0.3190188568
1.7765448708e-29,0.2965777079
1.9842434969e-26,0.7211491298
1.9792974836e-26,0.7209451300
4.1247764935e-27,0.5987783126
1.4374306964e-22,1.9472594005
2.1117352027e-52,4.2913028457
1.9609938085e-23,1.3847048689
2.3701507353e-24,2.5527122396
5.0169201100e-25,0.9978081964
5.7725295573e-29,0.3490148527
8.1906710395e-24,2.4495981456
2.3370677662e-32,0.0745647547
1.3177406676e-28,0.3891256235
2.8795241257e-26,0.7518112965
1.4536807258e-33,0.0189847970
6.7392730467e-28,0.4786746096
9.7149954223e-26,0.8542215191
1.4171144427e-22,1.8279093814
1.0778626457e-28,0.3790777168
3.3900831813e-24,1.1809485250
1.1463579325e-22,2.0633580176
3.9450312245e-24,1.1967519354
7.9760007058e-24,1.2738425575
1.8257239441e-27,0.5417271842
7.6300257173e-33,0.0488006646
1.0999499777e-26,0.6736210685
4.3506991266e-24,1.2070905579
4.4823348773e-23,2.2563862531
1.2137682349e-52,4.2997709620
1.5545049076e-56,4.4314847754
4.4037054039e-23,1.5050542497
3.8071420429e-29,0.3298864900
5.7425194106e-25,1.0100296299
3.4780706960e-23,1.4669769099
1.1941938467e-27,0.5139940616
6.3496402903e-28,0.4751269455
3.4289831697e-30,3.1911996037
3.2472293166e-29,0.3227562587
9.4099116809e-25,1.0554698862
4.6899142675e-30,3.1805161713
1.4164020521e-28,0.3927830384
1.1443786740e-24,1.0738496100
2.2284443809e-26,0.7306596148
1.4649908172e-22,1.8714651164
1.0654692970e-24,1.0671118589
1.6328561528e-27,0.5343030562
1.1017266706e-59,4.5314840053
2.5337008179e-42,3.8912139123
5.9399182060e-24,1.2407525462
1.3260047941e-22,2.0043071350
5.1157795118e-32,0.0952427490
3.1780303402e-24,1.1742888729
4.0163559716e-29,0.3323063258
3.7726080316e-31,3.2636088323
3.9410014360e-33,0.0358123537
1.2960896445e-22,1.7715556032
8.9387219165e-28,0.4958256515
1.7046235292e-39,3.7577670557
7.5793576070e-23,2.1669996570
1.1083696352e-27,0.5092587234
4.3435775431e-24,1.2069166097
1.4204959843e-22,1.8300625100
6.0786948216e-23,1.5630981387
8.1088321972e-29,0.3651638704
1.4887124787e-28,0.3953200617
3.2219544397e-24,2.5289504700
3.9813606135e-23,2.2734419003
1.6860607686e-46,4.0690978402
1.9239848973e-26,0.7186299108
1.1976440448e-24,2.6023024580
1.6391101438e-27,2.9561165323
4.5950008694e-26,2.7978551505
2.7315299066e-23,1.4307912338
6.3763766582e-26,0.8184301473
1.4831318602e-23,2.3916112991
8.0112046908e-27,0.6487793346
1.4717030964e-22,1.8983399042
1.4122305000e-31,0.1245879767
1.3991776339e-22,1.8173922792
1.1771469547e-22,2.0542999793
8.0395528665e-25,2.6294931768
4.1769223210e-30,0.2387379948
5.6387243076e-29,0.3479183984
2.2287628895e-36,3.5945822131
2.5574600662e-23,2.3307981628
1.4727589599e-33,3.4273061410
7.5371771391e-27,0.6440657407
4.2106044912e-31,0.1587043964
3.9192175428e-27,0.5950541386
2.1624711595e-33,3.4166737014
1.4010308765e-22,1.9703329699
9.3328718558e-24,1.2920372864
1.7927122745e-30,0.2077776200
1.0320752233e-22,1.6872003219
6.5842786908e-30,0.2562163768
1.6859524600e-25,0.9016130259
7.0638970546e-25,2.6380732750
1.0938036514e-22,2.0782586896
4.4100407568e-24,1.2085302403
1.8533603766e-33,0.0227912339
7.8757069977e-26,2.7690426623
5.6390621905e-23,2.2205838855
4.1082404358e-26,0.7814230901
3.9564220995e-33,0.0358845934
1.0419655170e-27,2.9755159353
1.5903988171e-24,1.1053231976
1.3525045326e-33,0.0178902109
1.6170841251e-32,3.3593861935
2.0486821163e-24,1.1300754125
4.1569348213e-27,0.5993457505
3.0758822536e-23,1.4482612941
7.4835497201e-29,0.3613059542
5.8630759731e-27,2.8991120775
2.6149922278e-44,3.9783297109
1.4356049178e-22,1.9486406786
9.7445830201e-24,2.4333556910
3.2724287949e-23,2.2999529057
3.5037963751e-24,1.1843667953
4.1284199293e-23,1.4943264502
8.7044080007e-26,0.8448527512
3.1567278387e-27,0.5795050496
1.4024425779e-22,1.8192094826
4.8491448913e-31,0.1632905245
8.0545057415e-28,0.4894370267
2.7075983885e-27,0.5686872734
1.2657617060e-31,0.1213058935
6.4573086600e-31,0.1727186032
7.4811424683e-40,3.7753336810
1.9851357168e-27,0.5473554252
5.9139525639e-23,2.2126134728
9.0220925579e-23,2.1293115754
1.1143888093e-23,1.3131000210
1.7836427479e-23,2.3719804480
1.2569864990e-33,3.4316643139
1.1219725027e-32,0.0571346787
4.9061715727e-23,1.5236136525
9.5605222396e-27,2.8761852698
1.4590955522e-22,1.8628920711
1.4462006833e-22,1.9400592806
1.4920083565e-26,2.8547476786
2.2957476994e-30,0.2166374694
3.0257917841e-31,0.1481289923
2.8938265359e-28,0.4304048377
3.2919734419e-28,0.4374871732
3.8134041104e-23,1.4814683093
1.0969206411e-22,1.7062066761
4.4800522851e-27,0.6048374683
4.0101015756e-29,0.3322356732
9.2460431979e-23,2.1234776269
4.3145628584e-23,1.5016280262
1.3134281570e-28,0.3889601697
5.2675522073e-23,1.5362801810
5.5824772537e-28,0.4675358348
9.0838653241e-23,1.6518970084
1.0057433263e-22,1.6796166842
1.3496431598e-22,1.7932692214
1.0213341861e-26,0.6677609204
9.1863873579e-23,2.1250329469
2.1562595168e-36,3.5953809892
5.7195178274e-23,2.2182336975
4.0423442993e-33,0.0362829457
7.5387605475e-24,1.2674116872
2.8519892798e-24,1.1632224101
2.6034614831e-29,0.3130112936
1.7165864502e-53,4.3293577298
3.9060432627e-26,2.8063315900
5.2295910711e-23,2.2327937567
4.2877516176e-36,3.5786786221
5.0214675563e-23,2.2391777938
1.8344165173e-52,4.2934595267
1.8975997195e-27,0.5443167318
2.2199210132e-28,0.4161309651
2.9588843912e-23,1.4424924792
1.4216786039e-27,0.5252235376
1.0241028892e-25,0.8587274844
6.1147190410e-27,0.6280783263
8.5738474362e-32,3.3096692751
9.0986812934e-27,0.6586868574
8.3341696081e-28,0.4915222266
2.1628570616e-25,0.9232613891
3.5851292624e-27,0.5886089067
5.4811790143e-28,0.4664649850
3.5822378509e-25,2.6813397275
2.1236316149e-31,0.1370422527
5.8345864402e-75,4.9544262768
9.1159533939e-29,3.0733306431
9.8269860111e-24,1.2981046683
1.8949590229e-28,0.4077892383
1.0077718473e-24,1.0618833880
2.0522816586e-30,0.2126026113
1.4017807612e-33,0.0184311305
9.6751649171e-40,3.7698710009
1.9623088283e-23,1.3847945920
1.2632797307e-22,1.7595415477
6.5261812446e-30,0.2558701327
1.0772483045e-76,4.9973143714
4.5316248086e-28,0.4554661054
2.1007282676e-33,3.4174787968
3.4080923047e-31,0.1519115939
1.1374011432e-22,2.0659430551
1.3692057291e-22,1.9861063852
2.7338757696e-26,0.7475128083
3.2281867481e-27,0.5810976518
5.0173627601e-40,3.7837782034
2.9854707642e-28,0.4321091047
7.9091615703e-23,1.6183348297
4.1102159011e-53,4.3162118152
4.6301961131e-29,0.3387944621
1.5266297472e-23,1.3520438248
2.4309805464e-23,2.3368516637
1.5254497238e-31,3.2919820792
2.0956761775e-25,0.9205100861
2.1201797176e-24,1.1334681656
2.2767610114e-29,0.3071856339
5.7365529513e-24,1.2369239300
5.2058636969e-38,3.6824167581
1.6893245604e-30,0.2056722902
9.0461220688e-26,0.8481344977
9.6671474275e-24,1.2961708452
5.1103417974e-27,0.6145908425
2.3997808700e-23,1.4123491509
1.0006623437e-23,1.3002465029
5.4572106222e-25,2.6548536930
7.0386388639e-23,1.5927350422
4.6031866749e-24,1.2130998365
4.2471542461e-42,3.8810548765
2.0516032514e-32,0.0713245314
6.7734154861e-24,1.2553357945
3.4676857119e-53,4.3187788458
2.0673709213e-23,1.3918155191
4.6407282116e-27,0.6074363939
2.4580333352e-32,0.0758360597
2.1669441424e-27,0.5533041186
4.8429382621e-23,1.5213426785
1.2105556221e-56,4.4350250309
1.3391118876e-32,0.0611507692
9.2906859094e-29,3.0726061938
1.5455994174e-28,0.3972388443
8.3186177718e-31,0.1811991450
2.2559616811e-24,1.1396327572
4.6405188540e-27,0.6074330608
8.2910220076e-34,0.0108997742
1.3079321477e-50,4.2268726253
1.8647615989e-24,2.5706112237
1.0276825944e-32,0.0551869157
3.0139116454e-28,0.4326284735
1.2395210266e-30,0.1948354497
1.9002781161e-24,1.1226721102
3.7477138337e-37,3.6369769198
1.1075042457e-25,0.8654277804
3.7516391181e-24,1.1914847097
3.5767002624e-23,1.4713342156
2.6266922034e-29,0.3133995725
3.4672950115e-23,1.4664957349
1.7443483641e-30,0.2068072426
1.1596465973e-24,1.0751030098
6.3425625516e-27,0.6308546243
1.5221856232e-24,1.1010874697
3.7229860288e-54,4.3521365440
1.3455795705e-65,4.7060445594
2.8662116510e-42,3.8887950499
7.2880822622e-33,0.0478475467
3.8232800304e-28,0.4458282707
1.9019315183e-26,0.7176890262
1.7774770342e-27,0.5399377218
1.1291840120e-22,2.0682968472
3.0557522680e-25,0.9535867230
1.5169050457e-28,0.3962791160
4.1934578686e-26,0.7831427316
2.2805611006e-25,0.9278881678
3.2633528526e-31,0.1505286043
2.9825809080e-24,2.5350197763
1.0490713354e-22,2.0905244174
1.2940089779e-32,0.0603636033
6.9847646345e-23,2.1828762464
5.4818416334e-24,1.2319569950
2.7781982577e-26,2.8238146491
3.7798555517e-25,2.6780189036
7.7839907792e-29,0.3631947972
1.3059406223e-22,2.0119499464
1.1723785489e-32,3.3687309855
5.3467344566e-23,2.2292556725
2.9639073780e-26,0.7542064194
3.7194696215e-24,1.1905850591
5.3638922011e-27,0.6182092056
5.7842605083e-39,3.7313008473
1.8765021933e-23,1.3788382552
1.2767532211e-33,3.4312357608
5.9310972963e-23,1.5583602216
8.6473986937e-23,1.6394966047
1.7673454592e-59,4.5251286120
1.6023795282e-49,4.1865305470
1.2966751847e-22,1.7717773557
7.3728038527e-39,3.7259851525
8.2930991240e-23,1.6293826231
1.3162089778e-23,1.3334269271
1.1066764478e-25,0.8653637314
3.3782606102e-23,1.4624798904
6.6579292554e-26,0.8220876456
4.1311131415e-23,2.2682194095
2.9962522209e-26,0.7551070263
8.0591110161e-28,0.4894718808
3.0526851499e-23,1.4471302024
7.1196395376e-57,4.4425168031
8.7490913031e-24,2.4434950450
6.2731003997e-29,0.3529212200
5.1564653259e-30,0.2467534746
6.3731927779e-25,2.6448162955
1.4510737646e-22,1.8539625836
1.4392267832e-33,0.0188321991
1.1939131806e-25,0.8718688975
1.4837308980e-28,0.3951488945
1.3781102362e-22,1.8064532543
6.9543009687e-29,0.3578041625
2.8840635869e-32,3.3423833278
6.4207600213e-27,2.8948991048
6.4826005934e-28,0.4763587995
1.3266059214e-23,2.4030702001
2.3505303515e-37,3.6478530081
8.1110016733e-27,0.6497388044
1.4712517318e-22,1.9018001282
6.3875150577e-26,0.8185778151
7.5262917910e-23,2.1684037908
2.4476424106e-29,0.3103217739
4.3812387566e-30,3.1828481583
3.9479515237e-24,1.1968296874
8.7441502406e-24,1.2844407927
2.7144302978e-44,3.9776383275
9.9298304349e-28,0.5023518593
7.6562714330e-23,1.6109890755
3.9951400788e-25,2.6745760240
3.8661345339e-49,4.1721179428
3.6832065192e-35,3.5250008651
5.3491877607e-31,0.1665021571
9.5407168888e-31,0.1858461625
7.4891468640e-25,1.0343057752
3.3553190247e-23,1.4614332408
1.4729222359e-25,0.8899380710
1.5022880239e-27,0.5288220793
4.2728682638e-27,2.9136199471
1.8283993908e-31,0.1324319506
7.1066228725e-23,1.5947699864
9.4101158353e-25,1.0554719113
1.1789829501e-22,2.0537505887
3.5199411177e-23,2.2903223060
1.0757796476e-31,0.1164805762
1.2027632034e-70,4.8437213415
7.1927104818e-33,0.0475751981
3.5563464209e-26,0.7693661328
9.4920109151e-33,0.0534499286
4.0543246411e-23,2.2708831270
3.4527863480e-72,4.8839733549
1.7110809707e-27,0.5374033390
3.9868380040e-27,0.5962982564
6.2351751745e-23,2.2034957030
9.4887317956e-43,3.9103434621
5.1638819188e-31,0.1653461595
1.9493890491e-32,0.0700701113
4.6670919420e-27,0.6078550364
7.8479744543e-28,0.4878554594
2.0246621660e-27,2.9469235075
6.3231023099e-28,0.4748783338
1.6848001715e-26,0.7078253156
6.4211627263e-26,0.8190223762
6.3059684915e-23,1.5702884322
1.6539354110e-30,0.2049239943
1.0029692239e-25,0.8569449910
1.5514571720e-23,1.3540997721
9.8475645640e-27,0.6648894279
6.9640340755e-30,0.2584125728
3.3940407671e-29,0.3247285298
8.2935152960e-23,1.6293945423
7.6901199524e-30,0.2623205969
5.4659330632e-25,1.0055540852
4.2106545372e-61,4.5748074435
1.8814147285e-32,0.0692045462
2.7799736120e-25,0.9452504762
2.9032697201e-25,0.9490716097
9.2150968940e-23,1.6556208055
7.8099398092e-33,0.0492881947
6.8893848089e-29,0.3573580711
8.0666753983e-32,0.1080896229
1.2794351259e-22,1.7653614403
6.3047336224e-28,0.4747057094
6.9312110451e-26,0.8254958141
1.3716860089e-22,1.9849663750
1.2904539916e-31,0.1218830794
1.4628636725e-22,1.9215973153
1.2787994574e-28,0.3876134893
2.0209032543e-24,1.1287278972
6.3054985277e-28,0.4747129067
4.5993655908e-25,0.9899880255
9.5242674120e-25,1.0565978057
1.1081357877e-24,1.0708106722
1.0307366455e-26,0.6684835504
2.8250074360e-41,3.8431898107
7.4359116935e-30,0.2609926074
4.6989084048e-24,2.4982807669
1.0505867872e-22,2.0901138544
5.0271645352e-25,0.9979921568
1.9705568732e-37,3.6519412823
1.2991637507e-23,1.3318142079
2.2076918800e-27,2.9431293294
1.1741135657e-38,3.7157357721
5.7924659565e-25,1.0108159481
3.6188736570e-27,0.5892838522
4.7140982225e-25,0.9922021586
3.4217921573e-32,0.0843840222
5.7398591767e-27,0.6232981577
2.9043532998e-26,0.7525230242
2.6005993911e-25,2.7008147319
1.8908633158e-30,0.2096741980
4.6561483879e-23,2.2507226007
2.0407400327e-25,0.9181959940
9.3566680866e-24,2.4372028646
4.1193841640e-51,4.2451573332
7.3134920372e-27,2.8888257132
4.9341056859e-24,1.2205477955
1.2298262938e-22,1.7479780618
7.8542402430e-23,1.6167447422
1.1567525826e-22,1.7243887091
7.4459976064e-27,0.6431278552
1.1128630656e-23,2.4205570186
2.9610046366e-26,2.8205744303
6.2909333445e-23,2.2019323425
4.8257772237e-44,3.9669401327
2.7877116917e-27,0.5707289058
1.0597426017e-22,2.0876265665
1.0227555805e-25,0.8586149245
7.4583446342e-23,1.6051926097
1.0663714860e-23,1.3078142528
1.4564592768e-22,1.8597147378
7.5620512164e-25,1.0351980673
3.1740326732e-24,1.1741595210
1.5629842242e-27,0.5314204139
1.4698351725e-22,1.9075451458
4.5561374169e-28,0.4557748842
4.5395232624e-25,0.9888121790
1.7861528400e-25,0.9066162343
4.7684499739e-24,1.2168766354
1.0460193761e-22,1.6912426499
1.9861109472e-59,4.5235559451
5.9660168120e-32,3.3206619187
1.5781375720e-29,0.2915901788
5.3421536814e-23,2.2293933158
9.3757011880e-24,1.2925738573
1.0791182315e-40,3.8158128178
6.4591649135e-23,1.5750687614
3.6676391684e-26,0.7719375734
1.5173863433e-71,4.8672863418
1.9619940078e-26,2.8412700056
7.2637411701e-23,2.1753852621
2.1635000446e-28,0.4147651463
1.2699356861e-22,2.0247686638
2.6929493702e-39,3.7479188782
2.9601753260e-26,0.7541018926
7.2516513069e-23,1.5990881647
1.2076929804e-23,2.4124997398
3.7090766142e-24,1.1902929188
4.2934684642e-25,0.9838165679
3.1549960510e-23,2.3046868707
7.2710681513e-24,2.4604311504
5.4472019793e-31,3.2518878664
9.9958917368e-27,0.6660656427
1.2085348699e-45,4.0342672917
4.1533217622e-23,1.4953152580
8.0671720626e-23,1.6228950767
1.5088981824e-23,1.3505588141
2.5208731320e-23,1.4192899172
1.4661005984e-22,1.8734510446
1.4344387946e-30,0.1999193417
5.6082263944e-24,2.4832752981
3.0804328268e-24,1.1710881247
5.1059343786e-32,0.0951896008
7.4164638089e-23,2.1713169708
3.5362408350e-25,0.9665170697
4.3898410022e-29,0.3363532834
7.5885007837e-26,0.8331829220
1.9381834606e-28,0.4089699257
4.9122382981e-27,0.6116485683
1.3215620457e-25,0.8805965701
1.8306008314e-23,1.3755632439
2.6834714978e-29,0.3143355072
6.2632733306e-23,1.5689469261
4.7873505013e-27,0.6097379542
3.0005236038e-30,0.2264044935
3.7528757340e-25,0.9718032169
1.2726985611e-23,2.4072594752
3.1688260457e-25,0.9567970170
2.8571660736e-28,0.4297094957
8.5588960310e-25,1.0466476931
1.2580870460e-29,3.1461155630
8.9859479281e-31,0.1838101718
8.2499400735e-25,1.0432395696
1.2741009179e-22,1.7634206260
2.7628136741e-24,1.1599962869
3.3394387420e-25,2.6856556968
1.5259413866e-23,1.3519864368
1.2545435012e-51,4.2637730275
7.0228865887e-25,1.0283974176
2.0124158383e-26,0.7223019038
2.0521467427e-27,0.5496022508
1.6460596300e-26,0.7059389094
2.4489369781e-71,4.8618617669
2.7423697746e-43,3.9341815621
8.3724671497e-23,1.6316538611
3.9575548345e-51,4.2457881300
7.2788464076e-27,0.6413807284
5.0510829705e-32,0.0948917953
1.0125293101e-31,0.1146981537
1.7254321240e-25,0.9036179568
1.1974994487e-24,1.0781453463
3.6301936847e-27,0.5895090072
2.1326029028e-43,3.9389662791
9.2348978267e-24,1.2908019400
5.9271414143e-23,1.5582324525
4.2397842683e-24,1.2043521676
1.4069073484e-31,0.1244743428
1.9569288249e-23,1.3844272184
1.3497190081e-26,2.8596247833
1.1603315173e-28,0.3827422895
3.5369436054e-23,2.2896767585
4.7890601888e-30,0.2439266223
4.9764667580e-24,2.4934594775
7.7589444426e-30,3.1631086058
1.0799666004e-22,2.0820877138
5.4272100598e-24,1.2308653096
5.2174798468e-23,2.2331617505
2.3231592692e-30,0.2170665351
4.5489612677e-29,0.3379826119
5.5191744745e-24,1.2326975154
1.4677636588e-22,1.8768251737
5.5036876622e-34,3.4541363647
3.3014832642e-27,0.5826987591
4.4360090980e-35,3.5202526169
4.3866194665e-31,0.1600303988
7.6155236609e-23,1.6097993657
1.3225132863e-23,2.4033835524
2.7017467123e-29,0.3146328956
6.7649438674e-23,1.5844668375
3.5436744027e-29,0.3266600097
5.5672002597e-30,0.2497013854
3.4585973018e-23,2.2926678867
1.1944464634e-30,3.2264049938
1.8559620291e-29,0.2984318818
3.4970079982e-44,3.9729372864
6.3296510181e-24,1.2477798170
6.8855858627e-29,0.3573318472
2.3421780216e-28,0.4189864959
1.4334126650e-32,0.0627276206
2.8994293679e-24,1.1649016026
4.6518370782e-23,2.2508616712
1.4481194335e-22,1.8511159904
4.4074764460e-25,0.9861643471
4.3025113096e-33,0.0374483665
5.5173369835e-31,0.1675190860
1.4600999035e-30,0.2005399495
9.1031848771e-32,0.1115887991
1.5863806795e-32,0.0651098877
3.8854895196e-33,0.0355503761
3.6308010728e-24,1.1880687689
8.0728439497e-24,2.4509289001
3.7075144134e-32,0.0865101114
4.5913066982e-29,0.3384074427
3.1821531167e-23,1.4533666187
8.7691524705e-25,2.6236666886
2.6733003080e-27,0.5677966982
1.0672971082e-22,2.0855650796
7.0389564874e-23,1.5927445661
7.3312523865e-23,2.1735842566
1.5783062166e-30,0.2032734966
2.7930809309e-23,1.4340273195
1.2497858884e-46,4.0743275802
1.7756258599e-26,0.7120908514
1.0036505324e-37,3.6674722220
2.6303516171e-27,0.5666670267
1.3918559526e-23,2.3981728384
7.3888187922e-23,2.1720518427
5.9621199506e-25,2.6491483950
4.6630919462e-27,0.6077916564
5.8635790813e-30,0.2517062880
1.0937252914e-22,2.0782804711
5.0322692494e-27,0.6134438501
4.3526922102e-31,0.1597787377
3.5041202991e-30,0.2321519023
1.9547106297e-24,2.5671382761
2.5706428100e-29,0.3124573192
1.6946468211e-30,0.2057835628
1.3539605092e-22,1.7951764495
1.7645141684e-24,2.5746590263
3.3124316239e-32,0.0835287121
7.3669086914e-34,3.4462494776
1.4683648550e-22,1.8782099810
6.4114087713e-23,1.5735840227
8.1297817178e-25,2.6287475822
9.2693520039e-26,0.8502135302
5.5998593989e-37,3.6275436394
1.0110829631e-32,3.3730071066
1.4409014450e-22,1.9445314070
2.6533611273e-23,1.4266029881
2.5419231810e-33,0.0280214207
3.3921481768e-29,0.3247036052
1.4807088715e-24,1.0984252815
2.0962313950e-27,0.5510451007
5.2734747438e-26,0.8023964077
1.4538981886e-22,1.8568744069
4.6296624771e-23,2.2515780680
1.0210881526e-22,1.6840287868
1.9654113271e-23,1.3850060870
7.5687474285e-32,0.1062598070
1.7734124023e-33,0.0220863636
2.1694960491e-31,0.1377041276
3.5312296219e-23,1.4693357628
1.0826728865e-23,2.4232359986
1.4490305787e-22,1.9374841272
2.5328238527e-23,1.4199612026
5.3021907062e-34,0.0055177920
5.8373722757e-38,3.6798218054
7.8608373994e-29,0.3636672684
5.0388241926e-41,3.8314316195
4.1064795763e-32,0.0892486089
5.7994360784e-23,1.5540848170
1.6418301372e-26,0.7057304106
3.2827550389e-27,0.5822927054
1.4385974761e-29,0.2877248784
4.3876047096e-28,0.4536212376
1.5004029844e-32,0.0637959120
1.1951148337e-22,1.7365345904
1.7717687258e-28,0.4042859005
4.7511880974e-23,1.5180162451
1.4585861399e-23,1.3462665319
3.9406246551e-26,0.7779368658
1.4690118853e-22,1.8798406193
1.8054863661e-28,0.4052660832
5.5890733135e-23,1.5471504041
5.7472994137e-32,0.0984735636
4.0943506118e-24,1.2006631770
1.5007353203e-24,1.0997191811
2.8525884749e-31,0.1462655345
7.7352852767e-24,1.2703408525
1.4082585073e-22,1.8225460227
3.2074138319e-25,0.9578673984
1.0263038351e-22,1.6855329583
2.4811356947e-24,1.1491457576
2.1054948890e-48,4.1440295512
1.4326073469e-22,1.9508371499
6.3498011846e-27,0.6309413249
1.5572379371e-23,1.3545746447
3.8580987158e-30,0.2357499288
3.2390669994e-26,0.7615816843
2.3130731189e-23,1.4072144816
1.2408879597e-25,0.8751820811
4.5623923015e-25,0.9892632710
1.0683678354e-22,1.6977681007
6.6619694075e-25,1.0235637246
6.0695529151e-25,1.0150646762
1.8571774018e-32,0.0688894855
1.4222553588e-23,2.3959516579
5.1628002928e-27,0.6153526342
4.5926256665e-23,1.5121757390
5.4010908129e-23,1.5408372420
1.5924964064e-27,2.9573646287
2.4269744304e-32,0.0755148738
5.3289650059e-32,0.0963716562
1.7224188285e-27,0.5378422184
4.9323593964e-28,0.4603371459
6.4460755331e-26,2.7798832226
1.4040867333e-29,0.2867158955
2.2719819821e-24,1.1403375754
2.3760965572e-33,0.0268779871
8.5161142646e-23,2.1424716002
2.3307464539e-23,1.4082728065
5.9003493997e-29,0.3500408386
8.7710779772e-28,0.4946588185
1.6555820032e-24,1.1092167635
1.6409634187e-25,0.8992719154
9.1157378909e-23,1.6528014339
4.2398896217e-31,0.1589285766
1.0025864731e-41,3.8640096910
1.6250132773e-23,1.3600385391
8.2384533638e-24,1.2775584213
3.2900959470e-27,0.5824521130
2.7554901870e-31,3.2735355958
3.6031355692e-33,0.0341684879
8.7429669258e-24,2.4435602438
7.4584863661e-30,0.2611122172
9.3107724901e-25,1.0544816003
9.0458734645e-26,0.8481321545
3.5727184380e-28,0.4420332631
6.6352084073e-34,3.4490848176
3.5291096237e-27,0.5874757280
1.3041575456e-22,2.0126099028
4.0286152072e-23,2.2717815927
3.1077017901e-44,3.9751292583
5.7639199053e-27,0.6236134054
1.0174990001e-29,0.2735202066
2.9622548787e-23,1.4426609460
2.0362002277e-26,0.7232631597
4.1026287811e-27,0.5983851911
4.3763182015e-32,0.0909698598
4.3687598424e-28,0.4533758538
1.4502658530e-22,1.9363109573
1.1059079534e-22,1.7088905408
3.9569429489e-26,2.8056594308
5.3400171789e-30,0.2480967023
7.2645614571e-23,1.5994711113
1.1414173113e-31,0.1182308980
3.6579086334e-56,4.4193181482
3.9272716510e-27,0.5952033311
2.5431397386e-29,0.3119880603
6.6564660907e-28,0.4779361834
1.1184813428e-22,2.0713386695
1.9629357232e-25,0.9148131474
1.3931593842e-23,2.3980768364
9.8028369930e-23,1.6723326155
1.0682340889e-27,0.5069317568
2.6717965590e-27,0.5677574196
1.4700470017e-22,1.9068628282
3.0380162838e-27,0.5767866138
3.3802157495e-32,0.0840617208
7.7493620705e-30,0.2626242610
6.6036550528e-25,1.0227595785
1.3633139684e-28,0.3908447710
4.2787741819e-23,1.5002399617
2.3895896975e-28,0.4200579228
9.0090455740e-26,0.8477843393
1.6193751159e-32,3.3593448897
1.6497124778e-23,2.3803933929
1.0965391932e-27,2.9733509292
3.4899688009e-26,0.7677949625
9.2613959653e-24,1.2911371483
2.5231603042e-31,0.1424086426
9.9432538576e-23,2.1051743532
3.7845406093e-23,1.4802556224
4.1946845128e-29,0.3342796707
2.1276959292e-24,1.1338187208
8.5879575268e-27,0.6541788142
1.3828324590e-29,0.2860830944
2.9258925018e-67,4.7524366969
1.0174506960e-23,2.4292327842
9.6170268007e-30,0.2712442638
1.9917275464e-31,0.1350615380
1.0101575337e-22,1.6808839976
7.4778693619e-27,0.6434568886
1.4066201579e-24,2.5909825912
1.0056097707e-22,2.1021801812
6.5202461031e-23,1.5769608335
7.5761373732e-46,4.0425941614
7.9602063812e-27,0.6482847575
2.8621587797e-23,1.4375974469
3.8539427759e-23,1.4831612475
1.2418640437e-33,3.4319966480
4.4972146772e-28,0.4550301266
1.7265221105e-24,2.5762459120
3.7140984560e-29,0.3287710484
1.8386105932e-47,4.1074096764
1.9520656804e-24,2.5672383844
7.2758331031e-27,0.6413488948
2.3440711850e-26,2.8323893541
5.1324751269e-23,1.5316051509
2.1907175685e-27,2.9434683795
7.0454295851e-35,3.5083636291
2.4934221996e-23,1.4177388723
1.1210708318e-30,0.1913676555
1.4558110727e-22,1.9305813028
5.5843501122e-25,1.0074959819
2.0470838902e-27,0.5494347902
8.1237740628e-31,3.2389903493
9.3117379871e-23,1.6583634850
2.7875619182e-24,2.5402827192
3.9095176336e-26,0.7772740183
1.3166897491e-68,4.7892399133
5.8897917540e-26,0.8117199876
8.9446110895e-31,0.1836537952
1.0370086632e-22,1.6886281793
1.4651277211e-29,0.2884855351
2.4454297539e-28,3.0349349309
1.7786750152e-26,0.7122304155
5.0625369911e-26,2.7927538709
6.8974988540e-29,0.3574140380
2.6204040526e-24,1.1546429986
5.5950219959e-28,0.4676672425
4.3399339265e-27,0.6025014008
4.9573176111e-31,0.1640107845
1.4647555464e-23,1.3467992910
3.8513557062e-23,2.2780713649
3.0305889781e-28,0.4329309843
2.0791421332e-27,0.5504890131
1.5540915118e-25,0.8945691955
1.6957730454e-23,1.3655505971
4.9275687873e-23,1.5243782384
1.4098770156e-22,1.8234991625
5.7981687986e-24,1.2380963254
1.5780840159e-33,0.0202506713
9.1392022266e-23,2.1262624131
2.7577254579e-31,0.1451995257
1.5093140690e-27,0.5291275686
2.2940478291e-23,1.4060682779
8.5724133290e-24,2.4453909517
1.0508420257e-49,4.1933909319
2.2037312740e-24,1.1373026738
1.9381066627e-44,3.9838679337
2.6651021870e-27,0.5675823200
1.8188255157e-31,0.1322710981
3.6755158456e-25,2.6797520569
3.1185505617e-23,2.3061794417
2.3559841554e-27,0.5590363376
1.0879197864e-26,0.6727502011
2.4676549019e-28,0.4217811326
2.3583382463e-24,1.1440604552
2.3184250701e-24,1.1423555061
2.9868789233e-41,3.8420616965
6.2090475381e-25,1.0171344826
1.4800121612e-29,0.2889067702
5.7170801996e-30,0.2507272660
4.7756115751e-24,2.4969249338
1.0456378190e-26,2.8719158856
7.3779291419e-26,0.8307935990
2.6077983514e-24,1.1541564986
8.6350260577e-30,0.2669259682
9.5374793452e-25,1.0567272991
2.2964161469e-27,2.9413964433
5.1124207257e-24,1.2243796631
6.3767094014e-24,1.2486025743
1.0079395757e-25,0.8573674872
2.4435835488e-32,3.3472792968
4.7100489546e-31,0.1623418961
3.8327709550e-28,3.0169198711
4.8453357544e-57,4.4479292857
4.7875760050e-23,2.2465159274
2.1396938687e-23,1.3964887062
6.2761925075e-27,2.8959569997
1.0279862128e-29,0.2739351177
9.6112549796e-24,1.2954882275
1.4251875828e-22,1.9559480445
7.7149508187e-35,3.5060175472
1.0441066987e-22,1.6906869481
7.4988304047e-28,0.4850957798
3.9633942408e-27,0.5958690904
7.9228000600e-27,0.6479201317
1.3099848963e-29,0.2838442423
1.0479633625e-22,2.0908243902
4.4418509463e-28,0.4543223775
1.1800901510e-24,1.0767574154
1.3205200761e-23,1.3338320865
7.9863391710e-28,0.4889190428
8.9527925248e-29,3.0740192617
1.4366547128e-22,1.8414281508
2.4673665002e-23,1.4162547361
4.8626104086e-24,1.2189769486
1.2793850008e-22,2.0215001191
1.0444331239e-30,0.1889366036
1.4084767357e-26,0.6933559138
3.2548538350e-24,1.1767465668
9.3119560871e-27,0.6605002321
7.0799822357e-25,1.0291404951
9.4481683544e-31,0.1855143386
4.7786469442e-29,0.3402450406
1.9638277479e-33,0.0237260524
4.1528467759e-27,0.5992738363
2.9693431627e-23,2.3124131350
2.5757031487e-24,1.1529081126
9.5917671072e-26,2.7582180616
1.4400731967e-22,1.9451954242
1.6612867730e-27,0.5354447837
1.6926949022e-29,0.2945356118
1.7666344131e-28,0.4041351709
7.2054787899e-23,1.5977166726
1.3796337556e-22,1.9812241012
6.2104808574e-26,0.8162004068
4.4411763737e-27,0.6041960122
1.4872096076e-26,0.6977351311
1.3660895359e-26,0.6909014717
1.6387876213e-29,0.2931731410
2.8238410108e-23,1.4356249661
1.2926115734e-26,2.8617194524
2.0351625612e-24,2.5641484089
1.0663137762e-22,2.0858339030
1.4527685575e-27,0.5266323587
2.1347403368e-31,0.1372037801
7.8819074858e-25,1.0390193990
2.9785140278e-31,0.1476304577
2.2774340701e-27,0.5567060057
1.7944913471e-32,0.0680581602
1.1272380972e-24,1.0724237542
5.1147522545e-32,0.0952372077
1.4591322763e-32,0.0631426160
1.4144998575e-32,0.0624184639
1.1345077777e-29,0.2779421141
8.3840602012e-26,0.8416597285
1.0652173020e-37,3.6661087924
1.3238088641e-24,1.0876868241
6.4878800651e-32,0.1018770872
1.2549723347e-23,1.3275501337
3.0764257134e-34,3.4697205098
4.4534391518e-24,1.2095722611
1.4139092062e-22,1.8259248896
1.4181965881e-28,0.3928474028
3.7493821340e-23,2.2817692110
7.5332048173e-24,1.2673279270
1.4546874086e-22,1.8577272865
2.1227394774e-26,0.7266721363
8.2065982844e-29,0.3657424595
2.7801680035e-28,0.4282226213
8.9542458692e-24,1.2872004208
7.5892476433e-23,2.1667381998
1.0320283638e-22,1.6871867712
1.3358333581e-22,2.0004005587
6.7302719466e-50,4.2006059924
6.3215185730e-25,1.0187714754
8.3041390867e-34,0.0109210521
3.1062116695e-29,0.3207834689
6.8712563202e-33,0.0466349505
6.6477716131e-26,0.8219583453
1.1164160706e-30,0.1912244979
8.5551930170e-27,0.6538811972
2.4316241962e-23,2.3368203045
1.6165420566e-29,0.2925988755
2.4922403665e-34,3.4753148856
2.7685060334e-25,0.9448868170
3.5687083083e-24,1.1862736451
9.3438044465e-24,1.2921744498
8.7631518770e-23,1.6427895593
6.1234967218e-30,0.2533889979
2.7174789538e-32,0.0783901253
1.2941197578e-22,1.7708116556
3.2920031806e-24,2.5272476995
3.7611098413e-24,1.1917482511
1.2282429783e-22,1.7474449109
7.4258951465e-29,0.3609356165
4.6635919580e-27,0.6077995818
3.4016193611e-32,0.0842280745
2.0230707498e-33,3.4185248905
1.4358017816e-31,0.1250864272
4.9413525331e-26,0.7969203098
5.8572256747e-29,0.3496969762
5.2841705457e-28,0.4643309024
3.3445333494e-27,0.5836243793
4.7773174733e-23,2.2468420377
1.9587195745e-25,0.9146261404
9.3280065827e-25,1.0546541079
5.1390242043e-25,2.6586988798
1.0121475636e-25,2.7552384396
8.8627108896e-26,0.8463884307
5.2762944291e-23,1.5365804388
5.7086581673e-26,0.8090827294
3.0984736132e-32,0.0817811520
9.8951598870e-24,1.2989213824
1.2490099709e-22,2.0318020907
1.6344412406e-27,0.5343671728
1.7605916649e-24,1.1152013841
8.6908194129e-31,0.1826786204
3.9794215925e-32,0.0884030662
3.3428843157e-31,0.1512954798
3.7107370150e-24,1.1903396407
8.4932810027e-27,0.6533159264
2.1594912921e-24,1.1352892265
1.2045014194e-22,1.7395814594
7.5280518652e-34,0.0096209026
1.3662601165e-22,1.8007801745
3.2267598964e-29,3.1121619148
7.1179008869e-24,1.2609101611
8.0343696710e-23,1.6219500660
1.4275918314e-23,1.3435618480
4.5656403645e-34,0.0041722119
4.4213437872e-28,0.4540582227
4.0043029659e-23,1.4893396361
1.9007358559e-28,0.4079484306
2.5980907312e-32,0.0772422867
1.2326112024e-22,1.7489186755
1.4575693212e-22,1.9285646371
6.1186407627e-25,1.0157981310
1.4231404398e-22,1.9572877911
1.3623274572e-22,1.9892044957
5.1792374903e-24,1.2257851645
3.6902398540e-23,2.2839421404
1.0351492838e-22,1.6880897422
3.9093141795e-28,3.0161190835
2.6440974923e-30,0.2217678233
4.7758785694e-25,0.9933732105
2.4007227864e-28,0.4203067402
3.2129101648e-24,1.1754112912
4.7381154157e-24,1.2161921780
4.5197263287e-28,0.4553156859
4.1459127796e-29,0.3337477036
3.4668796273e-28,0.4403582648
1.7597363099e-29,0.2961755420
3.2314850943e-24,1.1760045499
7.2688440417e-24,1.2632792897
1.2585404671e-24,1.0828676278
3.7902571228e-28,0.4453410581
1.7511113037e-29,0.2959678077
2.0507198872e-25,0.9186208303
5.5385222510e-27,0.6206119974
2.4689771931e-26,0.7390946660
1.2301211174e-25,0.8744336258
2.5197469117e-26,0.7407735084
1.1529140626e-27,2.9712196884
1.1899273384e-26,0.6798652773
1.2109054326e-23,1.3231723263
8.4946025547e-32,0.1095815080
3.1504306050e-24,1.1733928244
6.7577349246e-23,1.5842473148
1.4897295649e-24,2.5868906686
2.3069280776e-23,1.4068450553
3.2928872549e-33,0.0325440783
5.4750728522e-40,3.7819369801
1.3775570611e-27,2.9636105354
1.1204173910e-23,1.3137500830
4.2625391441e-65,4.6918561709
2.4556682016e-41,3.8460228536
1.4690370613e-22,1.8799076225
1.0453661683e-27,0.5055710517
1.3000269678e-24,1.0859569608
3.5009809346e-25,0.9656274091
1.7788789983e-48,4.1468444121
1.4112949766e-22,1.9645615910
2.1375709120e-24,1.1342775700
3.2317257136e-30,0.2291460708
1.2607055666e-22,2.0279040210
6.2842381693e-36,3.5692973626
2.1549495967e-23,1.3974587859
1.6592518391e-23,1.3627292316
7.7752879574e-26,0.8352487045
5.5105964454e-28,0.4667777673
3.4421427895e-27,0.5856841661
1.4823467853e-23,1.3483084043
4.4439018285e-29,0.3369128066
3.3725910228e-24,1.1804135801
1.2946880027e-22,2.0160674635
9.2201915036e-23,2.1241517539
5.2103154111e-27,0.6160366005
3.7055207391e-29,0.3286669337
2.1767516979e-27,0.5536122452
4.7810243034e-28,0.4585405829
2.9905990152e-26,0.7549503001
7.2152492973e-27,0.6407062826
2.4973888172e-29,0.3111970596
8.9100689661e-30,3.1582735980
2.1194999608e-27,0.5517958243
6.2763965400e-25,1.0181180738
1.3326871981e-22,2.0016639000
9.9239663776e-33,3.3735449377
1.2147867793e-32,3.3677020849
4.8903209163e-28,0.4598430735
5.0070070671e-25,0.9976298458
7.6153161803e-25,2.6331024838
2.3461095077e-24,1.1435409018
8.4693152853e-26,0.8425209954
5.5560783872e-23,1.5460505572
1.2803898915e-22,1.7657109254
1.9536830487e-24,2.5671771548
7.9210457184e-29,0.3640345184
2.8510515056e-27,0.5723063508
2.8347951345e-25,0.9469692356
8.1494781272e-24,1.2763102265
1.4465042499e-22,1.8496321898
1.5890811384e-26,0.7030862902
5.8721429838e-26,0.8114665377
1.2215631560e-22,1.7452081715
7.0683247182e-26,2.7749156140
1.2435351816e-23,1.3264263264
6.8012622017e-34,0.0083284103
1.4454314063e-28,0.3938152981
7.8859259484e-27,0.6475591356
9.1354083963e-53,4.3041002801
1.0535674868e-24,1.0660553821
1.4940022165e-26,0.6981025932
7.5365966270e-24,1.2673790695
2.1931907959e-23,2.3488642041
1.0402545271e-22,2.0929070011
2.0266759318e-25,2.7156062603
7.3026043515e-27,0.6416312914
7.1759447280e-28,0.4824401757
3.8700691644e-26,2.8068115939
1.9777212413e-52,4.2923075711
9.0335203800e-34,3.4407028044
2.1450817645e-24,2.5602259694
2.6798680352e-28,0.4262293514
1.1831047881e-22,1.7326819137
7.8167294084e-24,2.4538769860
4.2701850802e-23,1.4999057425
2.0810601592e-24,1.1316250565
3.3283142410e-27,0.5832769118
4.7131429267e-53,4.3141420416
3.7336044670e-27,0.5915371610
2.1210445697e-24,1.1335085600
8.1174767518e-26,0.8389102933
5.3382502146e-24,1.2290667840
1.5958470280e-33,3.4250920017
2.3880736784e-23,1.4116641919
1.2915326638e-30,0.1962612775
3.3389194018e-26,0.7641085824
1.4800498268e-26,0.6973460809
2.0823332291e-33,0.0246829495
2.6168811616e-25,0.9399369190
4.2892276433e-34,0.0036937990
9.0217170581e-28,0.4963961479
4.0688385348e-31,3.2612070469
1.3700009306e-22,1.9857422575
1.4171063037e-22,1.8279042749
3.8703596024e-28,0.4465164081
3.3222576027e-54,4.3538221618
2.4665097616e-27,0.5622008600
1.5450726708e-30,0.2025247888
1.1076491712e-31,0.1173423723
2.5282332370e-33,0.0279293573
1.1090140720e-33,0.0149627709
2.4243375167e-33,0.0272171422
2.9461790591e-31,0.1472852067
1.3963236677e-23,2.3978440651
1.1759434528e-30,0.1930146544
8.7028331396e-28,0.4941781494
9.7214568973e-23,1.6700119197
9.0832822908e-24,1.2888680710
1.4337592104e-22,1.8392334626
1.8737313880e-27,2.9503060120
2.2466034562e-26,0.7313262844
4.6835001345e-23,1.5155376003
5.7397184175e-23,2.2176459416
3.7324991309e-23,1.4780534033
1.3210040623e-29,0.2841901305
1.7639567243e-32,0.0676442774
7.2354762412e-27,0.6409213795
1.0173559624e-25,0.8581623592
7.9407271908e-43,3.9137866878
2.5747482077e-30,3.2008801776
2.4388095985e-23,2.3364706218
4.0919693349e-27,2.9155844346
4.0200787857e-27,0.5969028914
6.2190089406e-24,2.4743026845
5.0089094325e-23,1.5272673368
1.9447687840e-30,0.2106771743
8.8127920882e-28,2.9825826644
1.4170779796e-24,1.0942037644
6.6648210196e-64,4.6576020613
7.0081833521e-32,3.3157946251
1.7369143936e-23,2.3748601294
3.9217300654e-29,0.3312264768
1.2138615766e-24,2.6013637801
8.9607834987e-23,1.6484037096
5.3796108756e-23,1.5401084133
5.1040425516e-32,0.0951793774
2.1687647730e-23,1.3983326949
4.2345825926e-23,2.2646754540
7.3320703493e-72,4.8755015440
1.4459116226e-30,0.2001980786
1.1171237780e-32,0.0570378808
7.1646289079e-27,0.6401655374
1.3413253310e-23,1.3357721883
1.1700694886e-30,0.1928418193
1.8315873049e-29,0.2978706672
3.0137289276e-36,3.5872721996
6.6983144488e-40,3.7776750847
9.1584459568e-27,0.6591989552
2.2424584111e-26,0.7311745657
1.1575622801e-26,0.6776718290
2.4337214404e-24,2.5507025078
2.7835124029e-47,4.1003079702
1.2850739945e-27,2.9665887441
1.9178248088e-31,0.1338976127
6.9307021007e-33,0.0468114987
6.3477766403e-23,2.2003440179
2.5186165889e-26,0.7407364875
1.0490368789e-22,2.0905337486
7.7164618400e-31,0.1786690234
4.7044672123e-28,0.4576123458
6.7188993407e-23,2.1900986770
2.7693057658e-29,0.3157165117
4.4485931517e-24,2.5028392833
1.4324989013e-25,0.8875382090
3.8680703532e-28,0.4464831208
2.5415317287e-36,3.5914056912
1.1013187990e-22,2.0761643013
1.1760320000e-23,2.4151325543
2.7505995450e-28,0.4276418039
7.4573701788e-23,1.6051639582
3.0237757638e-23,1.4457119206
5.6916805023e-72,4.8783544160
2.9161184044e-23,2.3146872371
1.0933568916e-22,2.0783828589
2.2826661994e-23,1.4053790995
9.8027728716e-29,0.3743976397
1.4536585834e-22,1.9329064906
4.0911092051e-26,0.7810731987
1.1361396462e-23,2.4185305618
1.3799765571e-22,1.8073747466
2.8619249244e-33,0.0300663716
9.6998605748e-28,0.5008908015
4.5334343359e-27,0.6057101342
7.2046261933e-27,0.6405930925
1.8750241644e-26,0.7165268252
1.7212145045e-26,0.7095611836
3.7716435180e-27,0.5922705289
2.4989769384e-23,1.4180537604
2.0425157675e-30,0.2124316387
6.5092761805e-29,0.3546665721
5.3023783998e-29,0.3450538090
2.8449961336e-28,0.4294768977
7.9367863481e-24,1.2732783588
1.3360799684e-24,1.0885681468
2.8647658703e-33,0.0300836733
1.5451795970e-26,2.8530367661
2.2789836545e-23,1.4051555520
1.1602890067e-30,3.2273573825
4.0459274650e-23,1.4910230729
1.6038457382e-23,2.3833928760
7.3076367398e-27,0.6416842692
5.2097504971e-32,0.0957454751
2.8793986852e-23,1.4384786248
8.9488790374e-24,1.2871306178
1.6847922419e-23,1.3647074646
1.4417980342e-25,0.8880960696
2.2108856673e-46,4.0643499472
9.8506977125e-30,0.2722118260
1.6074865099e-24,1.1063579431
9.8773321032e-31,0.1870281977
4.0136909084e-29,3.1041281876
1.1940554281e-22,1.7361927335
4.4565461333e-27,0.6044502184
1.1011023371e-24,2.6081356125
1.1244745642e-29,0.2775798049
1.2209211377e-22,2.0408640507
2.7200582620e-25,0.9433342415
6.6368120094e-26,2.7783148482
9.4102897945e-29,3.0721178176
1.3528021856e-23,1.3368318313
1.9971219364e-26,0.7216780296
2.2398710448e-29,3.1254578642
9.3080984897e-23,1.6582601801
8.3212857723e-23,2.1475448059
6.8143341101e-23,1.5859683414
5.6468753272e-25,1.0085055943
3.5663062998e-23,1.4708789349
1.0641521415e-24,2.6104890335
3.0095406532e-25,0.9522417048
1.8457900523e-30,0.2088149126
4.1472698043e-25,2.6722432153
1.3904697611e-49,4.1888402188
3.7041024799e-28,0.4440518552
1.9284794810e-32,0.0698066234
1.8782633535e-33,0.0230058069
1.5673393873e-27,0.5316033959
1.6983723173e-23,1.3657495350
6.9823830834e-25,2.6388374221
1.0438213989e-23,2.4267722936
8.0571573802e-72,4.8744382186
2.7564555236e-32,0.0787553966
6.0320673824e-23,2.2092378274
2.9106441584e-57,4.4550724925
3.2299397242e-23,1.4556229245
2.9308452539e-32,0.0803366634
1.0253828612e-32,0.0551375969
1.0487470867e-32,0.0556344696
2.0839805229e-30,0.2131523995
9.2241449907e-30,0.2695675924
3.1809318629e-45,4.0168715765
2.5860245231e-30,0.2209578943
3.2313744748e-27,2.9262283272
8.3063610608e-28,0.4913176865
4.3371755818e-31,0.1596630270
2.0259301618e-27,0.5487310994
5.6111356267e-32,3.3225104880
7.2873469361e-29,3.0818327846
2.9535599814e-23,1.4422260667
5.9490046817e-29,0.3504260702
5.7883075311e-34,0.0064355223
1.3569194289e-22,1.7965007358
1.6714092221e-29,0.2940024545
4.1501784424e-23,1.4951906527
8.6244041573e-26,0.8440662238
1.3752782228e-22,1.8050702310
1.5898821957e-27,2.9574356498
2.5646717941e-26,2.8278620818
3.8804957369e-26,2.8066720448
1.0038108204e-28,0.3755637150
3.9603641570e-23,1.4875501641
1.8081336028e-24,1.1178033791
6.3075645220e-34,0.0074150024
2.6127292907e-23,1.4243897192
1.4027445443e-25,0.8857292276
4.3583556652e-23,2.2605009402
3.7263917669e-24,1.1907792304
5.4551168941e-25,2.6548783264
7.9589882714e-26,0.8372335410
8.3177777967e-23,1.6300892377
1.4912151595e-25,2.7333895236
9.2092144697e-26,0.8496583020
3.6778645105e-24,1.1894111372
1.4551917771e-34,3.4894957275
5.5710207683e-24,1.2337186493
6.3269013301e-34,0.0074511963
1.3319337805e-22,1.7857251772
1.5657382724e-26,0.7018894823
4.0150272742e-29,0.3322913246
1.3055783053e-27,0.5197091248
7.2776470070e-30,0.2601445352
1.2469411347e-25,0.8756000897
2.1491567299e-25,0.9227070926
5.2140998143e-23,1.5344382849
1.6310625947e-24,1.1077690405
1.3089874480e-22,1.7765090242
6.0459154041e-23,1.5620507467
4.9835618556e-23,1.5263699562
1.5146627855e-24,1.1006096400
1.2639917196e-22,2.0267939736
7.6301061435e-28,0.4861465236
3.3367849609e-36,3.5847960393
2.8981690902e-32,0.0800467241
2.1631054841e-27,0.5531831808
5.5132068174e-25,1.0063340670
2.2240356781e-24,2.5575152300
1.3135630997e-25,2.7406143499
3.3505075769e-26,0.7643970726
8.5810067278e-23,2.1407833588
3.1425085468e-23,1.4514764628
5.0423426590e-24,1.2228880318
6.8695865013e-23,1.5876429854
1.3980376043e-32,3.3636249705
3.4913986446e-24,2.5225652176
2.6254634122e-24,1.1548376600
3.0938414775e-24,1.1715332439
3.4529193788e-25,2.6836041525
9.3393324681e-35,3.5010653130
2.2926088119e-25,0.9283486375
8.6934553382e-26,0.8447454929
3.1128328436e-28,0.4344013340
9.6801332489e-23,2.1121159764
1.2391250987e-22,1.7511333719
1.0911111689e-22,1.7044792950
1.3068494554e-26,0.6873479065
9.5675789974e-25,1.0570216865
7.3812444806e-24,1.2650159784
3.3105959304e-32,3.3382929626
7.0198789496e-24,1.2593482473
1.4298020200e-22,1.8363583515
4.5761324406e-31,0.1614034411
3.7378800920e-32,0.0867274889
2.2965306581e-27,0.5572790426
9.1151836691e-77,4.9990903315
3.1301029618e-24,1.1727283307
5.4376885468e-24,1.2310754448
1.7749969434e-27,0.5398445765
2.5382784610e-24,1.1514344438
1.4493726927e-26,0.6956587051
9.9666608061e-33,0.0545139490
1.6407806712e-23,1.3612832531
5.9453389690e-23,2.2117137328
2.9551754591e-24,2.5357411221
2.9421050810e-23,2.3135734764
5.1098320554e-29,0.3433384429
1.2538210162e-23,1.3274373910
1.1589716673e-24,1.0750479283
7.9860636731e-23,1.6205568425
1.1168422094e-25,0.8661470640
3.0065681711e-23,1.4448630926
2.6255580559e-27,0.5665399245
3.7928219682e-23,1.4806041893
6.9875717221e-23,2.1828004497
6.9685095311e-27,0.6380368303
9.0575184548e-23,1.6511493440
6.7772220607e-27,0.6359069176
1.4718526693e-22,1.8949175268
3.0638487945e-23,1.4476753076
2.9117541325e-29,0.3179241867
2.5592455927e-23,1.4214369597
8.4759313620e-30,0.2661841311
2.4904905137e-33,0.0276734260
3.0460095958e-57,4.4544364761
9.9364879316e-23,1.6761514086
8.0657556057e-27,2.8842288302
5.9275092374e-26,0.8122591600
6.6115902688e-26,2.7785198206
6.2783226345e-27,0.6300812022
1.2816849871e-22,1.7661860285
1.0248821764e-28,0.3765869332
8.4023178048e-26,0.8418448895
1.1297956846e-23,2.4190795864
1.1734425535e-23,2.4153503406
4.6980877219e-27,0.6083445067
8.0926506609e-26,0.8386497681
9.6407386442e-29,0.3735799097
6.1952907817e-27,0.6290707445
1.3280144595e-30,0.1972297364
5.2035178037e-23,1.5340723995
1.7595528336e-27,0.5392619279
7.8965235499e-24,2.4529501477
6.3096534739e-23,1.5704040230
4.7475563234e-23,2.2477902350
4.1300406349e-27,0.5988714713
2.3446056457e-28,0.4190418278
3.9588017295e-27,0.5957847515
8.3899423201e-24,1.2796572380
5.0080184618e-25,2.6603448417
3.8776498415e-26,0.7765896139
1.3656630884e-22,1.8005018916
1.4677345152e-22,1.9129669045
1.3969320483e-22,1.9725267019
9.0139193223e-30,0.2686432392
2.1810156308e-28,0.4151925541
3.3409841712e-32,0.0837543868
3.8089223119e-33,0.0351839694
7.8398772664e-28,0.4877927037
5.0606981849e-33,3.3927994863
6.0297070726e-34,0.0068922529
1.3455882608e-22,1.9964004730
2.4921072292e-33,3.4127227440
3.3592714870e-28,0.4386076787
1.0004111088e-22,2.1035610004
6.9524077937e-29,0.3577912067
2.0270404055e-24,1.1290270569
3.3921578904e-23,2.2952382671
3.2704822757e-25,2.6869335156
2.2863936314e-28,0.4177006018
1.2160236601e-23,1.3236875203
6.3639445119e-32,0.1013328588
5.5813347445e-23,2.2222795075
1.2185860970e-27,0.5152848280
8.8460501103e-23,1.6451454797
4.0122924527e-23,1.4896636391
2.8086219968e-23,1.4348361082
4.2001198464e-23,1.4971632910
1.0075771153e-22,1.6801429858
1.9847256722e-48,4.1450164863
2.3766820489e-33,0.0268821368
3.3564333471e-31,0.1514244183
1.5684113704e-28,3.0524085146
3.1851999098e-30,0.2286093172
4.6270328627e-31,0.1617631355
1.2504709486e-24,1.0822557385
4.0863590790e-28,0.4495807202
5.9060253756e-24,1.2401225259
2.5622023404e-25,0.9380837358
3.9173538994e-31,0.1563752198
3.9456886373e-26,0.7780442898
4.8615910124e-30,3.1792826532
7.7349582516e-23,1.6132814950
4.9677076782e-32,0.0944335224
3.1534943531e-31,0.1494399919
8.8472689154e-31,0.1832828637
1.6513889008e-27,0.5350492804
1.5220721458e-25,0.8927710906
4.3461594365e-26,0.7861406719
1.4868734670e-25,0.8907514681
1.4715759580e-22,1.8995807753
7.7838044585e-67,4.7406826689
1.6818296264e-24,2.5781523744
3.4627498917e-24,1.1831445751
5.8230105926e-24,1.2385659148
2.1406876230e-23,2.3516411399
2.7483700568e-24,2.5413785438
5.2952120888e-24,1.2281871798
3.5211704330e-26,0.7685370951
1.4699639208e-22,1.9071349748
1.8598061059e-27,0.5429661662
6.8267260821e-36,3.5672565522
2.8788417711e-25,0.9483271327
6.6861926778e-24,1.2538853829
1.0930596264e-32,0.0565522712
4.7919656915e-25,0.9936757731
4.5468695452e-24,1.2117853047
2.1101026524e-43,3.9391677582
1.4248781333e-22,1.8329538656
1.6161836412e-24,1.1068807028
6.4970222909e-26,0.8200163505
1.3012790101e-26,0.6870059861
2.9569243113e-23,2.3129412904
2.5369837651e-30,0.2202606752
1.4513669580e-22,1.8542555030
2.4644100337e-33,0.0274947279
2.5637247964e-42,3.8909829983
1.0949856559e-45,4.0360302397
1.4650923926e-22,1.8716399336
2.8521726224e-52,4.2866894191
4.5384641462e-26,0.7897732843
1.0507078913e-23,1.3060467163
2.7175647818e-32,0.0783909346
3.0615944418e-23,1.4475653455
1.6627043986e-29,0.2937826217
3.1330679624e-23,1.4510238639
2.8235309534e-24,2.5392886465
1.1725974336e-24,1.0761541873
2.8373910194e-32,0.0794997788
7.3143037641e-40,3.7758117555
1.4491427221e-31,3.2935687375
3.8339377771e-24,1.1937552112
1.4700103358e-22,1.8827763942
1.3915936292e-22,1.8133085849
2.7406405400e-23,1.4312735921
3.7839392885e-27,2.9191269857
1.4847520485e-23,1.3485136113
4.9765728133e-25,0.9970801789
3.4757210043e-30,0.2318488288
1.0231188017e-32,0.0550889541
1.0579858017e-28,0.3781565308
2.5624087711e-29,0.3123173137
1.4033249512e-31,0.1243976442
7.7863796660e-28,0.4873766296
1.4798164755e-27,0.5278364529
9.9557150382e-25,2.6150565901
5.3700663958e-26,0.8039258599
9.7965828654e-37,3.6142950721
5.8251008565e-27,0.6244096395
7.5730397381e-26,0.8330097073
3.4085016785e-23,2.2946030125
4.5617148272e-28,0.4558449343
1.9289813725e-25,2.7185002593
1.4409924733e-25,0.8880478824
4.9155471732e-24,1.2201419846
5.2458627669e-23,2.2323000079
4.8370854149e-23,1.5211316000
1.1025229463e-22,2.0758277006
1.2342440663e-25,0.8747209841
1.8616961701e-25,0.9102111985
1.4611023276e-33,0.0190626835
4.1724586066e-32,0.0896785637
3.3251384569e-25,0.9610580958
2.6084646153e-23,2.3284160842
1.2417292257e-22,1.7520246721
9.7370700654e-35,3.4999818185
7.5785074336e-28,0.4857354512
1.7164741755e-25,2.7252905897
2.1800323977e-28,0.4151686436
7.7904934187e-45,4.0005990653
3.6765535791e-23,1.4756628488
3.0365605850e-23,1.4463403335
1.3246518630e-54,4.3673739959
1.8103459053e-27,0.5411614191
1.1986236629e-22,2.0478000611
3.1214632486e-26,0.7585067922
2.1254609410e-27,2.9447954977
7.4266713442e-34,3.4460302130
6.5074643496e-26,0.8201522815
4.1689838466e-40,3.7876770953
6.1413208378e-24,1.2444327264
1.6503003422e-33,0.0209494631
8.3892093092e-29,3.0764943024
2.3784332745e-26,0.7360162761
9.4030928321e-26,0.8514357938
5.4799375803e-26,0.8056332419
3.4311069525e-26,0.7663772083
3.2551169605e-31,3.2682816370
1.4468439635e-35,3.5485960983
1.3138267002e-22,2.0089950465
2.6818416736e-29,0.3143088955
1.6315002083e-26,0.7052190276
1.4443404729e-32,0.0629046997
2.4475710416e-23,2.3360452196
6.1061489092e-23,1.5639733034
5.1809540579e-32,0.0955922911
1.8175277109e-26,2.8450572236
1.9622613907e-24,1.1258265709
9.2407433392e-28,0.4978796544
1.6074600903e-28,0.3992542971
2.1375560498e-23,1.3963523397
8.6529379896e-25,2.6245650316
1.1460725437e-22,1.7210832539
1.1482527953e-22,2.0628084348
2.5135703775e-28,0.4227719253
4.4152939105e-23,1.5054964631
1.8984760833e-23,1.3803837019
8.9653229847e-30,0.2684267412
4.5873156415e-24,1.2127308320
3.3406630438e-27,0.5835416017
2.6350505085e-25,2.7000252159
9.6720754844e-23,2.1123277851
7.8487944176e-23,2.1599007150
1.0704789198e-25,0.8625162783
1.7925149955e-26,0.7128610359
9.2874372349e-32,0.1121722623
1.0180933167e-22,2.0988537713
6.9377134615e-30,0.2582639619
1.5768007979e-23,1.3561711648
1.6311011407e-25,0.8987503762
1.0810670004e-27,0.5076840841
9.6304808307e-28,0.5004439843
1.0343200809e-22,1.6878497355
3.0219438957e-56,4.4220406781
5.2880728839e-27,0.6171437755
7.8532500651e-28,0.4878963160
4.5314222940e-28,3.0101167163
3.2779878529e-27,0.5821890151
1.1139841061e-22,1.7113150471
1.5774805781e-26,0.7024936216
5.0039300115e-25,2.6603968324
1.8431753013e-29,0.2981383233
7.6245690005e-25,2.6330218625
2.6675128729e-26,0.7454803288
2.2271478418e-26,0.7306118158
1.7301001482e-31,0.1307416953
1.0990040261e-27,0.5087224870
1.8826651092e-32,0.0692207063
5.9125226763e-25,1.0126800117
2.6431038388e-28,3.0318433240
1.0372747929e-22,1.6887052738
1.9633979111e-23,1.3848688638
5.0656174723e-32,0.0949709891
1.0995667880e-43,3.9514992313
3.7170333006e-26,0.7730546100
1.0602064273e-22,1.6953778158
4.0836904352e-30,0.2378866782
8.6637772843e-23,2.1386306594
2.5638417461e-34,3.4745638779
5.3028901646e-24,1.2283445631
2.1704079319e-54,4.3601095090
2.8087388986e-27,0.5712560926
1.7039838620e-25,0.9025343288
1.0525405322e-26,0.6701359045
4.6034393330e-31,0.1615968725
1.1982844817e-22,1.7375598100
7.7857271527e-28,0.4873715391
8.2289706104e-26,0.8400707840
3.9163411569e-26,0.7774198567
9.4449035763e-27,0.6616111988
2.4597294246e-26,0.7387852838
1.3673154419e-32,0.0616318397
4.8408646237e-25,2.6625024079
1.8365035734e-25,0.9090283226
2.5414313656e-25,0.9373697406
6.8349667974e-33,0.0465265599
3.9528895266e-28,0.4477048534
9.6018409790e-31,3.2335506807
1.3605453454e-30,0.1980725958
9.1466194529e-33,0.0526478141
8.9027149945e-23,1.6467549621
7.0468398601e-26,0.8268984464
2.6468295778e-26,0.7448368750
2.1630669771e-23,2.3504515335
5.8519933124e-29,0.3496550972
1.0554362769e-24,1.0662220033
1.8770996884e-24,1.1214681847
1.0890309949e-26,0.6728310182
1.0832720970e-26,0.6724113402
7.0615197017e-29,0.3585327172
5.0482392060e-23,2.2383492220
6.0191222607e-25,1.0143052773
7.3384906514e-24,1.2643581050
9.0518320882e-28,0.4966020039
3.0390818604e-29,0.3198153917
1.0543802634e-22,2.0890847483
1.5974983328e-36,3.6026034638
2.5392618262e-35,3.5344441004
2.3493437846e-24,1.1436785539
1.5490975397e-24,1.1027791400
1.0222456000e-30,0.1882016287
6.9191068498e-31,0.1750178881
4.9638434764e-24,1.2211952536
3.8636516977e-24,1.1945642687
2.5037006945e-23,1.4183211279
5.0169889218e-48,4.1294542386
7.2482033748e-26,0.8292881911
1.3418918569e-28,0.3900432527
4.2116361101e-23,2.2654570315
9.3812202245e-24,2.4369556037
1.2426541155e-29,0.2816707824
4.9282182380e-56,4.4150608410
8.5300973817e-23,2.1421077673
4.8529095827e-23,2.2444476492
4.5954582197e-23,1.5122811339
4.6792123241e-24,1.2148519472
5.5357859357e-32,0.0974287029
1.0708041533e-23,1.3083104849
8.6768272936e-24,2.4442667185
6.2751495764e-34,0.0073542671
1.0099279423e-25,0.8575359350
1.5927104264e-27,2.9573588193
8.6933129361e-33,3.3773551360
7.8267620247e-52,4.2711051245
4.3960015499e-37,3.6332370665
8.5168043435e-74,4.9251264089
1.3499688089e-22,1.7934120760
9.9463714392e-24,1.2995317640
1.0543796271e-56,4.4369775011
1.4462614185e-48,4.1502945748
7.2977030482e-28,0.4834538186
9.4355111728e-23,2.1185295254
6.2993196599e-25,1.0184505722
4.3281942762e-31,3.2592397827
8.7088242371e-24,2.4439243988
2.0930679415e-24,2.5620596648
1.4006020161e-22,1.9705652347
1.3320369311e-22,2.0019234730
4.5807177861e-27,0.6064753832
1.3061054626e-22,1.7753892824
3.2509145485e-29,0.3228067554
5.4465922496e-31,0.1670948273
3.0977738478e-31,3.2698463838
4.2597280386e-23,1.4994982630
1.9571854935e-23,2.3617535073
1.4649782687e-22,1.9182446014
9.1837615075e-27,0.6594149385
3.2576021952e-23,1.4569182935
2.1605793645e-24,2.5596871105
1.4110363350e-22,1.9647124577
1.3020629055e-27,0.5195354737
4.4228517377e-28,3.0111051099
7.3174198045e-53,4.3074736526
2.6994321082e-30,0.2225243425
4.9644369988e-24,1.2212081410
2.7857810815e-24,1.1608361065
1.2244637139e-22,1.7461769636
6.5731309784e-24,2.4694307507
7.6862329623e-31,0.1785371886
1.2529516335e-22,1.7559064995
1.5543381675e-29,0.2909537164
1.4693650646e-22,1.8808094353
1.7414209501e-32,0.0673349114
2.3562112690e-26,0.7352435120
2.2416351632e-25,0.9263841460
1.4513905485e-22,1.8542791597
3.2921537870e-31,3.2679240070
1.1987886709e-22,2.0477494709
2.8837649686e-23,1.4387011873
8.4105475140e-27,0.6525545688
3.7070022855e-40,3.7901438113
5.2333225912e-28,0.4637685991
2.4239990430e-29,0.3099000425
1.1301220056e-23,1.3147904059
2.8454448260e-31,0.1461864230
1.0435995182e-32,0.0555257892
2.5277547267e-27,2.9371607445
2.8802491939e-28,0.4301482412
3.2287240844e-24,1.1759165617
1.6127274705e-24,2.5811895482
8.9339387241e-23,2.1316051910
2.4892937021e-27,0.5628374671
5.5158475883e-26,0.8061840314
2.6440729245e-32,0.0776896813
1.2331174529e-24,2.6002635667
1.3940758760e-22,1.9740223737
1.3844750442e-22,1.8096305101
1.4306476426e-22,1.8369615982
3.1351351586e-30,0.2280235571
6.2483828503e-24,1.2463462940
1.9759724469e-42,3.8960791400
1.8495173266e-29,0.2982841566
9.1157887559e-24,1.2892849957
8.6352099130e-25,1.0474716905
2.5625731705e-23,1.4216220082
1.3962599209e-22,1.9728810273
3.4015853442e-25,0.9630724254
7.5823533915e-23,2.1669204514
8.7646693414e-33,0.0517312974
6.9329850878e-34,0.0085676976
1.3963482584e-32,0.0621184845
3.7199764558e-30,0.2343838499
1.1670231392e-25,2.7472869991
6.4603813976e-35,3.5105999676
2.2461877313e-25,2.7095437705
2.8610096062e-26,0.7512767025
1.2296455500e-39,3.7647597462
1.1943858384e-27,2.9697143124
1.6414153286e-23,1.3613331525
8.1839416483e-33,0.0502729428
5.2992209672e-25,2.6567368974
1.2717098930e-22,1.7625569635
6.7388335790e-27,0.6354728433
6.6231493390e-25,1.0230291467
1.4176665590e-22,1.8282566109
4.1223010015e-24,2.5091188757
8.9571537308e-56,4.4064974046
5.1702276084e-34,0.0052712005
9.1877059160e-27,0.6594485411
2.0779566317e-30,0.2130485219
1.3460527114e-30,0.1976994477
1.0390556439e-30,0.1887598211
5.9096327056e-23,2.2127374664
1.1547890917e-22,1.7237787686
2.3899617077e-24,2.5520809659
6.2510780832e-28,0.4741988946
1.4889740954e-40,3.8091597650
4.6165904674e-47,4.0916018514
9.6019138359e-23,1.6666080973
9.6903218811e-32,0.1134118936
5.6218387017e-23,2.2210889590
5.1759477183e-24,1.2257163391
2.0640490979e-31,3.2825870270
9.7853188443e-26,0.8548375209
2.7017179875e-29,0.3146324296
5.3561227301e-26,0.8037067409
1.5380123292e-59,4.5269999170
1.9899416820e-25,0.9160018370
1.5060701837e-25,0.8918586308
1.8905882058e-57,4.4610986105
3.2456056347e-23,1.4563574779
3.2030364839e-25,0.9577466001
7.6750726067e-28,0.4865027514
3.8764780973e-23,1.4840972407
2.1196273866e-27,0.5517999153
2.1205222086e-33,3.4172182041
2.5239962655e-29,0.3116586820
1.3409127066e-24,2.5943716628
1.0584306860e-28,0.3781773198
8.3000423996e-32,0.1089119431
1.0477871565e-22,1.6917566187
6.8265666209e-31,0.1745688939
2.8475990705e-23,1.4368502424
3.0206452145e-41,3.8418339884
4.7126413939e-28,0.4577120955
1.1250777454e-28,0.3812056134
1.5329778143e-26,0.7001809487
3.0964227370e-32,0.0817638960
1.1686840160e-31,0.1189308176
7.8155130013e-32,0.1071799400
1.9863303314e-29,0.3013234155
7.5639798490e-23,1.6082918153
2.9608360953e-23,2.3127747682
2.6861494254e-24,1.1571464084
5.8784944957e-28,0.4705688655
1.7060336494e-23,1.3663344880
1.0876221204e-24,2.6089859429
1.5218158071e-25,0.8927565475
1.2629923266e-22,2.0271322774
2.4856421742e-23,1.4172969484
6.7102836179e-25,2.6414475351
1.2911024683e-22,1.7696782447
3.8965816832e-25,0.9751507840
1.0588713723e-24,1.0665275580
5.4222814526e-23,1.5415547195
9.4025772595e-27,2.8769768693
6.5707831061e-24,2.4694623292
5.1636606721e-32,0.0954999302
8.2850489550e-31,0.1810626812
1.4692456611e-22,1.8804746658
1.8092366027e-26,0.7136167913
4.7487177201e-24,1.2164318445
5.0413699849e-24,1.2228671997
8.4896562564e-26,2.7649392377
2.7778382039e-24,1.1605463819
3.7326058060e-23,2.2823834308
6.8637153129e-32,3.3164255130
1.9142934316e-27,0.5449056998
1.0614395180e-22,1.6957383987
5.0631465559e-26,0.7989690964
3.9055906082e-23,1.4853011010
8.6443074762e-23,2.1391369812
1.2435948535e-33,0.0166369998
4.0008817476e-23,1.4892007642
3.0367443680e-28,0.4330422602
7.9318478069e-28,0.4885021447
2.1613604810e-56,4.4268084991
6.8729373482e-29,0.3572444400
3.4885074933e-25,0.9653106253
3.5109541371e-23,2.2906643154
5.9263713297e-26,0.8122429427
1.2011609320e-22,2.0470209933
7.0703904136e-23,2.1805682084
6.7834211810e-26,2.7771375083
5.4273912906e-23,2.2268412682
1.8606859870e-25,0.9101640668
3.5465014338e-26,0.7691349093
7.9268783868e-26,0.8368898545
3.3166908352e-28,0.4379010781
3.5453431171e-23,1.4699579310
3.3857887500e-26,0.7652694779
1.4134537777e-22,1.9632902341
3.3778388535e-24,1.1805743307
1.6435348613e-28,0.4003975281
1.7154219789e-24,2.5767153346
2.9406770991e-34,3.4709214990
7.9393698530e-27,2.8849720838
4.8221037213e-23,2.2454210328
1.1610146365e-27,0.5122002983
1.8642429103e-27,0.5431259718
1.4840785245e-29,0.2890211732
9.8280692932e-23,1.6730528199
3.8372854007e-23,1.4824670568
6.5507712323e-23,1.5779035348
5.5282538364e-26,2.7880910393
5.5232496353e-26,0.8062971287
1.4717940968e-22,1.8927351410
3.7997408465e-24,1.1928171162
1.6964334444e-23,2.3774021417
3.3958937986e-24,1.1811256760
3.6009579277e-32,0.0857346673
1.0891474233e-27,0.5081537476
6.2834026674e-33,0.0448183390
5.7883805799e-24,1.2379108123
4.0284541464e-24,2.5110029576
5.5864092161e-31,0.1679284231
9.3267452179e-24,2.4375049202
2.5688442916e-46,4.0617148290
3.1646855103e-29,0.3216112450
1.2722788888e-46,4.0740165024
3.3660815841e-31,0.1515159381
4.0348571724e-33,0.0362485104
7.5633068246e-55,4.3755836234
3.5012688400e-23,1.4680093207
2.7382010350e-23,1.4311445496
6.2384653363e-32,0.1007719805
1.9155697881e-58,4.4927477652
3.2264211893e-24,1.1758431208
1.3848577263e-53,4.3325759005
1.4641486948e-22,1.9196139384
5.3680226531e-23,2.2286167458
1.4105975216e-24,1.0937640183
7.3420819849e-29,0.3603925603
1.1366049658e-26,0.6762206197
4.5918896772e-35,3.5193688811
4.2162994980e-31,0.1587481064
1.4047930505e-29,0.2867367731
7.8088547970e-25,1.0381596872
1.6087505389e-26,0.7040818659
4.6180656936e-23,2.2519534696
6.3078665526e-27,0.6304377931
1.6237128396e-67,4.7594777118
9.8385961303e-44,3.9535929672
5.3777530467e-24,1.2298686551
1.6420882565e-26,0.7057431496
2.9972338837e-24,2.5346364293
5.2629519185e-27,0.6167877083
1.2798133098e-31,0.1216356166
1.4099449910e-22,1.8235394422
3.2772461313e-29,0.3231660468
5.0149778966e-31,0.1643887124
2.4789909839e-24,1.1490589269
1.8218692810e-44,3.9850089858
1.9056758396e-27,0.5446022357
4.4036256104e-23,1.5050512023
3.3262992445e-31,0.1511369808
5.1678519515e-28,0.4630373794
1.2223766451e-22,2.0404038895
2.7789037978e-25,0.9452166116
1.6089967468e-28,3.0514121183
2.6997267555e-30,0.2225283321
1.0660243109e-25,0.8621593811
4.0064418158e-24,1.1983762509
6.6070674971e-36,3.5680630296
8.1854156346e-27,0.6504471659
2.3362127321e-25,0.9299958618
2.7779459290e-27,0.5704828545
1.8154860478e-32,0.0683392889
9.6377892385e-43,3.9100417510
5.4831272459e-25,2.6545494794
2.4300995010e-23,1.4141113287
1.4742452618e-27,0.5275900427
2.0935749620e-28,3.0410831973
6.4893991310e-27,0.6325959134
5.6582181849e-36,3.5718791813
2.1402359271e-31,0.1372833993
5.3968060312e-26,0.8043445115
3.6133727971e-46,4.0557075126
4.5639382126e-27,0.6062046383
4.2088877999e-32,0.0899133742
2.5474273324e-23,1.4207782809
1.0459428961e-22,1.6912204219
2.3373044544e-23,1.4086639604
1.6033788562e-29,0.2922556445
1.7789065419e-23,1.3717960213
1.5129304932e-32,0.0639912370
1.1719670103e-27,0.5127973807
3.0761623224e-28,0.4337500956
1.2465715005e-23,2.4093398723
1.6896324176e-28,3.0495020253
2.9348674460e-28,3.0276626885
2.4860826305e-27,0.5627480612
1.0039907808e-22,1.6791139289
3.3415272898e-26,0.7641735910
5.9646444615e-30,3.1722388099
8.2291543262e-27,0.6508607518
4.8800809542e-27,0.6111608471
1.9819540062e-39,3.7545282693
1.1519136437e-27,0.5117003380
3.0471269502e-28,0.4332294974
7.6649854289e-34,0.0098564294
2.9766376248e-31,0.1476105188
2.8621165253e-52,4.2866359278
1.5057213235e-37,3.6581558266
7.8370777926e-33,0.0493609334
1.2692457691e-24,2.5982397575
1.4091228084e-22,1.8230536039
7.9372257676e-23,2.1575804651
4.8218892267e-27,0.6102708231
4.6551704227e-27,0.6076659944
4.9773912092e-33,0.0402233574
1.2603307396e-29,0.2822516732
1.1911716891e-27,0.5138325153
6.1910331694e-23,1.5666675258
4.9961935024e-30,3.1783446352
1.0033507016e-28,0.3755411552
8.9528805366e-24,1.2871826662
4.3314166883e-32,0.0906901100
5.5041597232e-23,2.2245589840
1.6898864734e-23,2.3778175327
3.5961309782e-28,0.4423977840
1.4687834047e-22,1.8792455520
1.9024131011e-32,0.0694747308
4.4316119046e-28,3.0110245046
5.8551357678e-53,4.3108562934
5.7683323121e-24,1.2375299833
8.3198958902e-24,1.2786908468
5.7314795248e-33,3.3892642259
3.9120946363e-30,3.1867160522
4.7976802448e-23,2.2461950843
8.5912046443e-29,0.3679594325
4.2102914935e-23,1.4975632209
7.0035593090e-24,1.2590863714
3.0037505465e-25,0.9520717808
6.3427348948e-32,3.3188132517
7.6930429312e-31,0.1785669307
1.4215451249e-26,0.6940985746
2.4373066957e-33,3.4133427945
1.8772759713e-32,0.0691509913
1.0513421939e-22,1.6927913046
2.4223863103e-23,1.4136646081
2.1711486707e-29,0.3051376816
1.1842162648e-22,1.7330364110
3.6467227080e-52,4.2829083723
1.0860448323e-22,1.7029774346
7.1510179658e-26,0.8281430316
8.3031165551e-23,2.1480183812
3.4419006685e-23,1.4653576864
2.6916759821e-28,3.0311175959
1.7902934163e-28,0.4048264807
2.7208013386e-32,3.3441071523
4.2468534511e-27,2.9138975535
9.3280166693e-23,1.6588255651
6.9136639763e-64,4.6571413075
1.5608724436e-23,1.3548724784
3.0739735609e-31,0.1486296100
1.7961917787e-25,0.9071023816
4.2479572155e-26,0.7842247344
2.9626611299e-26,0.7541715288
4.5898919927e-30,0.2423092892
7.0472782850e-23,1.5929940381
3.7475299233e-26,0.7737370968
2.2758403000e-25,2.7087668244
1.8629440788e-29,0.2985913940
9.8985011083e-24,2.4318632059
7.3914752140e-34,3.4461591351
8.0680804639e-23,1.6229212351
8.3887840189e-31,0.1814827277
1.0595879643e-31,0.1160336729
4.6850758470e-23,1.5155955442
3.6810338816e-23,1.4758551919
1.4382939648e-22,1.8427088819
7.8633318371e-26,2.7691283825
1.1949171063e-22,1.7364707558
2.3229495115e-29,0.3080540426
3.6919243967e-25,0.9703461370
4.0865579869e-29,0.3330925386
1.8129181970e-28,0.4054799068
4.1009739876e-41,3.8356271341
4.1571629173e-24,1.2022705414
1.4526803384e-22,1.9339180952
1.3949816243e-22,1.9735508790
2.3352679447e-23,1.4085425817
1.3509493313e-55,4.4005839148
9.9855776257e-30,0.2727607529
2.0460484313e-24,1.1299483769
1.4591235007e-22,1.9266768664
2.3279083692e-27,2.9407966213
7.7215253849e-32,0.1068326497
1.4608809835e-22,1.9243983699
5.8055320834e-38,3.6799458781
9.9042133325e-23,1.6752282914
1.2605129140e-23,1.3280914984
3.4175682168e-26,0.7660477715
2.0230460414e-25,0.9174377982
2.1085781832e-24,1.1329248321
7.3722127552e-23,2.1724935916
1.8827538960e-24,2.5699049857
5.4785549936e-26,0.8056119653
3.9213358085e-23,1.4859497304
6.1102927845e-37,3.6254858257
1.4441227467e-22,1.8475252686
2.6941112164e-26,0.7463007527
1.4633697582e-22,1.9208342182
6.6213877266e-26,0.8216215903
2.0060017463e-31,0.1352816968
7.4826265556e-24,1.2665629289
2.6883652501e-32,0.0781143069
4.2697080726e-29,0.3350870471
4.5663405715e-23,1.5111958167
4.0557059471e-23,1.4914169127
3.3175597797e-30,0.2301177854
1.4331248799e-23,1.3440481774
1.7571083245e-41,3.8527692333
1.7478489779e-31,0.1310533955
2.5641733558e-25,0.9381511983
1.8332686241e-62,4.6154923693
2.2205089579e-27,0.5549721208
2.2360685260e-24,1.1387511607
1.0249751557e-22,1.6851495424
3.0969092887e-26,0.7578506412
2.4140411777e-27,0.5607146873
2.0817721151e-24,1.1316588825
7.3082425656e-31,0.1768463748
7.1017799965e-31,0.1758879217
8.4268930364e-23,1.6332092958
2.2944764115e-28,0.4178886552
6.5493884803e-23,1.5778608721
1.5017735946e-31,0.1264421630
7.8004415917e-32,0.1071245077
1.0513951834e-33,0.0141968507
1.4367350617e-41,3.8568116265
6.6291318676e-23,1.5803150520
1.4229686484e-30,0.1996385835
2.4095643036e-34,3.4762087812
8.0163807803e-25,2.6296858646
1.4855311786e-23,2.3914430567
2.0516902149e-29,0.3027081510
2.0475931915e-26,2.8391476269
1.3554307058e-52,4.2980862137
1.9379596731e-36,3.5979557773
8.5173864028e-24,2.4459879030
1.1615372308e-23,2.4163565423
1.0341201157e-24,1.0643048618
1.1222876378e-25,0.8665638084
8.9659767459e-23,2.1307717426
1.2828161220e-22,2.0202976112
1.6896651662e-42,3.8991342689
1.9652171578e-25,0.9149141779
6.1934856239e-23,2.2046681628
1.3814996211e-24,1.0917661312
6.5267989305e-32,0.1020460447
3.3223230613e-23,2.2979749243
3.9331926600e-29,0.3313585446
1.0828479906e-29,3.1514193789
4.0487360056e-23,1.4911362534
4.1812698996e-25,0.9814471517
5.5037660692e-29,0.3467882040
1.8106414121e-26,0.7136799797
1.9662998691e-32,0.0702814574
5.1712520574e-24,1.2256180342
2.7234750195e-26,0.7471974384
2.7971458893e-23,1.4342391861
2.9453001467e-24,1.1665017667
4.9031635095e-48,4.1298411309
1.0289308718e-32,0.0552136475
1.1592220403e-26,0.6777857057
1.1732388972e-31,0.1190462657
5.2725584613e-30,0.2476080691
2.8504499971e-26,0.7509703002
5.5930099235e-26,2.7874718550
2.2071507524e-31,0.1382378305
3.1475645940e-25,2.6892733488
7.0064284486e-26,0.8264108127
2.0816777930e-32,0.0716834687
5.6316636467e-28,0.4680495718
2.5028718010e-30,0.2197682822
1.8935796250e-24,2.5694828924
2.8033494881e-36,3.5890290185
2.1663379672e-23,1.3981794939
1.7570459146e-27,2.9531035056
1.2995089676e-22,1.7728546193
2.7155626627e-25,0.9431888246
5.8410231260e-23,1.5554404421
1.9005839891e-39,3.7554297458
4.7355529211e-26,0.7933436782
1.0200458011e-26,0.6676614180
3.1572198917e-27,0.5795161258
1.4637678525e-30,0.2006278258
1.4526636627e-28,3.0553923138
2.5660738012e-29,0.3123796820
4.5624518330e-26,2.7982280575
8.3735096733e-31,0.1814211847
1.9943648827e-30,0.2115773764
6.3301521879e-25,2.6452578999
1.1023889196e-25,0.8650312432
7.4339241484e-32,3.3140064830
1.0535376133e-23,1.3063676662
8.2314905849e-24,1.2774611618
2.0257115863e-27,0.5487237944
6.8349809755e-24,1.2563498164
4.5858222053e-23,2.2529999409
2.7835138308e-56,4.4232109669
7.3711371958e-28,0.4840579240
7.1094102497e-23,1.5948532699
6.6189222662e-27,0.6341022080
3.4470872929e-23,2.2931109182
1.4416897274e-24,1.0958570399
1.0282050516e-27,0.5045324822
6.0582677650e-29,0.3512808117
1.7393232517e-28,0.4033266853
1.5688374154e-26,0.7020493492
1.3917043311e-31,0.1241475923
4.9293011887e-39,3.7347936885
9.7299548271e-24,1.2969339348
2.8411943237e-30,0.2243987164
8.6313631796e-25,1.0474303196
3.4626136012e-27,0.5861094974
1.2760610083e-22,2.0226569754
5.2476448569e-50,4.2046221070
1.3344691976e-22,2.0009498704
2.8502409886e-74,4.9371397176
1.0639234562e-24,1.0669752658
2.7153038979e-30,0.2227386810
9.3430652651e-27,0.6607615086
1.3590660547e-24,1.0901989908
1.8603592190e-36,3.5989402383
7.5176714257e-27,2.8875354350
1.0981977504e-22,2.0770354197
3.4428391882e-31,0.1522354011
1.1682955719e-24,1.0758062248
1.7154809578e-24,2.5767128333
5.4849103329e-24,1.2320180316
7.8640096481e-29,0.3636866817
1.3577343123e-22,1.9912249378
8.3655624408e-29,3.0766016095
1.3780903006e-30,0.1985194021
7.6480569133e-30,0.2621036784
4.1963690284e-26,2.8026020337
2.4171483879e-30,0.2185028352
3.9727045258e-24,1.1974866722
2.7520613848e-50,4.2149950021
1.0307552829e-30,3.2312344817
4.1568128315e-33,0.0368030377
4.4047273308e-25,0.9861084202
7.5039097119e-38,3.6741126688
5.6616297247e-24,2.4824591560
5.7366813345e-60,4.5402245614
1.3563337197e-32,0.0614455160
1.8098792147e-26,0.7136457018
3.2036783107e-24,2.5293999534
2.6420716964e-25,0.9407781401
1.0032313211e-22,2.1028122316
2.9114760066e-24,2.5369033519
1.4019910009e-26,0.6929849155
4.7694388706e-25,2.6634449497
2.2214893443e-27,0.5550023153
8.2245589076e-27,2.8833103548
4.6001366470e-25,0.9900030806
1.0567333871e-24,2.6109702864
3.4699092865e-23,1.4666125668
1.2166649516e-29,0.2808027819
3.9977283190e-23,2.2728654963
5.3398596643e-31,0.1664448694
2.1164612025e-30,0.2137077386
4.8525290434e-23,1.5216882384
1.7902855545e-30,0.2077295143
6.3814672129e-28,0.4754238894
8.0576662078e-25,1.0410574296
1.4145720169e-22,1.8263310052
3.1292426587e-32,3.3399654356
3.5097972401e-29,3.1090743976
5.6214145883e-28,0.4679428538
5.1488167820e-49,4.1674027578
2.3903668090e-25,0.9320007399
7.3870982045e-33,0.0481272364
3.3731893551e-26,2.8139055149
1.0386384039e-22,2.0933426440
1.9243608732e-30,0.2103005398
7.2803536860e-24,1.2634581872
7.1254263241e-30,0.2593126582
5.2136273659e-29,0.3442703218
5.5003402282e-24,1.2323244786
3.4274670697e-24,1.1820835265
1.3779974164e-22,1.8063978100
1.1807938971e-22,2.0532075917
9.7119752609e-23,1.6697417322
4.8020845153e-23,1.5198661632
4.2819513945e-23,1.5003634858
2.0810539271e-25,2.7140503648
1.4550653557e-22,1.8581424878
2.8587173728e-30,0.2246243486
1.4312125133e-51,4.2617200130
4.3618059394e-24,1.2073613424
1.4679845975e-22,1.9124096561
9.5466449171e-71,4.8463644460
2.4341136701e-24,1.1472261531
1.7676534645e-26,0.7117248611
6.4210732986e-30,0.2552364317
8.3529552912e-30,0.2656018711
9.9744036210e-28,2.9773638919
1.9679410564e-25,0.9150346536
1.1395521972e-31,0.1181824592
3.1931325008e-23,1.4538871338
6.1588265448e-26,2.7823284734
2.3505820429e-25,0.9305321831
7.4047357559e-24,1.2653760492
1.3165725560e-25,2.7404846484
2.8156841249e-29,0.3164464764
3.6654345481e-25,0.9697056791
5.6378602507e-27,2.9009217549
4.6743902683e-28,0.4572439804
3.3137836589e-26,0.7634794672
2.0388242824e-27,0.5491608016
7.2716153133e-28,0.4832379082
1.0388210431e-25,2.7537922203
7.1921717777e-24,1.2620812583
1.1446956590e-22,1.7206592333
8.2502407213e-31,0.1809206313
8.1209265860e-29,0.3652357887
6.6702066530e-30,3.1683673321
3.6936431461e-23,2.2838165219
3.9009453383e-33,0.0356236223
2.3037032919e-26,0.7333893292
1.2232618040e-28,0.3853831458
1.4193588198e-22,1.8293312708
2.2762744798e-25,0.9277237631
2.8150594774e-23,1.4351701675
1.9117097814e-33,0.0232904255
6.0520352533e-31,0.1705700716
9.4647215832e-26,0.8519933134
1.6635308632e-25,0.9004539585
1.4179990085e-22,1.8284664843
8.9048094124e-25,1.0503288943
3.4576909442e-24,1.1829930374
9.4942018594e-30,3.1560465971
6.7553943234e-26,0.8233185984
4.6415627596e-28,0.4568395073
6.1470716377e-24,1.2445362509
6.6713377606e-36,3.5678243708
1.1612523543e-30,0.1925808572
5.8370814356e-31,3.2496680412
2.4161198313e-25,2.7052123509
3.8644183714e-24,2.5143876285
1.2534480834e-48,4.1526752260
2.2549589058e-23,1.4036903101
1.1787607793e-25,2.7467248420
4.0493930834e-23,2.2710552083
4.3836689448e-28,0.4535700668
1.1792772385e-22,1.7314642230
1.1939449356e-28,0.3841685672
1.3227209723e-22,1.7819568211
4.9151674321e-25,0.9959613332
2.5429549224e-23,1.4205284190
1.5054912378e-24,2.5861374324
5.7556582098e-50,4.2031318538
2.9341771811e-27,0.5743297490
5.7277889267e-24,1.2367562762
6.4664269220e-30,0.2555110357
2.4824007615e-23,1.4171125213
6.2257508156e-30,0.2540329813
