sampled_theta1
0.3896221040
1.4835278790
1.4301672420
0.3389496266
1.7045817906
0.3317079547
0.1651875993
4.3253069773
0.4431420865
4.3610982412
3.9749971609
1.5563722329
1.3941910231
1.2543004956
1.2065960812
2.0177485710
0.8971460517
0.5048450985
0.9555184298
0.1807974756
0.6106554328
1.3634364393
1.7007638209
2.5289593184
1.3605443417
1.2436295105
0.3587434413
3.9121960133
0.3331544385
0.0523834668
2.2479349345
1.3823799422
1.6597710323
2.5982546840
1.8809958727
2.1065332480
0.2218105755
1.5532233275
0.6730715709
1.1586091283
1.7359480536
0.2881139386
2.0243447233
3.6700715024
1.8766540965
0.2587522588
0.0803975939
1.1611097179
0.7659327819
0.0642083157
1.3522038113
4.5648760488
0.9028101975
1.0076729480
0.7394715232
0.7869081870
4.2094143893
2.0207901460
0.7510429825
0.0614273794
0.8242278883
1.8147013789
1.8548518895
2.6996115979
0.2673017309
0.8643186195
0.1972071240
0.4426666216
0.1569963068
0.7667654509
0.5746732383
2.2946297048
0.4458047875
0.9156357010
4.4708947281
0.3887830828
1.2986850193
0.0300877869
0.4720017023
0.8026141956
3.9447761356
0.7690364606
1.9555496358
1.0970294117
0.0099710688
1.2082633545
4.9595649875
2.9801286984
1.2825534155
0.6785594009
1.6358843717
2.5792589699
1.3917097929
0.6309533600
1.1123984916
1.2915087967
2.3339738046
1.7862435330
1.7969958416
0.6741590384
0.0318388097
1.3300616049
0.4099197112
1.7210624507
0.5607147069
0.9339526455
1.7365783309
0.2836006995
0.7352554263
1.6656476849
2.1860705703
1.5845173960
4.6656525249
0.5762821664
2.4768831130
3.1906267980
0.1011028710
1.5952827339
1.4665305655
3.3443078385
1.5125657513
1.4785049068
0.2954152292
1.6162024081
2.2211696116
0.0159345500
0.0017481638
0.1984512292
3.2389744798
0.0199778152
0.3430144028
0.3995430847
2.8870564107
0.9537205294
0.1758796025
0.0844220326
1.0643446871
0.8612449378
2.7049968760
2.1301663292
0.7846967839
0.2372295848
0.5369149936
2.0841478746
1.7779806431
3.2391893095
3.3618805136
0.4028096861
1.2674638587
0.5888522217
2.6679580692
1.4565009136
1.2626415099
1.9548576823
1.5539581044
0.7544439496
2.0283968509
2.9568704869
0.0976094499
4.5319055194
1.3004733305
0.8137785957
0.5374598825
2.5303349671
0.7910496261
0.9636666372
2.1653445338
1.5711190887
3.3012748450
0.8008181503
2.4587068844
1.1721472118
0.9491917155
0.0411156652
0.0939717449
0.0214546617
0.4162598783
0.0640008911
0.7390701136
3.0107390706
0.5645112904
0.2818751262
3.2394569087
1.1336827437
4.9392829060
0.4302230913
0.2416557417
3.5231386250
2.7434297137
2.6011553339
0.4317560033
2.3427651395
3.0823733374
0.2514700865
2.5591639520
2.0356089897
2.4902374907
0.8982906826
1.2314290815
1.2548950464
0.7050407191
0.9357799083
2.8650137750
1.7462285939
1.5385973847
1.7068129552
1.7174202409
0.1116306481
3.5748034319
2.6042827475
0.9508615260
0.8287639982
0.4564692375
1.9403237677
2.0203499480
0.0074720098
3.3318628295
2.7663198218
3.0961349597
0.0275494912
2.9050328316
0.4135618609
0.2364195019
1.1944878826
0.3504287999
0.9028452914
0.6505725988
2.4723909429
3.0643695563
1.1231106216
2.1147594982
0.4120129212
0.4087786159
1.0956283337
0.4747462339
0.6421966039
0.1247083055
0.5670396240
1.3540371697
0.6801534972
3.7979988664
0.2367485484
2.8627983644
0.5552334026
1.8852799791
1.4118230236
2.7543389687
0.4627682830
2.0993786516
2.1731225212
2.2425137017
0.1012013998
0.7501399382
1.6125792246
0.3141715772
0.2616277137
0.2905021993
0.6006035305
0.7568579350
1.1707154981
2.6624514841
2.8250085719
1.5407149744
0.5854500079
3.7587346700
1.9829247990
1.2235564697
1.9975406488
0.1861984295
1.0380004264
1.7037811724
0.1517530695
1.6517455146
0.5575065911
1.2634392277
3.6882598831
1.8396411227
1.2876848337
1.6296956501
0.2586172541
0.8447264874
1.6802507079
0.3526434284
1.3583442142
2.1034868461
2.8141861398
3.2843942008
0.3660859900
1.0270162379
0.8857166666
0.5028733366
1.6486003121
4.0774269106
1.5587301912
0.2383083301
2.6037205722
0.7766820977
0.8914938680
0.3326248161
2.4576664683
3.8143430027
1.5606775508
1.9607418877
1.4463799358
1.1263724689
1.0767183847
1.0773573239
0.6791064874
0.0572079757
1.0557179928
1.6729212405
3.1226957327
0.2413916593
3.2628160528
1.5909723634
3.0884750404
0.3744754713
1.7127313569
0.1714931174
1.9736310880
1.4236477024
1.5822994881
0.0487171579
0.3933984829
0.3769114682
2.9506348756
2.1819797650
1.6207947815
1.8243471522
2.4288020568
2.2824047993
0.6295552001
0.5487331742
0.6342319736
0.9742391119
4.1304449632
4.9162356416
0.8329422760
1.2586580488
1.3834113188
2.8947417731
0.2030414191
2.9045938110
1.3692800032
1.7794713311
0.0149165291
0.9578161382
0.9618725472
2.1512090214
3.4331178425
0.0968861396
2.1010140898
0.8528217137
3.2477553046
2.4291317665
0.0421818425
0.4556065668
1.0223991953
3.6700844686
1.6456085674
2.8384891149
1.9493183980
0.1110957910
0.2383628446
1.6295210121
1.1025845017
1.5913832274
1.8763367892
2.4133994043
1.5292941869
2.6187842325
3.5854529067
0.2016788920
0.3845255509
2.3485016568
2.7400164004
0.7245113447
2.4959001084
1.5388146587
3.8969380098
1.6046956753
0.3004726213
2.6791805389
0.2040689550
0.1333880498
1.9271021437
0.5528780168
0.3423794440
4.4691350155
0.8750965282
0.7903216985
0.5988536364
2.5145066165
0.5461329403
2.1724460498
1.2387092014
0.8942538354
0.3941740797
2.3413044483
1.7559544022
3.2636400058
2.7181003345
4.1269475650
3.5638272836
2.2807029184
1.0177667579
0.4916309462
1.0469150468
0.3015101322
0.7061229914
0.1170522102
0.5046321577
0.7016327328
0.9135054735
0.8062098081
1.0069504176
2.4906530176
2.9782788820
1.1644267920
0.4173375529
1.6297917513
0.7391541941
0.6679565997
1.5493832169
0.9662565191
1.5622744231
1.2200620274
2.3923262016
3.2298244169
0.4503649746
1.9580076997
1.2884246438
1.6549253795
1.0000734825
1.9749904703
0.3495330992
0.0358332787
0.4754686409
0.6003999366
4.0887772029
0.8850765972
0.5786918622
1.1545420349
0.1613740478
0.8844036288
3.2271348851
0.3823626569
3.2982450183
3.6008645825
0.8629693669
1.0351032826
0.3722760444
4.1112942507
2.4264542597
0.0599158056
1.5795355224
0.5416784472
0.8940572981
0.1622045185
2.6991322930
0.2248353122
0.3525407277
0.2119268157
1.6556757578
2.1404391545
1.0174163846
1.0548085222
1.2437646584
4.7246924680
0.3511815889
1.6692253027
1.2236233770
1.4074084482
0.5700898186
1.1652776528
0.2736295753
1.3269265540
2.1971314376
1.0910826850
0.4896319393
2.1218379885
3.7113079303
0.4561094161
3.2138340359
2.8539710989
0.1772950699
1.9418441443
3.9468146261
0.9326865381
0.1493943873
2.1305962517
0.1586440918
1.3604006082
0.1674241785
1.6233989103
2.4588388902
3.7649781946
0.2267770116
1.3432797480
0.0518283178
4.7133411121
0.8613651176
0.6153227666
1.2779582704
4.6979286977
3.9268892550
1.2097201948
0.1567395984
1.8115962190
2.1173016285
0.6162115750
0.2858845515
0.0691548900
0.7516705070
0.2731973749
1.5263915970
2.7380068076
4.1530796635
0.3878525281
0.7882277098
0.4522681404
3.0438958472
2.5744272534
2.2411733087
1.5410005439
0.2736318175
3.2508127420
0.1048553643
0.9787098319
1.4629851391
2.9223858456
1.4454102538
0.4815179768
2.6101268222
0.2631296873
0.9979943225
0.5515354686
0.6733880387
1.2828163544
0.4825249166
1.1477386584
0.9977996103
0.6487523818
1.9116943972
1.1790398929
0.8727441905
1.2560973332
2.6024753882
1.4310959317
0.6401064780
4.5943961801
1.1718768262
1.3868738431
2.4680288325
0.7377420621
0.0995605616
4.4361666765
1.3469036521
1.7836368316
4.0311120980
0.7828392580
3.1522772345
0.7945228024
1.7360870458
0.4649376279
2.8348011325
2.0637862557
0.5257436403
0.8612886593
1.8710400517
3.2573535921
3.3076779857
3.9335771196
3.8643468626
0.1963530136
0.6372734538
0.8116439465
0.4446548836
2.1386168128
0.3333190311
1.3856946261
0.3714932330
0.2248333703
0.6510134980
0.8457798692
2.9483382110
0.9531745831
1.0578548406
2.2041209392
0.2222002971
1.1309897298
4.7031226561
0.5624617568
0.8747419845
0.5058377908
0.5908052339
0.6270936476
3.7038787822
1.7713239506
0.4988556361
0.1112908703
1.2421202265
0.0038565709
2.9997291439
0.0615573867
1.4654210516
1.4411880114
0.3004348952
2.8416507117
0.4995769137
3.6346601197
1.1423851962
4.0944523601
3.7624247111
0.1945233781
1.4183642459
0.8529478288
2.4622282189
1.6500038957
2.6265651974
0.5321864769
0.4253858157
4.9842799851
1.3634970433
0.0679258867
0.4787609624
0.5866038950
1.5644105264
2.5614914893
2.5916528547
2.1560435234
0.0769710758
0.3516903367
1.8379446179
1.5383529728
3.6041366149
3.1634057977
1.2719221209
3.9396872721
0.5690752881
0.2189456578
1.8281141481
0.1343179126
0.1353469529
1.9055451316
1.9827000935
0.1923612293
4.1123010333
0.8126111808
3.0891406817
3.6905838777
1.3146961080
2.8490746240
0.3242494368
2.4196901708
2.4052763726
0.3696343921
1.9839880601
1.2278461855
4.2993042816
2.9948029514
0.4187948029
0.7139488507
0.3442753245
0.0447083448
0.5931424248
2.2350276815
0.7608953828
3.2870967896
0.2230669214
0.9135639244
0.8149893044
2.3813244388
1.1282198842
1.5283145556
0.3089411561
1.9586325835
1.8604938848
0.6339429558
1.5863345068
1.9202131306
2.7391428752
1.6520255062
1.0750787677
0.1422616398
2.6280071733
2.4066581860
0.6170450238
0.2435521433
1.6481112929
0.2244296764
1.9706464485
0.6128482202
1.3163873413
2.4059206656
3.5424672540
1.4236897739
0.4145538938
0.3953855353
1.1626984424
2.3415973206
0.3167193463
0.5622002176
4.9414715565
0.3209538941
3.8892544227
1.8611727743
1.7183305126
0.3234866778
0.0364055955
2.7752974373
2.5777051352
0.7743860122
0.3243581086
0.2856273187
1.3739762205
3.5072242686
4.5805077610
1.0899746187
0.8442264741
0.1436052833
0.8459534172
0.9424632192
4.6398700247
1.3747459429
1.5635248182
1.2933067434
1.1243919545
0.7347634591
1.3922427930
1.1967139491
0.3407545250
4.2287308159
1.5692729804
2.1067862454
1.9646110877
2.4481386461
1.1187444241
3.6390886238
0.1568570176
2.2248107321
1.7545775119
2.4392314081
0.0499480113
2.3150723211
2.3625408721
4.9546606876
3.4596647703
0.0688595761
0.2849556218
2.4045523694
0.2935568886
2.1185923913
0.9521092969
3.0943365934
1.4312853145
2.9180079288
0.2874456291
2.1584455559
1.1811007957
1.2074783935
2.0502792481
2.4329989347
3.5786765657
0.4173225471
2.1820137998
0.7774050337
1.5391649916
0.0701015603
0.3967053815
1.4878884244
2.3244503738
4.2593325155
2.8002763780
1.8915440670
1.7152244796
2.6965800026
1.0439923232
0.1581926064
3.0855422892
3.6132881222
0.2498265321
2.7883899914
0.4079430278
1.7126337198
3.0895072606
3.5777516042
1.3356368001
1.8968922044
1.9055609261
3.6887842379
1.3912572328
1.0740558254
2.7191679425
1.9984869453
0.4384877007
1.0214924372
1.1052459269
3.2989293487
2.2447764758
1.2327984108
2.1572368299
1.0452993463
0.4747668067
0.1825795694
4.4264247913
1.9836390955
0.9832655443
1.0257781428
1.4045174097
4.7700293352
1.9204811607
1.4668803776
1.0373629527
4.6209829569
3.0220266514
0.0056290816
2.3232749330
2.9774107955
1.9741106363
3.6080366071
3.1276829541
3.1520325052
0.8468916806
1.4244670339
1.0243719084
1.0125527871
0.5867084560
0.9910924380
1.4376092550
3.5452662314
0.1445983671
0.4641529487
3.5566931691
2.3902051723
0.8343707504
2.0638700868
2.0658886907
0.6888476714
2.8640630345
1.0554306191
0.1441517402
0.1388580574
0.6843062565
1.4743303816
1.3041957628
1.3459168899
0.9216447216
0.6546065844
3.2224574784
1.1724075340
0.5413674692
2.6111140902
1.8555565924
1.2227268885
1.3986426101
1.1205303115
1.1128419786
4.2649259115
1.9370399698
1.7558022322
0.6576453432
1.9806708289
0.0123922750
0.5566098507
2.0467409870
1.9134794517
1.3352901271
2.3252527488
1.5855552295
0.3831802022
1.4935331380
2.3265777426
1.0862554559
0.5830059943
0.3350574527
3.8462728837
1.9671087390
0.8491360048
1.4225550153
0.2215551946
3.9756950246
0.1827852896
1.3472386376
2.1826455685
0.0775968397
0.1248409923
1.8560860008
1.0125513145
1.3389009346
0.8096536031
0.1633465400
0.3349167976
1.0402882069
2.4161016014
0.4804724623
0.0096644842
1.2474862483
0.9778535242
4.5074961445
2.0659284712
0.3673316015
0.1274141568
0.3301869338
3.2390801949
3.8748861023
0.1537636113
0.7893479100
2.9720766394
2.0501556048
0.5971456056
0.7798525165
1.1308154641
0.3440985052
2.4714887041
1.0485927867
2.5771957041
2.6588116970
0.1985557975
0.6418805557
4.1518569857
0.7108055807
2.9473823331
1.2615105191
1.1735287151
1.4196186505
1.2505140649
0.1739666078
0.6022543242
2.8194758640
0.5354436941
0.0904697372
0.3232814551
0.6674775432
1.9159988841
1.4962969307
2.2973014143
0.0980531055
0.5986553943
0.9316424526
1.1700952615
1.5938678818
2.9683323798
0.5936594718
3.6038028546
0.6223165516
0.7295858164
1.2338047825
3.4497660784
2.3782812516
0.6505607767
1.1611811186
0.7631276163
2.3939123074
0.3836851515
2.5011207241
1.4900884746
0.6308922547
2.7032728199
2.7656906988
2.4548264297
0.6515376604
2.8627712497
0.0702144323
0.5255883514
0.3180028290
1.6461645835
3.6158868680
2.4158128736
0.9578778382
0.6318674510
1.9315490000
0.9597791414
1.4848747131
0.9293617478
0.9698310199
1.9192080705
2.7400663163
1.5312338221
1.9816598553
2.3215513459
3.9651764253
0.8636325742
3.2790025980
1.7922204892
1.3863176745
0.6850639999
0.9621092997
0.5085813925
0.0801426454
0.1962680387
0.0275670142
0.2220149396
1.7926401219
0.8940431857
2.3511016301
2.8051745490
4.2663710131
2.8232025669
3.2848476923
1.3222765692
1.5919316368
0.6270798067
2.5525411912
0.7272693796
0.6918304912
4.4045457879
1.9658788555
2.8412077688
0.5680017246
2.0317476016
0.0273118931
0.5257193637
0.1636010928
0.1514392437
0.6166887090
0.1255361196
0.5064874157
4.9810039899
1.1155913512
1.4557032539
3.5232169834
0.9099264987
0.9436908589
2.2870483900
2.1270983723
1.6802191276
0.3700782765
1.8649070679
3.9864065831
1.0171014827
1.0051178958
0.3295304083
0.6581217207
3.4630563024
0.5088517331
1.0429718091
0.0700656170
2.2506462492
4.5701659466
0.6829211512
3.7928404612
0.7802823301
1.2243262828
2.2455998925
0.7848918710
1.1611732997
0.4687286439
0.2655032579
2.5612283746
0.0215689794
0.6378115893
0.4416746446
0.4330529815
0.3458635914
2.7885147859
2.7596207023
0.7440009094
4.6008533035
0.9249035914
0.6869623505
2.2622431184
2.9050608799
1.8277890461
2.3440011349
1.7012250429
1.5298457191
0.3109524501
0.3339483530
2.7435075284
1.9386082637
0.1123155262
1.0309102036
0.4823788995
2.9531746296
0.0889331221
0.8302216717
0.0144371784
2.4027959553
0.8573448614
1.2469700937
2.3758567371
0.3801282492
2.0823229843
4.4652793706
0.5063382320
0.3199624324
2.5989375653
0.0509241372
2.8203746123
1.9380937857
0.9329801853
1.2005954153
3.3508806795
0.5213723753
2.2607000762
2.6588404100
0.9574976328
1.0689758735
0.0221626418
1.5072423372
0.3938865102
0.3383389568
1.1911347485
1.9155390501
0.4902447817
0.3694471539
4.7598378945
1.4805183105
0.6479527493
2.9797072597
0.3253038442
2.8194318016
0.3416746077
2.6182429104
1.9163256706
0.4427165676
1.2411857713
0.7263758346
3.4155235556
2.3617211662
4.1028080257
1.0156932790
0.4353046194
1.7602823326
4.2678599702
0.1494615788
1.8425782701
1.6541492863
0.0409939821
2.4620637974
0.8549541910
1.2948986477
1.0074949734
1.4622533152
0.5904166213
1.4084664883
3.8515690958
0.9476703536
0.0243182353
1.6570234620
0.3461044247
0.4094901857
2.7802244858
1.1485510143
0.6086977836
0.5827837774
2.0707852794
3.3858487245
2.0932990500
2.8954087527
1.7035230027
0.2386586451
0.6159774582
2.9002139354
0.2921523543
0.6485477536
0.4817350761
0.3380132992
1.8925504172
1.7664349477
0.5305218883
3.3324616821
0.7606622924
0.1182957236
1.4296474692
0.0249413349
0.1095864446
0.5310566206
2.3615474332
0.8684401349
3.4891435327
2.9314459469
4.6178529640
1.0373761602
0.9825245920
0.4530257856
0.0371009333
1.7991088301
0.7414591252
0.1648127873
0.7996500867
0.5817714290
0.1126320253
0.8232538455
0.4281176600
1.5005624800
3.1749852825
2.7839613044
1.2678460930
4.4690411341
0.2016053202
1.5945522226
3.1398017453
1.4806930991
2.9734978179
0.0038918415
2.9467652353
0.1068443315
0.2727827665
0.1740861917
1.4969420008
1.5826694063
0.0573628678
1.8947195538
2.7212135898
1.4840075397
0.7974513840
0.9459286988
1.1466023314
0.4711062511
3.0977113395
3.6397204844
0.3993917808
0.0637168127
1.3057495899
0.8726909412
1.6072478405
0.4889106361
4.0336125736
0.5397396766
2.0571475517
2.6012385023
2.5393671947
0.1974089845
1.0815652606
0.0916201813
1.4377239764
2.2124959099
0.6398348127
2.7907410939
3.4864668451
1.9389984738
0.2942268493
0.9904094225
1.7576468126
1.4019348443
4.1679518404
3.0399398009
0.8458056760
1.4561367778
2.3258324159
0.4208601409
1.5346272699
0.9529433240
0.0400257198
2.8524711199
0.1181078165
2.8628637484
0.3301473964
2.1732956876
0.0225470518
0.2393401437
1.2494119128
0.0452869740
1.9597978373
2.2397873855
1.0560904768
3.6163138966
1.9703655995
0.0348715624
2.1950838156
0.0879918293
0.3563963837
0.4809587367
1.7872896772
0.2066321807
0.0510353536
1.3830192886
2.9345610580
4.2195235730
2.9979533907
0.3326652348
3.2234031917
0.4592861532
1.1472876915
0.7092586066
1.2324377899
0.3786789680
2.6641229243
0.2971871353
1.2323485794
3.5380968982
0.0977022991
0.2888032208
0.0568806711
4.7755239430
1.3203344395
3.3514214483
0.6284297448
0.1356693160
0.5326035116
0.3784948172
1.5240622529
0.6984387670
3.4766225135
3.8874650652
0.8659490720
2.5348409202
3.0903463484
2.8548531526
2.8055648830
1.3572862928
1.2255213283
0.8695454827
4.9087662318
0.3112004520
0.5337288028
4.9798283109
0.8609039863
2.7887860074
1.8051522594
2.0051844402
0.7516043528
4.9303638908
1.6508349325
0.3563515248
0.7634501182
0.7954006854
0.0406182372
2.0449880444
1.4158478623
1.7836886604
2.6473229133
0.5570919790
0.6479680535
0.3021401467
0.5271599406
2.3075249228
3.2868706323
1.9350585531
0.5737301494
0.6142295130
0.3940859090
0.2499434717
2.6707253272
3.4935005525
0.7696618307
0.4106219208
2.2527022375
3.3358470632
3.3507527460
3.0137745844
1.6558592873
2.0837090920
2.3972498341
0.7095374110
2.1850793141
0.4620751363
0.9366316352
2.6814530514
2.1007434640
4.2553497885
1.0102623589
1.6236026826
0.3241764612
0.3356365592
0.4120867058
0.8556920923
2.1448793455
1.3034684792
3.5786742585
2.2483940934
1.6115426614
3.7476586386
3.3894114790
3.8066226508
1.5480164050
0.3443375810
4.8989116639
0.0730174515
0.5738876885
2.4186297091
1.0555214621
1.3906768319
3.3884181153
4.6223225550
2.0121343768
0.1978908853
0.3956444927
3.6827346100
3.6631444603
3.0828896130
0.5907162812
1.9056998935
2.6438385587
2.0653880591
0.1464776626
0.0405045635
2.1083102673
0.0523441842
1.0055611812
3.6541755351
0.4232286687
1.8126099913
0.7841296028
0.6845891546
0.1670886929
1.0905306442
4.2601695374
2.5265435930
2.8126098500
0.8681861676
2.1296682364
2.4564749009
3.2645349161
2.3508961315
1.0004786251
2.7627870046
4.2674013975
1.5418859808
1.5504793406
0.2544241216
1.0540994226
0.5003862268
0.2058346380
1.0138568819
1.5384618783
2.9538326973
1.5406939663
2.8664290093
2.6680471887
1.3404280965
0.4305574880
3.5239295624
2.0178261798
0.2101650094
1.7915715750
0.2400158392
0.6235787832
2.2001609538
3.0548149084
0.6005798143
1.6692351956
3.0254909066
0.3939046270
0.9466395043
0.8338856910
0.5128533374
3.6460805540
1.8669994662
1.8333495261
0.2960126890
0.8549886304
1.0207851095
1.4629921985
1.7131555919
2.3176743075
1.1007518820
2.5426995374
0.1591845784
0.0607621017
1.6675826570
2.1130761187
2.1972033108
3.5558083736
0.8637929527
1.3118386377
0.0394699164
0.2593939684
4.3442710561
1.9811281471
0.4906215628
4.3948633678
1.0279238766
0.8403228020
0.5209066968
0.0511438365
0.2428983963
1.5747629258
3.3364445823
1.2330001317
2.0086198218
1.5939112531
0.0410820506
3.1000381266
2.6023050635
1.2323507707
1.6614660926
0.8098429988
1.8873079553
0.6680695214
1.2863245082
0.8371022585
0.1590084623
2.9621256271
0.1288289140
3.6031641085
0.0127208962
0.3858290644
0.9756781233
1.4582851767
2.8121329598
1.2073125453
0.7837871207
2.2360682573
2.4450810660
2.1218653795
0.2766144586
2.6493006300
0.4227327415
1.4893271463
0.5376359921
4.3050576424
0.5154867702
2.5356935668
1.3989599783
3.3943690876
0.5853685917
0.9060695488
0.3338154387
1.8289058035
1.2190641026
1.1106951552
1.8516807231
0.6499057250
0.6044071839
1.8597474447
1.4394022106
0.7396875719
0.6085221188
0.0145893449
1.8379756185
0.7574184105
3.4174488521
0.0852572477
2.4346691374
0.8715119646
3.2858468805
0.6452013725
1.0276111890
0.7849940356
0.6537380490
0.5059515479
0.8508128241
0.1943607981
0.6249573044
3.7320783764
0.5227220937
0.4034221437
3.6966926211
1.8893823180
0.6769361245
0.2299437003
1.4327382018
2.4622167958
1.8517615672
1.3294486313
0.6570434581
0.4489052708
1.4155037587
0.4578146377
0.0186635863
4.0524127630
0.9814086941
0.0856899447
1.0162035993
0.8031743053
0.2589958761
1.5020706776
0.3910556425
0.2929522358
0.8023877034
2.6225490764
0.0515416298
2.0165507092
0.1948339971
0.1862976879
0.8725791812
2.3737360422
1.7106853051
1.5476842308
0.9870364610
0.0034686169
2.8891382543
4.9149273738
0.7181286524
2.5726015233
1.9393032976
1.3789651336
4.4056346876
0.8890861652
3.6595160047
1.5626299221
1.1940749463
0.4882970655
1.5362612393
1.8504543189
1.2213219781
0.3524324734
0.9602114000
0.9889356899
2.3119260483
2.3037611416
0.6786182931
1.6254843703
0.0710586763
0.6069463125
3.9193174517
2.2995395096
1.5381823919
0.2320326661
0.7320603824
0.5592336485
0.2086457906
0.6078938200
1.4199942926
4.1052392066
1.8884708478
0.0859263683
1.3428926749
0.5775287113
0.3329697539
2.1675286695
0.2274009187
4.1053906263
0.2331157815
1.1848225746
0.7363647297
1.2537009323
2.3707017119
1.8286328347
0.4846187201
0.9162221134
3.3757134280
1.3254555807
2.0051216002
0.3905096681
0.8964945627
1.3641923226
0.6889546748
0.9933242473
1.0460192859
0.2198725940
0.0544201210
3.7054251295
0.3630858199
0.0474777810
1.7435999083
0.1006089255
1.1082893839
2.2602122695
2.5316705320
4.4125499885
1.3113661873
2.4054929281
2.8046786017
0.5747604574
0.9711703369
0.7619148291
0.0177854068
2.2215352115
3.2301974255
1.1697932249
2.5732895228
0.1006796380
0.7531939938
1.0215502795
0.3343462558
3.9903326449
3.2470235512
0.7120826915
2.5712568668
0.7751718585
1.5332300884
1.0543779164
2.9152231829
1.0642567633
1.4824637213
1.0924123612
0.9850490021
1.3930043969
0.3546360411
3.5829654494
0.2595040549
3.0237713924
1.4693617620
1.5379626846
0.8115284767
2.8972581867
0.8108516847
4.7614511627
0.1198248090
2.1988596352
3.4432940755
1.3796843666
0.7862343660
0.9200901343
1.1281832105
1.3029119192
0.7682810068
1.4732545698
0.1739625975
0.0389906827
2.3678041675
1.4138921708
2.5149558150
0.5817599610
0.3329470789
0.5146779808
2.6596936944
0.8547352792
4.8072535846
0.6601216510
1.6900076712
0.4069698131
2.5877225020
1.0857469753
1.6610103976
1.5560999609
0.0756405003
2.3060011654
1.8595779404
3.6891987655
1.1129518321
0.0545726044
1.5126739011
3.4978868089
0.0294203428
1.0681397788
1.8663458487
1.2402471671
2.6070835854
0.8545892172
0.2388516244
1.9912907699
0.0922687651
2.4530735773
1.5023132741
0.5759480781
1.2136453764
0.5765917026
0.0540222915
1.4562085163
3.1515516257
0.1711658091
0.2417892175
3.8030694681
3.1610569401
3.3858965939
0.3749896655
4.5447686156
0.3162015315
0.0103731942
0.2436649225
0.5073956656
0.4528448131
1.2913726273
1.0857834895
4.5663101850
1.9269715396
0.2231874381
1.4481463238
3.5225857737
0.2550233163
0.0975818880
1.4379528819
0.4922663136
1.4423186175
0.1564604089
1.7551165385
2.2967405962
0.4891079939
0.7178201549
4.9622057318
3.5452539146
1.3745211564
2.1960793012
2.1905419826
3.0536462353
2.0603114723
1.8527702752
0.3415030035
0.3027634079
0.6082044793
1.9167022126
0.2205310459
1.1505897528
0.0087648666
4.6689250799
0.8462458870
2.8429807125
1.7015989249
3.9511072042
3.4576086702
0.2297283213
0.6598100529
0.0906066098
0.5407797525
0.3547408567
0.1857956099
0.6907205403
1.2372195779
3.1309074155
2.4281313788
0.6384848880
3.2295844330
3.1920964708
2.2870932167
0.4110061153
0.7475398655
1.9275498563
0.9270627670
3.1707271752
0.1923759001
0.0320689350
2.4338998228
0.9633769992
0.2917083131
2.6193056789
3.0622760462
0.2983938222
1.7320942794
1.5122974701
2.0845762829
0.7556561034
0.0973198585
0.7429619081
0.4772432260
4.7897394656
0.7307215252
2.3800908363
0.6829689176
2.5337417539
1.1316672880
0.8600946671
0.1248116279
1.0999414039
1.7751522871
4.6249634414
0.3454461716
1.0112139458
2.7160298407
1.7350544031
1.1139273843
0.7292737471
2.4511534679
0.0228840230
1.4702168771
1.3168184163
0.0318673046
0.9149881026
0.9164509162
0.4939403991
1.5699988242
2.4474340703
1.4492877048
0.4348535655
0.4342320242
1.1136886184
0.1704497329
2.3231678207
1.0657920155
0.0222728861
0.4002618280
0.9817227854
4.5297763205
1.1125508383
2.0336989518
1.9829607407
0.6110613905
1.6383409814
3.4635627772
1.6591318758
4.8443018940
1.8138153496
1.4536976807
2.9255655199
1.7807511297
1.2454188704
0.0685670109
2.1470061641
4.7052764915
1.2366556351
0.6573375486
4.9081977421
4.5996315138
1.6521256834
4.2301354519
1.7047198697
1.9783622398
0.5871186309
2.4131732453
1.4265593076
1.5598500350
3.5371457632
3.7133114248
1.1239656298
1.0453379741
2.1648201591
0.9685063162
1.8722049287
1.6396316213
1.0312026703
3.0894267860
3.1188900293
2.5619102595
0.8174441707
0.4285375776
1.1850344415
0.0945787755
0.0473237848
2.8647963835
3.7806380594
2.1056715933
0.3649805476
1.6457152163
1.3871555474
0.5741542787
0.9825153680
1.2783555335
4.0024009495
1.7845381236
0.2733275209
0.2114284197
2.0947665376
0.0987882209
0.4083565280
3.4861157386
1.3107825693
2.7309746450
0.2167124423
3.8129569865
1.6701036313
0.0417379571
2.3639335053
0.1447792681
0.8311078142
1.4146566500
2.8917478655
0.3027983467
1.5221772500
0.9288602987
2.1758850935
1.0932630114
1.2648069907
0.1492628061
2.9828112013
0.6636820866
1.2256948800
2.1302314278
1.2378149636
2.0597757406
0.3686728991
0.5508442292
1.6243157487
1.3199939052
1.9831751943
1.4144726762
0.0633831238
1.6534028675
0.1948593453
4.3972434617
2.1517708090
1.8135891358
2.4137127375
2.3895052864
2.2314560558
2.5812736084
2.0305009015
0.6447204523
1.3610267478
1.2565792250
1.2177797975
0.8061954305
1.4862093224
2.5337239844
1.1374706314
0.6491952437
2.6556160373
3.5908796835
0.5809317101
4.4512607649
0.9412044508
0.1640172026
0.8121769978
0.0493382589
0.4282375342
3.3164803986
0.4738057612
0.0081708146
4.0718605105
3.0957856454
1.3663775311
2.4625139129
0.8230452220
0.9511843535
3.1867247787
1.9928195641
0.4303262816
1.1422925931
0.5526814460
3.2917205704
1.5264657851
1.5047763095
0.5765635968
0.9003887680
0.3382536328
0.5112820031
0.7164591506
4.8784857565
0.8078038331
1.1653680433
1.3086109105
1.9994798263
0.7543998563
1.5434674926
0.4154813776
0.5981232283
1.8542886593
4.1153689062
0.2359590666
1.0125940502
0.2756398204
4.4850409255
0.0994192916
0.3475909012
0.6582026276
2.2139713585
1.5112266471
0.9982691583
1.5834120981
1.8047467155
0.2029987245
1.5870717594
0.1969418796
3.3978114321
1.2190439440
1.3780401239
0.1413613170
1.2435378862
1.2527419735
0.3044730665
3.1513534895
2.1819990521
1.9844010323
0.5214212179
1.4652447634
1.0269799602
2.7715129994
1.2321205620
0.5251052949
2.6972188181
1.4506525630
0.4639691296
0.2500655069
0.5206764961
1.1782004942
0.1622475484
4.2723857555
0.5242909708
2.7665927971
1.0646588685
0.5109763649
0.1649954661
1.0996955981
1.6777921385
2.3011746454
0.3381727405
1.6516239476
1.6107895190
0.2573927324
2.4079514539
3.0871861542
3.0078832948
1.1101217862
0.4278682678
2.0953762168
0.6995345985
2.3468032047
1.7074218890
1.4496592004
1.3330826165
0.6563953488
1.4369977326
0.0430022483
1.4966082435
0.1194578584
0.8160895064
1.3049511303
0.7717375893
3.1896135346
0.2955945922
0.8440654922
1.9490445026
0.2718754155
0.3896306736
0.1794369995
0.1339013189
3.2528158788
3.9875960186
4.3944610427
0.0058120742
1.0492324659
1.3621686143
0.8573857378
1.7849429991
2.2548549610
4.2052215419
1.4852789093
3.3211389790
1.0566168869
1.2179915967
1.1507617723
1.1098519961
0.2573759941
0.7166719423
0.1515991425
0.8363130279
0.4604348446
0.9494949558
2.0544926729
0.7906626554
1.0348026633
0.8486904896
2.7338291463
0.1509201714
1.3543241723
2.1455312451
0.5649442918
0.4077804205
0.1520790720
2.7267286336
1.8062264995
1.5698709093
0.8473940246
0.9007366132
1.4255633194
1.9157779567
4.0082274398
0.9804222780
1.9748453138
0.9715262962
2.0409646089
1.0836624033
0.2014690699
0.8599468954
0.9222109662
0.7499854627
1.3279055689
0.6371233970
0.6659463784
3.2615009647
1.8452957162
1.7516665460
0.1782166557
0.3141172874
0.3400132862
1.8320628688
0.9309730641
0.9459174052
1.2339922448
1.2356349946
0.1250803509
3.0660089304
2.4454656492
1.8009827204
0.3688769832
1.4832901055
4.0958136690
3.4950425558
3.0226069085
3.7499929091
3.7974419184
4.7582856871
2.2300007175
2.5498739953
0.5799183131
1.6155305501
3.8551789679
0.2790771869
2.1407812990
2.4204392962
0.0538476515
1.7276221941
0.4164093496
1.9575180808
0.7773509746
0.4227516520
0.8993760248
4.4073071820
0.4062597109
3.5540202487
3.8145991611
1.2017122184
1.0535723117
3.0851698837
3.6438884074
1.5569416659
4.9519454847
1.4756201756
1.9336457852
0.1606876471
0.2369689325
0.9563139831
0.0971576602
0.0249239537
0.0734546418
2.0865376159
0.3075835107
0.0647134331
2.8380959089
1.4902866495
3.9282349189
2.8484040917
3.1233696211
2.1999993648
0.0168908922
3.9415067561
4.6224111416
0.0923566413
2.2604382370
1.0477634991
2.0662213032
1.0503084008
0.1368673724
0.5003321342
0.5749730180
2.0489122146
0.4765708056
0.2722034185
1.1578132155
0.2860296019
1.1673070114
0.2060786507
0.0336056765
3.5615353999
0.4496899705
0.5283666201
3.0538981534
1.3973087775
0.7857008658
4.0675119877
0.1885124494
1.3130482417
2.7082456530
4.0570828089
0.1063338990
0.5719291071
0.3217932076
0.2164455108
0.2511593006
1.6388334181
1.0960911107
1.6616202960
0.2422242976
0.0363265359
0.9409716595
0.5771128421
0.1119907383
0.8553353035
0.0580646672
0.7343649657
0.8150271158
1.1429105911
3.5408298845
1.3113181581
1.7736851085
1.7996913862
2.3575489733
2.1984159944
1.6957432595
3.3276826636
1.8277030230
0.2485148175
0.5064274750
2.2577489695
1.7177465761
2.9282051706
3.2473701937
0.5779391378
4.3958921512
1.6181624023
1.5064317261
2.3836278922
1.3915484058
4.5778088378
3.5520782736
2.5244755806
0.0200989505
0.1628002929
0.7590100196
4.7916575254
1.1416358521
3.4342413905
0.9251349739
0.4049176748
1.1186523210
2.2507153447
1.3236618707
0.2717261288
3.2603970825
0.6079230728
1.7595442374
0.1822759964
0.0653256099
3.2697157769
2.3042163820
0.7120905001
0.4143457930
0.2637129375
1.1053743888
0.0055994880
1.3901266492
1.0999193144
2.0991706941
1.8869156130
0.6216589271
2.7236639993
1.1358978981
0.4853215553
0.0075295896
0.0817668892
0.2148068208
0.6710070919
4.2523263347
2.1156343492
2.6304662825
0.4587377482
4.0655135321
1.9077078969
0.6457009849
0.5695440165
3.4842790322
2.1058388243
0.1804200831
0.2856086770
3.5685937035
3.0648406049
3.5419485214
2.5302368957
0.2416135968
0.4150170092
1.3377605289
1.2202426542
1.9059173217
0.4358788180
1.1529555421
0.7613070382
1.4536658950
0.1297178746
0.4272655649
1.0981296257
1.7744307953
1.3189357950
1.2020614919
1.6528141949
0.1982239353
0.1540596643
1.3839530282
3.8619365594
0.9999681516
0.5956194741
1.4148120256
2.7828142387
2.0649664667
0.0944134488
1.8738803320
0.7613452246
1.4948402259
2.3812786182
1.4913810812
2.9846711323
0.5516818043
2.0703761284
2.6598296453
0.5167098905
1.3914178086
4.4659546913
0.9479125295
2.9747981307
2.3643578946
2.4324627499
0.6380008360
1.7230317886
1.3536241377
1.0533676623
2.4134792746
3.0210534741
2.1775510730
1.9642120795
1.9596448189
0.5079172740
0.0525110394
1.3862422299
2.3827288203
2.6496831078
3.9823483250
0.9654864152
0.7272157485
0.8151135475
1.3024809029
3.6187064351
2.2059640841
3.0096375200
0.0984826072
2.4194950642
0.4609407228
1.5049558419
2.6788690545
0.1581721155
1.6073787497
2.9958455759
2.2224948320
3.0636020528
0.0743377347
3.5933334623
0.2064564273
3.8239890209
1.1104963115
2.4725492554
0.9028948771
0.4502239442
0.7186835998
3.5043620576
0.0127977107
1.5736943709
0.8427757527
0.0010048794
2.1509906912
0.5562730896
0.1217190444
0.8670425217
2.3250858298
0.1239012832
2.3030112869
0.6732399611
0.8794862158
2.6763421248
1.3458396782
0.3947632784
2.2907558692
2.9185214420
0.6019525653
0.0261107946
1.4047813266
0.8324950956
0.0047202341
0.4728449402
0.4786301276
0.8034825445
0.6345241131
0.6584253188
0.9146300078
0.7349164195
1.4355500020
2.5603441098
2.2109102500
2.5240725241
2.7121559984
2.9349184345
4.0200163612
3.1034177306
3.2727335485
0.0792276451
1.1269039032
0.1848845902
0.8824588966
1.7678593591
1.4275934425
2.4332895868
1.5056287570
2.9295518725
0.1695488021
2.0585201539
0.9827566497
2.0998345543
4.5934106896
0.8150422031
2.0326828051
0.8400833279
0.7528492910
0.1547487626
0.3736899210
2.0288793612
2.5256891572
2.2522493037
0.2242299484
0.8236021494
0.8312384208
1.2821138312
2.8406480030
1.8207901883
0.9509561296
3.5821656839
0.5848720330
1.4382248759
0.2415568052
2.5608139455
0.9398152337
2.3384380273
0.3455284886
0.0606470466
0.8731788941
1.9202864610
1.6166059702
4.2786164966
1.9255517417
3.8073651169
0.1745450340
0.6709168210
4.6745308327
0.2474481650
1.6632797060
1.9055441678
1.8528405540
0.6036267677
0.2286358176
1.0139819094
2.0912380761
4.3964276988
2.0846691814
2.7596125503
1.2198533987
2.0151606297
2.4185679867
2.8311402317
1.0104268068
0.5070444791
0.2458687401
1.0604454217
3.4031643518
0.1932713315
1.3258033605
2.1140738002
0.1717390049
0.8815926694
1.4050839837
0.5943138572
2.7418566848
3.6305876553
4.1996916124
1.4351957825
1.1444587204
1.6492408034
0.9826510206
1.7361632133
0.2672389626
3.0851754225
2.4971718527
2.1937129418
0.9858538312
1.2883522709
2.9464979320
3.7665675550
0.2455108259
1.5274788865
0.0581404287
0.9908500646
0.4499491826
1.0477908268
2.2415302154
1.6727290002
0.4739422755
3.0370410967
2.0300575832
0.9174496137
0.8953400370
1.1038899023
0.3612671142
1.0352361675
2.1044593978
4.1788141575
2.0401396430
1.2554635806
0.5129460882
1.5845043783
0.1788910438
2.6957070301
1.1328384964
1.6434386093
0.6457586453
1.0776391321
1.5825970297
3.7093861001
0.2691721648
1.6367964897
3.1200621717
0.1185123491
0.2157582503
2.2688431654
0.2042616071
1.1302428037
0.8324093142
3.4773994396
0.3471540947
2.6852704363
0.6481260857
2.1559416329
3.2275158610
1.1221071418
0.2497964020
0.8166744977
0.7903377703
3.1582589656
2.2040578533
0.3156111357
1.9754096676
2.6075975039
0.2067129329
0.8376565615
0.1851475312
1.7995632445
1.2262234952
1.8036411834
2.9119522532
0.0505440390
1.0966465420
1.9632933312
2.1345604130
0.8856602248
1.2035668618
0.7244433112
0.3233426712
0.2594436548
1.7318005437
0.4263969987
3.1478176406
0.6984089749
0.1206320109
1.6068725603
1.7639512645
1.1100632264
1.4849327371
2.6669271223
2.2256686738
2.6156752464
1.0489071215
1.5623648918
1.1987038102
0.0333771259
2.1262073475
0.4665445697
1.9782041225
1.0930499136
1.2962243747
2.1542305372
1.6146627541
0.8614059542
1.3633603297
4.5014206688
1.1047236521
2.2354760974
0.3325089839
1.3219334194
0.0109905921
0.1880285651
1.1617297074
2.5593804590
0.0238724186
0.0505857386
0.0906406064
2.7201788770
1.0451520380
0.7977675980
0.5989053744
1.1881030564
0.6671838494
3.2501657009
0.1453480358
1.4240222684
0.8304393940
2.6904855358
0.9488522730
1.3026887394
0.3383485275
1.5506070575
2.4531322930
0.4898844879
0.0774388916
2.0902089459
0.0118668378
1.9897213221
0.4127101489
1.1246586120
1.1634015791
1.1530936941
1.4600369319
3.4319424949
0.6201494285
4.4864930029
0.2177646520
1.0987819422
0.0533048463
0.4337919748
0.3241480331
3.6543547613
0.9720095014
2.8092777043
1.9855002945
0.8371610522
3.9809391351
0.5127297346
0.6328857141
2.7137348541
2.7263379625
1.2062429334
3.7701771021
1.8218191661
3.9679551211
3.3338997841
1.5974410434
4.9093351824
0.6551839241
0.6143199471
0.5254959529
4.0786153390
3.4874439710
0.1503996427
1.8684338434
3.3356626660
0.1038793558
2.1706278687
1.0760036531
1.1595843306
0.6714514522
0.5341290488
0.0972371345
2.9735785559
0.4020651236
2.0236207895
0.6931438820
2.8282952982
1.2333649726
0.2363175869
1.6312289608
1.2129205447
0.3520118729
3.2294859697
1.4409991685
2.3386336276
2.7114387630
2.5972009849
0.6622462672
0.1770566099
2.0167241011
0.0743095666
0.7004988496
1.7382981519
1.9667860364
2.6537197146
3.8933927734
3.2550910750
0.0627104954
0.2737930946
1.0541388297
0.0448053955
1.8671172059
0.8654969680
0.7268100734
1.0268594374
4.9040493247
0.3874495945
1.7922219266
2.5026172506
2.9644351878
0.3849646704
2.0913938922
1.9529907574
2.7043579762
1.3001246258
2.9981591385
3.0240140916
1.0479301988
1.6247627718
0.5973679355
1.6969148132
2.1024228364
0.7151606741
3.3379992581
2.7133750111
0.3724085650
2.2193064940
1.3530039993
2.7068072963
0.4238349756
1.0005278490
0.0686291083
1.3499776958
0.2318199135
2.7290613700
0.1079448971
4.4955020220
1.8360853445
2.8265988980
0.7931284382
1.1556346055
1.7522643960
1.5792464562
1.4407438552
1.6542211819
1.6219629569
1.8268088791
2.3023908122
2.5468846011
0.1526083527
1.8114454338
1.2851346084
4.7961376242
2.4638061872
2.0326537949
1.6117506196
1.4827663417
0.1879383567
0.3647840154
3.3722160988
2.4656176267
3.6843362231
0.4562003491
1.5652385601
0.3934210179
0.9311226608
3.6815838101
3.6242698438
0.6473054867
0.5264459909
0.8629319035
0.4935186908
1.2509392468
0.3378979666
3.1900090289
0.0878693930
2.1672574945
1.7447378272
2.6259809484
1.3916018834
0.9529121042
0.8834389160
0.5504596227
4.6720697583
0.5306018857
2.3470205753
0.5918936323
0.2979053133
3.1141275294
0.0273524636
4.9767426219
0.5659222094
1.5729296022
0.4096329001
0.9968542907
1.4257489374
0.7987732153
0.0386136849
1.9023618923
0.1595141677
3.7016872305
2.6458032783
0.6818685227
0.2938192318
2.1386856152
1.2521977485
2.0276965295
1.2609735473
0.4588252065
0.9845466286
2.7616015230
2.7601341245
2.9275760457
2.8626812541
0.2965561506
3.4910103468
2.1532333181
3.1717440163
0.0126496329
1.7282989352
0.3693040748
0.8586474978
2.2716934354
0.5083340317
2.7450999236
0.2087423785
1.3068068165
3.2488626623
0.7657560045
1.4012126579
0.3071138029
0.7363752844
3.1519042763
0.3058690108
0.6310971703
1.6602791742
0.8639329845
0.3486719699
3.1418476047
0.9491623322
0.3013170739
1.9803467759
2.4155433385
3.6912063752
2.5511465779
0.6539562330
1.8658590399
1.4435634394
0.9921916128
0.8974056682
0.2856516310
2.8321335574
0.1012191895
0.6861085679
1.0988074927
0.2750320421
0.0904324113
1.8907544712
1.2955449351
0.4769014204
1.0010427051
1.8665417170
1.3384836742
2.2850560034
0.2682597351
1.5969180891
2.8527721249
3.8479560314
1.8279440893
0.8107522370
1.8425256131
1.1163361517
2.1641856625
0.1954192437
0.2795360922
2.3825319223
0.7860254682
1.4204659464
0.1422720078
1.4109182190
0.4394349831
0.2839136797
0.3898725772
1.5555557032
1.8761333020
1.3129651079
0.7119926428
3.4269152674
0.1975549197
0.5573878016
1.1883259137
4.6070963067
1.0171011882
0.2946304071
0.8507753411
3.1099420090
2.8585376800
2.0229931209
1.8715914265
0.1040395654
2.3623831267
2.0903052363
2.5502454120
0.7804537299
2.7068457728
4.9196795594
1.5876154416
0.6328094049
4.4812811796
1.7577162597
1.2844986224
2.2743733910
2.0364426998
4.6725756393
1.4954608833
1.4746748909
1.6151719269
2.2771005367
0.3503328641
2.6564270135
2.0430455834
0.5298923343
4.4825378317
2.4625048492
1.2516971902
0.5230740635
0.0293891205
3.2925446406
2.0611947318
3.6657566470
3.8676647752
1.6056871912
2.8164128906
2.6107088193
1.5205294141
0.7550964408
0.1291593688
1.4368356817
0.5155833860
1.5609037156
2.5107181669
2.0393331342
0.2136736620
2.1023774011
0.9410326496
0.6415491768
0.4521889127
1.1818991078
1.9144207958
0.6207095123
2.3541390993
0.8738247021
0.4076636901
1.1240795182
1.4531308239
0.0542894484
1.7880565023
3.4508002067
0.5418272239
0.8644282736
2.1365539849
1.2528225513
0.0835882125
0.5888696588
0.5259580186
0.0972337052
0.2357692110
0.1820954667
0.0552716007
0.6045511216
2.8396091771
1.0523367851
3.1331164316
1.3623024677
0.0263132294
0.2106805906
1.4510524404
2.5930736254
2.0827470800
1.1820389019
0.7492425380
0.6573507294
1.7146945089
0.8207102085
0.3817414405
0.9144079264
0.5819164687
1.9503054832
1.5540336282
3.6575539221
0.3354099184
0.1399331664
0.0178871026
3.3542876710
1.4533341703
1.8130937935
1.4773092591
0.7741789908
0.8516539720
0.2292858039
3.3743308940
1.9528449076
2.1604948683
0.9954550871
1.0445817871
4.3509865073
2.2220363046
3.5424221750
0.0672965379
3.7685350204
3.2690368886
0.8586259292
2.0490418435
1.3208432829
1.7453140051
1.3001523958
1.0419732912
1.6900119875
3.1334116205
2.3328126206
0.6324227950
0.5409127981
0.9642948551
2.6003332218
0.0693141769
1.1889723202
1.5650750294
0.6053580995
1.7913549138
0.5270316429
0.8563563734
1.5648425394
3.0085117329
1.5752474758
2.3679091390
0.6129236735
4.6779531866
3.1445214520
0.9910949697
3.1020648698
4.1665755864
1.7071661748
2.3216693073
1.3291505331
1.2224481062
1.8220975105
1.1512099389
0.0543900842
0.3619978547
0.4107345964
1.8567913592
0.8528727055
1.6769021228
1.6179411623
0.1110287192
0.9055196330
2.1948933442
4.9779240514
2.3072441715
0.0686579566
2.1555152984
0.2602785131
2.9008575187
1.7184347432
2.4475029226
0.3171679263
2.1410410922
1.8115931379
1.9667212208
0.8058077412
0.4928368873
0.4175334395
0.1670207024
3.4312083984
2.0156545476
0.8919237912
2.0965243473
0.6378218888
3.7242029027
2.1152400726
0.1802757913
3.6267526829
3.7690828278
1.6038235955
1.4011902902
1.8664437537
0.4856859112
1.5880224911
0.8529944020
1.3642332969
2.6785212567
1.8233382712
3.8217379220
3.1900419756
0.8880120069
3.5687410466
1.4396056200
1.7556359415
1.6458336158
1.9452325348
1.9348340228
0.0811807215
3.4794951840
2.5026847785
0.6223054215
0.3237744821
0.4315993306
4.8280961547
1.5800637691
1.3769889416
1.4915231097
0.2109685064
0.1265590750
0.7672721502
0.6576372123
1.1616867972
0.0291495034
0.0143790358
1.2319316067
2.0895549444
2.0406223333
0.4280964542
3.8402940317
0.0184049917
0.6123238637
0.4078360490
2.5761326660
1.2520787310
1.0020122155
0.9197762337
0.4391370185
3.7429323782
1.4316134913
4.1216693466
0.8527777936
0.9815136072
0.8105731484
1.4370169099
0.4353956853
0.7831501742
2.4033914693
0.2897414492
0.7810725043
1.0575624655
1.6647784504
1.3589022233
4.0203184298
4.1320949968
0.5065710816
2.2550569154
4.0865375231
0.9180372090
3.9159153314
2.5989523196
0.5064185141
0.9252003152
0.4353771180
0.5449025245
3.4735961364
0.5638369257
0.4958303349
0.8074172313
2.3563904893
0.3290315680
2.0558535667
0.3616052648
2.8467304875
0.6818337314
4.3655985345
1.0563146340
0.7328425293
0.4499096190
0.4489758420
1.4141793194
2.4034465223
1.4364624457
1.2499141506
0.5587760413
1.1090770745
0.1529536640
1.2645549578
0.4882362395
0.5216927746
0.9092332005
1.4276557490
1.3029672738
3.1789615769
1.4085892552
0.4697672060
1.2184827808
3.6912613387
0.5759503788
2.1868120640
0.0502598370
0.7351517588
1.6975443124
2.6928505997
1.8711311680
0.6451093568
0.4312516266
0.7782448108
0.3384089853
1.4782879615
3.2806908394
0.0248805393
0.2693587117
1.8485300242
0.2948650610
1.5508847921
0.1801194396
2.7673830381
0.1058622414
3.6171778497
3.1384798093
0.9398187530
0.2357220944
2.4464987938
1.1642054222
2.2932459473
0.4802869180
0.7033836096
2.6179856840
0.9244171379
0.4830842593
0.8153901636
1.5181744347
0.9503170197
3.1787423142
1.0281501139
0.5522142860
0.8558041904
2.1589747652
0.9950501882
0.9987823695
1.0981224755
1.1678056692
0.6410883300
0.1284833748
0.7531824366
1.0168818994
0.5059601628
1.0180183778
1.9081358489
0.9038570440
3.7871853014
0.3329255415
2.3319005860
1.9671425466
0.0832683107
1.5098660381
2.9871985738
0.1316610279
0.3328332094
3.9047394529
0.6256836200
2.1145327206
1.1329406264
0.0063557139
0.0589795601
0.7984056560
0.2299556172
0.0584826557
0.1735548218
0.6207099775
0.2965838924
0.5006554329
0.5138087964
0.1959550751
1.2783606402
0.7596250886
0.7411076420
0.5825563852
1.5736655326
2.7640348853
1.2467305930
1.6744051132
2.0584165794
1.3097475118
0.0875097124
0.2511648950
0.1163624620
1.2930349603
0.1884547334
3.1788533045
0.9040826902
1.1596716185
4.4399419301
0.2472019785
2.2029397669
2.5627534843
3.1412841080
3.5502607199
0.8553985937
1.0631368334
1.1620174122
4.7678692290
3.4628604423
0.1169688818
0.3401451640
2.5831759049
0.4097063561
0.7676305496
0.4759951265
1.3165267789
0.8248411530
2.6137367638
2.0794910803
2.8270014910
2.5754655739
0.7291811103
2.1291681637
0.2346818380
3.5741840165
1.4106485552
0.8256428322
0.0721502792
1.2814524936
0.5213949159
0.3757537880
0.0762549841
0.7167431111
0.2368270959
0.0054078086
0.1104439028
3.1153963519
3.3972440932
4.5620548374
1.4223869685
0.7129373370
1.0275808259
1.7002437472
0.1606340709
4.4923716362
1.7890577983
2.1660079261
2.0126067892
1.3187444230
0.9127233499
0.6356614732
2.9616685406
3.7413263611
0.2053169667
0.2227403055
3.4290858574
1.9495648558
1.2537677825
0.0365017665
3.3910762459
0.1050806087
0.5208865802
2.3062135959
0.4383731666
2.3872088704
3.3478842314
1.5556995769
0.9327864645
4.3393345976
4.8608719246
2.9693870893
0.1203573444
0.1260888545
0.2742847084
0.4440941134
0.3028930488
0.7809541529
0.1092338987
2.5403073599
0.1276985911
2.7709680012
1.5661628826
0.3522301389
2.5020645617
0.1094911181
1.5073262350
0.1567511658
2.4967395071
1.4397766652
1.2959524440
0.7381777074
3.2998614208
2.5917476449
0.4723483601
0.2445254661
3.2071451472
0.2408700558
