sampled_beta
1.7821931981
13.0876555290
10.9004499942
2.2680980638
15.1157276313
2.1613910535
2.0590103662
1.8379743242
1.8566749107
1.9946285132
2.7764672793
2.0295227044
1.5938952868
1.8668437352
2.0103669713
1.7664427661
1.5406489358
2.0844609824
4.9370033691
2.0015802828
1.5091120968
4.9902431853
3.1096387778
1.7486095519
1.6002440586
1.5901574637
1.9898176969
27.4695854821
2.0091735224
1.5266486596
1.5891896594
2.4075000712
1.6902672580
1.5768114360
1.6620881163
1.6302848363
1.4906023777
3.7771965874
1.9939503616
4.2716834191
6.1526630261
1.7287744339
1.5028773138
1.2047844091
1.6108348232
1.7736508332
1.4571787089
2.0201117654
3.4610190746
1.3759663268
1.6836010590
1.3581089777
1.8090211933
2.6014319170
2.6750613461
1.6378886477
0.9220814528
1.6022986926
2.6319821546
1.3722778063
3.8624015496
1.9445059080
3.6616576262
20.5092975908
2.2666010699
4.2804543247
2.2501739320
2.4376933126
1.7141258001
1.5680366028
2.5522278511
4.1987232361
2.1617864864
2.5114272938
1.2022413858
1.8478190659
1.6219762059
1.3390440288
1.8113401705
1.5220505831
0.9302832164
1.6832616557
1.6834753263
1.5587636692
1.2871124100
1.8836477102
1.3786146810
1.7852785125
1.8010076438
2.2271912445
1.6018374752
3.7278210729
5.8526276334
1.6715527292
2.6462994584
2.4596292756
1.5905178095
2.1532183441
1.8351063066
2.1560825441
1.3301172884
2.3970704008
2.0939448506
1.8331960221
2.2744493683
2.5158638620
3.0346471384
1.8831258845
2.5127850126
1.6360560183
3.7534006918
3.6922753499
11.4510173933
2.5708071224
8.3306957784
34.1213888896
1.7904303642
1.8410589950
3.9456736229
1.3812786959
1.7258940735
1.6645714991
1.6999612859
1.6107732619
1.5711889533
1.2906108719
1.2536180927
2.1898212515
24.7807205375
1.3270356042
2.0412985491
2.1712271873
18.6499771589
5.0801029380
1.8615257610
1.4704335729
2.8136216538
1.5537487017
1.4834240140
1.5645258718
3.6237849552
1.6556613399
1.6906124547
1.6824665484
1.8738882518
1.2420554995
2.9793513635
2.0285934779
2.0085721421
2.2005219509
3.1586527047
2.3673934359
2.0459959601
1.6593774842
1.7764774792
1.5247321033
3.5983614910
1.7526770141
1.4274078756
0.5226360893
1.8136249548
3.4565388959
2.3432504910
15.7968724383
1.7567672154
2.8053929798
1.9388208344
1.7983254843
1.7699403960
1.6050132795
1.9840769801
4.8998440280
1.5575808699
1.4492088947
1.8121129781
1.3355074365
2.3220711649
1.5990225160
2.1170608871
5.3393365054
2.4857596367
1.5630711762
1.6119195957
1.5699072785
2.6735411066
1.8549140736
1.4466735957
1.8644115736
1.4342664516
4.8747971318
1.9878675833
2.1670563275
1.5099375199
1.7286711501
1.8076192383
1.6554660978
2.9954351930
3.3262821839
2.2226327122
1.5878032957
1.9214568746
3.7305272885
1.4197402236
4.1318366556
4.0776615565
3.6145642550
3.5091130871
1.5451829419
1.3767359248
1.5325902084
1.5476253479
2.3892411724
1.6732500426
1.8545119088
1.6102962086
1.2688190755
4.4520325350
4.3832296039
1.3143431076
1.3237684110
2.0605381485
2.0889833679
1.6104837822
1.7751702658
1.9405228881
3.0091734373
1.9220009890
6.9387076976
1.4395365098
5.2051344631
4.5574224749
1.7671056773
2.0837676626
3.2070859260
2.2096197816
2.8901972173
1.9589081920
2.5399712633
5.3978830992
2.4064075279
1.1365296917
1.5362759839
1.7117912002
1.5108266671
1.6541783535
2.4134572640
1.4215550783
2.1395722439
4.6875035010
1.5674928331
1.7355581047
1.4872149714
1.8131485681
1.7009143598
1.8280988355
1.6585156188
1.5648226432
1.9546960265
2.7766268562
2.2126954754
1.7332316308
2.9487548291
1.7933938063
2.5454417915
39.8552334751
16.9264325387
6.9616682533
3.3311383682
1.5135887819
1.7785453939
2.1301785441
1.6633335318
2.9285597290
1.9158730370
4.2130559233
3.9326517097
1.8106177498
5.9970717633
16.8457518504
2.2270233948
4.1309244022
1.9874757751
1.7380201269
1.6868679731
2.6841013252
4.4554358480
1.6329706293
1.8319082118
1.5587255799
2.3324725399
2.3026370304
1.7824532276
0.8042652829
3.7874303925
1.7286189977
1.7069995149
1.7816186379
2.2686167118
1.6488362728
1.5030817442
1.8352679833
5.4644246588
3.4916386167
3.2033684546
4.1560302862
5.1417944923
2.7039900469
1.5547603797
1.4656114889
1.5663630015
1.6244876255
1.3937571124
1.5417633736
1.7793159636
1.6844190943
1.8290872399
1.8500817112
10.0477086350
1.7359236858
1.6684566765
3.3456632582
7.8098307015
1.5291465369
2.3327195396
2.2283358211
1.3772629783
2.8630756172
4.6024114020
1.6085627919
3.0946553670
1.5523653809
1.8186764318
1.9312892342
1.7079458734
1.7595399011
1.8872121515
4.7560926148
2.2565318472
3.5498351091
1.9203847501
9.4259426719
1.7221611249
7.3851640280
1.6711990231
2.0301980505
1.2841131826
1.6444698771
1.8795965582
1.5608832854
1.6141916878
1.4352605300
2.6255363234
1.6604617427
2.3697959405
1.5756519324
1.3921224505
2.0145466735
1.5671449712
2.0212820887
1.6403636552
2.8152909553
1.6366229098
1.4425464617
1.7187195637
5.8918840949
1.6530828114
1.6474536842
1.7331564867
1.5455912558
1.8040969362
1.4630440129
1.7960642162
1.5540144957
1.9915023906
6.4068230323
1.4404498310
1.6063077348
2.4974558414
2.1521514084
2.0677607430
2.3064204114
1.7823902731
1.6748020360
1.6352176800
1.4314382555
1.6702122692
2.4683353254
2.0531985202
4.0086364648
1.9807216296
1.5302519929
1.6352586830
1.5513770196
1.9127002409
1.5600997646
1.5851536542
2.9544496772
1.6004311677
1.8457488260
1.8640365570
1.8540597532
2.6051571311
1.9776050996
3.1305384218
1.6963837021
2.3276657049
1.5112554634
4.7957139952
1.8015473893
1.7856672162
1.4652048554
1.9395799559
2.1894782487
4.1860801257
3.8354071757
5.1234708773
3.4411973986
1.8562855333
1.5734371263
1.9809855489
3.2648940640
2.5477409714
2.9820794235
2.7389371517
2.5442970239
2.3353503566
3.2406932574
1.6114019494
1.3323634749
1.5509315538
4.0260068193
2.2122742405
1.6317228679
1.5267895316
1.5854844544
1.9019450231
1.3357458773
1.6432988101
2.6424707296
1.1653425635
1.9974550628
2.4965695013
6.6625490812
2.2204856786
4.4082480855
9.3281348543
2.0361705598
1.2174691240
1.8808527800
1.6612478738
1.5620818032
1.4589232519
1.9329819977
1.6241465155
1.5480089881
3.3001677485
2.5961954870
4.0925520565
1.5450341521
2.1284239763
1.6775659695
1.6697353411
1.6467551125
1.6061301703
3.4805476677
4.4641151691
2.8971706153
1.6062278801
0.6305287422
1.6231617942
5.7125239811
1.5942780837
6.6255075340
2.5426059632
1.5739513728
1.7101872379
2.0100128418
1.5536889302
1.8541436770
1.4971321002
2.8013879684
1.0082093752
1.9354992621
1.3039619542
4.9248178639
1.7559076704
1.7617601118
1.0512913417
1.6895711509
1.7640382850
1.5639685130
1.4922654856
1.6185536753
1.6554071933
2.2525101683
4.6151579323
0.9955049507
1.6506691582
8.5523437664
1.3613964634
1.7223617615
1.5317351258
2.6883662943
1.6435762716
0.3595663850
2.1913627624
5.3430297670
1.6212546949
3.5980639902
2.8733145114
2.1893110815
1.7464740211
1.4138429669
2.1380284535
1.5831596756
1.8804295638
1.7555090622
1.3646137573
1.9395890930
2.4782376619
1.7056040899
2.0586292916
11.7446581752
7.0744821029
2.3981454562
1.5296512118
1.4855654995
1.4617106038
1.9742664653
2.0647272861
1.5773280801
2.0273160036
1.9754195417
2.4647769972
1.4465599160
1.9459895583
2.6179659736
3.2268688831
7.8238412001
2.2981695747
3.0279162042
4.7138101698
2.2428615685
2.0882037119
7.7242686436
4.3576993283
5.1102475230
3.8566931016
1.6850118924
2.0010272998
0.4885329210
2.6576904617
1.6013339105
1.5440559458
2.9411463448
1.4140626596
0.9461748367
5.1299425279
3.5585820093
1.1968399476
1.6753878702
3.3324452416
2.4229979849
3.7410567947
1.4739067979
1.7676144394
6.4354783813
2.4088444428
1.8404602853
1.6310570254
12.4882709437
18.1656404429
20.9644568808
11.3093312617
1.7111997213
2.8382026102
1.6963680496
1.8320775229
3.1106543867
1.4474866183
3.6026213867
1.6914287539
1.5053629641
2.1749220231
1.7007799546
1.3562063763
1.5535044900
2.4338153335
2.2564303383
1.4540024027
2.0573422567
1.9405737182
2.5295930968
3.9608087599
1.8276073539
1.8963298542
2.7411914554
1.0491057365
1.6279482312
2.0350097737
1.5886528617
1.6714088875
1.2747740094
1.8173782755
1.3802793421
2.2909072522
3.7632756621
1.4543493611
1.7743294789
1.5691361073
1.6718084681
1.7314782534
1.0035778882
0.9794818163
1.7336134950
2.3882359410
2.8430237914
1.5574569580
1.6666640158
3.6431056734
1.8311479069
1.7569033518
1.3465452467
2.2655293470
1.4891397503
1.5299844683
1.9319397824
1.6919696673
1.6004280880
1.5115043129
5.3838912487
1.3852172952
1.7065021367
2.1887223141
2.1848358293
1.7195020255
7.4346940821
2.2236510346
5.8388277035
2.6172207526
2.3012611610
20.8835241993
1.6578012464
1.4785175357
2.3631545002
1.6812883862
1.6126434024
27.5734510602
3.9276967911
21.8566115683
4.3520273934
3.6656190008
1.6645976929
1.8334281795
1.5108719570
1.7206840357
1.9751960363
2.2672945009
3.6889488957
2.0214032352
9.2038557429
2.3076433603
3.2314486067
1.6382665282
1.3565318584
2.7883960726
2.0975327266
1.8719866586
1.2330453469
1.6800601338
1.9252195073
3.8789822420
1.7119343546
1.5702640488
1.6672598416
1.4845916959
3.2077816872
2.2612838337
2.4879938373
1.6079198746
1.5897868920
2.2645862151
1.6233649692
2.4603440611
1.6194641615
1.6650726380
1.8499486606
1.8110715192
1.5085808737
4.3174027710
1.7938314983
4.5123421406
2.3727621317
3.8142759935
1.5893206688
1.7781019532
4.6799796705
2.0053919623
1.7793891459
4.3337557043
8.9907804392
1.9504351327
2.5805865466
2.3243869434
1.8253745745
1.2532609284
4.9634450418
1.6917600690
1.5845093102
1.3547126605
1.6883075789
1.7282549974
1.8210367175
1.5679872993
1.4445461561
1.9197970321
1.8947671109
1.9053559006
2.1986473084
2.5697120747
1.5140583161
1.5337265922
2.3875757196
0.6385217853
4.7946935331
2.4052111639
3.9183119344
1.9244597712
1.5933910987
1.6089207277
4.6710063311
1.7853956859
1.3818751621
3.8546827312
1.7984494035
5.1070203138
1.5095104174
2.1160545002
1.9028421494
1.6412645234
5.0766685019
9.6025897252
1.6438520086
1.3580831497
8.4692114016
1.5986000670
0.1734587517
3.7397627943
1.4229015662
1.6945492310
1.5317178882
1.6911939243
1.7636621177
1.5505872125
5.8476626035
3.0590634605
1.4852472326
1.8455070815
5.6872672911
4.5487364799
1.9279367593
2.5320359003
2.4354523077
1.7293064592
1.5858825240
1.5948272812
1.5822867967
3.4243001140
1.6451585720
2.2093036926
5.6683544501
1.6764962242
2.0159468447
1.4124654397
1.6196250570
1.6346429548
1.7337199359
2.1118759217
1.6182505977
2.6457381025
1.8345325973
1.6536146520
5.2534703014
2.0150324489
1.8348231572
2.0061843115
1.2360314240
1.5939277014
1.6441676116
1.6513470410
1.2510099643
3.8397454461
3.5878178340
1.6832444965
4.4081205911
1.4855428701
2.4704538111
2.1017990329
1.6001845316
7.6976750733
8.6827762712
11.6198785056
3.2385634465
2.2196678367
1.5432710776
2.2458523893
6.3140014025
3.5629942881
5.3481748850
4.8870159528
1.6210893815
3.0886067665
1.5978258632
2.0960274344
0.7189820642
3.6224582970
1.2926055980
6.2748135320
1.6013108407
1.7893120278
1.2987654074
1.3040707423
1.3774092791
2.9739811591
3.2511432766
1.7522560505
1.7597991836
2.1088863456
2.2054459519
2.8237387250
3.7388345685
1.7305407874
2.5215717428
17.4861118986
2.4454325776
1.6352365455
1.6493454291
1.6043012087
2.6976156954
1.3854978878
3.3946446540
1.4872920076
1.4936669052
1.7575043732
1.6675382886
5.0662786926
6.0591102577
3.4534091803
2.6977317740
1.8811198182
3.0433764543
1.9797257345
2.5456810024
7.8598713192
1.8246992677
3.9639478182
4.8613705301
1.6807452428
0.7319536066
2.3369181760
1.6018124395
2.9259673114
4.2964569043
1.2868384393
2.5431082500
1.9101996115
3.6818445302
1.5972703842
2.6549381704
2.0609665781
1.8152074443
1.8040656547
4.5675851425
5.8349644257
2.5923689748
1.7431865334
0.9762519437
5.0966461350
1.7714815809
5.0156855951
1.6588054357
4.3727670824
1.7803632692
1.5913649016
4.1556536077
1.4213877400
1.6077431042
9.4066586088
5.6717810340
4.0736916903
1.7901962165
1.5050060362
1.9140697522
1.5626677888
1.8900059957
2.3093949840
1.2609221371
5.6667341540
2.1037286689
1.9903340442
1.9848272583
1.4818747270
1.4644176119
1.8269098063
1.6315962548
19.5536016686
1.5319091733
1.6633640430
1.5081734954
1.6855341909
1.9844235339
2.1277779946
2.1938942880
1.4839066478
1.8807288020
2.5507709241
1.7221302934
1.5539136049
1.6360250695
2.2093858999
0.8064747903
1.5456984128
2.3104153938
1.9388506675
1.5823435958
2.0651551038
1.8167804415
1.4927456262
1.5002803052
2.0337015093
1.5142203011
1.4716532174
1.6231789718
1.9457549227
2.3392569843
6.9464380446
10.0508837000
1.9027255060
2.6114682223
2.1967034940
2.1257738124
1.6076724197
1.8423044338
2.5309891334
1.9466222182
2.8084719735
3.3683984326
5.0474039341
1.7910036147
1.8297595464
1.7600981474
1.7713596832
2.8520781569
2.4035135369
2.0063105284
2.6045986698
4.0074230924
1.8255261880
4.7326737217
1.4172981991
4.5556929285
2.7484382734
5.5944290233
1.3816693513
1.5833695117
1.6486237412
1.6058678942
2.0037091161
3.6761479356
3.4676046857
1.5030867487
1.5889295708
5.0168541162
1.6614352448
1.7058188649
4.1032560865
1.7821410677
4.4871158867
3.7356356589
1.6554026079
1.7184855949
0.8813742456
4.2749114189
20.7585088020
10.2615611111
2.0254412605
1.7477997848
1.5544497307
1.5910143319
1.5464534355
2.1971735206
1.3537427162
1.5998144776
2.6267820111
3.8856309768
1.5313289077
8.4717016399
1.8999797491
1.8695119877
1.9826165105
2.9113741084
4.2567550321
2.6046875261
6.4434576441
2.9352467657
1.5106541952
0.5795040253
1.6537662267
1.7541095330
2.2807512906
3.6821099912
1.3419489519
1.4819882395
1.4802143046
1.4939778957
1.8988655393
1.4518223825
2.2480469757
1.3482262223
1.8564837970
1.8312131006
1.8293282919
1.5434776029
2.4070405523
5.6215428327
3.3678010392
2.2099555847
1.8382670260
1.5847560423
0.8541457140
1.7042368583
2.3154015542
1.8730541485
2.1531987971
11.2892711378
2.4417808647
2.2558904985
1.4410915303
1.7111638342
0.5246212958
2.7693674055
1.7905148883
2.1335952455
2.2751358458
1.9577692662
2.3104089770
1.6029717304
2.1032430342
1.7508073555
1.6324483427
1.3056587906
2.1087483368
1.6523430575
1.8111796599
1.9825072193
9.6317222912
2.7800747964
1.5182413622
1.8786803744
2.6799575842
1.7578884012
4.0583466159
1.3787724086
5.7368620568
2.3820077128
1.6310992921
2.1336596169
1.4728384114
1.6646111186
1.8868043209
9.5878409696
1.4069436596
1.7124115356
1.7482994036
4.7825727572
1.4247238731
2.9155697143
1.2818670122
2.0819669974
2.5860681582
5.1494025866
1.5244762826
2.0829077823
21.3747681933
1.6768260609
1.8964151462
1.7918089123
1.7560236856
1.3606573222
1.5116542625
5.0521171337
1.7769369521
1.6122912545
1.3500475874
1.9401581900
5.9793005313
3.1444588266
2.4818349959
5.2024869400
1.3144449148
3.1903689269
1.9830751882
1.8128798847
1.7368192313
1.7240347174
1.4918648425
2.0943612033
11.0345565093
3.2725348121
2.3615437285
1.3514386647
1.8106134024
7.7937998528
1.8148562580
1.4609055591
1.8932495272
2.1272789423
4.9147549711
1.5244194400
2.2230877778
5.1521849004
28.3226285552
3.5554096204
1.6690779415
1.8535637248
4.5462148225
1.4436059281
1.7567937838
1.9941849160
1.4133245562
1.7105016035
1.6366942075
2.6822882874
2.7694934853
2.3394464750
1.5186791077
2.3280725565
1.1023133876
4.2432569565
1.3191460653
4.2544920521
1.5283006647
2.0991713653
7.3012868082
2.4670779920
2.0086669254
2.6110632247
2.4561731800
1.7247273338
9.6709531257
4.1420357142
2.8449316827
1.9044958622
2.3620730756
2.1915672927
1.7822553265
2.6916311262
2.1229394866
1.9414340119
1.6073773591
1.7615573251
2.4466092192
2.3053986445
2.8231854395
1.6486852217
1.8201881557
1.3136830089
1.4346916243
2.1253312677
2.2904872349
2.1500384467
1.5771296906
5.3740763061
0.5563891033
1.7900888667
1.5461154712
1.5684537863
1.3378980386
15.0018033683
1.9844223747
1.4493418969
2.3630316654
2.7369604565
1.6989110733
2.5233350783
2.0008674549
1.9259315078
1.8098379149
1.6709710325
1.6028108211
0.5571465840
1.5916152317
1.8479106266
4.1562991959
4.3905907728
5.4681013866
1.2695095751
1.3607696282
1.4616115264
1.6038338008
1.5192213151
3.0948622448
1.6023311598
1.5882325071
1.9009062939
1.8149698798
5.5442794854
1.4804305842
2.3575432247
1.5715979999
1.4883635943
1.7094431430
1.9135516665
1.9751866774
1.3874435663
2.4903140112
2.0892559107
1.8305914281
2.1470576126
1.5758772776
2.0263698343
8.5763073077
10.1050147287
10.7043258671
1.4946437057
2.8873855763
1.4500098882
1.9038617780
4.5278067195
3.0529406768
1.6535299323
1.9408379722
2.7819115197
1.7036037474
3.7097466071
2.3462491846
1.8371341206
0.7379431194
1.3674262575
1.5775900729
1.7446412560
10.0299182689
1.6080543883
6.5281565043
5.0335009181
1.4505607050
18.9714262780
1.6002534995
9.6223963226
1.8427460194
1.8349602852
1.3123791272
1.9449972654
9.0856965899
1.5052035300
24.6788105032
11.8071117330
1.8732263835
3.5492375648
1.5529146167
1.3894422805
1.6831004590
1.5037999764
1.8522404605
1.7589577128
1.8682366639
1.4440486234
1.3589176443
2.6363715082
3.4629936156
2.0042347752
1.5637700154
1.9186061117
9.7564429115
1.5350744685
1.7912059332
2.4505975788
3.5585199952
2.0248462036
1.4776121917
1.8373222144
6.0302960948
1.8928098963
1.4174006981
2.1506274267
1.5676849027
3.0589980263
3.2443251682
5.2051227302
1.9976629433
1.5141549362
1.9517673257
1.9368719432
2.8700018054
1.9671205002
3.4859707234
0.9074231085
2.0460755991
1.5519650150
4.2693355578
1.3917256718
3.3584097452
2.0532524474
2.3641849813
1.9015577849
1.6491130115
1.6435272451
2.4281232663
2.0644301842
3.9959133822
1.8579216580
1.6693983289
6.2667261980
3.4304566888
23.8482120300
2.2309546536
1.8823046043
1.5301668080
2.8012855785
1.3439202768
1.8337398491
2.3119296369
3.5156546087
1.5038707043
2.1075160306
2.4889157352
1.5150581733
2.0092012766
1.8806509460
1.2413146401
17.8710620887
2.1152983453
2.1589536293
1.8024726082
1.4919505782
4.2087700593
14.6880215402
1.6209396231
1.5894435345
1.8085388723
2.6268867267
4.4751001589
3.4947696235
2.6229063936
7.7594948755
1.9969391391
3.2103096497
7.2844104161
1.7033127192
2.7446385407
3.9367017243
1.5693923482
2.3718205753
1.6152028643
1.6103916563
1.8509559751
1.5415120264
1.4614008298
1.5370821905
1.5673700311
2.6809849677
1.9558800995
7.3308475659
1.6285762354
3.0103705492
1.4843690703
0.9556011087
1.7768431704
2.0017119505
30.6818436828
1.6807629020
2.6318953233
14.1773966581
2.0935592457
2.8657424024
7.4405662928
1.8123080026
1.8269221790
1.7009535660
1.8187426121
1.9224781025
1.1105741338
1.3320188795
2.2869956391
4.8269927820
2.6393317370
8.7182934274
1.6597583786
1.3676542051
4.4299655345
1.3701705114
1.9111245264
1.4442338491
1.7532686713
2.9278188984
1.8923526915
2.6317883768
1.5290399510
2.5090397152
0.6693513157
2.2506484777
1.5322932553
2.1719216200
2.8399414707
1.5273766801
9.4653033078
1.5946755513
1.6782162366
1.7784913412
2.0283425849
1.6036592760
2.4370266006
1.7217029693
1.5656286637
2.3471043100
1.4665603998
4.6369977743
4.9727170144
1.4071548498
2.3190011191
1.5899632094
2.4886195884
1.5964227470
1.9734510469
1.1067127631
1.9866585576
1.4868053758
1.5972629705
1.6388169581
2.3777704941
1.4919407898
2.1898068489
2.5598445308
3.1011022389
8.5088847255
2.0011880016
1.7173594669
4.0493593802
2.5284446062
23.5355672092
1.6033531895
2.8289467845
1.7192575727
3.8293118102
1.5738464518
4.0298656944
1.6085404648
1.8056424974
1.6518476267
1.7512635487
1.4357282365
1.3775947926
1.6031296056
1.5983675513
3.1001223977
1.1391895978
1.5578604869
6.9710753215
1.3528343696
1.5349358943
0.6161576804
10.0549841173
1.6062989089
1.0933566494
1.9266835575
3.8232060826
1.4812938804
1.3661635094
1.5760605865
4.7728769170
7.4026094255
1.5866278034
1.6217787314
4.1468925266
1.3848235123
2.4081483463
1.7941770840
2.6111811618
10.0976949644
2.0846629905
1.7939580734
3.0161076804
1.5073097827
2.0341627666
1.4272259732
1.4899427878
1.4928100530
23.8924679510
1.3507180832
1.9974152414
3.0656576525
1.7261012923
1.7308575472
2.6108911872
3.2113904752
2.1585760821
1.9417421523
1.6707468612
1.6964392361
1.7278676390
2.0650757151
10.6998348077
2.2024018457
12.6941062875
1.7867884325
3.1097695781
1.8611625081
1.1847839446
2.6434409849
4.0758230249
1.8605769281
1.6424381515
2.9477999046
1.5716271359
3.9783322362
1.6444648310
1.7462818861
3.4984611357
1.8011508124
1.6993841890
1.5118428235
1.3722296278
4.0285150476
2.6689236100
1.1616268910
1.4111155203
4.9000919139
4.1055710010
5.7169161214
2.4008719108
2.3690866192
1.5258120604
1.9946807612
1.4996360153
1.7873810825
1.5841968247
1.6597143991
2.6228508784
2.2964645415
1.9993473549
31.0613739470
1.7247678195
3.1380497031
1.5180592652
1.8938922761
1.6170432303
1.6356605535
4.3712087404
2.8824294074
2.2774343066
1.6648066605
2.1218353775
1.4506683101
3.6612823561
1.8267337063
1.5718154182
2.0459977225
1.9137228063
1.7191844073
3.5715371855
2.0257735433
1.5469939224
1.5300632589
1.5171992924
1.4371424367
1.6859254251
1.6540298473
1.6786211951
1.6793591662
7.9566048323
1.6433474580
1.6073069121
1.6975984106
1.2422925654
10.2022235133
1.1915390339
1.6955463143
1.5116176851
1.6536464636
1.7579919798
1.9795750089
2.2887741031
1.2645917172
2.5780939226
1.7069212237
2.3106998378
2.2468776491
4.8498450858
2.0793183644
1.5455816770
2.0658810946
1.9779857234
4.0553908595
2.4377924735
1.5098712129
3.6197233410
1.3797592904
1.7553340687
1.4865231571
4.3992097461
13.8185554731
1.9064707487
3.5033305874
2.7312022493
2.3313067244
2.9198864499
12.4581208737
0.7950192699
1.8915817889
1.3980234167
1.6219602195
2.5526351486
1.4470820205
2.3605520969
1.6306714406
4.9152120564
1.6791297314
3.3732070860
1.6031445120
1.5911489419
3.6281379834
1.6291031845
1.6680790414
2.1237939347
2.9206035335
1.6696658622
1.9728795008
1.8535011159
1.8067796874
2.6608978381
2.1833478088
1.9781439679
3.4109359870
1.8389516190
1.4761503288
4.6073062933
1.9615096205
1.3895474462
2.4363855567
1.4160134053
1.5751242856
1.5454838867
5.4964845745
2.0394939207
5.1504959018
5.8425252835
4.2129682731
2.4146936128
4.2926091225
1.7868350026
1.2960183099
8.3035791866
1.5850199640
1.8339589498
1.6406792204
1.4146392050
1.6363503745
1.8394603955
1.5409565839
0.9728184135
4.4663894547
1.9388791251
4.1845233566
1.7921041175
1.6138060500
1.7699134953
1.8014382629
1.5645086814
1.8747149053
2.8086402018
2.1899316746
2.9638977312
1.9942775978
3.7200473188
1.6924576714
8.8188852648
5.0294183922
1.6188894838
1.6445065628
6.0539542505
2.5641004528
0.7880961999
1.4096560090
3.4642723380
1.6797450023
2.4424202751
1.6364558837
2.2038858517
1.7421742739
1.6366155014
3.0289884272
5.2521169193
1.4776767303
1.4065981251
21.2280515750
3.8449363473
1.6849164881
1.7513084150
1.4800837669
1.6214768046
1.4949916637
1.5393619110
2.1028471976
2.6728858766
2.3023360660
1.9144397243
1.6016609070
1.6298599475
1.6134542850
5.0223542729
1.4132627354
2.9747065631
6.5381675693
18.8756245826
6.9366942283
1.4656734738
1.6505499126
1.7757172083
1.3268797349
4.3348339652
3.9686779503
5.6649632194
2.2786366075
1.5624861357
1.5251303360
1.5828614849
1.6142919026
1.5626493005
3.5740784414
2.6388752587
7.1599280121
2.0772032953
1.4031264491
2.0602252400
15.1695562559
1.5131553609
1.5105507211
3.9959100252
1.5855699849
1.6653552079
1.4629543075
1.5441638254
1.8958468521
1.2660460954
2.0353544380
2.4093136127
1.7215936082
3.1200387181
2.3658703569
2.0769519785
1.6593001854
1.6249839398
3.0892937293
13.2746346932
2.0735836937
1.7758586068
1.6901083282
1.9016314361
3.7583553737
1.5094330176
1.6339317978
1.5812978368
2.0897006801
1.9934093325
20.9952348506
18.0356429490
1.9337576973
3.1889830738
9.4677854092
2.9235256756
1.5921383151
2.9419251254
1.7212548122
1.5941088279
2.7148255006
1.6109214791
1.4846376278
3.2541759140
1.2570544458
35.8921965504
3.3537055597
1.7810038194
5.6356559075
1.9738461248
8.8211891016
1.6713353338
2.0229235241
1.4594558712
1.5008633812
1.8353133296
1.6885395121
2.5307620017
2.5571571365
1.3545228929
6.7164503861
1.5050643196
2.1240588896
2.7934331158
3.1678523451
1.9270491133
2.6916201971
5.3421588351
1.5997169426
3.2846458235
1.6914051467
1.3490596666
1.5953321525
2.0193518999
1.4766532109
1.6495833411
3.6819599586
1.8708464026
1.7890174239
3.8083915090
1.5710574562
2.6988575830
1.4240259758
2.8184158787
2.3578091595
13.2981093242
2.2417292002
1.7164754043
2.1171534351
2.1644931346
2.1489331087
1.7486067664
1.4784079476
6.6539920002
13.0134679563
29.7552653949
1.8471919644
2.8283763529
1.5861753815
1.6313547476
3.0648317080
2.1456466936
1.9641952631
1.3382964510
6.1730575748
8.9577889365
1.4164991096
2.2655177998
2.6259150430
1.6888173410
3.1035967675
1.8605438492
5.6977285710
1.7631564854
1.4981728630
3.5292334972
1.5781045819
1.5481908135
1.9755237217
1.3085955471
2.1205192774
1.5564321334
0.4953399026
1.6921885404
2.6775095776
2.2280874926
2.0214836986
4.5825463877
1.3788087176
3.3205797861
1.8862105281
3.1815292845
1.6064133517
3.7254837116
2.5354128769
5.2212886260
1.5645975791
3.2223847371
2.1125466688
2.9244083345
2.9689261166
1.4477774060
1.4810246799
3.3458011573
1.7465175393
1.9478263807
3.3936543798
2.7557119469
1.9420493875
1.8764710470
1.8548443703
7.2726485912
1.4023581111
1.7367048421
2.1636807378
4.8170701892
2.7933140110
8.4626257749
3.0802278994
3.3793924072
1.8089406887
1.7099249577
3.5578474020
2.5284751081
2.0588016013
2.3626900472
1.5410379793
1.3605397155
1.4458716755
1.6357707617
1.8567188207
1.8498665991
1.6300375305
4.2402401209
2.3268392862
3.7331388561
1.5849680844
1.1125125682
1.6870576227
1.5147258874
1.6657018040
1.7229928668
1.5505001072
1.4680562836
1.6620728131
6.0229434819
1.4503513541
1.6384047931
1.9239454326
1.9131360743
1.4157895088
7.9848999792
1.8653290756
2.5038204504
2.1336930851
10.0565925309
1.4561432857
2.1571031491
1.8056827052
1.5602201045
1.5879441501
3.1625689331
1.5606079346
2.1822288581
1.9062567438
2.0486207135
1.8358802680
2.1803300348
4.5069649247
1.5870810371
1.9667025923
1.8996929634
1.7451540717
11.4172129984
2.5549718473
1.4469093863
1.9719137769
1.8257495416
1.4259778220
1.5609333321
3.4045098013
4.8744210335
1.8881094202
1.5564520248
1.6250716837
3.5853664132
1.7109239164
2.9508503678
2.5524672091
2.9716138097
1.5291082260
3.7098541465
1.4848440658
4.2536777375
2.0952244460
6.2038282123
1.1460305079
2.6943833297
1.7398787339
2.3373107798
1.8165113080
2.3313968412
1.3570002552
1.7162353739
1.2845388597
1.7826342139
1.2794241061
0.9049701993
1.6942460861
3.0090768861
1.6327400960
3.4487475676
1.5729673691
1.3101951101
1.5864509943
1.5926487465
3.1295706780
2.1128644337
7.9086450424
3.7222060330
2.1830648505
2.5421381364
2.7188358590
1.8461590155
1.6237080606
2.0166247391
0.5058685248
3.3784134750
2.6419060667
3.2180576095
1.6690531199
2.9455397246
3.6517679332
1.6733051371
1.7813878690
1.6120858206
1.9764542012
1.6377963426
3.0744552254
1.7419701391
1.7246663139
1.3984833379
1.4793857307
1.5152554712
1.6810457038
6.0742755919
1.5810750170
3.6888119471
2.7367506902
1.9682223177
1.7577943770
2.1984294482
24.7425711568
7.7113481282
9.5789624200
1.5243670104
1.6088541184
1.5969598039
1.7283608800
2.7324044747
3.1028712968
2.1042956146
2.3769509858
5.9332727055
2.4153383698
3.7833193167
4.7746403892
1.9778146751
1.5052772193
3.3416752609
2.2283699452
1.7463978699
2.3097418600
1.9621915757
1.7353694418
15.0582904283
2.1609760656
1.4621374289
4.3334974848
1.5136259529
1.5867306855
3.2277331826
1.6083264946
1.5503080489
1.4955903073
17.7312304927
14.6290341123
1.8513671330
2.2325945220
1.3213094073
1.3338435169
2.3268476902
1.9057035468
6.1836276241
2.4065385040
2.1941679485
1.6003296769
5.2642412478
7.3713124929
3.0005500162
7.6435808382
1.3635298707
2.0278774473
1.5531402464
2.8949000349
2.8963366820
3.0912116204
1.2611437914
1.6937804534
3.7012287042
6.8110266470
1.4373986221
1.4581503938
1.6345298906
1.5302085405
16.3347435582
1.0268064646
2.6498793450
1.2529070688
1.7430816429
3.3475236651
2.1253844404
1.6044579787
1.6827459968
1.9615750038
13.0635010285
11.4797074587
3.1228607258
2.8262991793
7.0696354277
5.9125702922
1.4467062375
2.2958082045
1.6595593089
2.5948767842
2.2097209001
3.9629941722
1.5834772921
3.5751590402
1.5790597664
1.5408920393
2.7814388053
1.6095477968
2.2182939521
1.5631170971
1.6529673333
1.9464024463
1.5546542383
5.3385206927
3.3455398033
6.0819747993
2.9047093839
1.5823213739
2.8730991472
1.6020278536
24.1200189469
4.4709943911
2.4450981902
3.7453011667
1.6013059062
3.1548950032
1.6715586103
2.8644809015
4.3690044258
3.4084237016
3.7831360850
1.5191137183
1.9127406347
1.3364600940
1.4904480882
5.6408819124
2.0503760112
2.0041151693
1.9112390640
3.6961713319
1.5463075748
1.6423761627
1.8354144344
6.6086801166
1.5643126466
1.5755042063
1.7360586975
2.8070877785
1.8910572420
1.6364460645
1.9739857922
5.3171355730
2.2707375109
1.5529364476
1.1088146021
0.3358799690
3.3257842288
1.5245015119
2.6066582749
5.7012833275
1.1748202634
1.4895072013
11.0803883094
1.5909418932
1.4022511860
1.6451885736
2.2065211526
10.2010971818
3.0302857186
1.4872583186
2.7499107006
2.0240602446
1.6053086389
7.6512920188
0.9593982837
1.5849867323
6.1108219186
19.1951855228
4.8019147586
2.8477391675
1.7481685616
1.7113814979
2.1477902838
1.6661675983
1.5886814172
2.0913298818
1.3958375032
1.3343260743
1.3852203936
6.0981148577
1.4607171127
1.3860305269
15.0971825860
1.6005661542
3.0644511571
1.9952406115
1.8103940548
6.9655272151
1.3483794352
1.7827136649
0.4287414492
1.5227032905
9.1218046956
1.5624651348
1.8443182628
1.5788861157
1.6492040059
2.3574957391
2.5074181530
9.4273048102
1.4837491785
1.7219544250
1.5912419510
1.7782639441
3.0244263322
1.6927715720
1.4084180386
1.4797489551
2.1634502910
2.4117065495
3.5049899690
5.8230797160
1.7757098884
0.8001549264
1.5998802100
1.5927586374
1.4383145762
4.3559872480
1.5074188006
2.7572457776
2.1891496957
1.7491919043
1.6247280870
7.9357709920
1.6721505919
1.6328601913
1.6910924031
1.3504042587
3.3620049132
2.3857724312
1.4488057201
1.8175491303
1.3722057357
1.6218587072
2.0640120343
5.2302399797
15.0996934458
5.4114846276
7.7723550046
2.0952354081
3.2590513350
1.6087491992
4.5419016338
20.6552900266
6.6779464153
2.0607266388
2.3731471884
9.0040858735
6.3053794535
2.8704696719
1.3582776932
1.9478447759
0.9841654847
2.2834689140
1.6000543933
12.2682622374
1.7155077825
0.9581023249
1.6308277142
1.6963724115
1.3102134391
1.5840903907
3.3125032610
3.2353585528
1.8250163735
4.3445063456
4.6471107209
2.0691299254
1.7743138244
1.7117079115
2.2967048153
1.7708891067
1.6844400923
2.5239895572
3.5727173417
1.7197149360
1.5883718168
1.8721245841
3.5310122858
2.2417220486
1.5023090656
1.6843506271
1.8191316913
1.3052664051
3.3449116176
2.9272663020
5.6332406603
2.3658473477
1.5026122269
22.4786953965
3.8775771389
1.8790715690
1.2520215811
1.6140855593
2.0958922222
1.7589702580
5.8771912983
6.2398078617
1.6540405331
1.9517392257
0.9653964301
1.6096821706
2.7568820098
1.6531199227
1.2080711772
4.9370377091
2.1387744443
1.8372603755
1.8212312844
1.5840025935
1.0988910689
1.6679260552
1.7368044687
1.9729587283
4.8016633005
1.5831173886
3.3441668323
1.5646459696
1.9936059717
1.5626728228
3.4596148410
1.4920526774
1.8808214462
1.5860369412
1.6510552129
2.0905291286
1.6414481108
1.6247493378
1.6259694117
1.4817496588
3.6061498194
1.0298557002
2.2560633565
1.5378675746
3.3823367109
1.6449297175
1.6809148014
1.4074597995
1.7172040713
2.6731503002
4.9581609177
1.6292467873
3.1463878322
1.7793161154
2.3234404103
4.0867567898
4.2378205296
2.1221949734
2.6775161789
5.3362891554
2.9413014377
1.3459711193
1.6223095575
2.1903831823
2.3131647856
3.6801859672
3.1772105553
4.2273571347
1.7321453595
7.5261575174
1.5585426426
2.6350067529
1.9018991849
2.4087162584
1.5093050028
1.6140290382
1.6557029312
1.4542348596
0.8936464466
3.7550696086
3.3608874472
2.1365384893
3.3310344729
1.1408381922
1.7993096855
1.3332415220
1.5540077583
1.5106822889
1.8331067965
3.0554720840
7.2743045433
1.4148210626
2.1628219979
1.7947733964
6.3523689258
1.3999533548
1.4277254883
1.1015236875
1.4951969028
1.7275678266
2.4066192908
1.4983634857
4.1805506193
2.4735703481
3.2820583364
1.1977388232
1.2779581943
2.5956145906
3.5742477909
1.2834530388
5.6262796480
2.2208205209
1.9367109655
4.2621679638
1.5882955437
1.4395665719
2.2244107931
2.2219614956
1.6129665188
1.4759983511
2.8265623015
1.7917600571
1.6051550634
4.6781140164
1.5110750768
1.3544603372
1.6815043373
1.5400491636
1.2725024934
2.0985749401
1.5626419801
2.8265954370
2.7542062658
1.5063309585
4.3528105880
3.4250745757
3.1801299436
11.4479659089
1.5704816307
1.5165089493
10.2823254692
2.6309535186
1.9586582092
11.3315581932
1.2269652370
1.6498852305
7.1225514626
1.8773879807
4.2411185095
3.6767675191
1.6414943374
7.3089950956
2.6290629877
2.1325592260
1.6610221906
1.5874119283
1.4867019335
7.0116731926
2.9921543448
1.8337561955
2.8817589918
2.4685492591
1.8541608611
1.5678032433
1.4959142999
1.5970824432
4.3642892370
4.7439370003
1.7016492742
1.7400803929
4.0521791989
7.4494535345
5.5683737768
4.6386610010
1.8900671671
1.5700827709
2.4873864848
2.4151212827
1.5919282371
1.4776779346
1.5462683934
7.9019752340
2.1311550750
1.5146138393
4.2910959838
1.7606950375
4.8224969890
0.8707292114
3.5773299028
1.1996780944
1.5427687874
2.2143367914
0.4874619165
1.5310661325
1.6061109608
1.8072903380
2.6510791060
2.2207469774
1.6743588757
3.0120745084
1.7917335016
0.5879581819
1.6711591071
1.6549672567
1.5986751449
2.7697163317
2.1195896562
1.4136792510
2.0379631487
2.3319015056
1.6313664092
2.0125443497
1.1702668389
1.6377830705
2.0627652408
1.6585466143
1.7609867586
1.6730615789
2.4474863731
2.1390363081
1.5528956778
1.3245942712
1.0487092231
4.0658367902
4.5359579517
2.4362833995
1.5824227422
4.5033087973
1.7111894373
6.6633256374
8.5273176296
1.7303280529
2.2170465658
1.7266268271
1.4057568861
1.0776882291
1.4842425250
3.5723059252
1.5393118760
5.4621105852
2.1702176602
1.7072989276
1.6302495081
2.3659364331
1.5462019836
2.5753482321
2.0956803283
3.9739837308
2.3825817955
3.8455563760
1.4602031307
2.2223559895
5.1705628591
0.8986894559
4.7557835878
2.1792039736
2.1215501218
1.6035193655
1.4459651145
5.6328597205
2.5172374647
2.7468438111
2.6603437846
1.6669773941
6.3770565218
1.0171433686
1.8902953935
1.6183965701
1.2922034724
1.8547316230
1.9769992635
2.0357524596
1.5639897805
1.5741657259
2.2562032851
2.1230603666
1.9342626369
2.1643218115
1.5223387769
1.6559582182
1.7579987861
2.3585213938
2.1891452474
3.9260027624
3.7371927580
14.3218914036
4.3464143704
1.4887413498
2.3120270772
2.1258831489
2.0754760615
4.0991810807
2.1590874020
1.8867223846
2.4632377010
3.7820224797
1.5563096545
1.4416236005
1.9392590211
1.5885032907
1.6461106702
4.0765133585
8.1832962297
1.7276265457
1.8980121853
1.6635053914
1.6010629204
1.5490607043
2.7065608996
1.8648191234
1.4784821304
1.6298397959
1.6222714031
3.2985535593
5.3692157849
1.4807140612
1.9627698397
1.7606354873
2.6620259527
15.1733020102
6.6347686401
1.4220032216
3.0603100765
1.8309903126
3.7056934497
1.5640299165
1.6890130495
4.2432554708
1.6074472420
2.4247186936
1.8355645462
2.0750881079
1.8195468487
1.5483254597
1.6041120214
2.7642429183
1.2873741074
1.5292046670
1.6835566243
7.9793956610
1.3212596465
1.3728503868
1.6102797859
3.3725522201
1.6451072460
2.0692400900
1.7253383200
2.6393058628
2.7356093045
2.0475051383
1.6859002778
9.9076822792
1.5313219481
8.7986975932
1.6805685404
1.5889223133
1.8274502873
3.1533974194
5.4127672236
1.8723394604
1.5732757930
1.6555292846
1.2720578247
13.3468082189
2.2856812645
2.2891535764
1.8806498264
2.5148996928
9.0268138822
6.7901486053
2.8734049044
2.3850445079
1.5327023437
1.5668876941
1.4318319763
1.5218105385
1.5406282738
2.5503862870
3.2906948383
2.1000892771
2.6803419512
2.5326505789
8.6727728039
1.4824197259
2.0049080779
16.1150408883
15.1270085212
4.2855943367
1.5033680436
3.8535804520
0.9564496515
2.6196602253
3.0187465561
2.1376287651
2.9217549199
1.5431692700
1.8154197890
1.2252831215
1.2968873727
1.4826216830
3.2456337751
4.3332394176
1.6555503046
3.3526872569
3.5621968133
4.1604682918
3.1185122619
2.6266888776
1.6586306132
1.9131247943
2.0126653767
2.9910684042
1.5683665081
1.4201457759
4.4616309121
2.0237488657
1.6228647844
2.2129025149
1.9321511078
13.7999393471
6.5494064433
7.2261580345
4.6095196917
8.5996517916
3.1304561290
1.8355516105
2.5753728700
1.3815446164
1.7762402029
2.4562535378
2.5506032507
2.9890313919
0.9437705556
2.0276485969
1.4019482676
1.7442046901
1.5734006910
1.3936889603
4.6848049074
3.8047176444
2.1782164414
1.7781003194
0.4517606367
1.4759620873
1.4825028863
4.1814723351
1.6186287862
1.4790620355
3.2939645937
1.6592446086
6.1761644873
1.9165302519
1.4730911702
1.4189098629
3.9874485804
1.8071527274
2.2397209275
2.1780491539
9.1136617499
1.9973446865
6.4061310411
3.5560327487
1.9799635329
9.4788495369
3.4252789274
1.4354917795
2.1114185153
2.5695107316
1.5683323502
10.5017715946
2.0630470348
11.5948021002
1.6451880689
0.5035748644
2.4470483816
3.0171001398
2.2416860573
3.5987141556
1.6671741322
4.7839650406
4.7925609588
2.3281218489
5.0274809725
4.8607580026
3.9511094914
4.4796808877
1.8869770817
7.4815010089
1.5892401713
1.4308507107
1.5346831173
5.0810224997
1.6142943967
1.6002941643
1.5666265068
2.0394695312
5.8203444286
2.8564645702
1.1902104062
2.0468268585
1.6325147476
1.4912604783
1.8623548965
2.7676550474
1.1075120795
2.4074275065
2.4006848933
4.0377584438
2.3024746406
2.1604910027
1.9155646514
20.0847630790
1.6990918807
15.5714854113
16.8239234423
9.3733406848
1.9843044518
1.9118241445
1.7384529038
2.4453380854
1.9774000140
2.4224867799
11.6594219972
2.8508929448
2.0877584273
1.4762206350
1.3196307342
0.2013456601
1.9963917723
1.6081703498
1.9543275629
4.4753499773
1.8674953290
3.7841281470
1.4631658870
18.2512713750
1.6297847674
1.8991226621
1.6995899416
2.4689015607
1.6471930184
1.6743738443
3.1766846597
2.1947749432
1.7168790491
1.4784389251
2.9717164324
1.7412201839
1.4207919413
1.3937664480
1.3994266978
1.4510155418
1.4616878710
2.8573693287
12.2901803688
1.2773100850
1.5998041596
1.9350648323
4.2016948663
3.4425374725
2.5139669763
1.4659700001
1.4638878402
6.4047391398
4.2988623238
2.2074723545
1.6501704408
2.1042932021
3.4461840681
1.8506360278
1.5132246182
1.6217893691
1.6338057964
2.3798312752
1.7285799330
1.7870438489
1.7604467797
1.8520118330
4.0699159604
1.5755499080
2.0160596363
1.7518975185
1.4761577765
1.6450773761
4.5368896275
5.4415072991
1.9998275568
1.6482364333
1.9430918104
1.7934099692
3.1414443244
2.9354978297
1.8684463720
1.4335843028
1.6800396015
1.5869448014
2.2953428466
4.3850902530
11.5536046966
4.0808654644
1.8207892363
1.5387400496
1.8595273150
1.9028425033
1.4123294227
3.8164289119
1.5767393396
2.1616420252
2.4404289070
4.7763158765
1.4243611504
1.7865349702
1.5506614861
1.7508806100
2.2280616538
1.4684831479
1.6755945144
1.4848467393
1.6861853355
2.0392036728
2.5694201411
1.7151898310
2.5738823477
1.9558731301
3.1763452621
1.8022323032
2.8150562536
2.3995035461
8.8333443841
1.7670578974
1.7324486488
1.6668313693
2.6040255949
1.5484610342
1.6244865631
4.3732838779
1.5108614823
2.1971632116
6.8492609283
1.6132935532
2.0283520724
22.9058470162
0.6384474763
1.7315925931
2.6936235805
0.5209497677
3.8698178842
9.2844378057
5.4331300893
1.6419558268
0.6652509467
1.7746294703
2.0683038465
6.1254937236
1.6128361210
1.9796617849
17.5959496196
5.7557351003
1.9982205080
2.3110218940
6.6134115137
3.2796227470
2.1205006724
1.3236780502
1.4349926080
9.3352247353
1.8432820586
3.9578469656
1.6613764835
1.4100776674
1.5010996279
2.5206461987
2.4451106282
1.4881341081
1.6055239482
1.8637069951
3.6119048239
11.4980700581
2.2575417717
1.7166044595
1.7731306024
2.1079443189
2.0987271460
2.0421889804
1.6600105668
1.8437882313
2.1431365103
1.5652352982
2.4550544184
2.0439366279
4.9820255969
1.6926583759
1.3808372101
4.0918049966
10.3314870812
2.1902548121
4.2583258284
4.0642527917
2.1877875156
1.4411716989
1.7950248307
2.1786907774
1.4556101622
1.9745056307
1.6026741761
1.4378031018
2.0568920508
1.3951866719
2.2664375218
5.2444841368
2.2269310092
1.3361555199
1.4585697923
1.5972584856
1.5502723606
8.9729105560
3.5942839276
3.1156265057
1.5131877692
1.6103331629
2.4151515447
1.5481150648
3.1415914487
1.8224407275
2.0037687209
1.6609368076
1.7008299633
2.0449835904
1.9826344327
1.2947743114
1.4837539068
7.4344226332
1.9644632528
5.8176757482
2.7476085903
3.2477387819
1.6509847657
1.7699963201
2.5773202543
1.6048989135
1.6558397525
1.9447790342
1.9755517018
2.0958262529
1.3551919674
1.3757781292
21.5613091172
1.8110208792
2.4156692521
3.6672327537
1.9740178452
1.6440829929
2.9516438318
2.5560193279
6.5150022388
1.8544863128
7.3633826908
2.9757113815
2.6341109402
4.4204069694
3.6346416758
1.6482667388
2.9132019685
14.4083555578
2.6421695945
1.8665945680
1.4892535383
4.2098531958
3.3584333388
3.6646849212
2.2581099950
3.9955217676
1.5818708069
0.3890030306
1.7963139390
2.3300771033
1.8849014576
10.0389312329
1.6506334491
7.7308338989
2.0433149955
2.3896584050
2.4848941074
5.2429518342
1.4362441964
1.4537579968
1.7291637800
2.4989973720
2.3423767815
2.3902783447
2.8111876619
1.8370510667
2.1619582223
2.1263735110
2.0917151291
1.5722284495
1.4914724844
5.3357441650
1.8854893241
1.6559665685
1.6414872997
12.0513957440
1.7360397700
2.1847819575
4.5924008117
5.5776144011
3.6561625102
1.5148434705
2.0178011479
1.6069507213
14.0955864698
3.2840558765
1.7611616082
1.8669293834
1.5137859929
1.6497993003
1.6310132509
1.6043090441
1.9052878124
13.8297371250
3.8446815585
6.0839064728
1.6470568811
1.7362577463
2.8980842182
2.2062702606
3.0376757495
1.6316710569
1.6681696388
6.4793324152
1.8466559759
3.7156149853
1.0906318005
2.6305418333
1.7748210134
11.2013334124
2.2657636755
2.1036482864
1.4065979882
1.7015343582
1.6215782795
2.9446687953
1.9710969908
1.4724942850
1.6767608769
3.2487866651
1.7241560467
12.9639871914
2.1800478300
2.0414395591
3.4400031814
2.9861957551
1.9611461247
1.3372336259
1.2861220312
1.6506278293
1.5744470481
1.5864188805
1.9886023682
1.3280675711
1.3003443922
2.2676682948
1.8889379181
1.7540581405
2.1951482102
2.7675711826
1.6653237179
1.9159167332
1.0001917978
1.6165732146
2.8676112568
4.0700315464
1.6825813155
1.7677127096
5.6779323589
1.6541761429
1.5536055710
1.7266018900
1.6166291613
3.4207755539
1.6034274864
1.6018997846
1.5866637744
1.9606423684
0.8397297451
2.3268889679
1.5725163105
1.9085619309
2.5538563746
1.9212409380
1.5098171925
2.3728730200
3.8687759868
1.4656482983
1.8075390951
4.0292135013
1.8665145194
1.8704127580
1.5387579327
6.2587049620
1.8686860136
2.1851442154
1.8511844232
4.6141813022
2.4673929058
2.9154184958
4.0546769134
1.8180577352
2.0746766591
1.8366572467
2.3536186147
3.4017600318
2.3155258167
2.6369488078
2.5887101202
2.6459126156
1.4147976591
1.6266817239
1.5508132291
1.8742413315
1.5464737249
4.4051106573
3.5541796482
1.5808482090
5.5647490622
2.0175368102
1.5811378021
1.8960645748
2.4777024197
3.9985432389
1.3799313020
1.5600667841
2.8569517681
6.7656557171
1.7524210153
2.5742698447
1.8408274019
1.8231061216
1.4736995281
1.9901609975
2.1735350538
1.3153637535
1.5580889199
1.7556822402
1.5227317532
2.9298140208
1.5461881996
1.7214061635
1.4933380820
1.0947439907
1.8764030098
2.6179684182
2.0348585316
28.4754836783
7.6863879481
4.3769088194
2.2406869428
1.7854587656
1.4680620262
1.7424264506
1.7214252271
3.0046180115
8.7057664735
1.5513450523
1.6082730743
1.7140934261
1.5628992252
1.5417478299
1.5994183701
3.0381625071
1.6605770855
1.6205581415
2.1707092462
2.5227431033
1.4092760098
2.1155750833
1.7302926816
2.2167593188
2.1077770177
1.6971189967
1.7103402075
1.2482485942
1.6057680418
1.7146592601
1.5909008532
1.5552612963
3.5592844533
1.6713855193
1.5157758112
1.7738545784
1.4678196162
2.3011650130
8.3108111227
1.5723783669
1.2620034657
1.3949717718
1.5346316650
1.6494348648
1.5276200468
1.8946357177
2.9378723556
2.0196235120
2.6309059443
2.4977781674
1.9651621565
9.2109544269
1.9339283848
3.2843877138
2.4708847877
1.8407781672
1.7599899926
3.4496031489
3.1249829593
1.7462020214
1.6006171763
1.5939621217
1.9820605428
1.6100751756
2.1817252062
1.5043233335
1.4210120193
1.9157289565
2.5465930440
1.0132100395
1.6144624925
4.8788831250
11.3469548440
13.6484102794
1.8772788697
2.0327089138
1.9613940668
4.4618483571
4.5626045271
1.2431919013
1.5742280981
1.5877245926
2.6533347402
1.8663794991
2.0936545749
1.5059708517
6.1726881618
3.5051756767
1.7610852994
3.3195802435
1.6693188915
1.7557727145
2.4782567295
1.6930721224
1.7646027251
1.4076232824
1.9582335548
1.5340433057
1.3800154330
6.0428289340
2.3027500443
1.8007745800
1.4254927655
1.5141278836
1.5720063160
1.2464605611
1.9058516219
8.4811258075
1.1918634225
1.8113347213
2.6660248386
2.3918489260
1.5599047231
8.0088730736
1.6455270452
19.9219912717
2.1525664601
1.7146979233
1.9235634570
2.0846921719
1.6288464115
1.9649490428
10.4700693962
10.8154514258
1.6864580447
1.4385528141
1.5962566520
1.6005348906
4.7500188192
1.3888585429
2.3192412545
1.6302457024
2.2981458507
1.8645085368
2.0380113887
1.6703424558
1.1912133743
4.9977436719
1.5500395478
0.6325498368
2.4436542526
2.7732385674
1.8341894509
1.5419066039
1.7683403702
1.8791136366
1.5234406379
1.5264319449
1.4276764753
1.4864240806
1.4642731312
3.3109340909
1.6293650765
1.8191549460
4.7000952461
1.4997716529
2.0116817443
1.5671720047
4.5646828368
3.5787151475
3.2161188302
3.3725119776
1.7823254287
4.2036043296
1.8350448612
1.5772615196
4.5850351611
1.6770827190
