sampled_theta2
0.5508927383
4.0583015453
3.2545349219
4.7514157306
3.5310940160
4.1030191910
3.9286057033
0.7199464551
0.5696437741
0.0449203490
0.8237598624
0.4464524240
0.1059058358
0.3633022622
0.4379411856
0.3599645715
0.0714460915
0.7666614142
2.4087278008
3.5062351638
0.0303641421
1.4310844957
0.7897838844
0.0442664525
0.0300292031
0.1235872624
2.0489294860
3.4986916014
2.8657079524
3.1638810213
0.2784925222
0.5934182766
0.2675062613
0.3540413352
0.2716266371
0.2840799422
0.2719360706
1.0063232537
0.5178179170
1.3228522972
1.5689834317
0.8242762352
0.0035910018
0.4477141644
0.1110761191
1.7286440600
1.0807067751
0.4448183076
1.8195018622
0.4301706739
0.2414106669
0.1692758735
0.3463625737
0.7335212606
0.9365801653
0.2271592598
0.4906410842
0.2360956920
0.8918231665
0.2055156863
2.0275080405
0.4245308102
0.9171524302
3.4237544786
4.6763275229
3.7301549848
4.6609586783
4.6956153615
2.1191390697
0.1556129554
1.5442838958
0.9867147952
1.6112265188
0.7219802839
0.6254943012
0.6785233924
0.1753063501
0.2600339163
0.4826908388
0.0099339590
0.4001292954
0.2700229956
0.2997837209
0.0153656250
0.4975916797
0.3731165204
0.1697847361
0.0312439875
0.3248401814
0.6763119219
0.1413389833
0.8895113340
1.6609775505
0.2858806919
0.7246288588
0.6205765468
0.1296050764
0.5034058252
0.3720111780
0.6293210120
0.4388556355
0.5933016685
1.8738686915
0.3645166060
0.8907099417
0.7176168019
0.7660605901
2.4300369608
0.8267528288
0.2151527708
0.9058459533
0.9740474732
1.5941570750
1.6331749109
1.7258363682
4.6001556879
3.3917871545
0.3596843550
1.0805881139
0.4369925202
0.2830358936
0.2295572483
0.6474959356
0.0179166161
0.2506459679
2.3116212837
3.0677313903
4.3526825108
3.6475116616
4.5658621311
3.0052531660
3.1038260741
3.1064903815
3.6144948144
2.8220229226
1.1351268122
0.8076918548
0.1181628810
0.0004442456
0.1952826816
2.0290448139
0.8707718160
0.3302895360
0.3193079105
0.3896015223
0.2934851988
0.8026298674
1.3542818497
0.4351851256
0.7449316321
0.7909257056
0.5751763428
0.4526831727
0.0681798188
0.3197798164
0.0897257118
0.8836016215
0.0232060895
0.5534541571
0.3036735781
0.3327284945
1.4330753952
1.1509140277
2.8999946027
0.3244241080
0.8419851886
0.4546364476
0.3341355653
0.0981555464
0.1924586488
0.5034436410
1.5415835782
0.1059863409
2.9112649000
4.0037109684
4.1970891279
4.2338156822
3.2488258328
0.5720280476
1.1217297500
1.3749215745
0.3425862606
0.4999909706
0.0722928657
0.9026140460
0.5886344250
0.1437606747
0.6130142781
0.2755011213
1.0802853799
0.8406807547
0.5479619617
0.4305322775
1.3592601694
0.4547084534
0.2915173903
0.7526887469
1.1474816580
0.5314486895
0.1154340720
0.4571925498
1.3226271544
0.3156043337
1.0581412825
1.0980595397
0.9276687248
0.8972720038
1.3904954655
0.4896529027
0.1535474345
0.0650063799
0.6933382809
0.3480262661
0.3953536532
0.2459847328
0.7857322102
1.0049156522
0.9937322312
0.3085589058
0.9630605008
0.5786061270
1.7093883418
0.6088987589
0.3083186442
1.6544602124
0.9747245030
0.4759804914
1.4683937943
0.3924138625
1.7363968010
1.0837922966
0.4933428259
1.7846499571
0.9563100543
1.3491637635
2.1733673556
4.0623040974
1.6534087427
1.5557096371
0.8070425681
0.2123374153
0.3604353831
0.0965024051
0.1262084079
0.0649152402
0.5937845827
0.2339380242
1.1301807773
1.1149296038
0.2280757620
0.3753723108
1.0655431032
0.3719632181
0.2716373358
1.2206721296
0.6718507633
0.3344304862
0.5235494520
0.9869821402
0.5323578249
0.0790519845
0.7606598147
0.3293135940
1.3342982172
4.8234072374
3.3851548372
2.3037201391
0.8243305531
0.4423616080
0.3153926469
0.4914424427
1.8524951171
0.7427027024
0.5177881664
1.2410711003
0.9545602090
0.3633209553
1.7954558657
4.5970434176
4.4793414175
3.2660482609
0.4340769166
0.5500710861
0.2444475100
0.6702410059
1.0036155507
0.1250790817
0.7289216993
0.0541105967
0.6422271738
1.4394100021
0.3302431468
0.3686511900
1.0079446955
1.5897660784
0.4210941243
0.3447719896
0.6075146205
0.4246364651
0.2056709798
0.1037096727
1.4703467131
0.8644464099
0.8545079187
1.3039136145
1.8110867812
0.7577503375
0.1559339267
1.7131777636
0.0998261499
0.0739792122
0.3832263698
0.3646507350
0.5533081386
0.2561747589
0.0611187626
0.7418634887
2.4119252345
2.1730097545
0.2912984373
0.9051247983
2.0257970790
4.0172514621
4.7626215219
4.1411432675
0.3082375408
0.7147924821
1.2197437241
0.1124537884
0.7704276644
0.2443037568
0.4066538948
0.5374801539
0.3166870452
0.3063689710
0.1060123432
1.1056706224
0.6191650476
1.0206525691
0.3922508773
1.7408822791
1.9193045544
1.4221720113
0.2307206981
0.4572882781
0.9939106574
0.2146471844
0.3844531115
0.1880797934
0.1306058567
0.6464691991
0.6555609403
0.2394739740
0.6858583856
0.1365881348
1.4293695296
0.7976974820
0.1098192190
0.6660236898
0.2179971633
0.7367027133
0.0886395751
0.5359867341
1.4842138325
1.5494363422
0.2141401090
0.2205019866
0.3227355868
0.2809871619
0.3350113354
0.2476960712
0.1029605508
0.5484840417
1.3969142374
1.4060828260
0.2035290771
0.2057108566
0.6462344858
0.4951846946
0.7035133491
0.5515521898
1.0416915626
0.1013910978
1.1555864862
0.2781943312
0.0421804605
1.4903956113
3.1309144586
1.0087123642
0.4550595650
0.0903185003
0.2598883597
0.1473295478
0.5228191526
0.1740601316
0.1102071211
0.9531817622
0.2990034561
0.4391292869
0.3830214876
0.0658372251
0.6863451969
0.0492054309
0.8404903782
0.3605749325
0.6062732592
0.1461325153
1.6963842097
1.1930242244
0.3613205690
0.6796585685
0.5867151558
0.6359583226
1.7199664780
2.5929063247
2.1028745688
0.8379748187
0.5322702089
0.0707555935
0.9062382375
0.8421015078
0.8467368250
1.8823583252
0.6935887326
0.7203289674
0.5615939186
0.9242308388
0.1187646022
0.3796341877
0.2123155483
0.9903872201
0.5234451749
0.0582048247
0.0078337755
0.1888997832
1.2600967367
0.5225137714
0.3074687959
1.5238684112
0.5386597247
0.4628882164
1.2455434000
2.4541253947
4.9979197366
2.5652770541
1.6108654000
1.9663264106
0.2650634730
0.6276752172
0.2390427784
0.0933067611
0.0971063212
0.0371102203
0.3455395390
2.7300221974
0.8601424568
3.3542866069
1.7272281931
0.8607914595
0.5728550047
1.2685522788
0.4305379176
1.1530493720
0.1064908671
0.8508144092
1.5804779675
0.8459656814
0.1539962064
0.5406091478
0.3619717980
1.4893585579
0.1346757823
1.8637471221
1.5897125623
0.0659947904
0.8521273953
0.4349182799
0.1912051138
0.3601477313
0.0133026630
0.6991077161
0.3019774027
0.6576571884
0.2129240007
1.0713868270
2.2599368661
0.3478731472
0.4634698391
0.2565423885
2.4362843791
0.1849687451
0.4873817336
0.1705047487
1.7069979829
0.5330498747
1.0488828412
0.3551301593
0.9650645339
2.6042951725
0.5045382659
0.1393995268
0.0119539315
1.4778161885
0.2011589284
0.3965402883
0.7285821744
1.6618715836
1.5511191713
0.9069691090
0.7159944398
0.7009831250
0.9616812395
0.8548190452
0.5800599974
0.3983406556
0.3765622881
0.0737552796
0.1680453027
0.9822777271
0.7645216487
0.3849150651
0.5949913421
2.2747270887
1.5769685906
0.5833908124
0.2887339739
0.4577598710
0.8008659151
0.4365183490
0.4592093990
0.1333863084
0.4429797327
0.6637362252
0.6473026550
0.1283084645
0.4189157369
3.2445740888
4.6503391909
2.5028876066
2.0100005332
0.8673372209
1.7956733958
0.7122721617
0.4876251916
3.4092543758
4.9229915468
1.5370540610
0.9114674100
0.2457810322
0.5377422049
0.3009157577
0.7159782267
0.0269277415
0.1539102597
1.1663558909
0.3857256993
0.5573513878
1.4813388119
0.9006658580
0.1910257442
0.2613345771
0.8437644430
0.7287980297
0.9565475021
0.0020121647
0.0306850702
1.5091918170
1.7490328525
0.3719702368
0.0880084142
2.0360079777
2.8003211610
2.7204303509
1.6791860282
1.8898187528
1.8322969449
0.2749145435
0.5356318055
0.7702094175
0.0673045615
0.9977865104
0.4387186344
0.3044450292
0.6586074055
0.2742716583
0.2654766545
0.0314129367
0.6460895868
0.5625166932
0.1793868327
0.4647452763
0.0283744174
1.7055508157
1.6900612453
0.4726935258
0.4825876775
1.5111975201
0.3711496570
0.0190466092
0.7101552683
1.6851153653
0.2287280644
0.5373217165
0.0559912144
0.5887026216
0.5472780947
1.0323737723
0.0413745436
0.0331175164
0.2176374214
0.1248748143
0.2785944791
0.4877337697
0.3067478123
2.0490271562
0.5843344215
0.9256075249
0.3063989060
0.2458738856
0.8751257795
0.4591219513
0.4648245935
0.7370890079
0.5410265215
1.6028620894
0.1758960418
0.5133320622
0.2603516138
0.1247193437
0.1664724451
1.2521351904
0.1528132638
0.4929842381
0.5182037085
0.5075758948
0.1168205694
1.3788437178
0.5290924834
1.1671236880
2.5140148588
4.8071123301
4.5550062199
1.9281771928
0.5885189963
0.5765714766
0.3023315350
1.1009995358
3.3475112408
4.5249001856
3.3943201820
1.0045026478
1.0405336806
0.1093229894
1.1003196840
0.2209238833
0.0650420171
1.5738723181
0.5512966134
1.0803670188
0.0839193524
1.6681495086
4.0343260176
2.0540121859
0.3920317619
0.2320488367
3.5125105073
0.5168764010
0.4099317943
0.3205023739
1.3240513043
0.4169481153
2.4021231964
0.3856351996
0.0864019075
0.2355489150
0.1792723405
0.7971356801
0.5431630549
0.9624861457
0.0916196733
0.1793301027
0.6115905273
0.0724101023
0.6541200000
1.6408279267
0.4066733565
0.4494797665
0.4049141077
0.2827876751
1.1337197418
2.2694774329
1.1020429856
0.8818176772
1.0888440238
0.1296762266
0.0198429533
1.3129160429
1.0281166924
0.5358665380
1.3424221042
1.9066251350
2.5691618724
2.3476800932
0.8622661407
1.0856307937
0.1856543520
1.2384242572
0.2748823441
0.3308394089
1.0819883784
0.1003530178
0.0756357301
0.3728389062
0.3040823045
0.1081900620
0.3918170452
0.6176074487
0.0254190429
0.5349708780
0.7834342979
0.8076581086
0.0728467583
0.6528686895
0.5184668295
1.3680050667
0.5853156955
1.1315700259
0.3979951999
0.1903373026
0.1547062279
1.4363368128
0.7094847495
0.1661334454
1.0248772132
0.3877405824
1.2426776806
0.1925874874
0.4935786267
0.0461712731
1.6838907352
1.1716639634
2.2932152198
0.1053594541
0.4878486450
1.8204840420
0.3141885834
0.4318735369
0.9182157736
0.9534923632
0.6836802875
0.2609947516
0.6261216768
0.3718848474
0.0866394266
1.1836762649
0.8106466266
0.1608589654
1.9943012498
1.3162182350
1.4056045353
0.3967714855
0.6295993800
0.6268658294
0.5897996597
0.2688232026
0.1283995542
0.1708904367
0.9045899473
3.4568098233
3.5773319355
1.5561737074
0.0856090567
0.0569457303
0.2216342559
0.1013854106
0.2197524470
0.0809745467
0.4996225714
1.5191849785
0.7236134415
0.0272932542
0.7324529755
1.1238610051
1.1624147600
0.3646957013
0.5877395471
0.4351977586
0.1217085060
0.0206929820
0.0707270607
0.1923841407
1.0715329149
1.1184029704
0.1000093438
1.0721535169
0.1239122020
0.6708116568
0.4881206542
0.5071738859
1.7003625908
3.8928333043
2.4448838939
0.9921010021
1.4228616349
0.6238577864
0.7948233752
1.5119392181
1.1765076958
2.1978166636
1.3809930051
0.7472689292
0.7697714757
0.1140895240
0.4926549900
0.2396991159
0.8817643440
0.3560152468
1.3878064687
0.4463927144
0.3667720614
0.4693222410
0.3139869569
0.3824080830
1.0049100742
0.8744340540
0.2980292594
0.3040114553
0.6618332573
0.5532283622
0.7323071335
0.9225876204
2.2799279760
4.9201016165
2.5456563253
0.6262586210
0.2184025299
0.2916977727
0.2495122989
1.0507202312
0.2573043040
1.0510447633
0.5710947500
0.6800094502
0.3448814482
0.2321777121
1.4883764683
1.7558971342
1.1884496574
1.1704965067
0.5741291365
0.8656551211
0.5883096166
0.6655896918
1.8936205467
0.3392133206
1.1079031147
1.5901612190
0.2389716833
0.4220357270
0.5700377154
0.1683990354
1.8163745761
1.0497098034
0.5904214451
2.1048536105
0.4308128648
0.9146142540
0.1314819396
0.6722964750
0.4603746902
0.6261946665
0.3330852321
1.0543202379
2.2322398735
1.6106936546
0.6125139224
0.2623434496
1.2395473328
0.3269923776
1.4093930451
1.1245761837
1.0195092434
2.3730500469
0.1074871710
0.9892164625
0.7890832671
1.6913974099
2.1982271206
3.1903238982
1.1637699894
0.3455958377
0.5320107765
1.7276886975
0.0254733814
0.4657946291
2.2226338350
2.3058618520
1.7314528374
0.5047512434
0.1031294731
0.4621743826
0.1458918165
0.5526420225
0.9760616462
0.1246150071
2.5917737566
0.8460367921
0.2499968761
0.4043787204
0.0413221641
0.5491077539
0.5637552790
0.5280590226
0.1598055924
0.4695874284
0.6997182870
0.0786327152
0.3542614936
1.2445306461
0.6924156516
0.2721929325
0.1373583080
0.6429327392
0.4013219482
0.1151496680
0.4590826958
0.3343469614
0.4051991140
0.0905486287
0.5611652883
0.1371401424
1.0660542267
0.3942849754
0.4864709121
0.5698209963
1.8782894212
2.1175132849
4.9620233633
1.4120192993
0.5606461354
0.4937579169
0.1598352237
0.5267002716
1.2116536666
0.6421119035
2.2536087843
2.9807418560
1.5347589441
0.0224697156
0.4376620429
0.3550728780
0.3062423347
1.0336080748
0.6160890960
1.5705646768
0.6710549842
1.0919290249
0.4114672662
1.0502020904
0.2434537824
1.0386943074
1.2777785231
1.1674690423
0.3897191128
0.2259226431
0.4484500947
0.1061397239
0.6554886196
0.8817239234
1.1553841163
0.0499346995
0.1812294106
2.5252771020
0.2268548317
0.2699250186
1.4757883677
0.3565388131
1.0104464651
0.9995720089
0.0748841534
0.0547826020
0.2865498003
3.7428777232
3.1523440244
2.3968365531
0.4417056762
0.3371713325
0.0337055453
0.2395645556
1.8226035010
4.4008103123
0.1586511836
0.6509186789
0.6509132676
1.5293529016
0.2357497047
1.6213602258
0.0281262286
0.5140371927
0.6074749718
0.7807090267
1.1333545111
1.1529411185
1.3551622772
1.1927338721
0.0578002527
0.3234893795
0.2781350423
0.0813862233
0.8785230136
0.9022451969
0.2163779809
0.0702500984
0.3942823650
0.5543411988
0.4726076872
0.4676845958
1.1151326739
0.1721603356
0.3604484319
0.3470821909
0.0279624344
0.0529526375
0.6619664709
1.2677042641
0.8269633617
0.5193268001
0.7286282124
0.0094642552
0.3527469002
0.2625156280
0.6031432286
1.3737922182
0.6375714656
1.7869357990
2.8027528533
0.5682661733
1.1067345982
0.0417613510
0.2919874005
1.1523741498
0.1105730076
0.5670534692
0.5539711315
0.4703644440
0.6685751164
0.1538291060
0.9482559873
1.3400006773
0.3777229933
1.0139686575
0.6185946404
0.3332735136
0.5241231774
2.3000094892
1.8196338791
0.7246572578
0.0674191648
0.1214018561
0.8001361365
0.3445806417
0.9619822342
0.2272911662
1.4361610031
0.6069840917
0.2134367577
0.4879202567
0.0054947271
0.4499825975
0.5083364274
2.1923101970
0.0823400763
0.2681858552
0.4104641268
1.0477207696
0.6490429268
0.9878378906
1.0924262686
0.5282653492
0.7851886620
1.5575355095
0.2336644284
2.6101988774
3.9473326758
0.1392554886
0.5399375979
0.8783459252
0.0410877402
0.5243356731
0.3690169208
1.2373450721
0.3217905176
0.1647312721
0.4246444426
0.5693344418
1.3471447188
0.7879573198
0.6936960977
1.8691614351
1.5392503083
0.8391349706
1.1583506742
0.8266573708
0.2817868954
0.3218621642
0.0081029202
3.0079595570
1.5613978246
0.8696836071
0.8105360090
0.2879060763
0.9310429910
1.5074928882
0.8107991952
0.2340395702
0.4107230282
1.3669490751
1.4844566045
0.0320639744
0.6750303292
1.1602861174
3.4388954300
1.1451588465
0.3554666406
0.3781766561
1.0519039566
0.2784403508
0.3333667461
0.4355557041
1.9415138942
0.0244958561
0.2173415541
0.7031859871
0.8082542857
0.5649678649
0.1280775501
0.5627892626
0.4564823165
1.6275953773
1.2814440635
1.1140011238
0.2287452572
1.9508994911
1.4400623581
0.6430876602
0.5610207202
1.7709183368
0.6101451184
0.0154081037
2.1387621131
0.9563814346
0.7152546744
2.8843644110
0.8637175559
0.6106324384
1.1716503329
1.1908086432
0.9246846068
1.9926720196
0.2130657984
0.3281728465
2.0091809313
0.6820808230
1.0157939630
2.0014713161
0.3397633294
0.7430225041
0.4787150764
0.7621035746
0.5842131209
0.5507899162
0.5349818483
1.1309336096
0.4797823107
0.3230909619
0.0139740816
0.2327899250
0.4943710592
3.2929893597
0.4878057838
0.0297596033
0.6919106274
3.4030217372
2.3898865101
0.7696451796
0.8996501173
0.3980361325
0.0808910339
0.4378360777
0.1471930880
0.3068833967
0.7839162710
0.3632954093
0.9619102696
1.2074945045
1.1412270283
0.6304675390
0.2795952074
0.7746084760
0.4474103493
0.5403171034
0.8110740105
0.1103707927
3.9738453895
0.4121442967
0.4813802032
1.5252667568
0.0022227854
0.6372945689
0.0814889971
0.1167942705
0.1050980946
0.0717142905
1.0404584856
0.6463323358
0.6306440829
0.5165871650
0.3547777864
0.9452224826
0.0065363152
0.6358343711
1.9503125765
1.9868994521
2.1189914162
0.3326528051
0.8326782947
0.8633977281
0.3851516674
1.0617111008
4.3323125264
0.4318796853
0.6249894942
0.6923340310
0.6668322951
1.2385862390
0.5667588471
0.3485546049
0.3623466949
0.2033551152
0.1545875157
0.2931771533
2.1011223883
0.2936376674
1.7504040471
4.7618844259
3.2223903184
3.1644493277
1.6985612657
1.7857146206
1.0859042755
0.4129915800
1.2879580923
3.1058543353
4.5268876471
4.0416416026
4.8463714642
2.4385319586
0.3731978034
0.9018451439
0.0065376072
2.1070788708
0.0724175925
1.3511792347
0.8591817259
0.4220048807
0.3876445984
0.1683223194
0.4546903825
0.6750896859
0.8535881670
0.0840429514
0.4352283512
1.8428681689
1.6692446199
0.1889758221
0.3195623193
0.8087826076
1.0331452230
1.9298330967
0.1829723392
1.6920324353
1.8830796546
0.0483624531
0.4439873144
4.1477026304
3.4975478882
0.9305085552
0.8968514749
1.0965173834
0.5412763689
0.9057403493
0.5698939541
1.0726360838
0.7369998568
0.4900823419
0.8848633447
0.3136034306
0.4939935710
0.1463057343
0.9764587034
0.2319991696
0.8313589107
0.4541079541
0.5902904597
0.4090978451
0.1487902230
0.4513306593
1.6789061659
0.0435756655
1.8397404303
0.5054951030
0.2670321348
1.4935899123
2.0141917687
2.4016403559
0.5259799509
1.0119928229
0.0993066884
0.9547675197
0.4092989208
0.3970168825
0.5565063824
0.8894607834
0.1667373534
0.6963745631
0.9304688629
0.2363626137
0.6335573046
0.4485913958
0.3307289553
3.6034938725
0.6823548394
0.6774238232
0.5759789227
0.2388677787
0.9685312739
2.2128550758
0.2132830811
0.2764482926
0.4116170910
0.7419858527
1.0082241120
0.8619019734
0.6522383365
1.7784262324
0.5006722440
2.0718778351
1.6412934350
0.3765799039
0.8257800488
0.9243201497
0.1968362576
0.7938439570
0.1802356111
0.0918326998
1.2558775115
0.2550199963
0.0688490365
0.0829973971
0.2157177056
0.7013979897
0.6406777331
1.6258372176
0.0539282734
0.8374163260
0.1531244608
0.3043550346
0.3196283170
2.5613232763
2.9991682730
3.7903858235
2.4755078042
2.7215628443
0.4893024432
0.7530483762
1.3500212511
0.1290269729
0.3900251904
1.8059347413
0.6009773158
0.0709077286
0.3972988901
0.3226790923
0.8324753370
1.1926577448
0.6881967240
1.9740291529
1.8623126119
1.0948219475
1.0573570473
0.1614768149
0.3986917686
0.1587749620
0.4625945993
0.7329061491
0.4184103583
0.9944243832
0.6665754954
0.6718751149
0.3399816516
0.5878588743
0.3788583158
0.5626923555
0.7083690709
0.1677434204
1.6182301753
0.3084484117
0.2420674960
0.0421671666
0.0641219042
0.0955682018
0.5962532993
1.2269396147
0.0326692273
1.9591978610
0.2327568493
1.6905800192
1.3491467503
0.1919641127
0.5561185966
0.4192664269
0.6572944758
0.0553640395
0.8093342780
0.3053414812
0.4584752513
0.2815174462
0.1552131767
0.7292710480
0.8652877443
0.0028750875
0.6272364345
1.2297205862
0.7905192449
1.5555062767
1.2942930632
0.2775044045
3.3474256198
3.5863641762
3.2450175571
0.1999497362
0.7058968902
0.7183867327
1.6504278601
0.1230646650
1.1070372228
0.1061540076
0.4192509176
0.2130199672
0.0495308712
0.2148317455
0.5635608636
0.1542320718
0.1262441414
0.7678230270
0.3719464670
0.1242859423
2.0868979468
0.8611337092
0.3176508478
0.3684810611
2.2575490855
0.2622498580
0.1970234670
0.4055039833
1.7446876855
0.0726455049
0.1870286655
0.4546386371
1.2816065723
1.3514129996
0.0331194247
0.1045792774
1.1018536394
1.3694733839
0.6787563324
0.4560436582
0.6865197098
2.4671868871
0.5294031945
0.3593885994
2.2591566488
0.0044491368
0.4934183594
0.1782962336
0.1579025970
0.7929690086
3.3178302212
0.1319314379
1.4260322424
0.9543789503
0.2800274859
0.0214178094
0.6907151566
1.2933889493
0.5360392346
0.4876966127
0.3177051194
0.7483031383
0.0806041417
1.2693505511
2.9175716979
0.8531249042
1.7217615550
0.4282490377
0.7767444594
0.3617801270
0.3288796144
2.0272213643
1.6494719817
1.1725078484
0.2451757477
0.8167550059
0.0996335737
0.9967353935
0.2569535387
0.3568753355
0.8757947208
0.3288778858
0.2880550978
0.0177584513
0.0945712651
1.0118761513
0.9099557534
0.3084342569
0.0636551015
1.1025478835
1.9200571034
1.1581909232
0.8498183987
0.6233370418
0.0528729255
0.5266740434
0.0163270164
0.3378996124
0.8075412346
0.2765874489
0.7781458071
1.1316348412
1.1275581463
4.0382723531
0.3189837038
3.6340960775
0.3274633403
0.3799478192
0.1170839660
0.2416990335
1.2608331898
1.5965620627
2.8840705158
0.2264301780
1.1049488540
0.0231981349
0.9436034380
0.3503850507
1.9150493027
0.4700429303
0.4281772604
1.1205656860
0.9573454008
1.5993382153
0.2995203258
0.0142247348
0.1607876848
1.6035800745
0.3108705979
1.4606044534
1.7337355453
0.2536845792
1.6981590271
0.0447456840
0.1551656557
0.2590357003
2.9684092049
1.8676292204
0.7013915211
0.2886264057
0.1681017711
0.2735903462
0.2991013101
0.0400122190
0.6186395358
0.4691749611
0.6418824231
0.2590781777
1.9567384950
0.5304522942
1.2136780485
0.4695124945
0.2503591877
0.4879094909
0.4373740974
0.9576679554
0.6184898804
0.0519426472
0.9443863566
0.3077591842
0.3635624664
0.5885763886
1.0250626280
3.9186608419
2.9128943582
4.7650507916
4.0798832916
4.9933228390
4.2312411751
4.7976869457
0.3800161210
0.4074047049
0.3671776653
0.1752599466
1.4868729098
0.0708339763
0.5893392033
0.7956147302
1.0815053579
1.1461338957
0.9845364249
0.2004349403
0.1247184207
0.8735291618
0.0864679746
0.3291028933
0.5260664294
0.7943692264
0.2280660890
0.4520160586
0.6854062267
0.3455736982
0.6858988838
0.6391710414
0.4369713836
1.0631566420
2.5699155518
1.9984694937
1.0341354147
1.5811418823
1.1259437476
0.5946717531
0.3944867636
0.1099717944
0.1820026242
1.1937954986
0.0568651793
1.5095103250
1.2817368253
0.9671393796
1.0726931418
1.5903130522
0.3510745086
1.6646181350
1.8285175062
0.4893716787
0.3455147862
0.1100148138
0.3793325152
0.2306770240
0.3553185325
0.2550470421
0.4424689500
1.0050616669
0.4668024600
0.9674581295
0.3525034560
0.1685415075
0.3087320174
0.0611670647
0.0488925118
0.3717362731
0.7969028421
0.5467101425
0.7858308000
2.2169335958
0.9222068073
0.8849086894
1.6011547964
1.3924980845
0.0282819385
0.2300158709
1.2297302195
0.7998802924
0.5923226507
0.1913467352
0.8452099119
0.1197277205
0.6063413530
0.2259009085
0.5668942084
0.2867084738
0.1934622512
1.1674737664
1.4518086232
0.3414370319
2.0083856994
3.6719341702
1.0659625961
0.0913815707
0.3683812268
0.1585802368
0.2701436565
0.3113084323
0.0397537734
0.0578985132
1.1111803424
0.5511109048
0.7671915141
0.1243983489
0.1912639061
0.1807971870
1.3557817365
0.0589703564
0.7424184517
1.6088880337
2.6358726419
4.5672864505
1.8406729340
0.2174041843
0.0199397574
0.4207731636
1.4336441513
0.9917187283
1.7395401308
0.6024554300
0.1329227168
0.3285622220
0.1864488803
2.1203345845
0.1431891798
0.9580614493
2.4674091596
2.4532098968
0.6437825262
1.0804281740
0.4572386761
2.4834192183
0.5251278067
0.2897211535
0.9681823566
0.4763097605
0.5418602484
0.1060876238
0.7021311288
1.9678730889
1.4519954830
3.5643492432
2.4699083835
0.4016716708
0.8610592474
0.6106935161
0.0627086970
0.0646713904
0.7994090937
0.8174796766
2.0128391732
3.7519566333
3.3915939702
0.2505202161
0.5597544149
1.0305229679
0.6221148330
0.2245217174
0.2834731135
0.8221849241
0.5009787752
2.1846495066
2.6255881376
0.3987601923
0.7870334786
2.0600309568
0.7710453148
0.1337410399
0.7350998436
0.5429812112
0.3715717648
1.8145945097
0.1122138798
0.2587737693
0.9529383168
2.5470561369
3.7224246676
1.2484891831
0.0363748554
1.4580341998
0.0650116853
1.4963977877
1.1212668797
0.5438567948
0.0049239108
0.0271835413
0.8029945465
1.8065234969
0.8929333425
0.6649185755
0.3609459890
1.4408267335
0.0474353193
0.6326791853
0.7588291707
0.7827235424
0.7814187109
0.9379346745
1.3089571650
0.1706085234
0.8374517599
1.7792869296
1.3017091065
0.1265946167
0.4628155857
0.1750045118
0.3977215491
0.8921985730
2.0637045544
0.3411733042
1.0262060491
0.1921817853
0.9327568886
0.5209770126
1.0427012993
2.9056156669
1.7077681176
0.6538739606
0.0307199238
0.5975138796
0.5654100173
0.5075806965
0.3092221575
0.7082963175
3.1992969535
2.9369856888
3.1380497510
0.9306862994
0.8327137351
0.3856679376
0.0219871491
0.8930615222
0.5939914646
0.4960031127
3.2194634476
1.6976184341
2.9302925006
4.8632691559
0.5996156873
0.7776247051
0.3457325022
0.8030291798
0.4589743108
1.5838285391
0.4628318810
0.1459432126
1.0734737506
1.0651171479
0.2534574597
0.4287347449
0.5966379078
2.4944601094
0.0266199699
0.3971862781
0.2486563772
0.6667736134
0.5390460337
0.5695319488
1.2087446685
0.1729927263
0.8537762985
0.1268078712
0.7994228766
0.1496818454
0.8942346263
0.6246062671
1.5828161896
2.3921938813
0.7947697689
0.0807548704
0.8037637894
2.3235183273
0.1642171569
0.0008634722
0.8619241546
0.0142491676
0.4183486724
0.8400933120
3.3995107810
0.4839636414
0.3707280923
0.3649606775
1.3185926746
0.5272666359
0.2828592680
0.5244695307
1.1298230943
0.8343491100
2.0077459162
0.7876863358
1.0588349524
0.0752728450
0.5100052561
0.8597027749
0.7757943582
1.1402529456
0.5944572786
1.5420890923
0.6704131508
0.3379912720
0.0090394705
0.4144266735
0.7917365710
0.0594251522
1.1969393227
0.9252666388
1.2587056674
0.0937316809
0.5015947313
0.2789258162
0.2605638437
1.3551862437
0.3462055855
1.5584724139
0.1017650532
0.1235527891
1.7785651930
0.2922221510
0.9957143234
0.0451543015
0.4004133353
1.9198878590
1.7075901572
3.0378023198
0.7547190468
0.4875793271
1.8430528188
0.1274576482
0.4968999422
0.3414826026
0.2118004187
0.1369269143
0.8830549389
1.1577757968
0.6174781192
0.4599219972
0.4552221454
0.4080998883
0.5130624411
1.0828090949
0.2976867626
0.5676569601
0.3912524662
0.2886219470
2.4939694004
0.6436429819
1.3056040027
0.4259455021
2.5766447011
0.1622425932
0.1934239783
0.8570343056
1.1006142640
0.4617124480
0.2305679690
0.1157694273
0.8804932463
0.3166401171
0.7871246225
0.6602841716
0.8259659231
0.0789482996
1.0034678469
0.2110539954
1.3321725612
0.6012258412
1.2908788582
0.3914769169
2.9599723806
0.0134673368
0.6286511069
2.6395365967
0.6684769416
0.3075971632
0.4138276073
0.3787739786
0.4510692983
0.5670359527
0.4382186292
0.5011257536
0.8060120356
0.3580693053
1.3895867818
0.1325004328
0.2137970845
0.1478776579
0.2708885382
0.9083696363
0.7084607401
1.4173960668
0.9967746857
0.5067238539
1.4493859837
0.8308107856
1.0028675036
0.2735901213
0.5165629327
0.5464649332
1.3758446884
0.7110403539
0.8908590176
0.2959313104
1.1271235951
0.9716566462
0.3733953720
0.3876928561
0.2122408295
0.0493734764
0.7589575866
0.9389194891
1.0678310041
0.0126382567
0.2025984154
0.0088630501
0.0315373436
0.0754660542
1.6493873078
0.1379510510
0.9732929181
0.6814945486
3.2748709885
0.3101491645
4.4032248169
3.5512585306
2.7955582289
2.9121512303
0.9300678011
0.1580243407
0.1374058211
0.7037721095
0.7448418520
0.7683918121
0.4984061912
1.5761646478
1.6377035091
0.6445573021
0.9000178075
1.4446165506
0.6033725821
0.3313167544
0.8977290686
1.8045156780
1.5836834962
1.1992443351
0.4152907043
2.2120859356
1.9242290063
0.8293214747
0.1810494642
1.4374686368
0.1435769220
1.2095572928
0.9627693676
0.1033427028
0.1634122786
0.1821469331
4.8241233755
3.7648678267
2.4438898399
0.5723674867
0.2282166048
0.2665230885
0.5895935608
0.6762547073
1.4433669389
0.7866749483
0.5561894266
0.1372093280
1.4659889671
2.1859086072
2.9882333425
2.1142748114
0.9012035028
0.4441326185
1.3756599460
0.9906205931
0.7787626192
1.2147634579
0.2737086359
0.6254525963
1.5608814770
1.6341332953
0.0916291570
0.0624148444
1.4587621404
1.0664369696
2.5859270131
0.2246537444
0.8463684200
1.4944851819
0.2902031099
0.9208300227
0.5400548387
0.1187810885
0.3483472437
0.0413844014
4.0188437718
1.8660661375
0.9389617136
0.7713469973
2.8868251682
2.1630562996
0.1325464073
0.6969904362
1.8306267550
0.8014768101
1.7039886007
1.4344291954
0.2155601668
1.7739987014
0.1298396357
0.0265281969
0.7232309816
1.5138104719
0.5228613796
0.1756487252
0.2859174609
0.8539242619
1.0752407893
1.1423708247
0.8426001783
1.6224527009
0.9647241518
0.1526634183
0.7503233138
0.2095662456
3.0375622093
1.6832942257
0.6030104392
1.2782035154
0.2397683797
0.9404709905
1.5387576154
0.9317957279
1.8655814481
1.9469237656
1.0746145567
0.1157453693
0.4637445731
0.3920825751
0.0027665463
1.4407054505
3.7688835986
3.0945026251
1.5648082467
0.9290383186
0.0530627229
0.2136410989
0.3454834658
2.1060543616
1.4051534473
0.4538753657
0.0542992428
0.7008295741
0.9293468495
0.1991330114
0.0494722449
1.1092935839
0.6418772207
0.1433538421
0.2195724113
0.4239834726
0.8156640844
0.3029338628
1.8356134646
1.5079803709
0.4857585207
0.2079215657
2.3629429924
0.1287696328
1.0749824372
0.2334571857
3.0375316458
2.2948326093
1.1474099395
0.1327328328
0.8467994249
0.7600502413
0.2981139725
1.3570577180
0.2888504991
0.1169301196
3.1525672115
3.0699751356
1.0540260450
0.7267638334
0.0132282352
0.2698564028
0.5097992437
1.8176936026
0.5177630226
0.5018024719
0.1281212920
1.9514894643
0.3849363118
1.4278258281
0.1347297515
0.6028587967
2.6514602591
0.0943695748
0.8595123767
0.5541880454
0.0344761680
1.5703351553
0.1472189030
0.0177598098
0.4053690735
1.4364267668
1.9663320838
0.0897411820
0.4043369436
0.1273381572
1.8597229865
2.0903781496
1.3220509200
2.1136475486
0.1059624566
0.9502913974
0.1355052804
1.2427610723
0.8599639595
1.6694134370
3.2123285320
0.5200073398
1.5253519336
1.6905982045
0.8652381319
1.6489802654
0.3390471612
0.3509248996
1.0299635978
0.0571373234
0.2581663353
1.0216805879
1.1682526740
3.9271131541
4.3229783712
2.0136473502
0.5884329134
2.0175333669
0.2320186266
0.2106685424
1.1177008544
0.9907536508
1.1196835682
1.0074776810
0.5852344654
0.3577552502
0.5386064858
0.2197151528
0.5160254541
1.7118558234
2.2404976872
1.5892852019
1.9119634981
0.4832132374
0.8018581631
0.2848468478
1.1802278084
3.1090376596
1.6526382551
3.6883570095
2.0526059440
1.9456957058
1.6120439429
0.7530075909
0.3998847664
0.5315311571
0.2109336411
0.5437434841
0.1264643430
2.4479754250
0.2689782837
0.2089548862
0.5607362794
0.4025875914
2.0053004295
1.2111130623
1.5524340441
0.9510414343
0.3408462459
0.9943116191
2.2835972129
1.7218467839
0.3092270638
0.0445470570
0.5552238468
1.4466218175
0.5260903596
1.1075465340
0.9078885387
2.0276098362
2.9374038560
0.5785892368
0.8560377818
0.6643601610
0.1595081486
0.7893842581
0.3384437757
0.2696545969
0.9129043155
0.8428941799
1.3221459242
0.5766743182
0.0468993558
3.6409982795
1.1928030899
0.5427641668
2.8005575911
2.3875122765
3.8618177539
0.3491057145
1.1767793856
1.4484811566
0.4019734925
0.6765918948
0.4640168952
0.1134673442
1.3414587478
0.2847451964
0.2196485282
1.1680035686
4.2146575539
1.9376040980
0.0972069711
0.1324774258
0.3125921773
0.0987047083
1.6224527757
0.8947301159
1.3884159225
0.0268487702
0.8333850140
0.2348239594
0.4322256126
0.1498314093
0.9342839289
0.7750271002
0.6348727000
0.1332135545
0.0452940378
0.4709924585
0.1994795615
0.0702253653
1.1490077425
0.4552110664
0.9994290465
0.4257601712
0.5760332766
0.1534351758
0.9190375357
0.4267508378
0.3151279471
0.0723475617
0.3120437718
0.9084118436
1.3623025051
0.0113833853
0.8281449129
0.0803754073
1.0086058811
0.9880907308
0.9734908415
0.7918729789
0.6884563354
1.1354491582
0.9126767348
0.2608230429
0.1131818492
0.5628669818
0.7817831789
0.9425819511
0.8658034624
1.4043580182
0.4006499457
1.4169791767
0.1773237063
0.6543522439
0.4186361240
2.4428508143
2.7431915539
0.1636574309
0.0983500147
0.2496662000
0.3921250990
1.2911882907
3.1464866338
0.5577495963
0.9314683000
0.3988950038
0.4011504346
0.2572366563
1.5866964077
0.2184162694
0.5175448460
0.7975067159
1.4639503332
0.1045793375
0.5004448033
0.0341870436
1.4358017091
0.3691756635
0.9058084131
0.2544462407
0.3128006945
0.1208091452
0.6241095070
0.2218871137
1.7733424053
4.8401510783
2.3424184947
0.3913624669
0.9686221391
0.6469539693
1.4372851873
1.3593772150
1.3053484290
0.8288152131
3.9737236652
2.4835244750
0.1310284075
0.3877212103
0.5611034939
0.6764380144
0.1906996175
0.2987811183
0.7467104853
0.5567356715
0.1212217424
1.0338167513
0.0209619009
0.1517608455
0.2414766845
0.0995546306
0.5852844206
0.9117641599
0.2167712856
0.9619265715
1.4524626726
0.0795095202
1.9009868848
3.6462191159
0.8491726305
2.2330872216
0.2463727063
0.1693541338
1.9641851904
0.7084100898
0.0853891864
1.9426873503
0.2944338098
2.8728872479
3.8041163668
2.8716037930
2.0475195570
0.9339986269
0.2022737154
1.5514971404
0.6616435950
0.5995992258
1.7301436485
0.2241661625
0.0029309901
1.6182966675
0.9069999466
0.3744550960
0.7173052705
0.7312090904
0.3996857429
1.1596848443
0.1660716283
0.1288046904
1.0001173460
1.0992442581
1.5283473722
0.3074312692
4.5921817709
2.3367064536
1.1657572669
1.1694853952
0.3917929206
0.5497501899
1.1699972823
0.5929605378
0.5104715376
0.2391661371
0.0706000989
1.7021101281
3.7610927313
2.1732933181
2.3921924893
0.3446595999
1.2804128542
0.2361952365
0.8881031583
0.4825352760
0.6959191000
0.6726727453
0.4709103198
0.3276965052
0.1073709260
0.3684080296
0.6575630371
0.7437957979
1.1709101962
0.9113348401
0.3824637952
0.3849056395
0.0713562642
0.0120546044
0.1430126201
0.6896617987
0.5411665423
0.2934327915
0.4665957986
1.5740995481
0.6471648468
0.4483330181
0.3120980088
1.3324066922
0.4587068732
0.0832120217
2.3108153428
0.2473881932
0.6064149971
0.6806383451
0.1414679205
0.4842052696
0.5301870681
1.1269074448
1.4326483117
0.5944433933
0.1419486693
1.1583410676
0.9307651146
1.2901448995
1.7534600221
0.3651638350
0.5598543620
0.2746119608
0.3342478177
0.4170030552
0.2269201759
0.9516317409
2.7389236777
3.6708517743
1.5853340169
0.2633483362
0.1062915560
0.5717961683
0.1982450792
0.7061054909
0.4988768750
1.5227461881
0.6647494669
1.2008981896
0.0461419520
0.5538258720
1.2193547090
0.4721657599
1.1426367845
0.5115038568
0.8011189407
0.0163267230
0.2133294272
1.1920070292
0.6667523932
0.6899262556
1.1533292742
0.2281238049
1.6885974543
0.3388383713
2.6379082430
0.1866628663
0.2857477025
3.3970940944
3.2983824766
0.4999367393
0.5830140114
0.1020540236
0.6191665404
0.6622752482
1.6625341162
0.5808615041
0.1179396078
0.3134722585
0.5419012633
0.6015096295
4.2938170961
3.5414949827
2.8203017026
2.3568493033
1.0258484136
0.1827468152
0.5644148262
0.5623474128
3.7787362747
4.6737019558
4.2823610393
0.3974592673
0.6297786094
0.9554054256
0.1390806008
1.7197694646
0.4074241462
0.1470885957
0.3022846742
1.7602217410
3.7108877548
0.3134154281
1.8202466854
0.7106946292
0.1588622329
0.2190812339
0.7399250366
0.4200779641
0.7605491724
0.0487740631
0.2107802542
0.9861092047
1.4781318509
0.1801681723
0.4700327423
0.0450560965
0.7479609073
4.4476921795
2.2263080453
4.2732991355
0.7589798643
0.5092623685
0.9129045375
0.0194138954
0.2447944544
1.0108513709
0.0975043232
0.6987517579
0.3466647850
0.0753792629
0.3387249886
0.1855943992
0.3523169132
0.7285725657
0.5246835878
0.5055999626
0.2401905247
1.6283981218
0.3664018279
0.1396558097
2.1217077275
0.8307193323
0.2091818424
0.5237139760
0.3409615267
0.7054418773
1.1702772437
0.6179999808
2.0222244174
2.8566869199
0.0598302509
1.7206177940
0.2477220048
0.1087975411
0.8952174803
0.8208082237
1.1923923724
0.5308646649
2.1344496668
0.0836673743
1.2851557542
2.8091476322
3.9641916910
0.5710249310
0.3725471705
0.6620134309
2.4709861076
1.2737085751
3.3297158384
0.8207158338
0.3975274732
0.0844916164
1.4554815214
0.1802332227
0.2617033350
0.7589950382
1.0593435865
0.5776563578
0.6665593845
0.7672262036
1.4229864001
0.0856284481
0.5442988593
2.8577085976
2.7133739237
1.2962702577
0.0037983604
0.9705948913
0.2470796346
0.7405423632
0.7743282685
0.0642774244
1.8685446596
0.1557356368
0.4488213882
0.5531861881
0.1910976310
0.4857236657
0.8117475020
0.9900350293
2.2218244274
0.8224457079
1.1069697179
1.2817485049
3.6943790105
3.8832071606
2.3646360260
0.5478403962
1.2387191750
0.7435805363
0.1696531508
0.3002076187
1.3393861952
3.5099335819
0.1931790677
0.5287580719
1.5166698911
2.2397108800
1.8159171434
1.5704614162
1.0305673875
1.7244248670
4.2198619347
2.6846555997
0.6399069526
0.2290893055
0.3555329903
0.6007186821
0.6318528210
0.7587288745
0.3843245018
0.6140677343
0.8511781774
1.1180123499
0.1165825865
1.3065132396
1.1684360402
1.5687459250
0.6156853985
0.3157108237
0.5372177542
0.1270321178
0.0007703034
0.9697401838
0.1233189727
0.1336128669
0.8118660942
0.2805829483
1.2771103707
0.3896796009
0.1621652141
0.1801202218
1.3046775263
0.3428965197
0.7709599190
0.5085447211
2.0327495032
0.5044396987
1.2362610710
0.8617265527
1.5585451042
2.0495813637
0.9491103940
0.2423384737
1.6757801390
0.7212942578
2.4351096255
3.8013110514
3.6994374393
2.1731964898
2.0930605095
0.3659766153
0.5993605732
0.7731406774
0.6253745845
1.0793259243
0.2581575381
1.2830372746
1.3381331352
0.5592023566
1.3328541747
1.2232713801
0.9381635546
1.0184850700
3.0882768368
1.8338012804
0.1143154036
0.7216000400
0.0050970627
1.2180160412
0.1764255851
0.0931679466
0.7391489241
2.5004550778
1.1676371694
0.7233100171
0.4454439914
0.8686370425
0.2001739421
0.1505528193
0.3772187164
0.7959814420
0.3789244617
0.8524757872
1.6445589707
1.8907805437
1.6852625060
0.5037849748
1.6700090652
3.1219528817
3.0136689700
3.0416840698
3.8364000910
1.8483457685
0.4230583550
0.4043299904
0.2991745347
1.4031299152
0.0341016525
1.7255055057
2.3669714300
4.1364005968
3.7836553257
0.4229048535
0.5727117233
0.4635220329
0.5815865866
0.0885273540
0.8679825636
1.6370697756
0.3659457635
2.5779328761
4.4480503893
3.7277933836
1.5893813685
0.0413285515
0.4251911251
0.8546725135
0.4993758025
0.0738563528
0.8915894528
0.5313563512
0.2668990251
0.0039262001
0.9075455655
0.0817715814
0.2567066673
0.2045859502
0.2905204729
0.0450066247
0.5001429054
0.7128808146
2.0509649780
0.9846488615
0.1477522027
1.1935298855
2.4988255655
0.8389800026
3.5804334061
0.3141446457
0.0010764312
1.9050103051
0.9834327422
0.6163702393
0.2108629215
3.8532543282
3.8714514738
0.5559435534
0.2305402432
0.2392429671
0.0551765917
0.6742671738
0.5406431731
0.0866308588
0.3089436878
1.7775594852
0.9971708404
0.1369128626
0.6677197367
0.0451032891
0.0004676125
0.0728390214
1.2635309044
3.0448083694
0.4621172006
0.5262279043
0.5373271314
3.4162088826
3.0135706233
0.8465843246
2.4064031236
0.7204691525
0.2876701259
0.0758541370
2.1753433379
1.5721802833
2.5857104937
1.1661976783
0.4213058899
0.3131787106
0.3695328526
0.5282850031
0.1627543084
0.9601303785
0.1589665085
0.5091922738
0.6375341484
1.1213574577
0.1093530851
1.4679212534
0.2767424833
0.3208341454
0.5247191138
0.4530081303
0.2364133412
0.0293885909
0.6563406270
1.7885089260
0.6394253616
0.3109785996
0.6608549909
0.4781483715
0.8374317163
2.4402782152
4.8422385433
0.6091934137
1.4139191997
0.3087687203
0.7886192937
0.2453127332
0.7178791655
0.3980286463
0.1028914844
1.0906370344
1.2180279033
0.5584247166
1.5878050604
0.1196861551
0.5040569747
3.6966048736
0.5930048750
0.2924399484
1.2976387486
0.3317491136
0.9866016816
3.5510314308
1.2330013739
0.2805623036
0.5366591072
0.3151399941
0.4608479288
1.6126006689
0.3058302794
2.1491092722
3.0822043434
1.3668220123
0.6187856569
0.8102150644
1.4108958018
0.9284302897
0.7735991145
0.6461472572
0.4470761903
2.0914194452
0.0279957553
0.9672037884
0.2363703269
0.2180694493
0.3005994317
0.6251367235
0.7664553907
0.7455250540
0.0255056192
0.5001221581
0.9558552671
2.2651242837
0.5515907367
1.7886637521
0.3745638834
0.5130597721
0.6086173300
0.8775227876
0.2185350262
0.3876071318
0.6585168107
0.1453588619
0.7095741242
1.3897700460
1.6361877594
0.2534766648
0.7867828768
1.0382343046
1.6738940488
0.8238335723
2.6028553877
0.9752030127
0.5152947780
0.8921661539
0.4021005620
0.8521187574
0.8415829819
3.2649897607
1.1458410105
1.4528386509
0.6020878398
0.2631765708
0.5715995845
1.1046797264
0.5259859951
1.6959321002
0.2042778430
0.1147860174
0.1453802783
2.0148349107
1.0659503574
1.3190532936
0.0986340391
0.1825964684
0.7111927078
0.2377959149
1.0327463241
0.4271921537
0.4592597826
0.2313713731
0.0127025868
3.1660053249
3.8420745024
1.3997767384
0.0004406908
2.0400043431
0.4328748471
1.6007781980
0.9438392173
1.1661340686
0.9332041422
0.1008256271
0.6387273828
0.1208484047
0.2225078480
0.4140585688
0.0991420938
0.5151442660
0.4746166227
0.2933819076
2.9151774863
0.5627350487
0.6951096209
0.8974005125
0.4180709381
0.2346417447
0.7994361634
0.7037218070
1.6723522816
0.5542928527
1.5995720481
3.8986273017
3.7481424182
1.7026895536
0.8734535547
3.5953770619
0.8113984075
3.9826377458
1.4388342046
0.3871908497
0.0968671317
2.7653931325
0.8799726506
0.8876419039
0.5345677755
0.9428740493
0.2017725590
0.3259644629
0.0837948299
0.6130817868
0.5580277095
1.5247535229
0.2365938645
1.6757539011
0.4500124806
0.6009109860
0.6102259797
1.7035815759
0.0356090063
0.0860800937
0.4454099777
0.6149155778
0.6585340423
0.5796895314
0.7106869505
3.4663768077
0.5484117640
0.5224990057
0.0490983660
0.2773209738
1.6057243347
1.2419965088
2.6686229260
0.1128475279
0.0314493472
2.3843661125
0.6645212396
0.5363832467
1.1603452413
1.3512358910
1.7749897986
0.1508797369
1.0564046886
1.3576801096
2.1678227378
0.8125011956
0.3147655625
0.4178290452
0.0143934754
0.1296942572
0.2864492531
1.1851236159
0.0753246700
1.9719761279
1.0133874172
1.7187977947
0.2557136665
0.3965863399
0.7392057308
0.5854384747
0.8161658911
0.1152267380
0.2684684626
1.2283652831
0.0544887213
1.4139367073
0.3276045034
0.6674087813
0.3350796142
2.7269747610
0.5487104267
0.4946763709
0.5615459963
0.0132132771
0.3598021788
3.9743853550
2.6526657828
0.0013596475
0.7635557463
0.8448492251
0.2750026507
3.8836914332
4.2605314726
4.7370226297
1.7408601078
2.6241981519
0.4154478680
1.2713860043
0.7531714469
0.2086783956
0.1591380310
0.2166924677
0.8625282797
0.5317390001
1.8543236409
0.7757064365
0.7040747636
0.0555915444
0.5184479640
0.8094243876
0.2370050022
0.6651347011
0.2839438908
0.1686596034
0.8495711832
2.1052214415
0.2470202782
0.3295019083
1.5852002076
0.3387692080
0.1335312893
0.0360375533
0.4385151740
1.5674843460
0.1622858229
0.1471020258
0.0176072723
0.0847408598
0.2625142609
1.5429486617
0.1445576589
0.0324946173
0.7418497839
0.0899873394
0.3049798031
2.0495107290
1.4283431162
0.0683752523
0.4314544704
0.9563785713
0.4721031497
0.5231888649
0.1039745608
1.3747201090
1.3382092191
0.5302350367
0.8176942390
1.0263558632
0.8534899923
0.8775460891
1.3252087822
0.3789671934
0.9909382856
0.5358048748
0.5719446042
0.8300211020
0.5571027820
0.6934580090
2.6192738020
0.7252664217
0.0830446698
0.1816638053
0.1993292586
0.5055016408
0.0402654018
1.2310306255
1.0071963144
0.0068988533
1.5701977201
0.7555828571
0.0240764401
0.0840847715
1.2151285212
0.9563934706
0.8928274270
0.1514094251
0.7190062192
1.3753169544
0.3339949635
1.0346777538
0.5666434421
0.3735570288
0.1445414361
0.4271621569
0.6493949650
0.9448385167
0.3511974370
0.3333666325
0.2553239495
0.7526315551
0.6659581189
0.0894104765
1.0631517890
0.3652296627
0.5609272123
0.7643383833
3.5641112845
4.4534875693
4.1928436148
1.0214234030
1.4674988736
0.3617725581
0.2044911514
0.2981359413
0.3833091326
1.0616648768
2.2981968052
0.0423347641
0.1283790456
0.2696342995
0.1952156669
0.0284833517
0.2666137965
0.9318000670
0.2266255863
0.1801923962
0.5141223272
0.9840355349
0.0865744074
0.5657574951
0.2825270292
1.0230375628
0.5009636545
0.3027559968
0.2757588655
0.4946908044
0.3544507430
0.0332203434
0.1410205967
1.8296639999
0.9517773138
0.4744989750
0.9673427899
0.7119306498
0.1554567677
0.7877211553
1.8748508249
0.0246260019
0.9544459603
0.0818628830
0.0229560067
0.9110606902
2.5094099166
2.9998721781
3.9677500140
3.3579268335
4.8933783211
3.2477177670
3.2749226724
3.5733428297
0.4506397066
1.6726852492
1.1471291149
0.3582289865
0.4685509235
0.9899432919
0.7967293432
0.3542415467
0.1408248342
2.0565676575
3.2843329142
1.7763413857
0.5105809611
0.3948229390
0.1714582762
0.4126475175
0.6737501095
0.2058098689
0.5679472938
1.1353553960
2.2152788464
2.2679754607
0.0403028812
0.4886195544
0.4214985856
1.3896184905
1.0801765381
0.2088147421
1.5395126603
0.3202417148
0.6870760991
0.6529836043
0.5474099784
0.1434114436
1.8193836584
1.4383441727
0.0512706577
0.8179919806
0.4449759823
0.0474635031
0.8089610390
0.3334992621
1.9712500198
0.4998873729
0.4110895790
0.0867870267
0.2130214444
1.8179176179
1.1655588340
0.6174970608
0.8525002463
0.0615168629
0.4617319951
2.4406247210
4.1429929476
1.5271129721
0.2462867780
0.1277578464
0.6811222680
0.7641953176
0.0486151621
1.9983408970
1.6868455235
2.2715888190
0.5033112303
0.3522476323
0.4329362349
0.4684602441
0.2034573953
0.5134921331
1.8769815755
1.6557535648
1.6245242001
0.1365036828
0.5296654900
0.1257651773
1.4213948842
1.8593055799
0.6910714743
2.0293944944
1.1542610998
0.4420817509
0.9515117926
0.0918539651
0.2862493976
1.3493305542
0.0236165113
0.3870348581
0.8679717177
0.7381157567
3.1991054376
1.2361201345
1.3647952855
0.5988829622
0.2499822863
0.0482122186
0.4171296893
0.2486719999
0.5484756410
0.8219532489
0.1960267276
0.7602634743
1.0597295004
1.0755434422
0.4373945601
1.1319011280
1.0366967540
0.9752101774
0.8935227719
2.1322361847
0.0951724834
0.9699438477
0.5079672429
0.4531989415
1.0197824355
1.0031635887
