      2.483212
      4.280259
      1.115420
      0.609039
      4.635561
      0.721744
      3.848662
      2.548345
      3.475261
      2.884000
      3.553573
      3.280264
      2.143681
      2.925859
      1.402044
      2.952595
      4.917615
      4.412390
      1.102585
      2.409063
      4.203954
      2.905886
      3.950287
      2.611629
      3.018239
      4.852277
      0.923269
      4.574088
      0.398697
      1.085475
      1.714530
      1.324263
      1.160936
      3.642565
      1.879008
      4.890993
      2.370353
      0.776668
      2.878345
      1.135182
      1.066619
      3.630140
      2.992647
      2.575095
      4.938200
      3.449751
      1.876031
      3.058562
      4.517137
      2.871867
      4.696103
      4.726286
      1.971695
      1.253233
      4.659789
      4.931864
      2.297748
      1.097481
      4.820938
      3.591375
      1.266912
      0.727746
      3.982520
      2.727078
      4.478579
      1.303161
      1.696505
      4.399539
      2.240388
      1.195809
      1.147010
      4.652605
      4.375596
      2.253850
      1.845023
      1.405860
      1.501777
      4.273426
      0.863403
      1.441415
      3.700561
      4.948729
      2.357573
      4.304267
      4.627870
      3.164739
      3.372586
      4.363052
      2.728417
      2.334849
      4.514674
      3.076263
      4.003725
      4.080364
      4.783676
      4.758478
      2.708298
      4.963607
      3.091513
      1.596716
      3.704666
      1.490105
      4.937318
      2.724545
      2.994666
      3.505809
      3.039206
      1.981205
      1.585573
      2.252886
      1.846853
      3.146947
      4.592808
      4.030175
      3.333517
      4.662760
      4.227064
      4.888831
      1.288844
      4.205665
      2.425038
      3.581763
      1.275272
      0.753293
      3.106809
      3.036610
      4.747688
      2.810640
      3.043201
      3.309228
      1.026254
      4.948755
      1.800128
      4.739387
      2.423902
      0.979604
      4.280386
      1.984318
      2.337916
      3.458071
      3.845993
      1.541113
      3.739679
      3.287851
      4.980358
      1.725645
      3.337044
      1.949734
      1.234892
      4.320007
      0.767475
      0.772615
      4.224182
      2.238029
      1.455322
      2.829776
      4.799865
      2.579384
      0.617131
      2.048872
      3.880377
      1.598688
      2.714415
      1.768908
      3.194970
      2.370650
      4.529335
      3.093601
      3.249247
      2.429914
      1.302716
      3.142288
      0.362901
      4.959233
      0.623119
      2.892745
      4.581579
      2.175808
      2.367592
      2.002292
      3.220615
      2.640173
      0.606284
      3.227735
      1.465284
      2.393105
      1.468694
      2.746008
      3.798139
      4.211171
      1.160276
      1.293905
      1.030083
      4.638650
      0.775889
      2.246070
      2.120205
      2.946504
      4.033343
      3.167259
      3.689466
      4.015528
      2.242552
      3.298285
      4.446167
      3.899363
      4.815910
      3.527174
      0.834613
      1.471975
      4.006617
      0.536365
      3.232185
      4.440056
      1.254171
      0.244721
      1.096352
      3.033209
      0.739696
      1.101252
      3.007695
      2.774509
      3.023665
      3.839953
      3.912995
      3.157220
      4.335458
      3.489031
      2.917109
      2.452162
      4.888855
      1.257291
      2.097935
      2.690953
      4.709926
      4.001805
      2.860216
      1.543318
      2.784372
      3.570619
      1.909891
      1.131272
      4.706082
      3.309691
      3.162518
      2.628211
      1.163014
      3.982286
      2.523718
      2.639671
      4.060251
      4.190918
      3.098881
      1.333660
      3.022582
      4.384271
      3.574034
      0.892457
      3.241690
      2.294562
      0.468747
      4.616910
      4.609980
      1.282373
      3.352868
      4.081597
      1.674834
      4.695622
      2.279556
      3.124968
      1.539565
      2.514531
      4.444511
      2.758454
      3.750746
      4.442039
      2.858875
      1.859785
      3.984003
      1.450835
      4.599076
      3.095704
      1.880420
      3.497111
      3.135917
      2.078568
      0.413147
      2.869491
      2.512574
      2.479001
      0.706966
      2.147456
      2.419376
      3.003274
      1.978395
      2.551032
      0.470897
      4.246443
      4.591499
      2.001437
      2.261614
      0.554141
      2.439985
      4.304648
      3.087257
      4.570566
      3.769022
      2.178721
      3.857487
      2.540704
      4.611966
      1.362202
      3.041778
      0.582236
      4.502115
      1.183571
      2.986018
      4.341493
      1.820287
      3.960476
      2.083792
      2.083542
      4.513352
      1.616773
      2.415164
      4.983861
      2.618335
      4.205745
      0.934371
      2.557323
      3.637651
      4.438763
      3.427253
      2.437385
      2.608957
      1.773610
      3.982893
      1.763671
      3.226103
      2.132393
      4.072644
      2.635121
      1.380288
      2.233487
      1.517102
      4.164232
      4.944284
      4.968886
      2.126580
      2.196609
      1.068707
      1.941005
      3.244624
      3.043979
      4.645670
      2.180265
      1.177402
      1.221840
      3.540385
      4.032114
      2.819982
      4.065072
      4.753530
      0.425551
      1.162757
      1.825225
      4.255106
      2.377498
      2.420291
      3.582492
      2.127717
      4.268884
      3.717723
      2.202127
      3.740236
      2.673542
      3.100370
      4.834068
      2.737173
      1.134410
      3.265803
      1.498181
      0.809307
      4.451805
      2.110808
      3.053746
      1.752365
      2.286885
      2.594624
      0.933574
      1.357186
      2.037519
      1.013231
      2.216172
      2.294591
      4.333289
      2.011461
      4.378115
      1.897639
      0.325108
      3.250388
      3.691944
      3.621717
      3.183882
      2.621979
      1.774482
      1.565723
      1.580157
      2.259586
      0.855971
      0.613127
      2.157813
      4.085944
      2.250623
      2.621921
      4.634861
      2.453972
      4.039286
      4.682259
      3.838580
      4.123520
      2.322053
      3.753850
      2.445794
      4.479103
      4.270966
      4.723989
      4.076128
      3.259147
      2.852671
      2.374300
      4.526961
      3.122212
      3.419282
      0.709946
      1.779039
      4.969310
      4.815297
      2.086929
      4.390120
      1.020666
      4.728000
      3.420448
      2.084482
      2.655322
      1.914701
      4.402149
      3.301831
      1.556974
      2.115822
      1.794092
      1.621550
      1.578767
      3.813755
      1.685422
      4.635657
      1.211478
      4.831247
      3.929423
      0.591073
      2.358351
      2.393712
      3.047057
      2.995381
      3.019665
      4.850135
      4.673709
      0.409462
      0.801658
      1.714085
      2.335413
      3.704655
      4.299743
      3.006642
      2.978600
      3.801101
      3.821025
      4.117420
      3.309949
      3.906447
      1.539566
      3.142411
      4.329174
      1.127363
      4.207420
      1.881363
      1.084181
      3.955657
      2.696226
      4.396805
      2.515345
      2.477594
      2.306576
      4.831848
      2.823220
      3.904754
      1.161686
      4.834827
      3.582994
      3.542710
      3.704095
      4.043651
      0.941104
      1.739516
      4.900088
      3.546316
      4.194096
      1.621896
      1.416408
      1.177704
      2.527685
      2.566310
      1.910138
      3.370293
      0.774540
      3.082021
      1.010617
      4.395679
      3.966451
      3.131236
      0.372603
      3.824545
      4.814449
      2.966874
      2.628720
      3.128163
      0.964428
      3.453820
      2.874494
      4.261580
      2.820259
      0.469783
      2.657367
      4.480761
      1.332344
      4.154458
      1.647169
      2.890409
      4.830258
      0.701520
      1.898848
      2.499479
      4.987007
      3.358412
      4.773956
      1.182796
      2.308249
      2.198833
      2.956833
      3.382076
      2.788718
      1.460157
      3.164308
      1.847018
      4.401648
      4.202752
      3.690171
      3.247771
      3.969552
      4.010891
      3.402213
      4.500186
      4.269430
      3.862313
      2.779439
      3.533864
      1.960393
      3.451219
      4.817987
      2.234912
      3.811814
      3.109094
      1.836010
      2.202009
      3.381988
      2.563436
      3.047615
      4.702985
      2.560649
      4.137328
      1.740468
      2.438257
      4.719318
      2.753854
      2.339718
      3.520376
      1.428129
      1.661015
      4.667928
      4.547688
      0.242462
      2.944756
      3.107786
      2.362487
      1.298066
      3.217738
      1.460109
      3.275842
      4.851250
      4.168574
      1.577188
      3.079754
      2.817948
      1.037710
      4.086043
      3.187700
      2.114321
      1.152643
      2.593403
      4.420182
      3.134262
      1.959020
      1.713281
      2.093430
      3.855342
      0.617915
      2.818666
      3.088040
      1.679123
      0.519336
      1.309886
      3.370590
      2.326163
      3.856114
      1.648250
      3.696270
      4.570033
      4.165276
      0.400265
      2.446794
      3.585678
      2.679980
      4.466468
      4.428846
      4.456034
      1.282627
      0.869827
      4.497774
      1.434605
      1.332043
      4.063277
      3.958541
      3.355887
      4.509330
      3.613335
      4.168581
      2.915631
      2.942200
      1.066157
      4.154462
      2.823616
      3.548825
      1.073165
      3.691520
      4.634977
      4.501138
      1.513611
      1.831370
      3.332296
      2.469575
      3.277137
      1.936304
      2.377795
      0.886676
      4.608905
      4.156575
      3.425190
      2.534663
      4.674826
      1.797237
      2.191977
      1.980423
      2.900447
      4.995252
      1.962070
      3.241823
      1.310334
      2.838085
      1.473963
      3.361714
      1.631587
      4.433017
      3.842150
      4.805736
      1.159915
      1.324055
      4.471203
      1.259580
      4.373101
      3.129866
      4.112038
      2.382727
      4.689035
      4.694866
      2.349869
      2.867119
      2.512278
      0.283153
      1.348228
      4.430605
      4.466773
      4.428237
      4.346917
      3.531787
      4.245216
      2.841191
      4.079018
      1.227226
      1.390589
      2.067031
      1.389142
      0.735817
      1.538942
      3.111721
      2.155313
      3.694281
      3.125495
      0.550211
      0.985930
      1.311624
      1.747313
      3.443115
      0.327885
      1.216858
      3.380512
      4.884571
      3.412259
      0.746803
      4.204578
      4.990766
      1.953575
      2.558756
      3.189274
      0.676515
      4.566988
      2.260775
      4.851078
      4.904218
      2.994376
      3.652242
      4.819964
      3.480828
      1.899574
      2.272544
      0.958921
      2.458073
      3.950904
      3.722344
      4.879266
      4.452894
      0.483949
      3.431902
      3.636157
      3.896218
      3.064124
      1.098918
      4.278079
      1.597029
      4.685403
      2.573032
      1.681717
      1.347657
      2.892122
      2.468780
      0.920268
      1.202118
      4.829070
      3.117810
      4.347316
      0.629343
      4.041886
      3.352758
      3.837673
      3.226970
      0.767996
      0.626896
      4.682226
      2.180289
      3.384052
      2.326253
      2.425399
      2.922524
      3.596025
      4.654953
      3.188150
      4.591742
      1.011866
      2.680020
      2.895972
      1.690884
      3.285370
      4.557271
      3.152729
      4.920060
      3.804502
      3.123400
      4.327370
      3.015233
      4.609870
      2.609398
      1.817951
      2.351589
      4.164897
      3.341262
      2.979627
      2.282918
      1.026663
      3.739411
      3.526438
      1.587277
      3.401133
      0.331256
      2.655873
      0.424518
      3.642138
      3.782171
      4.855194
      3.520915
      0.840236
      3.583776
      2.645274
      3.964664
      1.347050
      2.181893
      4.314919
      3.429642
      4.276808
      2.794551
      4.747875
      4.308408
      3.548136
      1.864478
      2.840588
      2.850725
      1.097670
      0.972798
      1.622297
      4.207940
      1.015018
      3.942515
      4.732463
      4.119507
      2.075444
      4.521036
      1.260265
      4.013890
      4.971650
      2.010993
      4.662802
      4.086320
      1.782891
      2.548899
      2.548895
      1.684995
      2.183828
      3.100703
      3.851350
      3.400454
      4.950777
      1.261310
      3.274188
      1.111218
      2.439129
      3.990457
      4.192607
      1.801948
      4.973416
      1.499832
      3.416844
      2.359479
      3.156764
      4.469471
      1.928433
      2.917183
      3.911020
      2.220176
      0.253013
      2.227800
      1.280650
      1.215309
      3.989309
      4.166046
      2.210799
      2.794248
      2.912893
      3.210884
      4.319462
      0.958995
      3.683049
      1.526606
      3.925312
      4.649993
      2.921724
      2.059592
      2.927814
      1.671874
      2.884097
      1.134023
      2.877714
      1.053809
      3.417701
      2.454492
      2.438569
      3.055640
      0.702763
      2.623077
      1.302309
      4.626861
      2.335156
      4.420057
      3.875033
      1.672560
      3.136704
      2.762792
      2.505637
      3.841930
      3.681738
      2.698570
      3.934658
      2.937545
      0.983143
      4.421039
      3.386495
      4.608914
      1.713611
      1.335428
      3.405069
      2.045295
      4.217699
      2.017421
      1.211427
      1.659736
      3.246626
      3.535434
      1.132681
      4.550584
      3.764526
      3.819340
      4.363093
      3.678143
      2.225398
      2.089098
      0.289180
      1.758685
      1.254903
      2.056686
      4.750840
      4.618070
      2.576869
      2.407146
      1.638186
      2.175053
      0.703488
      4.367567
      3.985507
      2.248629
      3.400483
      3.758903
      3.392438
      0.952642
      4.337879
      3.453514
      2.140353
      3.164970
      0.847296
      4.859865
      4.516456
      2.316131
      4.685988
      1.366988
      3.417639
      1.547182
      3.265911
      4.695324
      0.933336
      4.524931
      4.897042
      4.850932
      4.050235
      2.201517
      0.281542
      4.781198
      1.964463
      3.908948
      4.297507
      3.244224
      4.865313
      3.673949
      2.528030
      2.373483
      2.378037
      3.872178
      2.572550
      2.475215
      4.155222
      3.137547
      4.412270
      4.812656
      2.924648
      3.833083
      4.832115
      3.714635
      3.465698
      1.377666
      4.180510
      4.686952
      2.179571
      2.421934
      2.816029
      2.816883
      4.883106
      3.944862
      4.879109
      0.761218
      2.378255
      0.933673
      2.527588
      0.949053
      4.883044
      2.165652
      1.956407
      0.560160
      0.840130
      3.486371
      0.524841
      1.671852
      4.329918
      1.496655
      4.510937
      4.547208
      2.387359
      1.282692
      1.342238
      2.328010
      1.032551
      3.881450
      3.718721
      4.057086
      2.368410
      1.241297
      1.003389
      4.675555
      2.069809
      1.955018
      1.856206
      3.443203
      2.443674
      3.770791
      4.961546
      1.843567
      4.891173
      1.037170
      3.639079
      3.703127
      1.050620
      2.486302
      3.067056
      1.147881
      4.411041
      2.091875
      3.875773
      4.975930
      2.147142
      3.703769
      1.961475
      3.723597
      2.082905
      1.658879
      2.405426
      3.965514
      4.945109
      1.296752
      2.652631
      1.615476
      3.330163
      1.788709
      0.741534
      3.697214
      1.884125
      4.747691
      4.379819
      2.523097
      1.160924
      2.948601
      4.068801
      3.356431
      1.496595
      2.533315
      3.849640
      2.474881
      4.038388
      4.381362
      3.443744
      0.879084
      1.271844
      0.560354
      0.914983
      3.975409
      1.468513
      4.270231
      4.332086
      1.294508
      4.539392
      4.495332
      3.990847
      4.598241
      3.931159
      0.946349
      3.038879
      4.745630
      4.346592
      2.563200
      2.374545
      1.978316
      2.441309
      3.861296
      3.725107
      1.709412
      3.184099
      3.497968
      0.717686
      4.387911
      2.353842
      3.846200
      3.235686
      3.893614
      3.216361
      0.500097
      1.428917
      1.160528
      4.133249
      4.630186
      1.506850
      4.849600
      1.991656
      2.595593
      2.427273
      4.009544
      3.396137
      2.486669
      3.501331
      4.207593
      2.101840
      2.509374
      3.081949
      2.022345
      4.790038
      0.873901
      3.491069
      4.985712
      0.474293
      3.466677
      4.547321
      3.852985
      0.814065
      4.790643
      2.296183
      2.035530
      2.867662
      2.333051
      3.789418
      1.757029
      1.297211
      2.866132
      3.791669
      2.068506
      4.227239
      3.210630
      2.178057
      3.097211
      3.747700
      2.522000
      1.607016
      0.862972
      4.557690
      4.401463
      1.805627
      0.741351
      0.850802
      2.445328
      3.017635
      3.568387
      3.318533
      4.814062
      1.945578
      2.450627
      4.123603
      4.941416
      3.839114
      4.532381
      4.034355
      2.120597
      3.505298
      3.650050
      3.735566
      1.784328
      4.735520
      2.762720
      1.667079
      3.140639
      1.765551
      2.232903
      2.233679
      4.403949
      4.164842
      4.795510
      2.054156
      3.718181
      2.662543
      2.241329
      3.123239
      3.026456
      4.936159
      2.813329
      2.353462
      4.333059
      0.595075
      1.289522
      1.612069
      3.803060
      3.026431
      2.906042
      0.987998
      1.668304
      3.887777
      1.819902
      4.159118
      0.536576
      3.514644
      3.728464
      4.942858
      4.962874
      4.562628
      3.626394
      4.872883
      4.242510
      2.818159
      2.557731
      4.498575
      1.491316
      2.065968
      3.322984
      4.461563
      3.287512
      1.242805
      2.072151
      1.591755
      3.018643
      4.208923
      2.887729
      4.900733
      3.259078
      1.915873
      1.790500
      4.554789
      3.048511
      3.480631
      4.326052
      2.732163
      4.226241
      4.206031
      4.499967
      4.254681
      1.403123
      1.260557
      2.863802
      2.660838
      1.355112
      3.847642
      3.976881
      2.882963
      4.700929
      3.833031
      1.706669
      3.592565
      3.510390
      2.262841
      1.682104
      1.151275
      2.004042
      4.204621
      3.712620
      2.272178
      2.782680
      2.017890
      3.327100
      1.613598
      2.255916
      2.391727
      1.813553
      4.423462
      1.136534
      1.613534
      3.044249
      4.195244
      4.626881
      3.606595
      0.800437
      1.697308
      3.188809
      2.088925
      4.935438
      3.026516
      3.913960
      4.892762
      3.045571
      2.756252
      4.189133
      2.331467
      2.405846
      4.172410
      4.154269
      3.762148
      4.785425
      3.500329
      3.595666
      0.934752
      1.568663
      0.969156
      4.803978
      3.555899
      1.023392
      3.228552
      4.702337
      1.977123
      4.025152
      4.849427
      1.551665
      4.105018
      3.415275
      3.272107
      4.105545
      3.041295
      1.344406
      1.153644
      2.017236
      1.233755
      4.876006
      1.292518
      2.286362
      1.409538
      2.903027
      3.232320
      1.867285
      4.979006
      1.729895
      1.324770
      4.977071
      2.404663
      4.562204
      3.919357
      4.485940
      3.229113
      2.377285
      3.249020
      4.228175
      3.396851
      4.764776
      2.840204
      1.963574
      2.975716
      3.849260
      3.480450
      4.779273
      3.220046
      3.934911
      0.618032
      2.968206
      1.924646
      4.063863
      3.479343
      3.950573
      4.683500
      3.263997
      3.513598
      3.335581
      2.750091
      2.688399
      2.797913
      2.044210
      4.329931
      0.824657
      3.917575
      2.250942
      2.060022
      1.365125
      1.640661
      1.039403
      0.578335
      4.714435
      3.120180
      1.273473
      1.564896
      2.818790
      4.876804
      2.837211
      0.443946
      4.117826
      3.404573
      3.594922
      3.246858
      4.570752
      4.242797
      4.210629
      1.751055
      1.477494
      2.807036
      3.185214
      0.669651
      3.343087
      1.084266
      0.737126
      3.537148
      4.821858
      0.977144
      1.101163
      3.099185
      2.787300
      1.961309
      2.529273
      2.564762
      3.843105
      2.094376
      4.133078
      4.292758
      2.335005
      3.611325
      4.263295
      1.264415
      1.621832
      4.682941
      1.958037
      3.611297
      2.989671
      2.172999
      1.686956
      0.215983
      2.903429
      0.394701
      3.859802
      4.613160
      4.177369
      1.813759
      4.719777
      3.306217
      4.088599
      0.820744
      1.289257
      2.109800
      1.084637
      4.756586
      2.179813
      1.366487
      4.331557
      2.249453
      0.739686
      3.034025
      1.050139
      4.203556
      0.726598
      0.620027
      0.649043
      4.213973
      3.946939
      0.915028
      1.027293
      1.429925
      1.100733
      2.607143
      4.947524
      1.236355
      2.191102
      3.043614
      1.371023
      4.990852
      0.400774
      4.687102
      1.895431
      4.953644
      3.360067
      3.824114
      3.504897
      2.191682
      0.826312
      1.654454
      3.041828
      0.473682
      3.624605
      4.795920
      3.355161
      4.316030
      3.865076
      4.205021
      1.598980
      2.687041
      4.965294
      3.479675
      3.037570
      2.026648
      1.756121
      1.736441
      3.422841
      0.372106
      3.887490
      1.690157
      0.987075
      4.759490
      3.005265
      2.952827
      3.133692
      4.942358
      3.366515
      4.256425
      4.431636
      2.469340
      1.191226
      1.283855
      3.253599
      0.945377
      2.077665
      3.515030
      2.763790
      2.868841
      3.704493
      1.598420
      4.900978
      2.378177
      0.858728
      4.007558
      2.994009
      2.749293
      4.113090
      1.906975
      3.823642
      3.093988
      4.418706
      4.566859
      3.280285
      0.488655
      3.759264
      2.849128
      0.453503
      3.970621
      4.909565
      3.049136
      3.949322
      4.356790
      1.397050
      2.592365
      1.209248
      3.763532
      3.928713
      2.763974
      1.070099
      2.347251
      4.280756
      1.368366
      4.637659
      4.719329
      4.968312
      2.055989
      4.238851
      2.634072
      4.144322
      3.457137
      2.166610
      4.169638
      2.028639
      4.848642
      1.351454
      4.754991
      4.176294
      1.442715
      1.868351
      2.282721
      2.344723
      2.823350
      2.973115
      2.108307
      3.861922
      3.964066
      2.880317
      2.052148
      2.661255
      2.733853
      3.356303
      4.949473
      1.867987
      4.124444
      0.954361
      3.858835
      1.913701
      4.006169
      4.594475
      2.470369
      4.339814
      4.828211
      2.073153
      2.175618
      4.998181
      3.575368
      4.621746
      3.629946
      3.543838
      4.867476
      2.651607
      2.706161
      2.957702
      4.174275
      0.943254
      3.457804
      4.154688
      2.375352
      2.702124
      1.227832
      2.884244
      3.292963
      2.857491
      0.984457
      1.951838
      0.760061
      3.585564
      4.495035
      2.806150
      4.754711
      1.327670
      0.682764
      3.270080
      4.042398
      0.500196
      4.100418
      3.549493
      4.693952
      4.650082
      2.610975
      4.250016
      2.394504
      0.659194
      0.828379
      2.548009
      2.698662
      4.296275
      3.650636
      1.867086
      4.219784
      3.252961
      3.115450
      0.439733
      4.012090
      3.457423
      1.242392
      3.129073
      2.643284
      1.845851
      1.800505
      1.051963
      1.829618
      2.639675
      0.930284
      3.650511
      1.406462
      3.662162
      2.095472
      4.846776
      1.993846
      3.500686
      2.936200
      2.235264
      2.951249
      1.025765
      4.139474
      4.050739
      4.057202
      2.203185
      4.101162
      1.324195
      0.870752
      3.176025
      4.289430
      4.902596
      0.797874
      2.591095
      2.384623
      4.145109
      3.908364
      1.683058
      1.767155
      4.558565
      4.140433
      1.546855
      0.751578
      2.325936
      1.238236
      1.125029
      1.606583
      1.737353
      1.067741
      3.527485
      1.233846
      4.737957
      3.189739
      1.221540
      1.237991
      1.901529
      3.303982
      1.807932
      2.113586
      2.968990
      1.544169
      1.022646
      1.627169
      3.059102
      1.892134
      3.249046
      4.280335
      2.725287
      4.587234
      1.257920
      0.378917
      0.582494
      3.178682
      1.569573
      0.844535
      4.059180
      1.172281
      1.299774
      0.800151
      4.814148
      2.313194
      3.259757
      2.741790
      0.791962
      1.852113
      0.899960
      2.714899
      3.132412
      3.598953
      4.816709
      4.399831
      3.921476
      1.465353
      1.723744
      2.944868
      3.717533
      4.912532
      0.790977
      3.304507
      4.379227
      2.100136
      3.110044
      3.920519
      0.246409
      4.649492
      2.379537
      1.709708
      3.393995
      2.784640
      2.418028
      4.587225
      4.486250
      4.867982
      0.557716
      4.803195
      1.365588
      3.120302
      2.737933
      3.413464
      0.878279
      3.899721
      3.520750
      4.615604
      0.801398
      4.520650
      4.888140
      0.450945
      1.169421
      0.528309
      4.600938
      4.593962
      4.373673
      4.176013
      3.301118
      3.939280
      3.229115
      2.649125
      1.903828
      2.157456
      3.916240
      2.376219
      2.854625
      2.918745
      2.797472
      1.515535
      2.674075
      1.034835
      1.641499
      1.562029
      3.624993
      2.200510
      2.014088
      1.147757
      4.164052
      1.724956
      0.928176
      2.813520
      4.664614
      3.327009
      3.775460
      4.011384
      2.028075
      2.921948
      4.124073
      1.286866
      4.908139
      1.226954
      2.101366
      3.819960
      3.384824
      0.518298
      3.968597
      4.487170
      4.795605
      0.626910
      3.755565
      4.574872
      1.488695
      4.527634
      1.038875
      0.811944
      2.379248
      2.710190
      0.913179
      2.325375
      2.982455
      4.688694
      3.263729
      2.768445
      4.156672
      4.362755
      3.537660
      4.299208
      2.910509
      4.082356
      1.729967
      2.811751
      3.119197
      4.782196
      0.664694
      4.358230
      1.859583
      2.952071
      0.341171
      4.431809
      1.607908
      3.229377
      2.633446
      3.958301
      2.862636
      3.016252
      0.789607
      3.078635
      3.598466
      1.573178
      1.249266
      4.227603
      4.586831
      3.197105
      3.663857
      3.432332
      4.461267
      3.670666
      3.908058
      2.824350
      3.297930
      4.445830
      4.721645
      0.950361
      4.846456
      4.011638
      1.269278
      3.582455
      2.540654
      4.965565
      1.035656
      1.850913
      4.599797
      2.189862
      4.315392
      3.503539
      2.805778
      0.984349
      2.233731
      2.039779
      2.532949
      3.383624
      1.942534
      3.454583
      3.272974
      4.295292
      1.428062
      3.392527
      4.937973
      4.462832
      4.174064
      0.588508
      4.007229
      3.803502
      1.524876
      3.904892
      3.240707
      2.116810
      2.130597
      3.804072
      3.134794
      4.389517
      3.124605
      3.115703
      2.549745
      2.181244
      2.829331
      1.977985
      3.924315
      0.950498
      3.258560
      4.938816
      2.178700
      4.382053
      2.402153
      1.800098
      0.521628
      0.802243
      4.983335
      3.959260
      3.320015
      4.180741
      2.581415
      4.107272
      4.825017
      4.729895
      1.200490
      3.698994
      1.177222
      0.841733
      2.035033
      3.626197
      1.584208
      3.105894
      2.470404
      2.018602
      3.204087
      4.735190
      1.192745
      4.187626
      1.400528
      3.866206
      1.590292
      2.612647
      4.970943
      1.804017
      2.657846
      3.753305
      4.566355
      3.533518
      3.079042
      4.527544
      0.738664
      4.587812
      1.544022
      2.439383
      1.798230
      0.851797
      2.858164
      2.045449
      2.604865
      4.016927
      4.924749
      4.128151
      4.872619
      3.511374
      2.069951
      3.468363
      1.391774
      3.463939
      3.037282
      1.352758
      1.197179
      3.863676
      0.522596
      3.297243
      3.606957
      1.725481
      1.075858
      1.160781
      4.459247
      1.021389
      4.696051
      1.972907
      3.847737
      2.131484
      4.341072
      1.999182
      3.498559
      3.969991
      4.572021
      1.036207
      3.809507
      3.917748
      0.681347
      4.516834
      0.681223
      4.444561
      2.011023
      4.307204
      4.815850
      0.565876
      0.838896
      4.240970
      2.917312
      2.861146
      0.654973
      4.675975
      4.273960
      4.118674
      4.389852
      2.697583
      4.120000
      1.668992
      0.366694
      1.970555
      3.388205
      4.272213
      0.749726
      2.971104
      1.811617
      0.612858
      2.951736
      0.939345
      4.256382
      2.748672
      1.336870
      4.126405
      2.014109
      4.728506
      1.836111
      3.787019
      4.587578
      3.986627
      4.303762
      1.624927
      3.423865
      0.867784
      1.956163
      2.632630
      0.758801
      4.212788
      2.314985
      1.111102
      4.184914
      4.959094
      1.042386
      0.583795
      4.189323
      3.544799
      2.047369
      3.593262
      4.817656
      2.732769
      3.282248
      0.514584
      1.050001
      3.045622
      4.111724
      2.445245
      3.367962
      3.809687
      3.578331
      1.301057
      4.241364
      3.653961
      3.003358
      2.461236
      4.668017
      2.654670
      4.339536
      1.120184
      0.574527
      2.677135
      1.566324
      4.487224
      3.297459
      4.989619
      4.703178
      4.656137
      4.290753
      2.475957
      3.528236
      2.477728
      1.285364
      4.172260
      1.560868
      2.328618
      3.876879
      4.939381
      4.850921
      1.863859
      1.941789
      3.313032
      0.429693
      0.675040
      2.263645
      1.907827
      3.005933
      4.230293
      1.211800
      4.017553
      0.506196
      4.716378
      3.813483
      3.056850
      3.623410
      1.765036
      1.080023
      3.656741
      3.677200
      0.842251
      3.260081
      2.475979
      3.234168
      0.621941
      4.298228
      3.424430
      0.769682
      4.566498
      2.559772
      1.393176
      3.133864
      4.387857
      1.167142
      3.869311
      4.638983
      2.941066
      2.652993
      4.979420
      3.303833
      3.493590
      2.951941
      4.552117
      3.996249
      4.295964
      3.747728
      1.260168
      2.171621
      0.284459
      3.724135
      2.489418
      3.948526
      3.844632
      3.361664
      1.636031
      2.533584
      3.738350
      3.518201
      4.437912
      1.898234
      0.843310
      3.913476
      3.825003
      4.949561
      3.363630
      3.541784
      2.158826
      2.023463
      1.148274
      3.584743
      3.812870
      3.077198
      3.922456
      2.513469
      3.019681
      3.693541
      2.250960
      3.475722
      2.867453
      2.689330
      2.553587
      4.097472
      2.012312
      3.193077
      4.061189
      4.225323
      2.361735
      2.636279
      4.834721
      0.804719
      2.983067
      0.679212
      4.997368
      0.684822
      3.362335
      4.013104
      3.361058
      3.249644
      4.373341
      2.716012
      4.080424
      4.140789
      1.091955
      4.676498
      1.368460
      1.153894
      4.627864
      4.813943
      4.057564
      2.322773
      4.621193
      2.119397
      4.434784
      0.819200
      0.883181
      2.701509
      2.580799
      0.514569
      2.103277
      1.715160
      4.748903
      3.201800
      3.578397
      2.872945
      0.846500
      1.193699
      1.005782
      4.619427
      2.338518
      4.125458
      1.399275
      3.131521
      3.169082
      3.425426
      3.669002
      2.210916
      3.491274
      3.903164
      0.369907
      4.493522
      3.238938
      1.915508
      4.280130
      2.573962
      3.817801
      2.650582
      0.730155
      1.264427
      2.607492
      4.640140
      1.844942
      1.562226
      1.188010
      4.670019
      2.248238
      4.295762
      3.157214
      4.306101
      3.248171
      1.554926
      2.912397
      2.356780
      0.692145
      1.391320
      3.527681
      4.481477
      2.806001
      0.898879
      2.876960
      0.771551
      2.543266
      2.432950
      2.566416
      1.385561
      1.887361
      1.581546
      4.757440
      3.205343
      4.138782
      3.296763
      0.988740
      2.425394
      2.770698
      2.423171
      4.852907
      0.699101
      0.888651
      3.697860
      3.073507
      3.100100
      2.786808
      4.306514
      1.513564
      2.525778
      2.186553
      2.724970
      1.805812
      1.837745
      2.747978
      1.368515
      1.948236
      0.858174
      2.751377
      2.657245
      4.382246
      1.452936
      2.622903
      0.868459
      2.574477
      4.236551
      4.528919
      1.306979
      0.570138
      1.759591
      1.508189
      1.829606
      4.944933
      4.877568
      1.996044
      0.637343
      1.566886
      3.544882
      2.508950
      1.724643
      3.848798
      4.394201
      4.686725
      0.812248
      3.631692
      4.095064
      0.842497
      3.939257
      4.387080
      4.746069
      0.796825
      4.740971
      4.930335
      2.552707
      2.340692
      3.544419
      1.884330
      1.982676
      2.935088
      2.226050
      3.085415
      4.467175
      4.264972
      4.017092
      3.072613
      3.585926
      0.749920
      0.500723
      2.128360
      1.057232
      1.701005
      2.578135
      3.444961
      3.519368
      2.461263
      2.099872
      4.995191
      0.765820
      4.816438
      1.792685
      2.737917
      2.831172
      3.156182
      4.550229
      3.918709
      4.740335
      0.959170
      3.047692
      2.328755
      2.927878
      1.697252
      2.839824
      3.438286
      2.475473
      4.248365
      4.657179
      3.362704
      1.004095
      1.127292
      1.783099
      4.248581
      3.643011
      4.298915
      1.930272
      1.705512
      0.296919
      1.020568
      3.864282
      3.380032
      4.649402
      3.390160
      4.447487
      4.351009
      1.687522
      1.795378
      3.831998
      0.240039
      2.098675
      1.680585
      3.712538
      1.550870
      1.018932
      3.080694
      3.398098
      0.584192
      4.397266
      4.059053
      3.350683
      1.656724
      2.747967
      4.949970
      4.860621
      1.874121
      2.354816
      2.222829
      2.991087
      1.256227
      2.547182
      3.771885
      4.757944
      3.734541
      1.889943
      4.346886
      4.670433
      4.962176
      4.284647
      4.933312
      1.615833
      3.060190
      1.634501
      2.309142
      3.633238
      1.461180
      2.154105
      2.113835
      2.034660
      4.118311
      0.920115
      2.503199
      2.451969
      1.754296
      4.284334
      4.608415
      4.090885
      1.250311
      1.691577
      0.649848
      2.685582
      3.292265
      1.363432
      0.497787
      4.942563
      2.700805
      3.634150
      3.914427
      2.573528
      0.687262
      4.777819
      4.756416
      1.994711
      2.397499
      1.094192
      1.951752
      4.803598
      2.764051
      3.471269
      3.302714
      3.195549
      3.959259
      4.284955
      1.929268
      1.934605
      1.939949
      3.475688
      2.181520
      2.496554
      1.001841
      2.099368
      2.975777
      4.930661
      0.628551
      4.413203
      0.856490
      4.388420
      2.143835
      2.856330
      1.389924
      3.524053
      2.773131
      3.169384
      3.423685
      1.625702
      2.831070
      4.202981
      4.016153
      4.849490
      3.762346
      1.978208
      1.067498
      3.117199
      0.977408
      2.598069
      1.941899
      3.770410
      3.333846
      4.464698
      1.287545
      1.129921
      4.038753
      3.039830
      2.466154
      3.292594
      0.182615
      2.683049
      4.873613
      3.165828
      1.031833
      3.550175
      2.344554
      2.366480
      4.711879
      2.399138
      3.035997
      0.667700
      1.292304
      2.430463
      1.201417
      3.035649
      2.616028
      2.053125
      3.399353
      1.387155
      0.515904
      0.587137
      2.499486
      2.517909
      4.523919
      1.497844
      1.815737
      3.817402
      0.550499
      3.319934
      1.905533
      2.282809
      4.923845
      4.011793
      1.433913
      1.860655
      0.693682
      2.605414
      3.823400
      3.293167
      0.771514
      4.820168
      0.532484
      4.426243
      2.929306
      0.611853
      2.565900
      2.863348
      3.980562
      3.973377
      1.107022
      0.540492
      2.371569
      4.726041
      4.768837
      2.617402
      2.669293
      0.932887
      3.862821
      2.146213
      1.566263
      3.896130
      4.920525
      0.404143
      3.832010
      0.708362
      0.783886
      3.709880
      2.491228
      1.752945
      3.068298
      4.768962
      4.230920
      0.821254
      0.745352
      3.562361
      1.968647
      4.920498
      0.762524
      4.491603
      2.871396
      3.928286
      0.846326
      4.238848
      1.386900
      2.989025
      0.570081
      3.796045
      2.940161
      4.972708
      1.661095
      0.587103
      1.762603
      3.975862
      1.727911
      2.713365
      1.204579
      4.968177
      4.101683
      4.362533
      1.611026
      1.989269
      3.081009
      3.351293
      4.416957
      0.698945
      1.991452
      2.751221
      1.546363
      2.892137
      2.156634
      0.907323
      2.549387
      1.261152
      2.710834
      0.696200
      1.417267
      3.003844
      1.617161
      4.166972
      4.040781
      3.109516
      4.050005
      0.408967
      3.689683
      1.889078
      2.033677
      1.983569
      4.141607
      1.529013
      2.056818
      2.475929
      4.562054
      1.788772
      3.687181
      4.328743
      3.530454
      2.494627
      1.240595
      2.965066
      3.863977
      3.667509
      3.257551
      4.711049
      2.179404
      3.808319
      4.863132
      2.155944
      2.349630
      2.845347
      1.053952
      3.638987
      0.393847
      4.741254
      0.947719
      3.818391
      4.692090
      4.336381
      2.807787
      2.662125
      1.283238
      2.906612
      4.831849
      4.664977
      1.630940
      0.540585
      4.496395
      2.319496
      1.358684
      3.322600
      3.785415
      3.509915
      1.703678
      3.373180
      2.902064
      3.656659
      1.691031
      3.891696
      1.211076
      2.815343
      4.039730
      3.504103
      0.969875
      2.112947
      2.636640
      3.610993
      2.763093
      2.822775
      0.953950
      0.813081
      2.119094
      0.973856
      3.170507
      4.924288
      1.336316
      1.222171
      3.159805
      3.911939
      4.323474
      3.316801
      1.958689
      3.186152
      1.605779
      3.517707
      4.000088
      4.533895
      2.344855
      2.870472
      3.658089
      4.545394
      2.595554
      4.839900
      4.003523
      3.490308
      2.528526
      1.605900
      3.567115
      3.125723
      1.865978
      1.257611
      4.060315
      1.155348
      1.617809
      1.563143
      4.786414
      2.775421
      3.930513
      2.102640
      4.763877
      3.285023
      3.877007
      3.010086
      4.055438
      3.816381
      2.083888
      3.029900
      1.658809
      3.930153
      3.519415
      3.823964
      1.302252
      4.108891
      4.415082
      1.889406
      0.310562
      0.977537
      2.715746
      3.761475
      4.775403
      1.581480
      1.808159
      4.800028
      3.959533
      1.505818
      4.059686
      1.702481
      4.308752
      2.303912
      3.788239
      2.080823
      3.854410
      4.556408
      3.541528
      1.721928
      3.621397
      3.508905
      4.841979
      3.157579
      3.680970
      2.724154
      1.596157
      2.859527
      4.488900
      4.352640
      2.276899
      0.615832
      2.630678
      2.150414
      4.757844
      3.756933
      1.678278
      3.520809
      3.293045
      4.849293
      3.336903
      4.169957
      1.256452
      2.137682
      0.927448
      1.451927
      3.778480
      4.213632
      0.607582
      0.485306
      4.935156
      0.694064
      2.458961
      4.052577
      3.041960
      1.876682
      1.952108
      2.441763
      2.342158
      1.164438
      3.787143
      1.703166
      0.866683
      4.888465
      2.837613
      4.841056
      4.382408
      4.642851
      4.316459
      1.793529
      2.073895
      2.628799
      3.316163
      3.923163
      2.799618
      2.461999
      3.203064
      3.664900
      4.924485
      4.673559
      3.465478
      3.839235
      2.884914
      3.532519
      0.924968
      0.573991
      1.672789
      4.455833
      4.294436
      3.992953
      3.246498
      2.831892
      4.018478
      1.858368
      1.753405
      3.366619
      2.964506
      3.781444
      2.269739
      1.040869
      2.713532
      4.197879
      3.979465
      3.021001
      1.327765
      2.949978
      2.152358
      2.498160
      3.600915
      0.550120
      2.077525
      1.702195
      3.718858
      1.813851
      0.833635
      3.913873
      3.476344
      3.383313
      2.185897
      0.789017
      2.053580
      0.578898
      2.526117
      1.072629
      1.230690
      1.562768
      2.062873
      1.860848
      3.374495
      4.529379
      4.156711
      3.218024
      1.474752
      3.630280
      3.077012
      2.621012
      3.278718
      1.932099
      1.458441
      3.120926
      1.913567
      1.768560
      3.977149
      2.443777
      3.948762
      3.722381
      1.740405
      1.462622
      4.742750
      4.654792
      2.793575
      3.023836
      4.935723
      3.956853
      2.445784
      1.459074
      1.786246
      4.240509
      2.653205
      4.047829
      3.911196
      3.862329
      3.092319
      3.712859
      3.149336
      4.533794
      3.441670
      1.071003
      1.022226
      3.459302
      2.185963
      4.257907
      2.658964
      3.565501
      3.052492
      4.744332
      0.948443
      0.739402
      4.556428
      1.412775
      3.427139
      2.320668
      4.766578
      3.934901
      2.694206
      3.658951
      4.725287
      1.233975
      4.111224
      4.319447
      3.717551
      2.201583
      1.150566
      0.736146
      2.727783
      2.292074
      1.055825
      1.490673
      3.503169
      3.529183
      3.276355
      2.900161
      3.434006
      0.984172
      1.216743
      2.939287
      3.975617
      2.967496
      2.594647
      4.547123
      2.636443
      4.387395
      4.353214
      2.148501
      2.446945
      3.746005
      2.957841
      2.926435
      1.044736
      4.827019
      1.395478
      4.599737
      4.295940
      2.089684
      4.383387
      2.572287
      4.313608
      4.013002
      0.579523
      2.667326
      4.310357
      4.078720
      4.671049
      1.901131
      0.911253
      2.176114
      3.093398
      0.906013
      2.304728
      4.228794
      2.449936
      0.434379
      1.715457
      3.722173
      0.446099
      2.137872
      2.460813
      0.632065
      3.804283
      2.296686
      0.404438
      3.933694
      4.876356
      0.281665
      4.135865
      2.808234
      3.679756
      2.514233
      1.882034
      2.542095
      3.901148
      2.499822
      4.802524
      3.744555
      2.506391
      3.369356
      3.951953
      1.051258
      2.145919
      2.922211
      1.048812
      3.801220
      0.474811
      3.520143
      3.454525
      1.500008
      3.400977
      4.463774
      3.897710
      3.098113
      3.957975
      2.124590
      2.968114
      2.430284
      3.870033
      2.319596
      4.976123
      3.647113
      1.723311
      3.888809
      0.808857
      3.138264
      1.611549
      1.378686
      1.650437
      3.380754
      4.918622
      1.650778
      2.914299
      4.494085
      2.816586
      3.455510
      3.935761
      4.506613
      0.984170
      4.117170
      1.982845
      4.435267
      3.429214
      4.209647
      0.951659
      4.187380
      4.759806
      2.223634
      2.400650
      2.739404
      0.370476
      3.110386
      3.476500
      4.105515
      0.937424
      3.379231
      1.188637
      2.329490
      1.224168
      2.492514
      1.242392
      1.933631
      3.246513
      3.183322
      4.146283
      3.855304
      1.890241
      4.394389
      4.594004
      4.378373
      2.330888
      3.608757
      2.986200
      3.085865
      3.412400
      0.924889
      3.021127
      3.671017
      1.126189
      1.768772
      2.433750
      1.989176
      3.686677
      3.638162
      1.518478
      2.651906
      3.889592
      2.050129
      0.260372
      1.162357
      2.563516
      4.704706
      3.651572
      0.560272
      4.501560
      3.811343
      1.651424
      2.783300
      3.496242
      3.078896
      3.246898
      3.943777
      1.757859
      2.582963
      2.752142
      4.783600
      4.664543
      1.987237
      1.432959
      4.564528
      4.442923
      2.911470
      4.095685
      1.518333
      4.142657
      1.011813
      0.150442
      3.178281
      2.603380
      3.705394
      3.636563
      1.649304
      3.683818
      4.547561
      0.879330
      2.271710
      1.557651
      2.356581
      4.082471
      4.802865
      3.072395
      4.080462
      4.674067
      1.646727
      2.978641
      3.463177
      4.448013
      3.466605
      4.385094
      4.532165
      3.687836
      1.856167
      4.716614
      3.925386
      3.793591
      2.816998
      3.767580
      1.849091
      3.284796
      2.468057
      0.456649
      3.423151
      4.955171
      4.326690
      4.434180
      2.862379
      2.593292
      3.447185
      2.508207
      1.742213
      4.704545
      4.037489
      1.027636
      2.232774
      3.467090
      1.968733
      4.454909
      3.536160
      1.843128
      1.130313
      1.858740
      2.709961
      2.115530
      2.198667
      4.308934
      2.086522
      1.658629
      3.136661
      3.760916
      4.495443
      4.576863
      1.568791
      3.830830
      2.778580
      1.985270
      3.832855
      4.895202
      1.626495
      3.710786
      2.307400
      3.957461
      3.046147
      0.818971
      2.175411
      3.794476
      2.870190
      1.394320
      4.470457
      1.786770
      3.864787
      4.619614
      3.321468
      3.343620
      3.734918
      0.407247
      4.174402
      2.251356
      3.875082
      4.572850
      1.609797
      2.430151
      2.644724
      2.500408
      2.377459
      4.903909
      2.393877
      2.822698
      1.991716
      0.459024
      2.360227
      1.608852
      3.343098
      2.829223
      0.913687
      4.122720
      1.720844
      3.715421
      2.905582
      1.707759
      4.762632
      0.538619
      4.349012
      2.260749
      3.605626
      1.040383
      2.889789
      2.209296
      3.118692
      3.944895
      1.557376
      4.098822
      3.550300
      3.086836
      2.793443
      4.839111
      1.080905
      1.689584
      4.033367
      3.353702
      2.096609
      1.501194
      0.621593
      3.606318
      3.591305
      2.947186
      3.744808
      1.322118
      4.682053
      2.785429
      2.877653
      4.413283
      4.641649
      4.770728
      3.555961
      2.831681
      4.266519
      2.861246
      1.488486
      4.075542
      3.294252
      3.629359
      4.272558
      1.569260
      2.594001
      1.807730
      4.464955
      3.373654
      2.020467
      3.475070
      3.440565
      2.851445
      0.855868
      4.914367
      2.403403
      0.776659
      1.977757
      2.946890
      4.355070
      4.577553
      3.160638
      3.904361
      4.042576
      1.606963
      4.089728
      4.276699
      0.305379
      1.553536
      2.844177
      2.729039
      2.186222
      4.227080
      2.517291
      4.533909
      3.621582
