sampled_theta2
1.2374349644
1.1079546350
1.1980121760
0.1820594140
0.4447258443
0.3536630829
2.3903266213
2.2239903496
1.8528854674
0.2588570581
0.3963123492
0.9734037863
0.4653436783
0.2051188254
0.1697069201
0.1741556681
0.3980809011
0.2596796950
0.7809167037
0.2105594565
0.6750114653
0.2951490413
0.0508367432
1.0086439569
0.7082920157
1.1962101205
3.1339583292
2.6671351258
0.5495213256
0.8225643344
0.4109378310
0.9081862799
0.3635493409
0.8123830129
0.2250103253
2.4066238639
2.9337983241
0.3747008662
0.1801989266
0.1311235334
0.3705612648
1.0357268538
0.2736558119
2.3661267919
4.1248241901
1.4474846409
0.0028225775
0.1194150396
0.1399470757
0.4644188686
0.6378420961
0.9920445065
0.3197027944
0.3150489150
0.1081292743
1.1827523411
2.4961606581
1.9069517948
0.2504883558
0.8575983879
0.8859873429
0.5042128566
1.7284393887
0.2227579180
0.1143649914
0.4602850859
0.6239747034
0.2761674818
0.4636071770
0.2136483905
1.2255563010
0.0365144786
0.2091880421
0.5733524117
0.0346099926
0.0931189408
0.2805379038
1.0245358177
1.0916628425
0.1180734042
1.1452467721
0.5897156151
1.7413618530
0.3644902195
1.4824873210
0.6812205787
0.0710825240
0.3861939904
0.7658075852
0.4010834374
0.0910589883
0.7015782378
0.9955059310
1.2911917982
0.1142073842
0.1550315401
0.4391604128
1.9713356651
0.2946871576
0.1565541363
1.3086391785
0.7090347288
3.4735393983
3.6494068118
4.2741049723
2.0426254449
0.7831275173
0.7515966248
1.6882872167
0.0663154395
0.2222616116
1.4201872944
0.4829663849
1.4855164436
3.7081556226
1.3218997659
0.7570448057
0.9585775754
1.2570403858
0.8115740451
0.2982519977
0.1356578923
0.0484585869
0.3553921977
0.0148776908
1.2496231489
0.9484043741
1.2718873014
0.5601297034
1.0252456548
0.5851894453
0.2139585755
0.8793179466
0.0657177169
0.1701869104
0.3832849979
0.9275383743
0.1713447442
0.3484413098
0.2806678620
0.9532920211
3.1612311181
3.8989132793
1.5065450270
0.4677050790
0.1726164720
0.2988853352
0.1404112437
0.7480811129
1.3794788214
0.2976875292
0.1512571778
0.9620260052
1.0719390848
0.3370153715
2.2739135957
0.4390362832
1.1719843108
1.1376261437
0.1524144886
1.0159263647
0.1275415753
0.3370799100
0.0792157877
0.0818638718
0.2818737768
0.3330602754
0.6340838746
2.2000627357
0.4030482622
1.9115074960
1.3258698233
0.3269196432
0.1062037253
0.1220296883
0.3908727631
1.6334660234
1.3160863072
1.7971532137
2.0662335071
0.1274750516
2.1120186241
0.3163198345
0.6181830195
0.4768120815
0.0810050886
0.9155280784
0.5701504645
1.3661984253
0.9175347728
1.2367188058
0.3180479788
0.7029362731
0.8759387176
0.2538706501
0.0593076609
0.2555459361
0.0301283833
0.3175593902
1.5079320583
0.6636799844
0.1583536888
1.2907996743
1.3747143644
3.4952572317
1.1948347085
0.2094316941
1.3447154602
0.2320941806
0.3888754215
0.1597872270
0.2101310394
0.3785815400
1.0884930815
0.9467321636
0.0429145915
0.1953562476
0.0370852659
1.0194583073
1.6285008650
1.3494138064
1.2226892358
0.6116414563
1.7093903038
2.6920899369
1.2065045474
0.0188951319
2.7037827436
0.1849219192
0.0899067047
0.4749966777
0.2043839723
0.3125173177
1.4032757517
0.4798750067
2.0406398382
0.7135378935
0.5579382122
0.5240284168
0.2311815220
0.8633751974
2.2103807906
0.6496373660
0.1909283361
0.7940925319
1.1506075427
2.5685020712
4.7604000421
2.5925145994
0.1776959595
1.5890569012
2.8338777027
0.5363098654
0.7004978968
1.0120326294
3.9777406206
1.1971843527
0.7348783841
0.5807551083
0.7288713040
1.1809905721
0.9236433963
1.2869761550
1.5058563306
0.0754117912
0.0702547663
1.4902936103
0.0221058454
2.1539121728
0.3881545387
0.6626191902
0.8255384481
0.4245521685
0.8031379919
0.8306121197
2.6507860966
2.2843509845
1.6502515590
2.6859852101
0.1658533392
0.3898352508
0.0058721221
0.7209406544
0.2338540558
0.7597454578
0.5653833055
0.7647571985
0.8042727592
1.1628846114
0.7274019824
0.3559880158
0.7784783322
1.7118756969
0.8537782344
0.3028150434
0.3028664047
0.4019543982
0.5077442220
0.3222507587
0.4278349208
0.2231914679
0.0533143842
0.5248593415
0.9285204335
1.3088488030
1.1328523068
0.7827595326
1.0288960794
0.1625410320
1.3563378395
0.8968225404
1.3246471591
1.2369045116
0.1808501456
1.8238158061
0.1384239569
0.1190396651
1.6322353759
0.3489787064
0.4011841631
0.2216286359
0.0974346890
1.5907335084
0.2033369939
0.4382846905
0.1116701734
1.1777075483
1.4319473936
0.1930362925
0.2148582863
1.4328848224
0.7308073088
1.0056343198
0.2340001484
0.1633923054
0.6698553263
3.0363200662
3.5875740210
1.9594978526
2.8722998351
1.1360713955
3.6640241174
4.2064673580
3.4665627637
2.0134136475
2.8451778584
4.5303465733
2.5260960903
0.9292709617
1.4564640000
0.7131514781
2.8994172158
2.3275913184
2.5037806013
1.9827121353
1.0976940353
0.9671523159
0.3702700765
1.4995187103
0.3736783642
0.3690347521
0.4251246153
0.2439114498
0.1162295134
0.0943630285
0.6570943072
0.3470493131
1.8651356122
0.4860671736
0.0268435878
1.6197495322
0.3426365872
1.4829049464
0.1554098414
3.6430479382
0.0909680757
1.3007983645
1.2889744223
0.0242641798
2.7594329726
1.0950476159
0.1601197534
0.5155497310
1.7575769814
4.6433641071
4.5369880844
0.9917492994
0.0589090994
0.0681281332
0.3974291050
0.2523863843
0.1477154165
0.6615356516
0.2601784871
2.3716916179
2.4602472380
2.8199078806
2.6215398785
0.9992787550
1.1341898986
0.4742417682
2.7884817029
0.7934114136
0.3884267043
0.7306033081
1.9554158064
0.5249693713
0.9249295657
1.6627330543
3.3213894091
0.6111270931
1.9716282427
3.9503571924
4.5045552204
0.4229846070
0.6131167600
0.4653788135
1.1478763108
0.2563668482
0.8569589346
4.6836644057
1.5796742864
0.3021884421
0.4113295252
0.3983632769
0.0048989165
0.3015363110
0.4553464244
0.5122524048
0.6098360842
0.5265493096
0.5157371661
0.1769703572
0.9906058074
0.0541731826
0.2785820347
0.9629533915
1.1967906053
0.2753100755
0.4786294322
1.8101562866
0.1873379224
1.0497552887
1.6765287359
0.5567123826
0.3015696396
0.2597554960
1.6471596166
0.8233776831
0.2749202890
0.5538955671
1.7153463408
0.2286026211
0.2066121239
0.4254298478
0.1555602463
2.6550457327
0.1526252118
0.3055333133
1.3257703384
0.2264636701
2.5863252860
0.3944193883
0.0952764946
0.0270324932
0.1359943477
0.3622786598
1.6704078155
0.6239185409
0.1335246113
1.3016361515
2.7977118546
0.0275386948
0.8587856251
0.8917344317
2.3188750446
3.7436785944
1.3892500642
0.4635489501
0.8543607392
0.7173184677
0.4825719612
1.1506303388
1.7794234315
0.1377349570
0.4702837443
0.2046081268
1.1976297172
1.5308932299
1.1785486344
0.4558782822
0.3227079776
1.0017312924
0.1131835076
0.1617129538
0.6244348016
1.4798698905
1.0680086367
1.1776824969
0.6162698246
0.4594301648
0.5077598188
0.0860317006
0.8590160336
0.0906611408
2.7243762310
3.5775161572
0.5063441158
0.0142142074
0.5633005066
0.7086567638
2.0960693849
3.5811596435
2.4616988710
0.6026712926
0.2092003258
0.8914842329
1.0710861831
0.0335955796
0.0834641968
0.2674685401
0.9571023165
1.2456977734
1.0741705214
1.3248245375
2.0414882803
0.9077494323
0.1259726674
0.7166290130
0.4058146362
1.1145343758
0.4462103944
1.1984172992
0.2362219196
1.0469356939
0.1805039082
0.0890697730
1.1912985869
0.8913552938
0.2451147144
0.3349395335
0.7573975615
1.7822231176
0.2222406281
0.0768735847
1.4061290821
0.5013687559
0.1972601240
0.5949155509
0.1367380746
0.0520176765
1.2137825272
0.0000570328
0.4657419332
2.8267753731
2.9838306302
0.0800657178
0.3185871418
0.1466292403
1.7327418609
0.9174282346
0.2692730588
1.3736460390
1.4579428731
0.4918477571
0.4302181139
1.0608906869
0.2693078245
0.3259240210
0.5343598804
0.7218554828
1.0842650913
0.2894885885
0.1098152391
0.0718153382
0.8934448205
0.1271088440
0.2295084290
0.5229808811
0.1091827651
1.4940103410
0.9874700213
0.2259328602
1.0631490080
0.7274113507
0.4574743945
1.5849848731
0.6817908538
0.0078100883
0.0989086792
0.7378842368
0.3986509435
1.9616626593
0.1015759902
1.0489781965
0.0885184125
1.6692350317
1.0593331261
2.8576648756
0.3149801392
0.6033537356
1.1271531219
0.4203057406
0.0092125980
2.5646759057
1.5460681641
0.1814060948
0.0032076983
0.3799958330
0.7431400108
0.1189395588
0.3955364710
3.0591957934
2.3295747238
1.9787352562
0.2003562044
1.7720937609
3.3021932207
3.0405288502
2.2399363915
0.7125217627
0.5725415914
1.3490223268
0.8036350435
1.5344168655
0.6989683468
1.1406241421
4.5344192558
4.3831658226
0.4928263641
0.7191047861
0.6583893621
0.5119239123
0.0021317162
0.0130036497
0.7328703457
0.0988201492
0.2547313203
0.2732440902
0.3762058566
0.2005840018
0.0794260668
0.7147545225
0.8474032856
2.4329874272
0.4631670103
0.1429778893
0.3237137620
0.9788405474
0.5825873472
1.7127018494
0.8147064773
1.9506141704
0.3829129668
1.2202849529
1.0085554816
3.7001789261
4.5272470105
0.9634306608
0.6379954172
2.2472606848
3.0309489455
1.3361006777
0.6285699290
0.2244619011
0.5508494482
0.3897962589
0.0474005997
1.2030727277
0.4577782494
0.8334691119
0.3011262850
0.5938403373
1.5139618811
1.4669487996
2.1026540765
1.7698956559
0.5158060783
1.7007321150
4.2217124924
3.4554290246
1.0558615432
0.1168761373
0.0109241091
0.2169127033
0.0470826061
3.3449162322
0.1641917637
1.4818459003
0.3814660293
0.6751698475
0.4665131075
0.4473034717
0.5221848138
0.1567536980
0.7581279273
4.7964729359
3.0362498050
1.7653203254
0.2071865411
1.3646829598
0.9357132169
0.9441773445
0.8950366068
0.9046884621
0.9859835848
0.0997817218
0.1515433772
0.1786154542
0.0880604846
0.3735467053
0.5497102494
1.4819895011
0.0703196525
2.3789767584
0.0605060573
0.0405656773
0.2827811652
0.3540861702
0.7070256724
0.9539121299
1.2195721127
0.7310479266
0.8315307271
1.1870599576
2.4417437119
4.2129936727
4.1908471210
3.9309556387
2.5154792475
0.1024271868
0.1257768983
0.6577557254
1.4101842481
0.5433729848
0.7830440670
0.8666847710
0.4208842800
0.2894027270
0.0298582065
0.9393356367
0.8406888679
1.3961945881
1.2104693598
0.5330760532
0.7376235158
0.4224041088
0.7216855786
1.2876493756
0.5253871177
0.4286715331
0.8911012259
0.0979494463
1.6512206002
0.8610992353
1.4899824736
0.4547040499
0.4681828280
0.6278353736
1.2711426935
1.1172333462
0.7540889816
1.5025120056
0.0643491479
0.2940419317
1.9370685135
0.2754554342
0.0685085313
0.3847900805
0.0041931411
3.6882905897
4.6115581037
3.5375224913
2.7098650071
2.7588310784
1.4357308987
0.7180702588
1.2459979689
0.4092088004
1.7299579860
1.1572394305
0.7715011383
1.7343243028
2.1271600194
3.4330534262
1.1427641254
0.6161768756
0.6497648115
0.2042741762
0.7666537455
0.6100199053
0.3890154203
1.5246292484
0.2223433093
1.4181394790
0.1578071258
0.0264146243
0.2765235920
1.3221382511
2.1358352828
0.4374045011
0.0090319444
0.1978874858
0.4927345944
1.7632044827
0.0697595633
0.2427882937
1.8497527337
1.3784737654
1.8765164611
0.0525916125
0.1914403928
0.6833013617
2.0221489795
3.5287057425
1.3740639293
1.1757575255
0.9437676618
0.4213029075
0.5775832997
0.2231171173
1.3107417989
0.2183484812
4.4654848639
4.6130081808
3.2337010209
0.5577352993
1.0192798009
0.4190586003
1.4390421057
0.2242668558
0.2216544971
0.6462100494
4.8970430098
2.3830754991
2.0729404108
0.2777049765
0.8105938154
1.3342030342
3.3289927583
0.1477746431
0.0525207192
0.8645447394
0.5539289423
0.3047313259
0.0899945939
0.3869463639
2.0760467410
3.5001260160
2.0074953496
4.3147611843
3.0982027341
0.6006131360
0.1275333411
0.9139968873
0.8560949078
0.5249368425
0.7843690778
0.6379267442
0.4933310155
0.7857649200
0.1753266978
0.4957793680
0.8288972775
0.5014557449
3.3384929080
3.3504985287
1.1460364545
0.3298501689
0.2167905957
0.8861016768
0.3999661690
0.8068918266
0.0165749818
0.6964945589
0.7128624801
0.2556968818
1.1063574072
0.9393159801
0.3480953713
0.5398337332
1.3102358961
0.2497350732
1.0452365040
1.2045837485
0.1617984439
1.9686121643
1.0980242756
0.1127829860
0.8087619943
1.7582055259
0.3635381269
0.3883883006
0.1017670093
0.0092721339
0.4276298964
0.2542970008
1.8948978829
0.0164959759
0.2228471936
0.4273732061
0.4708456448
1.8046640025
0.3447257326
1.3977886828
0.2552084057
0.6115665723
0.6654773864
1.2251678955
2.8141929111
0.5929846017
0.3452719395
0.4251725727
0.8464687429
0.0879919442
0.8609590285
1.4414828309
0.5781407594
0.2776564987
0.6358555481
0.3940259270
1.9948394456
2.3548946189
0.0792873495
2.4472613998
2.7439924934
3.1977393577
2.3326307874
1.0778520238
0.4504853399
1.9793102380
0.7501155757
0.4514281883
0.3074862540
0.3343437266
0.7628031197
0.2633177717
1.1026957929
1.6152743664
0.6761045423
0.5534816668
0.2571747709
0.1360250947
1.2281237310
0.7630279673
0.0820993275
0.0007884937
0.0291951685
1.5730755328
1.2045225501
0.0521669700
2.0917412931
1.5812291864
1.9682009840
1.5698039429
0.1957305303
4.1330108003
0.8894556054
0.2582439905
0.0929069721
0.1138695122
0.9767811019
0.5075301514
0.4133341562
0.7114724140
0.7777687228
1.2616365709
0.1261909797
0.9018327571
1.1080054672
0.1517936655
3.3108809635
0.0575432459
0.1412790528
0.7947199249
0.9649145593
0.1876672946
1.6022970605
0.0181744086
2.4133358283
2.9301864230
3.3293388796
2.9520748661
0.2146101433
0.1052974826
0.7150222455
0.4722931699
0.1503150973
0.1992769077
0.4019080472
0.2866356936
1.4181536321
0.6388899022
0.5590316803
0.9624263348
0.9203597305
1.3863561531
0.2162560572
1.4277720786
1.9171707970
0.4348992766
0.2066745462
1.3790768657
0.4528240990
1.6639359569
0.4072735928
1.6611427805
1.1243345321
0.1407145807
0.7928166039
0.3543944368
0.8415792696
0.4258617049
0.3720539744
2.1803745140
0.7016943132
0.3506781321
0.1467286504
1.0227477105
0.0776959160
0.1571503186
1.3750298508
0.6739949283
0.6191226956
1.5513958423
0.1246522899
2.2659303202
3.5561843232
4.3963623683
1.4816649944
0.1219486727
1.8016135278
0.2227966646
1.6602621945
0.0459460714
2.3984172166
0.8360059531
0.1959484041
0.5854923135
0.6691258531
0.3354998223
0.0863367902
0.1116810558
0.3277672307
0.8696192699
0.9515120292
3.4499672317
2.1209406415
0.8147880514
0.2289488733
0.7287930128
1.8590450770
2.8196171249
0.1536361994
1.3678351759
0.5079009771
0.3181232454
0.8176994472
0.9734500456
1.2047550978
1.2866740022
1.6323587349
0.0219291991
1.0468207498
1.6394331866
3.0687387308
0.2156804679
1.0183689700
1.7076653184
0.2195526114
1.0099170577
0.5833888988
0.9599683964
0.3538468911
0.3848877253
0.4433349136
0.3636800651
0.4447481749
1.6731663872
0.6016670555
0.2563586820
0.3517251180
1.2556578934
0.4908232710
0.3239417489
0.3126587890
1.0434702841
0.2808299453
2.3648118304
3.0509186683
4.8168385148
3.4749794910
3.1494567100
0.3426700157
0.5777154818
0.8112100003
1.6633710239
0.0692611403
0.3779682723
1.3319284565
0.3841921813
0.5954158973
0.4268870866
0.4071891981
2.6998716478
3.8352089767
2.8669186708
1.3633525724
4.5070198529
2.4958418671
2.2546720782
0.6241960835
0.4048804793
0.1222209296
0.5695804717
0.0938726488
1.6455944791
0.8293003237
1.2092213513
0.6621419877
0.4748365093
0.9303557590
0.3112130372
1.6373080706
0.6146654549
0.0635777360
1.9295284747
0.7721984160
0.6391201063
0.1060207449
0.9725572028
0.9898404920
0.4942701390
0.1582327349
0.7822128727
0.9962292458
0.7559923011
0.9502740487
0.8951674267
0.2808293951
1.0007641191
0.2914576356
1.1150761884
0.6123679047
0.4981792584
0.3838991297
0.3158258360
0.9653297658
3.6036381306
3.0680006736
0.3552225942
0.5526865290
0.4379135187
1.1985596067
1.4201280531
0.1938346482
0.0027229829
0.1809899015
0.0320865457
0.2659339433
0.5618655541
0.8597916243
2.0494490115
0.4216598391
0.6814452671
1.3173470472
0.2935957675
0.9585057571
0.1046772482
0.7918159172
0.0739397033
0.4607067202
1.4696757529
2.0633006821
0.8014629681
0.0008009489
0.9681861714
1.0004195058
0.0835643299
2.3475176291
0.7612639551
0.0074194592
0.8211518958
2.4473928569
1.9105615356
0.8970905660
0.4583023303
3.6854175158
0.2527610232
0.3333606596
0.4105463260
2.1184710426
1.9367630072
0.2670698884
0.3975102386
0.8418519027
0.0036790590
0.1940699472
0.7415770956
0.6060271124
3.2820742622
1.6202700422
0.0533217854
0.3165749713
0.1585526243
0.1593482136
0.1444992434
0.0869708745
2.6982586166
0.0572661191
0.0701911097
0.0927191950
0.4030360290
0.9209505775
4.0707760435
1.5393584616
0.2086631934
1.5599727074
0.4850348546
0.2596106394
1.0728438861
0.0042401026
1.1819591164
0.2780435990
0.0747994701
1.2955670794
0.6198705216
0.4058994795
0.0992530472
0.1253341323
0.0272421915
0.0329212403
0.1306004297
2.7341869764
0.0045020745
0.3945810920
1.1868466790
0.9115183161
0.3185367801
0.1442082646
1.9790242992
2.0897913727
1.3175792616
0.8788273611
0.9988462637
2.3381869631
0.7832422428
0.3211123702
2.7204927804
0.0292060799
1.8958734349
0.0231324571
3.0772818599
0.1006954348
1.2754735351
1.2558679058
0.4527521179
0.6463715020
0.1947078999
0.1970182449
0.9764528585
0.1670379697
1.6588320763
1.1981848524
2.0493164780
1.7670114873
0.7047529732
1.4471662281
0.6908877338
1.1918393330
0.9797881177
1.3081855598
0.2934982675
0.3228381633
0.2082546206
1.1444052998
1.0997273692
0.1256492596
0.9998746283
1.9395567014
0.0545342588
2.5510475648
2.5195473975
3.7115589356
0.5797722009
0.8916157451
1.5376740143
1.2464951709
0.4498974010
0.5335897067
3.1227978495
3.3710576746
0.5983966567
0.4834814177
0.4893751304
0.9719821814
2.2529766756
2.6877245504
1.4010514999
0.0641545978
0.0136898781
0.3751569363
1.3475908330
0.6161803746
0.6554356141
2.3497887629
1.1734175554
0.4103920377
0.2169646107
2.1440787376
3.9790310844
3.0149660983
0.2139872147
0.2697755035
1.2960064620
0.2693557547
0.2837678741
0.7984725355
0.7140603954
0.9355642615
1.0748144587
1.2585005487
0.2036506211
0.6927162968
2.8226509290
3.7132529907
2.5574795627
0.8822679587
0.9814526547
0.0141527376
0.1835998313
0.4177147689
0.8729443334
1.6654678814
0.2766135531
1.2753531156
1.3361662129
0.8869598434
0.1117800950
0.0259990903
0.9519144070
1.5206229739
0.9497057800
1.0438051098
0.6453843995
1.9323996584
2.0748128579
4.1015228045
4.1477504899
1.2309113190
1.0066166143
3.8160217843
1.9645882625
0.8717372398
0.1892555398
1.0527676648
0.7150953066
0.6817630929
0.1768750363
0.3943520421
0.1957663859
2.3645512137
3.0772950881
1.3258433063
1.0887322899
0.5154163197
2.3268372240
0.3213490398
0.3686316250
0.8217678995
1.0728943773
0.5774125559
0.3161285732
0.2567254598
1.9749463240
0.1385073176
0.7776918960
0.3166877517
0.7760817620
0.3016365264
0.3346629159
1.5194953573
0.6103939887
1.4527497133
3.0336686806
1.7872312925
2.9590904364
2.1778247897
0.0843660168
0.2765075296
4.3589350358
1.7332688929
0.2548489078
0.8236516705
0.5117428161
0.0857131938
0.1631042003
2.8470025791
2.2647105875
2.4237877673
0.1486278483
1.0605576771
1.8345496848
1.8355114286
0.1705999312
0.4334810942
0.9106986939
0.0142705191
0.0151779715
0.6201969066
0.4926044423
2.5895925918
0.7827791160
1.0305490453
0.3937179171
2.2774993040
0.6357244704
0.2143510899
1.9992516853
0.5446867167
0.7092847995
1.5477568000
0.0831508567
0.2064527153
0.7560763284
0.4859693156
2.1748678537
0.5641368495
0.1000847275
0.0670917699
0.3126557808
0.1510451452
3.0171852727
1.9045272799
0.1671262891
0.7729536272
0.4281934993
0.1434009481
2.7513451095
0.9090476934
0.0262909191
0.1537628935
0.0406435965
2.7787770980
0.3175375408
1.1809763273
1.6326636446
1.6072799486
0.1744019903
1.3408868674
0.2285726713
1.3764152551
0.5228067730
0.4249799168
0.4228504318
0.3717889166
0.3745753289
1.1744114419
1.0442037715
1.0721737447
2.2143922877
1.1793664148
0.5489613745
0.3765987805
0.7978135792
0.0065059888
0.0677695038
0.2130152053
0.0209853747
1.8954741507
0.0825551125
1.9892025426
3.3805028780
3.5498365655
3.7098973130
1.1243317678
0.0697453385
0.1500093523
0.2550205161
0.6033358400
1.4613363050
0.6906605233
0.3043168564
0.3255472953
0.6218874541
1.7298222747
0.4168526515
1.8378453437
0.8935550798
1.1940457017
0.2918526417
1.1285607702
0.3411131829
0.2119125994
0.3333974815
1.5500359284
0.0082631652
0.4249617778
1.8985629509
2.6496002778
0.1343961213
0.9156440268
0.7335288001
2.3609304928
0.0199843271
0.2434325607
0.3441563781
0.5916559124
0.0248488438
0.3046985612
3.2998766986
3.2729048558
0.9343176501
0.5325900339
0.1609102973
0.6111160338
0.7988436008
0.2050363996
0.8332194032
0.2253759682
0.0029831502
1.1800981792
4.0681340864
1.1829252495
1.3228572356
1.2537608233
1.0267370073
0.7771189446
1.9226166137
1.3040935094
0.2849988317
1.0054531666
1.3181688876
0.7235185437
0.2529958985
0.0104089770
0.9821418906
1.6776784804
0.3286684271
1.1366303582
3.0417917129
0.3387649781
0.0156916388
0.0686425990
1.0587180732
0.4862804734
1.4400903234
0.3584627991
2.7704089661
2.2188291497
0.8761936905
0.0154133624
0.3881147670
2.0137918501
1.0979429787
0.3873558585
0.0248013095
0.4095012916
1.4555239224
0.3870486713
1.1322688375
0.4103107649
0.5914168955
0.3841017033
3.5363957811
3.1010728685
2.4496427829
2.8665402986
2.2247229414
0.2181383035
0.2741210520
0.8596755288
0.5463719408
0.0503753853
1.2327202460
0.8230212066
1.5757909871
0.0167720683
0.3178345168
1.3498035893
0.2190369705
0.6277804262
0.1168365819
0.3566138363
0.5142363525
1.6778751460
0.9195800876
3.1957005892
0.6182918689
1.6112577489
1.2804457639
1.0447811958
0.2090865225
1.1243444497
0.7280573215
0.0678751570
2.5748287369
1.4011739546
0.1314703226
0.8873858398
1.8377404913
0.3611361460
0.3200858828
0.1850536542
0.1928897448
0.9265478810
0.6067270839
1.1994273235
0.1752982734
0.0752627199
0.3153647660
2.4618952454
0.4764205175
0.5076915479
0.0438463937
0.2808920817
0.3997262630
0.1758229443
0.5383891641
1.1764136503
0.5764523822
0.7562280849
0.5561148556
0.2904952739
0.4679397837
3.0336893786
2.0756881292
0.0220904426
0.1996265508
0.2282520633
1.4446974875
0.4385105630
1.5728876484
1.7263887665
0.8604982650
2.1036172569
0.6049986715
0.1704934520
0.0250843380
1.7549977958
0.8353766637
2.4233353819
1.2434625639
1.9750189969
0.3135608675
0.6503862186
4.0104521623
3.1559770127
4.3607336887
3.4973749215
4.1500518082
2.9768897390
0.7543212192
0.6751916982
0.4234750501
0.1691519971
0.7565136309
3.6110886121
1.6375262789
1.3020570226
0.1102635732
0.1986250491
0.7756377529
0.6650240012
2.6770117768
1.9594477189
2.3759659192
4.3380076597
4.6792123311
2.6318841160
4.1450666654
0.8698193694
0.3864445321
0.4970717889
1.6208898425
0.4402752112
0.5521622133
1.3283624294
0.3930647861
2.3017721301
1.4561388394
0.3869318993
0.6444514094
0.9163304619
2.2854889452
2.7688227428
0.3389319573
1.5589044775
1.0135895782
1.7381270884
0.0182093997
0.2159124344
1.6136099774
0.9569876946
0.1236553785
0.1291436764
0.8926073730
0.7506404358
1.0529666672
0.4389010567
0.2097371069
0.8095339811
0.6106628352
0.5151494652
0.0279219084
2.0982708943
1.2495377852
0.6332898849
0.2785099847
1.0682261488
3.2700496637
0.3658925546
0.0613135669
0.5652475208
0.3795802123
0.2286146600
0.2149573621
0.9978599936
2.4845946489
0.0721740558
0.6703515531
0.3570036648
1.0851271151
0.7106137334
0.1252783421
0.2537780326
0.4906514000
0.1618569484
0.3425146955
0.7916462341
0.0545092531
1.2454547159
1.7016627816
0.3956863927
0.5219645055
1.7254622627
0.4352714634
0.0807708157
0.1261375938
1.4849089213
1.2454191437
1.8766528558
1.4319080384
1.6435187028
0.7241048080
0.4889110543
0.2642296996
1.5494356308
1.9870597614
0.9047595694
0.5348463290
0.0904514959
0.2524231574
0.5741451365
0.8678900230
1.3221799202
2.1824104197
0.1381180883
0.8337554205
0.1178594341
0.9767331813
0.9305655395
0.7395867077
2.0169065328
2.1828967514
1.6262874071
0.9684928913
1.3477377801
3.9605017419
2.7549096241
2.7505130452
0.5479169548
1.5199985142
0.1491481773
0.0404209248
0.7582035594
0.6427693098
0.5719727833
2.2692938730
0.1837189472
0.4260399606
0.0000363583
0.1333152632
0.0157291171
0.0582618363
0.1632724385
0.4109285670
0.8899729956
0.5058744304
3.1087905071
2.9408802124
1.9977048091
0.1346426690
1.5861605320
2.0678047073
0.0629578780
0.4567206970
0.0388924714
0.0549445367
0.5278938211
0.4304832219
0.5809659062
0.0573132056
0.2792089420
0.2923843187
0.5072500034
0.2634021346
2.2327552112
1.8762550468
0.0498381410
0.8981044069
2.3808485277
0.9671149811
0.7662296645
2.5302336909
0.6896735289
0.6014880801
0.6964094541
0.0718940660
0.8333231417
0.6349380893
0.6874342228
1.9441775692
2.8462624932
1.2920999524
1.4901680109
0.8055532499
0.3725625424
1.9047404087
0.3598246946
2.0464311482
3.3545680931
1.4134112645
0.4562739318
0.0511430613
0.7300615869
0.5963209717
1.2453608838
1.0722801118
0.9087024244
0.5115550816
0.0761304074
1.6554326300
0.1561943223
2.4170043004
0.0707246210
0.1718412624
3.2342117795
0.0627983231
1.5282265901
1.8464712774
0.5186011992
0.9633232422
0.1914498863
0.4457137409
0.2919852208
0.3794218556
0.3357931807
0.1425134465
1.6274471589
0.2615401284
0.1426893461
3.3664785124
3.8275119886
0.1235436671
0.3197351718
0.3650069675
0.0762562509
0.9890094187
0.5947221117
0.7268792645
0.1184228889
1.2518056630
0.2620075729
2.0626053451
2.2739153259
3.9168974054
3.3204957608
1.0573556382
0.5611492862
0.8867566689
0.9122970125
0.0626693591
0.2918920474
0.1137050101
1.4000338782
0.7951881797
1.3121075155
0.3684081131
0.3901186318
0.5996775903
0.5347823379
0.1593921940
0.4999184651
0.3676428384
1.2763499010
0.0835429547
0.2023429548
0.6342027917
0.5994792340
1.4668505151
1.9164359504
1.0511538957
0.3897478404
0.3493563858
0.2540460057
1.0837896865
0.0457255633
0.5615393505
0.1250608543
0.5646411089
1.0903733942
4.6854283541
1.9734576793
0.6645960177
1.0889016133
0.6656347772
0.7476197903
1.8399585670
2.4903658269
0.7546607092
0.2874312378
0.6457765362
0.6377463795
1.0772882198
2.0571526866
2.6771410035
0.0667058593
1.2463496693
0.9303685036
0.9387315183
0.1853141959
0.4302342118
1.5148081366
0.7102717958
0.4836512873
0.2229518289
1.3619923106
0.2118103898
0.7204837130
0.8372968044
0.4442965468
0.5818303640
1.2362103795
1.0512610768
1.1076301024
1.1030633454
1.4334504247
2.1555018086
1.4831253011
0.8026970253
0.4290020283
2.5354370732
1.3368647994
0.0803047742
0.2009711857
0.8314658697
0.0119330996
0.3163319162
0.4519820465
0.3440016048
0.2093196124
3.0740310034
2.5261723832
1.0280455167
1.5714590821
2.2727203561
4.1684760279
0.7129422472
0.4211685756
0.2668370133
0.1058236095
0.0384388072
0.5443106130
1.2104188899
0.5224366698
0.4126657664
0.0258526630
0.1575977189
0.6360834142
1.0773442716
0.4183644140
0.0408591593
0.6096340192
0.1080152345
0.1766845458
1.7158234796
0.5547360723
1.7854206018
2.3941315541
0.7222552746
0.3117066937
0.5515211222
0.0256478071
0.8050437430
2.1283336474
1.4829348984
2.2040152524
1.6442237837
0.9186627008
0.1054914233
0.0446351189
0.3917823121
0.4749461678
0.0591924563
0.1043981910
0.4006192263
0.2528626261
0.9030536288
0.3305255701
0.5744160076
2.6749942139
0.4082086675
0.9736583629
1.2187874670
0.5060645390
0.3215651536
1.8557424475
3.4715855847
2.1427700386
3.4542338325
0.2839004600
0.0388436944
3.6765394815
1.9214100167
0.9012262503
0.0490407663
0.3561084789
1.8243018285
0.2522393826
0.1905919445
0.0714054724
0.0618518133
0.6264472485
0.0691972699
3.3752859216
1.9761363817
1.6760139305
0.2958566630
0.7863310733
1.1821869762
0.8513468173
0.3288877986
2.8182382300
1.6528135748
0.8523199720
0.6262208769
0.0109115828
0.4181094516
0.6670232225
1.2340725439
0.1862413284
0.2809968176
0.6231388208
3.6043146236
1.1310630419
0.0871832840
2.5978867353
0.5670309851
1.2964312228
0.9922570640
1.2080184601
0.5552002036
0.4573087821
0.4685807503
0.2931678554
0.0549542899
1.2732770722
0.4472893692
0.2614065395
0.2292428004
0.3139928765
0.3201339232
1.4191565327
0.7353877907
0.6088704747
1.0567423892
0.7393760788
1.1616339829
0.2350189179
1.2245356882
0.4534747359
0.0266024051
2.4524707851
1.9220385689
0.2832982433
1.9864472833
4.5759070446
2.0121451157
0.2306497572
0.7032742874
0.4855441703
0.5670012334
1.2258992910
0.2130289811
0.5428535106
0.3087590936
1.1971555882
0.5313494372
1.2150772605
1.9552347791
0.0755866992
0.1841108392
0.0875175979
0.8123343804
0.4958230183
0.4883247024
0.6969523047
0.5859971957
0.5855879291
0.0173327197
0.1201222506
0.6498065782
1.3092419920
0.6047896440
0.3574637405
0.4580856971
0.7781143118
0.0495828949
0.7245390542
0.5231694191
2.0446726368
0.5319320214
0.1993090864
0.6530903348
1.3529142701
4.0218199468
2.1163066362
0.0884062052
2.9712616331
2.6846030375
0.3308490501
0.3351412115
2.2558385973
1.6543426255
0.6330110430
2.2006422533
1.7790983773
0.1030877586
0.4150007736
1.8574629860
0.6896308820
0.1801497036
0.5336932919
0.3877299442
0.5727262732
0.1775373543
0.2445998297
1.5577835362
0.5630998676
0.0961079967
0.3877816330
1.1109269216
0.7645853602
0.4133936013
1.1668193382
0.6613062851
0.2580078059
0.7144020770
1.5791034171
3.4695902061
0.2690536399
0.2383567956
0.4158490253
1.6935523573
0.9600017583
0.6656573830
1.1538372770
3.0813434417
1.4089304214
0.7103232611
1.0048318009
1.9723705282
0.6661304859
1.2957957783
0.1663241484
0.1655592362
0.0692453933
0.4666803499
0.5478506182
0.5663032681
0.1396200041
0.4617834018
0.3949484182
0.3004572486
0.4438234587
0.1235230686
0.0115400306
0.1552292040
0.1082760159
0.2043880881
0.2682972494
0.5100053129
1.5352786798
0.3500544303
0.4554472224
0.2010288518
1.4466006513
0.6550902319
0.2703929602
0.3321192996
0.5580901245
0.5517257761
0.3146587897
0.5892277856
2.0716399831
3.2736025742
2.1829936666
0.8364532178
0.2382031960
1.1593114643
1.6817670920
0.3269644592
0.1587589711
0.4216941450
1.6658236464
0.2616720530
0.8730384231
0.1177486477
1.2531981337
0.8791323252
0.0250064980
0.2059600605
1.3512386366
1.2299864344
1.8082942180
0.0540415355
0.9565636298
0.0000628324
0.7845950426
0.5837072539
0.4001305637
1.4988789417
0.3637315281
0.3096140854
2.1105456089
2.7433158745
0.1992457159
3.2327583602
2.8906426685
3.9997224456
0.0313531419
0.4228579894
0.1929584706
1.3652264535
0.2802647895
0.4981809179
0.7733054263
1.0526176241
0.5830903594
1.5625274339
1.7988070854
0.1389370076
1.5911701398
0.2471106789
1.3393906622
0.3186792285
0.1640858026
2.5182886555
0.5522238803
2.2151991811
0.0562938888
1.3322918842
0.7699143815
0.2349986715
0.5652322456
0.0103636049
0.3137827384
1.3852207069
0.8619037361
0.3133386226
0.7012897664
0.2073495699
2.7832585297
3.6797884560
2.8604599146
3.7155828784
4.1554726405
1.8159417684
1.0262627737
0.1758012292
1.0994397482
2.0827950576
0.0825083858
0.3333378401
0.9289832810
1.4807467033
1.9929551580
1.0975417477
0.1360980861
1.2248105875
0.8560762049
0.7229494884
0.9298870283
2.2034118877
0.3211512234
2.6616002706
0.8589036675
0.9242508072
0.2046357448
0.2479686570
0.2161456958
1.0240466214
1.5808833029
0.7099670008
0.0230566926
0.5925352446
0.7018371205
1.0170292485
2.8525103087
0.2193890232
0.6616620126
0.1815063911
1.3186742247
0.0878549720
1.1722726739
0.9317823671
0.1766122628
0.1548488215
0.6425074959
0.7059993886
0.6064413681
0.6684462963
0.4608565245
0.1163767926
0.0751585526
0.6467464659
1.6464920722
0.6664501537
0.1948952025
0.8241991631
0.6359306241
0.6008238911
0.4873625881
0.2929024025
0.4685000501
0.4041684254
0.4386980030
2.0405655766
0.5142330148
0.0615724683
0.0092675306
0.8477215466
0.1519240957
0.9904547824
0.8687376661
2.9906463485
2.3734980176
1.8880554891
0.1872298803
0.5714066591
1.1317985309
0.5461706900
0.0710181128
0.0971854774
1.7139680268
1.7057731184
0.5135621565
0.0219928710
0.2571576551
0.1072560755
1.8766866375
1.1722247036
0.0742171667
1.9674088631
3.5101726147
1.0019551308
0.4959446657
0.6897312372
0.7864288444
0.1224960488
0.2598973186
0.3439441134
0.1853921128
2.0360771178
0.7346948143
0.0610777312
0.3410894278
1.0961917552
0.5135735615
0.0105692477
0.2595742368
0.3877222318
1.0110367529
0.5681019176
0.5038461136
2.0611318106
0.9898336155
0.2814220128
0.6365044518
0.2575725287
1.4295756382
0.8799378594
1.0836813932
0.3646427228
0.7445629189
1.0324796437
0.6929778380
0.6294194908
2.5063978265
0.3179048788
0.1259046401
0.0217477549
0.2568371974
3.7867784585
4.0529740544
2.4232474324
0.4417079816
0.0324087482
1.7310322327
0.8903512264
0.4061674004
1.0310573419
0.8943636793
1.1473991825
0.2396385974
0.9187158799
0.5862351973
1.0592546844
0.0410853696
0.4970548310
0.1415010345
1.1288675668
0.8520145639
0.1499499249
0.3922748590
1.2707439771
1.1824254788
1.4331715863
0.1190863705
0.4767587757
0.5361242396
1.2852557286
0.5053821235
0.4677563598
3.6674463396
0.5824786689
0.2777361234
1.2094251437
0.6419872552
0.7775926351
2.7803098713
2.5205227087
0.4110226357
0.1514233143
0.2653691488
1.7568147031
1.9280624319
3.0164684876
0.2503629648
0.3978852640
1.8990579508
0.2843083690
0.2016357150
0.3595730046
0.3886064033
0.1558693790
0.0967485223
0.2456042687
1.0369251979
0.8686517166
0.5306045940
2.6012760171
2.0476318880
0.3584144208
0.8647766057
0.3040093276
0.2445884004
0.3930371183
0.6606722914
0.7819598088
0.0293571201
0.4129265258
0.9520817450
0.7490054688
0.3950697154
1.0474537929
0.2738128683
0.5108192027
0.6742031023
1.6474467804
3.8093221178
1.9466093197
3.6815105128
0.6575848972
3.5128692006
1.1126450527
0.6192221678
1.8237330337
1.4643845003
0.7181035127
2.7424138248
1.4517526080
0.3536849012
1.2061081068
0.9869454468
0.6325706271
0.5641254171
2.2346067533
1.7655437901
4.5590112160
3.1072185948
4.1200864154
3.9338510867
0.2594294622
0.5692910466
0.5658533986
0.4733974210
1.6109784814
2.0820127339
2.2093467521
0.5576657480
1.1991193265
1.1961425185
0.3681267149
0.3884582628
1.4491334329
0.6798616916
0.0473077957
0.1553598975
1.0054084056
1.5126110129
0.0999066014
0.7264594551
2.5184992231
3.3405447921
2.2516792200
2.9311079535
2.2944778772
0.0245906973
1.0203378964
0.1376364833
0.9773902886
0.0122742859
1.9866408778
0.4439514223
2.7555635698
0.8384934745
0.7610894177
0.4231902209
0.0505869393
0.2472228050
0.3872547287
0.5539347914
0.6184811189
0.3716848921
0.6663414192
0.9696885959
0.9711268537
0.1911990128
0.7622055816
0.4010776002
0.0639332870
0.7757941469
0.7713561750
0.5883902106
0.4597909068
0.1477612497
1.0014114389
0.1405280464
0.0264145370
0.2113830085
0.0811915889
0.2726774626
0.1765797151
0.8964463550
0.1136534511
3.0526793733
0.5870755377
0.6620514835
0.6082337540
0.0768643136
2.2303341799
3.4452209163
3.8402544328
0.4123791337
0.3479968918
1.6683033407
0.7457868874
1.5739699423
1.8040210512
1.4487595230
1.3922606140
0.1189725818
3.5941410588
2.3320014660
1.2979691393
0.3828379459
0.2149740473
0.0501775883
0.0639932298
3.0434052822
0.4182335326
0.0128018969
1.9774445942
0.3545372285
0.7887425315
1.1648734451
0.4800748415
1.4490228052
0.3500662982
0.5609313110
0.4190478270
0.6770311880
0.6317410991
0.9079570838
1.7670560001
1.5945220947
0.9344141296
0.3516032902
0.4026841867
0.4872011664
1.6688330267
0.4674248568
0.1957832632
0.1784597698
0.2934124928
0.1647536857
0.7241825186
1.1321201148
0.3127043162
0.4735443664
0.9189979273
0.9362804675
1.4075431654
1.1386088004
0.8035163801
1.1091152789
0.3436703802
0.0263314151
0.0024215780
0.9239192757
2.1575998157
0.4865537974
0.5100566787
0.0185174328
0.0609019594
0.9554512754
0.3585869362
1.8361071599
0.3644146681
0.0498591622
0.8847548959
0.0647830619
0.5160901356
0.9024585067
1.7546484291
1.1050735315
2.4146400141
0.9411365360
0.6784629341
1.9593334083
0.9002505541
1.1164767847
0.8701235003
0.6175126461
0.0497988012
0.2433067381
0.2585796159
1.9467825898
0.8537584044
1.3480872870
0.0601282198
0.2412824013
0.0974278514
1.2119781047
0.0804136775
2.1456995511
0.8675384484
0.0283568898
0.6397172312
0.1905182430
0.1550299848
3.5849609266
3.6169714599
1.6338574626
0.0958162020
0.2724491079
3.4646136420
2.0744663302
0.8220852925
1.2342103398
0.5575030915
0.0928476340
0.2966958267
0.4435138121
0.2382354013
1.6496119021
0.1320126160
1.1686813101
0.5345605232
0.3896867571
0.7307624246
2.0223123631
3.0607479422
0.4698903610
2.5883191007
1.0376555232
0.7208642362
1.0932596935
0.5283657074
0.9984848605
0.0205828542
1.0410529462
0.2567392472
0.0090779227
0.7015073418
0.4849249446
0.1271579537
0.0859866710
1.0760612260
1.7196938833
0.4942281128
0.9254544540
0.4802759241
0.0376328920
0.0839239550
0.2203753389
3.2108513902
1.3134947450
4.4201362179
4.0387428751
3.4997416984
3.0353764875
1.9879099434
0.5467027969
0.1795703533
0.8165335359
0.2608330695
0.7380861364
0.0589375905
1.3111289345
0.4555140593
0.9936653042
2.0510083455
4.4821738311
0.9990569898
2.5817074960
0.2142429737
1.1788456304
0.2609006094
0.0108352227
0.7321740486
0.4000970561
0.0662861790
1.7342245137
0.0298202194
0.0143446896
0.6972896097
0.9715208125
0.1735894473
0.0436144235
0.2906199903
3.1057162355
1.0637437446
0.0388301711
2.0837088988
0.5520182326
0.2429330075
0.3554903985
0.0662388199
3.4730808205
2.7288734903
0.2794134187
0.0445745351
0.4779461805
0.4849778486
2.0996469330
0.0837917329
0.3033427296
1.6732319960
0.9905949027
0.0964069108
0.4874123079
0.2783182738
1.3832366957
3.4590481297
1.7103498446
3.3890303094
0.4130812701
0.1176206586
0.6492465093
0.2448938215
1.1402629794
0.5057042050
1.3947361508
1.1023210289
3.0235997874
0.5690493527
0.2354545360
0.9092029533
0.2980604065
0.3096265430
0.8673870009
1.4782428157
2.4258389788
4.2313395394
4.1521511737
2.2198200741
1.0116266803
0.7696726149
2.6466028503
1.4776118075
2.3807645112
2.8530784901
4.5581379238
1.4849894885
0.2859227848
0.1768400886
1.8109835431
2.0712229676
0.8490113262
0.1077630729
1.3085263391
0.2426029127
0.1986448342
1.5082789561
0.9204189178
0.7238173027
2.6942849303
3.0975720647
3.0287660282
1.0859202731
0.4594159493
0.8622021944
1.0403685928
0.0077380785
0.5050277990
0.2329517214
0.5225463369
1.2711005268
0.4732592383
4.7983863043
2.8899789727
0.4576267492
0.6662699113
0.1594126915
0.1897371923
1.1794463633
1.5276836740
0.6087943478
0.2834705449
0.2555933535
0.3674826076
1.5582244408
0.9184749837
0.5541431972
2.1398573797
0.8900354985
0.3714155147
1.4741971210
0.0141779984
0.0785279852
1.3549820703
0.1263555350
2.4020212222
0.3629214709
0.1468430669
0.5382397102
1.8503122017
2.7789402405
1.7685440197
3.3933095395
2.9247337189
0.7116148295
0.1050797086
1.6858021409
4.2126780109
3.8323448972
4.2366500543
1.0891213211
2.0434139635
0.4681982033
1.0274482509
0.2044994395
0.4699610746
0.7217566809
0.2926881235
0.3499354712
0.8993684484
0.6197209636
0.3414890638
0.0237167495
1.7999752873
0.0186775064
0.6152764385
0.5074636447
0.4412722865
2.1132082835
0.9711316749
0.0652703481
1.9288391989
0.3346284455
0.5020989631
0.7362405920
0.9899282145
0.0039219884
0.1225697418
1.1098187001
0.7438980147
0.1578860219
0.4007797011
2.1172392095
3.1838963634
0.2077606497
0.8307987618
2.7939156938
0.8242683069
0.4909957441
0.3032431777
1.5268602956
0.6053687258
1.0142008279
0.0423607487
0.9153409117
0.6881887717
0.0014936394
1.3855301639
0.8188672493
0.6034297258
1.4892364150
0.6907011261
0.7341939401
0.1261246723
0.7369131749
0.7581401502
0.3172584930
0.4318585340
1.2786708369
0.2664127675
0.6852790300
2.5456477809
4.1775124291
0.9659337475
0.4872135488
0.7696764167
1.0456100928
1.0583486704
0.5059929543
1.4369938200
2.6602535537
0.2062850891
0.3047210184
0.0148885126
1.9246591928
2.1230561428
0.2138955089
1.4674449651
0.0065272997
1.0899881025
0.9507937717
0.2301059639
2.8638935670
2.8621802164
2.6619173170
1.9549263065
1.0970218872
0.6466018605
1.0634121095
0.3218853801
0.3971120906
0.2989704702
1.1399599969
0.3987838251
1.2868424703
0.3307882234
0.6433408074
0.6329654569
0.7323943374
0.1519370492
0.1212495180
4.2542269584
3.0518734336
0.3524755229
0.3554750290
1.2322896326
1.0194638200
1.7867885885
0.6344449471
1.5652648637
2.0396408219
0.1874451643
0.0264450778
2.1438842812
0.3650844961
0.0978227058
1.0646619462
1.4919369892
0.8463661022
0.0689241457
0.2523789022
0.9015840434
0.3662199122
1.3798186344
0.2144177027
2.2586029489
2.4070990172
0.1777546029
0.1498423108
0.2569652406
0.6467906898
0.5209716270
3.1288591607
3.5117136093
4.0386210746
2.5171908898
1.6576968146
1.8843006302
1.7607953135
1.4766746853
0.4749825174
1.7054729585
0.5586849656
2.2886055924
0.4428615252
0.7964441425
0.6945433331
0.4616126898
0.8699497779
1.5713585074
1.1439547692
0.0917707113
0.2757593214
0.4414677353
1.8125956831
1.0355706102
0.6938715460
2.3159225309
2.8305985736
3.1932487213
0.2580688445
1.1812490583
0.7348020158
0.0320759047
0.6420125704
0.3359909981
1.2967143892
0.2114359867
0.9563182427
0.6773859705
0.2505631284
1.3334958585
0.4652989392
0.7353226628
0.9483699320
1.1699013191
3.2553371834
0.1450883092
0.0551688314
0.5766734548
0.3389044422
0.3609890977
0.0524238716
0.3733428883
0.6022013276
0.4972861434
0.2189392253
0.4590103470
2.5539842976
0.0952187007
1.1528259255
1.4704882381
2.2002146055
2.6285732685
2.0535187958
2.5038761719
1.1073259566
0.2302246375
1.1002981709
0.8830523512
0.0189674453
0.1124049332
0.7713828424
1.0878478506
0.1102748462
0.1520612699
0.1420059308
0.7865970013
0.5508724985
0.2292759121
0.0366468856
0.5975443823
0.1989536400
3.3116850116
0.2846610008
1.9736312345
1.4549354833
0.0012510491
0.3643402708
0.3260471022
2.6297654707
1.0909342130
0.4991515795
0.4417219614
1.5370804979
4.0561746196
4.2347717837
3.3460555271
4.9205588034
3.7664985274
1.3256608065
1.4579609803
0.2232924856
0.0243924904
1.4674561084
1.7755726850
0.6865013538
0.1304504474
1.0520147602
0.0631121699
4.6975254985
4.0097178963
3.6575112623
2.2052444435
0.0598736076
0.3993879174
1.0603558953
0.2394746239
1.1523598093
0.2811561183
0.3548368424
0.7362275215
1.1173452267
0.4543840151
2.1912744676
0.9090795668
0.4891129168
2.0318811083
1.8729051365
1.2409067718
0.3132148394
0.1562705843
1.1847498933
0.6324217890
0.1384755607
0.6509077430
2.1172420170
1.4529107151
0.2636517372
0.5802543934
2.6519169481
0.1765876568
3.8914131465
1.3582178733
0.4280878531
2.9891431782
0.8958024876
0.5770325926
0.5129531734
1.2196051605
0.4802083908
1.7213555997
4.2889140861
2.9371536577
0.8317726595
0.0389565452
1.5309161541
0.0590999227
0.1444923456
0.6164615444
0.5552865090
0.7433136853
0.4289750172
1.4013953922
1.2974115330
0.1647240783
1.0726378989
1.2454968288
0.2882970928
0.7667719736
0.4534962105
0.5335090140
0.5456618253
0.1361237437
0.8062511517
1.1223182597
0.1315721572
0.4717774186
0.8956133710
1.3892073426
1.8912261020
1.1265919741
0.2156947243
0.8376932306
0.9535645729
0.0852307438
1.0625805649
0.6053760424
2.8877474968
2.1651826236
0.8175513118
0.3739165451
2.6596432607
0.3128962609
0.2937383700
0.5573708808
0.3594626267
0.3289418915
0.2893569710
0.2690903574
0.7391549335
0.3208500995
0.5365988467
0.1665003027
0.0996191283
0.8090785554
0.3304451951
0.0913306900
0.2064781468
0.1925630599
0.8360302778
0.6476032266
1.1434571864
0.2724788792
0.7332407412
0.2044100008
0.3447507282
0.0865692449
0.8828162682
0.2386279136
0.3724362634
0.3683881157
1.3103917609
3.2281452534
0.0968460198
0.5390243992
1.7371586614
0.1778151892
0.8569797048
0.1320243362
0.4234192903
1.2256421612
0.0873325655
2.0641351255
4.4309417945
4.7280814350
1.7109470192
1.7676541796
0.3407423398
0.2748463041
0.0903680375
0.3587895850
1.1103632420
2.8617517666
3.0691937335
2.9187921779
0.1329469415
0.8068592766
1.6344010313
0.1968610188
0.5278447995
0.6278510312
1.0715718749
0.8367369703
0.4884306845
0.4704017707
0.8718134136
0.2870495643
1.6572527410
0.3844838494
0.4465080225
0.3999977685
0.3034645330
0.1801414766
0.3024831174
