likelihood_beta,beta
5.7554408998e-23,6.2006667782
7.9762481168e-23,5.5024952738
6.0475216466e-23,1.7640432299
5.6948112969e-23,1.6535315774
7.8427020569e-23,2.3272144991
7.2597896119e-23,2.1413405743
1.2479554863e-24,9.9797507287
9.9109231276e-33,17.6970222005
4.7274083108e-23,1.3408465240
6.4562482775e-23,1.8910874160
6.7320337274e-23,1.9766562841
5.3531439702e-23,1.5450791647
8.0060646790e-23,2.3805802049
5.3530676362e-23,1.5450547361
5.5655577640e-23,1.6126981372
5.0072355672e-23,1.4332566595
5.6712212670e-23,1.6460947621
2.9898409789e-23,0.6974553208
9.6663129056e-23,3.0000672703
4.1602313843e-23,1.1464071021
7.1981850011e-23,2.1219969389
6.1268735904e-23,1.7887670396
5.7098860460e-23,1.6582804662
5.4451210799e-23,1.5744441227
5.7920330844e-23,1.6841135288
9.3992247946e-23,2.8846114147
6.6765675095e-23,1.9594379290
4.3901892197e-23,1.2265579275
9.0989491792e-23,2.7649695495
9.6544086414e-23,2.9946920899
7.8538903782e-23,2.3308476143
1.0614114642e-22,3.6039029089
4.7505509307e-23,1.3485657670
8.7206642534e-23,2.6248622465
6.1502709006e-23,1.7960498238
1.0388537365e-24,10.1028291978
5.6208339146e-23,1.6301870711
7.1445355278e-23,2.1051842370
5.9305816927e-23,1.7275279039
5.6810424873e-23,1.6491917390
7.3639287837e-23,2.1741435015
1.0182719251e-22,3.2652929228
5.2820397238e-23,1.5222804429
7.5305050044e-23,2.2269310733
5.6275259227e-23,1.6323016402
7.2833323951e-23,2.1487444665
4.8897479002e-23,1.3946954622
5.7022876755e-23,1.6558871399
5.5523097790e-23,1.6085004383
5.6695297308e-23,1.6455612429
5.4381711500e-23,1.5722300042
5.8148384026e-23,1.6912723635
6.9275624193e-23,2.0374470549
6.0626201988e-23,1.7687505958
5.8286347575e-23,1.6956006240
1.0162899551e-22,4.6197757396
8.2462283551e-25,10.2544156216
5.7207946921e-23,1.6617152877
6.3934717397e-23,1.8716098903
4.7876014743e-23,1.3608937335
7.3352834004e-23,2.1651065721
8.7667629808e-23,2.6414335054
4.0706401181e-23,6.7586606773
6.1879062721e-23,1.8077583555
5.6788836313e-23,1.6485110757
6.6912382330e-23,1.9639913826
7.7231847565e-23,2.2885854832
6.4576415144e-23,1.8915196343
8.3443701722e-23,2.4936611977
5.2099590580e-23,1.4990753430
6.1443298003e-23,1.7942008470
5.8409372119e-23,1.6994586179
5.9894980553e-23,1.7459379983
5.8068888932e-23,1.6887775327
5.7580769401e-23,1.6734442190
5.3029489573e-23,1.5289939682
6.5155360588e-23,1.9094788095
9.6994407459e-23,3.0151552027
1.0732811716e-22,3.7966792579
5.5024272737e-23,1.5926726560
6.6060416073e-23,1.9375541894
8.8684628396e-23,2.6784465817
4.3776905592e-23,6.6510309565
6.6447952843e-23,1.9495781482
7.5599077465e-23,5.6369872547
9.9648300334e-23,3.1442094310
6.6758924480e-23,1.9592284174
5.1134912775e-23,1.4678618602
1.0258115924e-22,3.3119332948
6.2291618403e-23,1.8205853219
5.3461258713e-23,1.5428328008
6.7846187525e-23,1.9929889079
6.0823501288e-23,6.0983825552
5.4575707903e-23,1.5784084949
5.6684789202e-23,1.6452297942
5.5292405580e-23,1.6011849673
8.1666141038e-23,2.4337666570
6.0714433385e-23,1.7715007398
6.0032373735e-23,1.7502273261
5.4073354775e-23,1.5623971429
1.0581107844e-22,4.3057421894
9.7631997290e-23,3.0447616377
9.9409260680e-23,4.7413943641
5.4475791240e-23,1.5752270298
4.3369799183e-23,1.2081854565
2.3295926330e-24,9.5406161659
7.2728691914e-23,2.1454531095
5.9971277995e-23,1.7483201313
6.9210536412e-23,2.0354203414
5.5515566679e-23,1.6082617377
5.9136101570e-23,1.7222193430
5.4151785611e-23,1.5648995768
5.6812729823e-23,1.6492644082
9.3297907914e-23,5.0171606642
5.9355554209e-44,23.9639291157
7.8670769402e-23,5.5381486878
1.0456522470e-22,4.4196399184
1.0691176838e-22,4.1634399810
6.0537375372e-23,1.7659813804
8.8014347009e-23,2.6539798782
2.9766249350e-23,0.6918567874
5.7137864308e-23,1.6595087440
6.8732248221e-23,2.0205348457
7.0207856935e-23,2.0665056218
5.8683289209e-23,1.7080432789
6.3226141800e-23,1.8496158892
1.0665035900e-22,3.6692508158
5.0217474713e-23,1.4379974628
6.4185427037e-23,1.8793892996
1.0646374349e-22,3.6436427604
1.0052871770e-22,3.1910747598
5.2213341101e-23,1.5027438239
4.6595142195e-23,1.3181139427
5.6844692480e-23,1.6502720434
5.8538721090e-23,1.7035133542
6.9466582411e-23,2.0433946516
1.0395788587e-22,4.4667540282
5.5734739110e-23,1.6152052600
6.3773777934e-23,1.8666153934
6.1013006488e-23,1.7808034881
1.0265716113e-22,3.3168095635
3.0315875984e-32,17.3600097656
1.2947746923e-43,23.8037294626
5.1780972162e-23,6.3844957047
7.7618929672e-23,2.3010612120
5.0112896132e-23,1.4345815273
5.6197048153e-23,1.6298302365
6.4689350425e-23,1.8950231134
6.5035919617e-23,1.9057738233
7.7986910775e-23,2.3129519959
5.9252151202e-23,1.7258495497
5.7854198098e-23,1.6820365429
5.6959351331e-23,6.2193965076
1.0753813206e-22,3.8768818333
5.8856203266e-23,1.7134588387
6.3027007037e-23,1.8434323817
7.4779569956e-23,2.2102323244
1.0751561140e-22,3.8639268957
8.2729447673e-23,5.4038261307
5.2018282365e-23,1.4964516110
9.3465690345e-23,5.0103263075
6.4517897508e-23,1.8897042519
7.0513220359e-23,2.0760378399
5.8303739769e-23,1.6961461258
5.3289311336e-23,1.5373255186
6.4999970288e-23,1.9046586892
6.9420428236e-23,2.0419569207
9.6207383796e-23,2.9796169736
6.7926044454e-23,1.9954701018
5.5686102438e-23,1.6136649896
6.8726439482e-25,10.3714910741
5.9150350974e-23,1.7226651484
6.9745405466e-23,2.0520831238
7.2824361817e-23,2.1484624973
5.6818296021e-23,1.6494398936
6.7399752350e-23,1.9791222751
7.4477409313e-23,2.2006503079
7.9820288898e-25,10.2754975613
3.0854794005e-24,9.3312576824
6.1036300361e-23,1.7815290320
5.6737939540e-23,1.6469061341
6.6533958763e-23,1.9522469494
4.8929609767e-23,1.3957544389
1.0055921403e-22,3.1927433963
6.2556484710e-23,1.8288165393
6.1051418383e-23,1.7819999018
9.2178368303e-23,2.8112775684
8.5122950638e-23,2.5513873693
8.6890815164e-23,5.2597032005
4.8793756159e-23,1.3912751882
9.7760451935e-23,4.8224599921
4.0607179343e-23,1.1110806453
1.0713129517e-22,3.7505505337
9.2192188591e-23,2.8118235001
6.3498009162e-23,1.8580560354
5.0935053295e-23,1.4613714099
6.4123536679e-23,1.8774689682
5.8776660762e-23,1.7109679598
6.9314687291e-23,2.0386635318
5.5278580391e-23,1.6007463178
9.8349958024e-23,3.0790792793
5.6794376648e-23,1.6486857617
5.9739045609e-23,1.7410680622
9.0189300543e-23,5.1388034873
8.2037958041e-23,2.4462017331
9.3078098540e-23,2.8472144190
5.9586712633e-23,1.7363087753
5.7688055749e-23,1.6768165822
5.5881724869e-23,1.6198581875
7.0620404041e-23,2.0793854557
5.8353949499e-23,1.6977207737
6.1147137924e-23,1.7849808914
7.3507027429e-23,2.1699696367
1.0755752601e-22,3.9823963592
1.0320071833e-22,3.3527584671
6.8909553755e-23,2.0260515346
5.9370061366e-23,1.7295367790
5.7286010120e-23,1.6641724366
1.0752540716e-22,4.0040267651
6.9439578528e-23,2.0425534476
8.2282826611e-23,2.4544170701
8.9351611514e-23,5.1701959897
8.6405773781e-23,2.5963566574
5.5009554566e-23,1.5922051009
8.5221097444e-29,14.6658023372
5.9778155292e-23,1.7422896568
5.7533055639e-23,1.6719440154
5.0069297044e-31,16.4749020604
4.5468854538e-23,1.2801051769
6.2437762328e-23,1.8251273698
8.3076210551e-23,2.4811831195
5.2041729319e-23,1.4972083508
6.4611861002e-23,1.8926192485
4.8193502698e-23,1.3714286057
8.6894990546e-23,2.6137278187
1.0603311960e-23,8.2940058829
7.9623725074e-23,2.3662378948
7.3804280642e-23,2.1793536905
5.5117857179e-23,1.5956448300
5.6911711101e-23,1.6523844343
5.4982093837e-23,6.2819495460
3.5230254205e-27,13.1354428378
7.3645835774e-23,2.1743502026
4.8122324174e-23,1.3690690587
8.8152419300e-23,2.6589966121
1.0517181895e-22,3.5054909666
1.4758105462e-32,17.5779597301
4.9359769575e-23,1.4099075596
7.8429221243e-23,2.3272859311
5.5644314712e-23,1.6123413593
5.3597396154e-23,1.5471895475
5.9654216503e-30,15.6372893422
9.2703063505e-23,2.8321352384
8.7025386573e-23,2.6183798983
1.0401469125e-22,3.4107671016
9.4904622939e-23,4.9503524852
9.6437007474e-23,4.8834046495
5.8313437473e-23,1.6964502788
7.6379261476e-23,2.2612165892
1.0503146561e-22,3.4929826023
9.1172230486e-23,2.7720063301
1.0255916150e-22,3.3105283403
6.9595966485e-23,5.8258564327
5.2550227237e-23,1.5135941175
5.4536760832e-23,1.5771685571
5.8432429187e-23,1.7001815124
4.3360406272e-23,1.2078602290
5.2556509170e-23,1.5137962422
9.4119907601e-23,2.8899105413
6.9950277755e-23,2.0584705798
9.9304300683e-23,3.1265275374
5.9559661575e-23,1.7354634342
7.5496231234e-23,2.2330179139
5.6965328304e-23,1.6540740348
9.3067648735e-23,2.8467922628
3.4057215770e-26,12.0623941530
5.5687068581e-23,1.6136955895
7.5682510141e-23,5.6343274308
6.4518811719e-23,1.8897326135
5.8493353895e-23,1.7020914003
5.2365985106e-23,1.5076627616
5.1360346885e-23,1.4751728822
9.6465606896e-23,2.9911615838
6.2549401876e-23,1.8285964635
5.6893075218e-23,1.6517970951
7.9607255070e-23,2.3656982840
8.4073315647e-23,2.5151645151
8.8550475039e-23,2.6735266839
9.6268354478e-23,2.9823330323
9.6419146076e-23,2.9890763322
6.8064486712e-23,1.9997721783
1.0329000142e-22,3.3588582993
3.6639071890e-23,6.9075646328
7.5167225909e-23,2.2225468745
6.6570827346e-23,1.9533910398
6.3808525315e-23,1.8676937671
7.4710154546e-23,2.2080297820
8.5758814040e-23,2.5735761418
6.5805975585e-23,1.9296607795
3.4858363214e-23,0.8977871890
6.2050851762e-23,1.8131004718
6.9926789757e-23,2.0577381263
7.8488710284e-23,2.3292173365
5.8612495391e-23,1.7058252588
5.1997251295e-23,1.4957727521
3.4666422422e-23,6.9829301459
4.4183988688e-23,1.2362583009
5.2717441559e-23,1.5189718534
5.8053559174e-23,1.6882963578
6.4443919732e-23,5.9858730117
9.6778529500e-23,3.0053012373
5.1020162590e-23,1.4641363645
1.0265600323e-22,4.5565471988
4.9723864920e-23,1.4218524929
2.0242437274e-24,9.6424085720
5.6237473903e-23,1.6311077544
5.2946017461e-23,1.5263147885
5.5421101646e-23,1.6052669683
4.5599244397e-23,1.2845251931
7.6155820403e-23,2.2540676203
5.6730595248e-23,1.6466745186
5.2106984228e-23,1.4993138652
7.8192216861e-23,5.5536825919
5.6462877525e-23,1.6382270348
6.3704966521e-23,1.8644797767
6.8233353243e-23,2.0050207810
7.5160485837e-23,2.2223325539
9.9893917129e-23,3.1570413771
5.9830432979e-23,1.7439223692
6.1500027225e-23,1.7959663661
8.5652800854e-23,2.5698632499
7.3157812242e-23,2.1589602961
2.5465992191e-23,7.3727956509
5.2678950077e-23,1.5177343934
5.5419635892e-23,1.6052204905
9.8395100771e-23,3.0812744849
8.7915773752e-23,2.6504054832
1.0713001617e-22,3.7502878723
6.9720643808e-23,5.8219709022
9.1275018076e-23,2.7759769186
1.0197598642e-22,3.2742638656
7.3161976323e-23,5.7141907318
6.4171560120e-65,32.1620190760
2.2382845409e-34,18.7827805996
4.4923152604e-23,1.2615484613
5.2873011663e-32,17.1891541533
6.7005614490e-23,1.9668853647
1.0453180658e-22,3.4509384939
4.3744801981e-23,1.2211441782
6.0592380179e-23,1.7676962454
1.0736644876e-22,4.0657277963
5.6017158423e-23,1.6241428580
5.8862233710e-23,6.1596345523
5.2521564592e-28,13.9473090761
6.7165042643e-23,1.9718346389
1.0463499309e-22,3.4593336667
1.0039934294e-22,3.1840314554
7.3289660581e-23,2.1631150680
6.0122891382e-23,1.7530524604
5.2956121569e-23,1.5266391631
7.2705748527e-23,2.1447315671
7.6626982207e-23,2.2691536351
6.3232758088e-23,1.8498213169
5.6997452861e-23,1.6550861900
5.8733205572e-23,1.7096069118
1.0704416622e-22,3.7334254867
5.2762706517e-23,1.5204267277
8.0819789909e-23,2.4056301726
8.6401789029e-23,2.5962156899
5.2296472499e-23,1.5054232713
5.6283582443e-23,1.6325646005
6.7590188375e-23,1.9850365140
4.8723368972e-23,1.3889526400
5.1760779366e-23,1.4881337703
8.0447549413e-23,2.3933258339
5.5839139087e-23,1.6185104076
9.4155352034e-23,4.9818968934
1.0571870326e-22,4.3153129033
5.3737944798e-23,1.5516841869
5.8446156254e-23,1.7006118643
1.0712962880e-22,3.7502083920
5.6660859083e-23,1.6444749355
8.7406446788e-23,2.6320295506
5.6878016068e-23,1.6513224520
8.4853161881e-23,2.5420302334
6.5295515322e-23,1.9138262999
1.0425647347e-22,3.4291783743
4.6081459711e-23,1.3008260918
4.9539828747e-23,1.4158186869
5.3627972116e-23,1.5481676256
4.5908452193e-23,1.2949858644
4.7260288950e-23,1.3403859527
5.6219001935e-23,1.6305240370
6.4438061973e-23,1.8872274685
5.1593366719e-23,1.4827190049
3.2654205077e-38,21.0475558638
8.8088864009e-29,14.6531564175
8.8359743490e-27,12.7163565525
1.0704863100e-22,4.1390140837
6.4190911230e-23,1.8795594601
4.7349896118e-23,1.3433768955
8.3717971711e-23,2.5030085987
1.0125816490e-22,3.2319236324
7.2434682346e-23,2.1362115519
1.0581176238e-22,4.3056704337
1.3507325122e-29,15.3475366289
9.2611793160e-23,2.8284874038
9.8673659980e-23,4.7783579010
5.4987876183e-23,6.2817658299
1.0714218214e-22,3.7528013956
5.7787704055e-23,1.6799477455
3.1190864934e-23,7.1218493100
8.0901306872e-31,16.3171212021
1.2157724823e-62,31.3902545199
6.2353671203e-23,1.8225139863
9.7213303211e-23,3.0252329612
6.9697042318e-23,2.0505756954
1.0758410366e-22,3.9449490654
6.4017144259e-23,1.8741676805
5.6769203071e-23,6.2253901986
1.0539625516e-77,36.1528595141
5.6401981378e-23,6.2369779205
4.9985711440e-23,1.4304238673
6.3453464972e-23,1.8566732927
7.0876700026e-23,2.0873941308
5.1414455753e-23,1.4769261270
5.7417278123e-23,1.6683027253
5.9370892703e-23,1.7295627720
8.6414797397e-23,2.5966759142
6.5773512179e-23,1.9286537223
8.5782119601e-23,2.5743931110
9.1457544820e-23,2.7830503437
5.1804923451e-23,1.4895606324
1.0161340966e-22,4.6206949567
5.4611067844e-23,1.5795340294
5.6664426087e-23,1.6445874585
1.0672157692e-22,4.1935995282
6.1406787078e-23,6.0802177447
5.9318090783e-23,1.7279117250
8.1177522875e-23,2.4174949587
3.1549915016e-23,7.1070929427
4.6151293217e-23,1.3031809140
6.4622399539e-23,1.8929461765
4.7918298906e-23,1.3622983361
9.6788118253e-23,3.0057371759
5.4337909707e-23,1.5708341724
5.9480010993e-23,1.7329740212
1.0753859412e-22,3.8771771421
8.0599239956e-23,2.3983349088
6.5766451706e-23,1.9284346984
8.0346511573e-23,2.3899931735
3.8099469081e-24,9.1686282044
6.0783999785e-23,1.7736687464
5.9460910284e-23,1.7323769672
7.4900820464e-23,2.2140814296
5.6864864227e-23,1.6509079025
5.9915767140e-33,17.8460634072
5.7911981740e-23,1.6838513394
4.6776855995e-23,1.3242110086
5.9961393158e-23,6.1252706761
5.6705228743e-23,1.6458744897
4.6907985423e-23,1.3286049281
5.6612541118e-23,1.6429505651
5.2309643803e-23,1.5058476817
5.1480858706e-23,1.4790769133
5.7136225778e-23,1.6594571483
3.8658664476e-23,1.0406564219
5.3115749150e-23,1.5317613176
1.0453130304e-22,3.4508978621
5.2182107849e-23,1.5017367906
8.0405344552e-23,5.4813488393
6.6625275065e-23,1.9550806869
6.5483322371e-23,1.9196519538
7.4090848337e-23,5.6848701069
1.0563369084e-22,4.3239189815
6.0671382900e-23,1.7701589337
6.8892702126e-23,2.0255271393
2.4758546132e-23,7.4062248710
8.1982534835e-23,2.4443451726
7.5988862216e-23,2.2487319464
1.0585398489e-22,3.5720679593
6.7201036808e-23,1.9729521361
5.1260454145e-23,6.4013476441
7.3105589704e-23,2.1573152885
5.5880217069e-23,1.6198104719
7.8379651120e-23,2.3256772101
5.0218430624e-23,1.4380286752
5.0563337187e-23,1.4492773468
7.5066670715e-23,2.2193502072
6.2507892696e-23,1.8273066623
5.2477108705e-23,1.5112409504
5.8758101992e-23,1.7103867070
1.9357662378e-23,7.6855650384
5.4844313247e-23,1.5869536492
5.6213727572e-23,1.6303573582
9.4981420524e-23,2.9262042070
9.9194180674e-23,4.7523466733
6.5235210572e-23,1.9119556945
6.0000024694e-23,1.7492175372
9.9120220075e-23,3.1171977116
8.3603381389e-23,2.4990995833
8.8760188920e-23,2.6812228635
5.4945702664e-23,1.5901763352
1.0619721167e-22,3.6104699528
5.8192208815e-23,1.6926474632
6.1787479958e-23,1.8049098329
6.3468012661e-23,1.8571248883
7.5445416894e-23,2.2313994698
5.5139723385e-23,1.5963391008
8.0565414157e-23,2.3972173304
7.3012503983e-23,2.1543839476
4.2053954291e-24,9.0907169982
7.7931503648e-23,2.3111596328
5.8622375486e-23,1.7061348374
5.5695833763e-23,1.6139731960
5.7361596764e-23,1.6665509732
5.0638589825e-23,1.4517281475
1.0020615222e-22,3.1736183574
5.5226031638e-23,1.5990787863
5.3915985631e-23,1.5573730846
6.3596291595e-23,1.8611067473
1.0575195135e-22,4.3118953279
5.8133621547e-23,1.6908091144
1.0507501982e-22,3.4968278857
5.9053834296e-23,1.7196451907
1.1262733041e-24,10.0489094412
1.0749969369e-22,4.0172672937
5.1927964210e-23,1.4935356369
9.9397672195e-23,3.1312945496
6.8418147787e-23,2.0107659106
6.9008911405e-23,2.0291437049
7.1952433066e-23,2.1210743000
1.0136657746e-22,3.2381725125
6.0242895224e-23,1.7567969636
1.0744825202e-22,4.0387323505
5.8536340286e-23,1.7034387370
5.6625324412e-23,1.6433538897
7.7998018794e-23,2.3133114135
5.2572038081e-23,1.5142958622
4.3859901343e-23,1.2251116520
7.0878929873e-23,2.0874638332
9.8742835029e-23,3.0983423965
2.1635135840e-23,7.5619687265
6.0702109272e-23,1.7711166317
6.4535248899e-23,1.8902425447
7.6653404048e-23,2.2700009104
7.3389727135e-23,2.1662698478
5.6467923816e-23,1.6383863463
6.8832846389e-23,2.0236646516
5.5860867049e-23,1.6191980974
7.0381273642e-23,2.0719180920
1.0598120042e-22,4.2874570527
4.7095360804e-23,1.3348750908
6.1563814688e-23,1.7979513449
8.6533543093e-23,2.6008811496
2.7059179673e-29,15.0952851464
5.6364385837e-23,1.6351170097
6.5552925787e-23,1.9218110319
5.7605009561e-23,1.6742062764
5.6726623451e-23,1.6465492581
1.0719016248e-22,3.7630657839
6.5080057811e-23,1.9071429671
5.4615809472e-23,1.5796849445
1.5122039397e-24,9.8481050528
6.8428833379e-23,2.0110981667
7.8640233673e-23,2.3341406683
1.0232820422e-22,3.2959457038
4.7199701973e-23,1.3383623972
6.2958325895e-23,1.8412994150
6.4788795341e-23,1.8981080072
8.0522484214e-23,2.3957994502
1.0472111492e-22,3.4664487295
6.6387974153e-23,1.9477170609
5.2541036073e-23,1.5132983736
7.2774416064e-23,2.1468912684
5.2193519114e-23,1.5021047381
5.6953765804e-23,1.6537097028
6.2495869408e-23,1.8269330540
8.2109001953e-23,2.4485831042
5.5806722078e-23,1.6174842913
6.7651637081e-23,1.9869451478
1.0736408853e-22,3.8068585738
6.2180086796e-23,1.8171183928
1.0579334945e-22,4.3075975315
6.2019750050e-23,1.8121334056
7.5652833571e-23,2.2380085538
6.1358888328e-23,1.7915735357
6.1990927838e-23,1.8112371774
5.3642753609e-23,1.5486404065
5.5719597160e-23,1.6147257656
9.7357007570e-23,3.0318975227
6.2146619534e-23,1.8160779664
8.0670599557e-25,10.2686449600
5.5458305714e-23,1.6064465764
9.3579637520e-23,2.8676152329
5.4760384725e-23,1.5842847997
2.1951555820e-28,14.2981985883
2.7097087413e-23,7.2979578797
5.7181554330e-31,16.4314249048
6.2326276218e-23,1.8216625422
8.4777926798e-23,2.5394267369
5.2627671670e-23,1.5160854262
6.5641820687e-23,1.9245685578
5.3359038607e-23,1.5395594184
8.8009978589e-23,5.2194608636
4.0901945832e-23,6.7516945920
5.6042986163e-23,1.6249596864
4.9260259750e-23,1.4066374609
7.2933987507e-23,2.1519122461
1.0687193070e-22,3.7032067600
5.6775029297e-23,1.6480757264
6.2739610446e-23,1.8345059131
1.6707961940e-44,24.2216004774
1.6433683310e-27,13.4690348848
6.1444020526e-23,1.7942233343
5.9858510115e-23,1.7447991741
7.4485093149e-23,2.2008937997
4.8768533868e-32,17.2141125192
7.2883258522e-23,2.1503157013
1.1337630653e-26,12.5992418709
1.0682139341e-22,4.1782343672
9.5436450934e-23,2.9457723848
8.2876917782e-23,2.4744378130
5.6156188989e-23,1.6285388072
2.6342041170e-28,14.2258520397
9.6643695724e-23,2.9991881374
1.0398540899e-22,3.4085780472
5.6726897764e-23,1.6465579093
8.0808698680e-23,2.4052629481
8.4947081001e-23,2.5452838762
1.0581243834e-22,4.3055995028
8.5355393067e-23,2.5594762275
9.0089649697e-23,2.7307169371
4.8727385826e-23,1.3890852163
5.7008338010e-23,1.6554291232
9.1045169423e-23,2.7671105562
5.5728346264e-23,1.6150028240
5.4931817500e-23,1.5897350823
5.6012564434e-23,1.6239975593
6.1560364234e-23,1.7978439770
6.0178437077e-23,1.7547857928
5.7809494410e-23,1.6806323040
1.0617786525e-22,3.6081894202
9.5804389136e-23,2.9618125336
2.9531418112e-25,10.8885231937
6.4200307421e-23,1.8798509986
6.1717214229e-23,1.8027240584
5.1238545190e-23,1.4712240501
1.0122853546e-22,3.2302242589
9.1913737367e-23,2.8008590139
1.1989872416e-23,8.1768779623
1.0400388108e-22,4.4633242334
6.9443014765e-23,2.0426604880
7.5025827190e-23,2.2180522614
8.2993192521e-23,2.4783714509
9.9656847556e-23,4.7286292058
8.4599593497e-23,2.5332656463
1.1401745321e-64,32.0784618370
1.0600364518e-22,3.5883069772
9.3185087795e-23,2.8515433349
1.0700593127e-22,4.1469359990
7.0936350144e-23,2.0892588760
5.7042046670e-23,6.2167911958
5.4349475802e-23,1.5712027784
5.6874620419e-23,1.6512154222
7.7684486307e-23,2.3031773560
4.9703063731e-23,1.4211709016
6.3470549834e-23,1.8572036478
1.0432444575e-22,4.4388142381
6.9694848292e-23,2.0505073137
9.6224233695e-23,2.9803669861
4.4820253865e-23,1.2580386456
1.0154317970e-22,3.2484587483
8.7925936762e-23,2.6507737329
7.4009755324e-23,5.6874346510
2.4934490273e-23,7.3978528895
8.9643811826e-23,5.1593041184
5.7853860201e-23,1.6820259296
4.9831342568e-23,6.4479096006
1.0529372455e-22,3.5166433566
4.1910260992e-34,18.6086633373
1.0526804375e-22,3.5142705777
5.7440197753e-23,1.6690236830
5.3420647526e-23,1.5415325280
6.1451878898e-23,1.7944679116
6.3566207353e-23,1.8601729498
4.2949282792e-23,1.1935938478
5.2994032707e-23,1.5278560712
3.7098532769e-23,6.8903286701
7.4670548060e-23,2.2067734138
7.1715035077e-23,2.1136318181
8.3578783529e-23,2.4982611653
8.0927710734e-23,2.4092053458
5.3132451536e-23,1.5322970059
5.5008201437e-23,1.5921621142
7.3961802974e-23,2.1843315260
8.7938078608e-23,2.6512137667
1.7756047760e-55,28.8067899454
4.7240258273e-23,6.5335651540
5.7779173374e-23,1.6796797347
6.5759795932e-23,5.9450539822
9.0747924189e-23,2.7557102886
1.0620806767e-22,3.6117564726
1.0679166666e-22,4.1829090656
8.2619867985e-23,2.4657595325
6.4051683077e-23,1.8752394189
5.5769229322e-23,1.6162973321
5.7682661891e-23,1.6766470652
5.9254708323e-23,1.7259295272
5.6024530469e-23,1.6243760154
6.5401680270e-23,1.9171194595
9.4520830903e-23,2.9066825561
1.0418202041e-22,4.4498391019
6.9703786278e-23,2.0507858880
5.1037639974e-23,1.4647039656
5.3683857034e-23,1.5499548925
5.8950639556e-23,1.7164153706
5.2384118137e-23,1.5082468045
6.9732358142e-23,2.0516764367
1.0420906838e-22,3.4255196975
9.3855352219e-23,2.8789504599
7.5510861166e-23,5.6397982488
1.0537408864e-22,3.5241529636
1.0546876684e-22,3.5331718709
1.0756037666e-22,3.9799582466
5.6457003289e-24,8.8510209207
6.7568713738e-23,1.9843695300
6.2715670477e-27,12.8748946489
1.0700930357e-22,3.7269610898
5.8690886574e-23,1.7082812818
5.7470785023e-23,1.6699857422
5.0749672644e-23,1.4553436156
8.2613241295e-23,2.4655361295
7.6878625936e-23,5.5960533852
4.3765392558e-23,1.2218542751
9.0211561665e-23,2.7353201143
4.4196499973e-23,1.2366878918
6.8608460327e-23,2.0166842889
6.4845971596e-23,1.8998816482
6.3070726801e-23,1.8447900670
1.0628774507e-22,3.6213553285
6.7889201159e-23,1.9943253314
5.5602460671e-23,1.6110153876
9.1570956335e-23,5.0858220781
9.3567385466e-23,2.8671135421
8.7332498047e-23,2.6293742212
4.7445176944e-23,1.3465547907
5.6790490875e-23,1.6485632442
7.1046281621e-23,5.7805858989
7.6691753687e-23,2.2712309240
4.9364465488e-23,1.4100618185
1.0319152096e-22,3.3521334202
5.1566619166e-23,1.4818533681
6.4726320109e-23,1.8961699635
9.9779486397e-23,3.1510409391
8.0031126593e-23,2.3796094973
5.1737153972e-23,1.4873699723
8.0134955224e-23,2.3830247751
9.5705078229e-23,2.9574633171
4.4235592435e-23,1.2380298380
9.4261468733e-23,2.8958097946
1.0234891660e-22,4.5760409739
9.4016970406e-23,2.8856361138
5.6481307726e-23,1.6388088609
5.5037808223e-23,1.5931026125
6.3097251502e-23,1.8456137430
6.5486714374e-23,1.9197571723
5.0964851147e-23,1.4623396295
7.1015539644e-23,2.0917349357
5.0838136953e-23,1.4582210134
7.3318710584e-23,2.1640307871
1.0675007817e-22,4.1893060960
7.9620218809e-23,2.3661230120
4.9743186039e-23,1.4224854969
4.9909907549e-44,23.9993556214
1.7615725969e-24,9.7413522466
9.6138979004e-23,2.9765768539
8.0318643141e-23,5.4842077313
5.8368539013e-23,1.6981782749
4.6124151869e-23,1.3022658672
1.0736986598e-22,3.8085685506
1.0058810248e-22,3.1943270475
5.3557908497e-35,19.1723343370
4.3914412464e-27,13.0367779775
6.6385466735e-23,1.9476392592
1.0737869083e-22,4.0620569184
5.5871913170e-23,1.6195476826
8.5620069866e-23,2.5687180245
6.0759927749e-23,1.7729185870
5.1573473639e-23,1.4820752146
5.8083842977e-23,1.6892468915
5.7250692894e-23,1.6630608634
7.1432447395e-23,2.1047800839
6.1979200705e-23,1.8108725106
1.0459103385e-22,3.4557402726
5.7899819261e-23,1.6834693846
5.2698072419e-23,1.5183491901
6.5067087516e-23,1.9067406359
3.8431720872e-23,6.8409434224
2.8673791901e-24,9.3866488730
7.4441044423e-23,2.1994980690
5.2009645725e-23,1.4961728405
4.9684104690e-23,1.4205495842
7.9742936373e-23,2.3701458522
1.0246025070e-22,4.5690362342
6.1792621904e-23,1.8050697751
6.2496863786e-23,1.8269639532
8.4048011035e-23,2.5142971440
1.0268591231e-23,8.3240624143
4.7883828540e-23,1.3611533293
5.5826641214e-23,1.6181148212
5.6512199974e-23,1.6397840080
1.0325044448e-22,3.3561485069
2.3803570764e-28,14.2661218615
8.1650961934e-23,2.4332599944
1.0185383603e-22,4.6063907951
6.9529207903e-23,2.0453456930
1.0746584199e-22,4.0319370010
7.0023818775e-23,2.0607641525
6.5274737279e-23,1.9131817814
6.2035624322e-23,1.8126270005
9.8638548865e-23,4.7800884294
5.6749388769e-23,1.6472671931
6.5753939485e-23,1.9280465558
9.3556386235e-23,2.8666632957
6.0891972249e-23,1.7770330523
8.7680899564e-23,2.6419123582
4.7784762590e-23,1.3578608849
7.3811741865e-23,2.1795893924
9.9964956613e-23,4.7124958556
4.6735714149e-23,1.3228314037
3.3548770777e-23,0.8465912769
8.0149880161e-23,2.3835159602
4.8360828423e-23,1.3769702374
9.9012302468e-23,3.1117691879
7.5794732777e-23,2.2425343768
6.3547891318e-23,1.8596044200
5.1738735558e-23,1.4874211077
3.9102013950e-23,6.8164483574
8.3144856010e-33,17.7492180536
5.3143090186e-23,1.5326381891
5.2593836821e-23,1.5149971296
8.9122905630e-23,2.6946031641
6.4418046768e-23,1.8866065138
6.7894490299e-23,1.9944896687
5.7549155464e-23,1.6724502498
6.5261276923e-23,1.9127642519
7.0057497205e-23,2.0618146358
6.3880491302e-23,1.8699271289
9.7054991320e-24,8.3764146290
9.1335028650e-23,2.7782992891
1.0614639245e-22,3.6045120271
1.0187829943e-22,3.2683621090
5.6428045988e-23,1.6371273158
4.5983947513e-23,1.2975354776
1.0643963947e-22,3.6404934591
4.6412370168e-23,1.3119717084
8.3324145356e-23,2.4895959304
8.8475378586e-23,2.6707777266
4.5677672963e-23,1.2871812581
9.7987554146e-23,3.0616200016
5.2843910077e-23,1.5230357835
7.3987662889e-23,2.1851490574
7.2518898836e-23,5.7344245265
8.9113301175e-23,2.6942477129
5.9935877257e-32,17.1503351301
1.0589184215e-22,4.2971734893
6.6067161598e-23,5.9355187486
6.5554106015e-23,1.9218476424
5.4410170196e-23,1.5731367364
5.6908318849e-23,6.2210046860
3.0409354773e-23,0.7189593421
5.3187562120e-23,1.5340641961
5.4427738316e-23,1.5736964172
1.0132312417e-22,3.2356619872
4.7873992167e-23,1.3608265354
5.7056641175e-23,1.6569507311
1.0753255891e-22,3.9998537509
6.4080573308e-23,1.8761358659
5.6553781455e-23,1.6410963843
5.3536215262e-23,1.5452319912
5.3178318331e-23,6.3395143916
5.6393681289e-23,1.6360421863
1.0266957289e-22,3.3176092036
5.6898221945e-23,1.6519593064
5.8497371085e-23,1.7022173199
1.0754792480e-22,3.8834901177
1.7203754087e-23,7.8123359179
4.5096243984e-23,1.2674447699
9.6202719344e-23,2.9794094330
7.5075360968e-23,2.2196264058
7.2342124546e-23,2.1333042662
7.1830339409e-23,2.1172459051
6.7456649373e-23,1.9808891604
5.0493346593e-23,1.4469968125
5.2052385645e-23,1.4975522438
5.7203744438e-23,1.6615829889
4.6790092384e-23,1.3246547598
5.3260382969e-23,1.5363984738
5.5881900651e-23,1.6198637502
4.5467779105e-23,1.2800686993
6.3815047860e-23,1.8678961894
3.9583937280e-23,6.7989682907
7.0379182504e-23,2.0718528120
9.7946707878e-23,3.0596699771
3.4346096527e-23,0.8778923194
9.3557465334e-23,2.8667074619
9.0930713743e-23,2.7627121395
9.1546629324e-23,5.0867689509
5.8093619470e-23,1.6895537314
7.8219665860e-23,2.3204891385
4.9696301201e-23,1.4209492925
4.3807321346e-23,1.2232997937
7.4198650961e-23,5.6814593968
6.7450934839e-23,1.9807116960
1.0268465006e-22,4.5547003843
1.0715054600e-22,3.7545493487
9.4236380292e-23,2.8947625003
3.7358296210e-23,0.9926480153
1.0266521393e-22,3.3173282669
6.4540528249e-23,1.8904063256
1.2514037279e-24,9.9778797179
7.8054545789e-23,2.3151408752
7.0266630234e-23,2.0683397211
5.2802289386e-23,1.5216986673
5.7762047350e-23,1.6791416583
5.7484925439e-42,23.0054513814
1.0872842018e-25,11.4543588876
4.5428017210e-23,6.5945624488
6.6393768087e-23,1.9478968390
9.0027796480e-24,8.4452384561
6.1187975606e-23,1.7862525335
7.6379512834e-23,2.2612246367
5.7520750415e-23,1.6715570772
6.2540522213e-23,1.8283205542
4.8085800832e-23,1.3678578082
6.0997421322e-23,1.7803180322
6.2210468807e-23,1.8180628627
4.8697049105e-23,1.3880838524
9.8453719249e-23,3.0841319156
7.4196105518e-23,2.1917422608
3.4091050962e-23,0.8679250243
5.7338786983e-23,1.6658332702
1.0590671813e-22,4.2955736241
4.3332365584e-23,1.2068891375
6.0443215209e-23,1.7630453099
4.8039711251e-23,1.3663288075
5.3711922140e-23,1.5508522512
2.9528568354e-25,10.8885800673
1.0383715825e-22,3.3976224308
7.1814786084e-23,2.1167583234
5.9885697061e-23,1.7456481221
4.4894141893e-23,1.2605592717
6.9353255595e-23,2.0398646925
1.0637210628e-22,4.2414426982
6.0024132441e-23,1.7499700780
1.5293906067e-23,7.9347949009
4.6634964179e-23,1.3194509101
6.3062571725e-23,1.8445368217
5.9371101329e-23,1.7295692950
5.8927691855e-23,1.7156970173
5.4580839347e-23,1.5785718447
8.4995879913e-23,2.5469760024
7.6510505563e-23,2.2654201951
9.6361848969e-23,2.9865096502
8.5019579414e-23,2.5477981871
9.1917791511e-23,5.0722640810
6.3320966702e-23,1.8525599668
4.8686117071e-23,1.3877229480
4.5627376513e-23,1.2854781354
5.6806688910e-23,1.6490739523
1.2200674354e-44,24.2850009376
6.4277017960e-23,1.8822310714
5.7480794628e-23,1.6703005511
4.4368538550e-23,1.2425896717
6.4673556201e-23,1.8945331517
5.3440631295e-23,1.5421723956
7.8388768940e-23,5.5473091408
5.5100365228e-23,1.5950893954
4.8459380172e-24,8.9767604386
4.5362890382e-29,14.9039432674
3.3147866957e-36,19.9030218948
6.6493923096e-23,1.9510046085
6.1028005983e-23,1.7812706873
5.2513037159e-23,1.5123973566
5.9189471803e-23,1.7238889882
7.8127371474e-23,2.3174989252
5.7668658663e-23,1.6762069602
4.8838763254e-23,1.3927596301
6.5629979073e-23,1.9242012278
6.1656351233e-23,1.8008305757
9.9147906156e-23,3.1185952391
6.4143641292e-23,1.8780927800
8.4105753385e-23,2.5162767822
1.0750513998e-22,3.8586317888
9.3741863502e-23,4.9990081221
8.6340484006e-23,2.5940479657
5.9233051684e-23,1.7252521677
6.2539596763e-23,1.8282917984
5.8333026568e-23,1.6970646313
6.5148740275e-23,1.9092734522
5.8885935303e-23,1.7143897513
5.3513949561e-23,1.5445194159
8.0904051059e-23,2.4084212469
4.4905929697e-23,1.2609612381
3.0301864715e-23,0.7144537382
9.4365706475e-23,4.9731127709
3.2651644225e-23,7.0624223841
5.6774151276e-23,1.6480480407
8.9093134120e-23,2.6935015566
2.0276764326e-23,0.2387593521
8.0122554434e-23,2.3826167090
7.9637064459e-23,2.3666749904
5.2100277170e-23,1.4990974931
5.9933745293e-23,1.7471483530
8.6434784779e-23,2.5973832229
7.1554972256e-23,2.1086170619
5.7685211689e-23,1.6767272001
8.6260604395e-23,5.2820558242
5.4526621037e-23,1.5768457034
5.6979049290e-23,1.6545063597
1.5165667194e-23,7.9434141878
9.3692639995e-23,2.8722504397
8.3809327627e-23,2.5061288274
5.5330051207e-23,1.6023792602
5.9692211568e-23,1.7396050385
9.2737826519e-25,10.1777948009
6.4977669497e-23,1.9039669251
6.6912772408e-23,1.9640034904
5.2394120928e-23,1.5085689559
6.1235529176e-23,1.7877331793
3.4597350963e-23,6.9856113551
5.4063502609e-23,1.5620827272
4.1045879675e-23,6.7465773677
5.4801261421e-23,1.5855847730
6.8592625298e-23,2.0161917797
9.4461938072e-23,2.9042062805
5.9161187199e-23,1.7230041577
1.0056122378e-22,3.1928534757
1.0142126020e-22,3.2413431646
3.7274513470e-23,0.9895251148
5.8948158029e-23,1.7163376913
4.8755119217e-23,1.3900004476
6.6445984065e-23,1.9495170578
1.0369187094e-22,3.3870829295
4.3560189066e-23,6.6585113461
9.5572010190e-38,20.7884578618
1.0457399605e-22,4.4189278766
5.0325939450e-23,1.4415377528
6.1698466925e-23,1.8021408391
5.9315057912e-23,1.7278168839
6.5202985940e-23,5.9623260993
7.1367938524e-63,31.4696374142
5.7296878757e-23,1.6645144872
5.8614417819e-23,1.7058854960
8.9404781387e-23,2.7050636194
6.9281793175e-23,2.0376391590
5.4168730167e-23,1.5654400845
7.6060730011e-23,2.2510280728
4.3576062288e-23,6.6579628888
9.5144097870e-23,4.9401153195
8.6369999891e-23,5.2781908193
5.7925717728e-23,1.6842826908
5.1745814873e-23,1.4876499880
7.7360179813e-23,2.2927180707
1.8966890982e-31,16.7881814718
5.7861295721e-23,1.6822594750
1.0541032737e-22,4.3456997348
6.7642673334e-23,1.9866667201
4.4133390927e-23,1.2345204186
4.5958001562e-23,1.2966594308
8.1023520016e-23,2.4123823119
5.8702616416e-23,6.1646334789
6.5520768395e-23,1.9208135165
6.7672913922e-23,1.9876060505
8.0837423137e-23,2.4062140767
7.3345931294e-23,2.1648889429
7.5131165546e-23,2.2214003162
9.0409425605e-23,2.7428155483
4.3244985682e-23,1.2038612225
5.3323019833e-23,1.5384055655
6.3332859631e-23,1.8529291948
1.4430189608e-23,7.9939273426
6.6827512839e-23,1.9613571684
6.9438457291e-23,2.0425185207
6.8120161639e-23,2.0015024950
9.5206170614e-23,4.9374489589
5.6383780223e-23,1.6357295139
6.1487084710e-23,1.7955635862
1.0326611108e-54,28.5150450937
4.4005523114e-23,1.2301246355
1.0732584445e-22,4.0772214480
6.9226159626e-23,2.0359067961
6.7937211986e-23,1.9958171026
8.7402296470e-23,2.6318804386
9.0114073440e-23,5.1416439878
7.1197708480e-23,2.0974330536
7.2170713433e-23,2.1279227008
2.3056054976e-23,0.3839271110
5.2220399747e-23,1.5029713855
6.1544353977e-23,1.7973457770
7.3644539813e-23,2.1743092921
7.3949021563e-23,2.1839274917
7.2931007251e-23,2.1518184426
1.8878857975e-26,12.3546197465
6.6353356206e-23,1.9466429232
6.2025627082e-23,1.8123161475
6.8710610732e-23,2.0198617310
7.1069630815e-23,2.0934265555
5.9056979992e-23,1.7197436308
1.2410268535e-25,11.3819324567
7.1766491559e-23,2.1152444960
7.3547501478e-23,2.1712466627
6.2869442108e-23,1.8385388019
5.8227122733e-23,1.6937428264
5.8241711072e-23,1.6942004739
5.4486633381e-23,6.2977098801
1.0033339921e-22,3.1804631872
7.8006565142e-23,5.5596942476
9.3316814211e-23,2.8568901157
4.3919834747e-23,1.2271757295
1.0001154889e-22,3.1632509481
6.8653133302e-23,2.0180737994
4.4310894530e-23,1.2406133096
1.0022098420e-22,3.1744134758
5.1568449278e-23,1.4819126010
3.4213721294e-23,7.0005579494
1.0291755022e-22,3.3337868672
1.0592322322e-22,3.5794917784
5.7758005976e-23,1.6790146793
4.7849751374e-23,1.3600210736
4.8022563814e-23,1.3657598070
6.3072602406e-23,1.8448483112
5.7165222500e-23,1.6603701811
9.4113750353e-23,2.8896545050
9.1393607705e-23,5.0927129264
9.5854816795e-23,2.9640266713
7.6729496359e-23,5.6008404546
9.8109610926e-23,3.0674682543
5.7267584273e-23,1.6635925198
9.8763636268e-23,4.7739097222
6.7082529947e-23,1.9692730356
7.4950184285e-23,2.2156491651
1.0092364663e-22,3.2129411386
6.5963067923e-23,1.9345341177
7.1270039504e-23,2.0996963676
5.9396938795e-23,1.7303771131
5.3864923228e-23,1.5557420338
4.3601066741e-39,21.5230562838
2.2185765006e-51,27.2009700740
5.5419604889e-23,1.6052195074
6.4544882623e-23,1.8905414108
7.7612499984e-23,2.3008537153
6.5732271250e-23,1.9273743865
8.3222241173e-23,2.4861352936
6.0053584938e-23,1.7508894003
4.9518229455e-23,1.4151100126
4.6303664326e-23,1.3083138965
6.3913291743e-23,1.8709450094
4.7398314305e-23,1.3449920955
9.4941260120e-23,2.9244908641
1.0574014035e-22,3.5601693994
1.0749919628e-22,4.0175020761
3.8499120863e-23,1.0348116676
5.1848016382e-23,1.4909531479
5.8687323144e-23,1.7081696508
6.5097936386e-23,1.9076975498
1.0486072394e-22,3.4782044134
5.6580996122e-23,1.6419552053
9.8451988631e-23,3.0840474417
6.9429505728e-23,2.0422396795
7.6090350268e-23,2.2519746981
8.6400320277e-23,5.2771184789
8.2459832010e-23,2.4603687536
5.0648260937e-23,1.4520430238
4.7975677288e-23,1.3642035847
1.0721893343e-22,3.7695204559
9.7493105228e-23,3.0382457303
5.1239839327e-23,1.4712660223
5.4433875170e-26,11.8224062130
1.0387751251e-22,4.4726982695
4.9008263791e-23,1.3983456742
9.9631948540e-23,4.7299208025
7.0851747073e-23,2.0866141593
9.0766181801e-23,2.7564084210
1.0155979712e-22,3.2494336298
8.1349026282e-23,2.4231974573
4.4815654081e-23,6.6154005421
5.0561265145e-23,1.4492098479
5.5697855263e-23,1.6140372184
7.7098372528e-23,2.2842909881
1.0578226284e-22,3.5645290080
6.2700336918e-34,18.4957401298
6.3350535245e-23,1.8534779449
6.0120120265e-23,1.7529659804
9.7690426285e-23,3.0475142251
4.9634507341e-23,1.4189238056
5.9796440907e-23,1.7428607687
1.0758473379e-22,3.9412267915
6.5709022630e-23,1.9266531959
7.2688000327e-23,2.1441734502
3.5423819050e-23,6.9537223434
5.4277657160e-23,1.5689136114
6.8574179041e-23,2.0156180705
5.8226114517e-23,1.6937111971
5.8214767548e-23,1.6933552180
5.7688457878e-23,1.6768292201
5.9943476780e-23,1.7474521822
4.5461254802e-28,14.0062189910
6.2100750752e-23,1.8146519219
5.5073630993e-23,1.5942403979
6.4359158714e-23,1.8847795337
6.8596047162e-23,2.0162982072
1.0659228708e-22,3.6610317431
9.8303600987e-59,30.0129093662
8.9584657510e-23,2.7117681520
6.0983282285e-23,1.7798776084
9.4775478346e-23,2.9174410660
8.5636443420e-23,2.5692908540
5.2191639133e-23,1.5020441213
5.3447438644e-23,1.5423903470
4.9805039357e-23,1.4245113720
9.9320856261e-23,3.1273710481
4.8098002424e-23,1.3682624973
5.7625544165e-23,1.6748517892
5.1422936767e-23,1.4772008762
1.0431662117e-22,3.4338564067
2.3992823900e-23,0.4301562106
5.7648517029e-23,1.6755738952
5.6700406423e-23,1.6457223907
6.0198917385e-23,1.7554248351
4.9079490046e-23,1.4006908973
4.9634400078e-23,1.4189202889
6.2353102395e-23,1.8224963079
5.0475543198e-23,1.4464165458
6.2031736241e-23,1.8125061055
5.7263088255e-23,1.6634510107
9.7610146216e-23,3.0437339926
6.4570467886e-23,1.8913351352
5.4970469119e-23,1.5909633109
4.6961531086e-23,6.5428844671
8.7658135663e-23,2.6410909637
6.0280551998e-23,1.7579717623
6.5019974442e-23,1.9052792107
1.0629875634e-22,3.6227043772
9.9865850225e-23,3.1555659956
9.2622523744e-23,5.0443663712
6.5431775984e-23,1.9180530103
4.3991742273e-23,1.2296505484
6.1644933166e-23,1.8004753320
2.6379347449e-23,7.3305207768
5.5624749610e-23,1.6117215502
6.6014691691e-23,1.9361356500
6.1603348470e-23,1.7991814744
5.7214933542e-23,1.6619352298
1.0559033788e-22,4.3282375351
7.8053353665e-23,2.3151022852
1.0047448635e-22,3.1881153821
5.6126861594e-23,1.6276117271
6.0332758052e-23,1.7596002967
1.0152605393e-22,4.6258268906
5.0694527447e-23,1.4535491095
6.3419184970e-23,1.8556091365
5.0230785410e-23,6.4348501460
1.0281180061e-22,3.3268402156
6.3161032529e-23,1.8475942570
8.1825778177e-23,2.4390998415
6.9386531881e-23,2.0409011145
6.4597352335e-23,1.8921691569
1.0570830991e-22,4.3163751464
8.5183620872e-23,5.3197859908
6.4885046530e-23,1.9010937642
6.5768165926e-23,1.9284878754
6.8316433101e-23,2.0076034794
5.9288635126e-23,1.7269905829
5.2907438081e-23,1.5250760973
7.5468002861e-23,5.6411634303
5.0693801898e-23,1.4535254947
9.6500840973e-23,2.9927453575
2.0299324516e-23,7.6332906279
5.7331558948e-23,1.6656058299
1.0747671005e-22,3.8457968457
5.2652970004e-26,11.8396696007
2.3202651488e-90,39.6675377840
9.2660373201e-23,2.8304279697
7.2703559045e-23,2.1446627137
1.0419950141e-22,4.4484979124
9.9457367438e-23,4.7389274850
7.4614868558e-23,2.2050076047
8.6831035027e-23,2.6114495327
5.0297286488e-23,1.4406027742
9.3639985598e-23,2.8700888182
6.9570704912e-23,2.0466386358
8.6831831536e-23,2.6114778929
8.7531280333e-23,2.6365192252
6.3378780965e-23,1.8543548325
1.2462500920e-26,12.5543854501
8.5620748211e-23,2.5687417538
9.8490310563e-23,3.0859196046
5.3618032014e-23,1.5478496743
4.8588742892e-23,1.3845069644
4.4435515954e-23,1.2448846311
1.0021020604e-22,3.1738356057
8.6237316963e-23,2.5904044298
8.6518144664e-23,2.6003354121
4.8970249553e-23,1.3970934951
6.0285515846e-23,1.7581266146
6.4692432327e-23,1.8951187187
6.0477312892e-23,1.7641086019
2.8621741787e-29,15.0746534263
7.0637322629e-23,2.0799139524
1.4634901046e-28,14.4572870198
5.9903286733e-23,1.7461973525
6.4423812070e-23,1.8867853779
3.8575079529e-23,6.8356863129
4.9117232378e-23,1.4019331149
4.0555413237e-23,1.1092316185
9.4727333895e-23,2.9154005646
1.0468461979e-22,3.4634212931
9.4484208393e-23,2.9051421664
1.0757253097e-22,3.9674712280
5.7584691064e-23,6.1997146994
5.8239277368e-23,1.6941241282
8.2740366054e-23,2.4698246415
8.7205205766e-23,2.6248107898
5.6550522871e-23,1.6409935461
9.7926578350e-23,4.8145719348
1.0025351176e-22,3.1761597232
1.0756536144e-22,3.8979547150
5.3555025456e-23,1.5458339134
5.8699715999e-23,1.7085578746
6.9926508873e-23,2.0577293674
6.8814487811e-23,2.0230934400
5.9451454816e-23,1.7320813950
6.5358423116e-23,1.9157776520
6.3836694222e-23,6.0047142496
5.5702627789e-23,1.6141883658
4.5735423771e-23,1.2891358354
5.7236456028e-23,1.6626127325
5.4647631513e-23,1.5806976782
1.0693297240e-22,3.7134534209
1.0721068642e-22,3.7676452378
5.0548027042e-23,1.4487785809
1.0072447517e-22,4.6714393966
1.0619088271e-22,3.6097221972
1.0743183870e-22,4.0446892851
6.6633422076e-23,1.9553335139
1.0753654271e-22,3.9974051969
5.6658520632e-52,27.4401274540
2.8547549208e-24,9.3899649146
1.0688596059e-22,4.1677600469
4.2772736653e-48,25.8283584859
1.1496841414e-26,12.5926439688
1.0613967920e-22,3.6037327434
5.5368157733e-23,1.6035879697
9.9860175953e-23,4.7180142045
1.0727245732e-22,4.0910426325
1.0557242014e-22,3.5432731560
5.8811048872e-23,1.7120448969
6.9128839029e-23,2.0328767948
4.1868443636e-23,1.1557859774
6.2562696142e-23,1.8290095376
9.0736484645e-23,2.7552730034
5.1812024145e-23,1.4897901111
5.7163366434e-23,1.6603117412
8.9032298959e-23,2.6912524168
3.4098179795e-25,10.8032591578
6.9527658094e-23,2.0452974070
4.4483724378e-23,1.2465355469
1.0377353322e-22,3.3929835848
8.4090155591e-23,2.5157418898
6.9946274391e-23,2.0583457354
5.8458803497e-23,1.7010083470
6.3426764496e-23,1.8558444308
1.0705526976e-22,3.7355275271
5.2902809368e-23,1.5249274625
6.1290936365e-23,1.7894581950
6.6248693127e-23,1.9433955161
9.4538264814e-23,2.9074164487
6.7559790795e-23,1.9840923957
2.0240223893e-23,0.2367614850
6.0886907233e-23,1.7768752482
8.5790385599e-23,2.5746829374
7.2171279851e-23,5.7453417327
6.0435446097e-40,21.9775459682
6.0392132981e-23,6.1118299836
7.0871439238e-37,20.2940947980
5.6116523184e-23,1.6272848887
7.4627358506e-23,2.2054036664
6.4490871601e-23,1.8888658197
9.4750727171e-23,2.9163916592
3.3199382995e-23,7.0405404645
6.0113089787e-23,1.7527465732
1.0110106511e-22,3.2229538326
5.0870691225e-23,1.4592794563
5.8749474693e-23,1.7101164929
5.3603652645e-23,1.5473896959
8.6439370000e-23,2.5975455132
8.5082591911e-23,2.5499854758
9.1366096385e-27,12.7007295226
5.1905310172e-23,1.4928039890
1.0735809726e-22,3.8051086943
1.1171525162e-24,10.0543573194
8.8480521797e-24,8.4609645872
5.8929910834e-23,1.7157664821
8.0206580032e-23,2.3853825569
6.0973428556e-23,1.7795706626
5.3318642572e-23,1.5382653257
5.4192597996e-23,1.5662013571
5.1189963722e-23,1.4696481782
5.3481375246e-23,1.5434767796
1.5730043660e-26,12.4429646268
1.0611876391e-22,3.6013161635
1.0732124088e-22,4.0784660410
6.2386812603e-23,1.8235439892
5.5213523653e-23,1.5986818115
8.1789732235e-23,2.4378948647
5.5735707370e-23,1.6152359205
1.2096045963e-23,8.1683508304
6.6578743459e-23,1.9536366926
1.0164156289e-22,3.2542484649
8.7311742781e-23,2.6286295126
6.2198181361e-23,1.8176808941
5.6420640470e-23,1.6368934854
9.8929450168e-23,3.1076216490
8.5157125870e-23,2.5525750639
4.4695913378e-23,1.2537928478
8.1754040179e-23,2.4367021490
5.5614952492e-23,1.6114111644
5.2742224696e-23,1.5197684617
6.8426112932e-23,2.0110135770
5.7791696532e-23,1.6800731756
8.9156202615e-23,2.6958359438
5.5730902655e-25,10.5035861201
5.8625794467e-23,1.7062419641
6.1514604980e-23,1.7964200250
7.4875882366e-23,2.2132895754
5.5591954987e-23,1.6106825206
8.2145980502e-23,2.4498233071
8.0458593695e-23,2.3936903038
5.0920822135e-23,1.4609089315
5.5299139007e-23,1.6013985975
6.0056627996e-23,1.7509843819
8.0403925723e-23,2.3918865697
5.5944699941e-23,1.6218508144
8.8231786007e-23,5.2113965146
2.5597324159e-23,7.3666569274
1.0587486356e-22,3.5742910881
5.8499350369e-23,1.7022793604
1.0754246544e-22,3.8797114419
6.1654094803e-23,1.8007603733
8.8665081449e-24,8.4590772750
7.9612488766e-23,2.3658697489
7.4191376883e-23,2.1915926200
6.5427603309e-23,1.9179235763
5.8371198860e-23,1.6982616808
2.8827618616e-23,0.6516488595
1.0758307972e-22,3.9487658729
4.7314735083e-23,1.3422035412
1.0197086211e-22,4.5993290957
5.0173730824e-23,1.4365689190
8.7188323039e-23,5.2490759750
9.5941937715e-23,2.9678610738
7.3316227133e-23,2.1639524990
6.7289640883e-23,1.9757031543
5.2637129092e-23,1.5163895862
6.2358350445e-23,1.8226594154
5.1568840876e-23,1.4819252753
6.1167424386e-23,1.7856126024
1.2472589190e-24,9.9801292423
5.3261466445e-23,1.5364331977
7.6103040075e-23,5.6209019131
8.0747306650e-23,2.4032309716
1.0845864540e-28,14.5733297107
5.4529222219e-43,23.5049733623
1.0477735987e-22,4.4021312452
6.9039641740e-23,2.0301001954
5.7432419814e-23,1.6687790275
6.4191452168e-23,1.8795762439
7.0738684619e-23,2.0830807637
5.9987136395e-23,1.7488152018
9.4748855841e-23,2.9163123508
5.0169443641e-23,1.4364288894
6.4238196724e-23,1.8810265884
9.2828404147e-23,2.8371586107
4.7944082296e-23,6.5101276303
7.8379936503e-23,2.3256864701
4.7415138527e-23,1.3455531902
1.0441258863e-22,3.4414061462
5.3308077324e-23,1.5379268199
5.7480558602e-23,1.6702931280
6.7350995907e-23,1.9776082703
5.1500192844e-23,1.4797029765
6.0533745566e-23,1.7658682081
6.0395452758e-23,1.7615557657
1.0604280459e-22,3.5926786052
5.0872188235e-23,1.4593281235
7.9696409808e-23,2.3686201659
4.2795870547e-23,6.6850277996
6.2374743531e-23,1.8231688993
6.3285571445e-23,1.8514610619
1.0757809445e-22,3.9595915379
1.0556938170e-22,4.3303087035
6.0892231148e-23,6.0962410927
5.4694218081e-23,1.5821800132
6.2917998663e-23,1.8400469373
5.4131488717e-23,1.5642520737
4.2828451961e-23,1.1893891216
5.2796794138e-23,1.5215221022
6.7529263657e-23,1.9831442853
8.3272784839e-23,2.4878512381
6.5549301735e-23,1.9216986144
9.9418174330e-23,3.1323444515
9.0405772638e-23,2.7426768902
5.1068446070e-23,1.4657042782
4.7011063500e-23,1.3320554663
8.8244686732e-23,5.2109265331
4.9709086227e-23,1.4213682507
1.0386554408e-22,3.3997040211
5.9598032597e-23,1.7366625048
4.9392485415e-23,1.4109821532
7.8694006157e-23,5.5373930013
7.8090243977e-23,2.3162966062
9.2686822367e-23,2.8314855054
4.7213387538e-23,1.3388195730
9.4895981104e-23,2.9225617533
6.9469020160e-23,2.0434705928
9.7651707365e-23,3.0456894120
5.4907710440e-23,1.5889689226
8.6994636938e-23,5.2560002027
6.5071504684e-23,1.9068776540
9.5610756039e-23,4.9199359772
7.2159322673e-23,2.1275651956
9.3234021811e-23,2.8535273686
6.0886670676e-23,1.7768678781
5.3928973478e-23,1.5577878782
1.0666405696e-22,3.6712259532
9.3179128842e-24,8.4138646172
4.5813818663e-23,1.2917874725
9.3165588507e-23,5.0225287563
1.1429794573e-23,8.2228519965
5.0941623613e-23,1.4615849149
5.4648957774e-23,1.5807398829
6.7508467235e-23,1.9824984092
5.0935191232e-23,1.4613758923
8.4419848112e-23,2.5270699515
9.4522006970e-23,4.9665501599
7.2004939724e-23,2.1227211936
6.7264687932e-23,1.9749283806
5.9568218346e-23,1.7357308383
1.0555042749e-22,4.3321730228
5.2090046624e-23,1.4987674354
6.8458366883e-23,2.0120165051
5.6490453852e-23,1.6390975807
9.4482021913e-23,2.9050502542
6.0935237513e-23,1.7783809470
5.8338545841e-23,1.6972377197
7.1899549899e-23,2.1194158922
7.0615109623e-23,5.7940621357
6.8186563172e-23,2.0035663572
6.5066230679e-23,1.9067140572
7.8555196450e-23,2.3313769297
9.8605734301e-23,3.0915790924
6.5035689776e-23,1.9057666937
6.2686527687e-23,1.8328568595
5.9801441624e-23,1.7430169509
1.4522663791e-25,11.2949266887
7.3613841092e-23,2.1733402705
1.0091052099e-22,3.2122051916
6.0671401687e-23,1.7701595193
4.7527964666e-23,1.3493139874
6.5956241735e-23,1.9343223500
5.8938448598e-23,1.7160337515
5.7902499456e-23,1.6835535557
3.0081778047e-23,7.1680840293
4.2823344917e-23,1.1892112851
5.4465895783e-23,1.5749118627
5.1499036168e-23,1.4796655240
6.8712041899e-23,2.0199062520
7.5500067858e-23,5.6401420821
4.8162173105e-23,1.3703902013
6.4339426276e-23,1.8841673322
5.6183508745e-23,1.6294023225
4.3577737951e-23,1.2153772153
8.3858848820e-23,2.5078216295
5.0948997474e-24,8.9358696784
9.7005811272e-23,3.0156780594
6.4509645926e-23,1.8894482616
9.5861372853e-23,2.9643148142
1.0489604447e-22,3.4812241207
7.0367325015e-23,2.0714826577
1.0027817009e-22,3.1774858076
5.9608319393e-23,1.7369839406
1.0413212852e-22,4.4536490359
9.1159993440e-23,2.7715342283
5.2748266360e-23,1.5199626429
8.5364418447e-26,11.5850673681
9.4529633592e-23,4.9662291482
5.6007135426e-23,1.6238258469
4.6430555904e-23,1.3125832955
4.1295052515e-25,10.6880326381
6.7147778714e-23,1.9712986652
6.9536902913e-23,2.0455854417
5.7564564297e-23,1.6729347303
5.8413857386e-23,1.6995992459
1.0542095296e-22,4.3446889240
5.1486291785e-23,1.4792528507
9.5551332452e-23,4.9225230144
5.9077175250e-23,1.7203755921
5.3120027181e-23,1.5318985297
3.2926201508e-23,0.8218545556
9.5795989539e-23,2.9614441061
8.1102770576e-23,2.4150123699
5.5533637649e-23,1.6088344888
5.7574208134e-23,1.6732379361
6.5497628660e-23,1.9200957293
7.6900790628e-23,2.2779406992
5.8707617312e-23,1.7088053871
7.5373646746e-23,2.2291143390
6.9187793555e-23,2.0347122309
9.8298407802e-23,3.0765781154
9.9996111735e-23,3.1624336269
5.4012698004e-23,1.5604611330
6.1892097616e-23,1.8081637501
7.7160783305e-23,2.2862985584
2.8263826429e-23,7.2461752856
3.6497829473e-23,6.9128863173
5.3695804526e-23,1.5503369198
4.6617018768e-23,1.3188484749
5.8224164766e-23,1.6936500301
9.8621920139e-23,4.7809069894
6.2878970948e-23,1.8388347678
1.9239762259e-26,12.3453983175
5.2187525497e-23,6.3713707296
8.2782863656e-23,5.4020226009
6.2793321793e-23,1.8361743908
5.7808092362e-23,1.6805882593
4.9538068567e-23,1.4157609394
6.5247326620e-23,1.9123315247
8.5194184734e-26,11.5861365951
9.7115468748e-23,3.0207178574
6.0556700774e-26,11.7668298539
6.2565479894e-23,6.0441861788
2.3526447778e-23,7.4659870072
6.7517358126e-23,1.9827745325
1.0151805915e-22,3.2469873349
5.9655149850e-23,1.7384471643
6.2377819833e-23,1.8232645070
7.5361511266e-90,39.5322040730
1.6527512700e-38,21.2098324898
5.4669097531e-23,1.5813807451
1.8256185347e-32,17.5139235504
1.0742688137e-22,3.8268571116
1.0756139322e-22,3.8942272887
7.6169431089e-23,2.2545028220
5.8055676765e-23,1.6883628268
1.0748628191e-22,4.0233760379
8.2847865889e-23,2.4734557628
5.9826576784e-23,1.7438019416
9.9781437764e-23,4.7221392744
6.6052038335e-23,1.9372942792
5.4777909052e-23,1.5848421445
1.0640644170e-22,4.2370732991
9.7160644934e-23,3.0228005511
8.3116252582e-23,2.4825402072
1.4393794537e-23,7.9964766193
4.2326106819e-25,10.6730504074
5.8512669325e-23,1.7026968321
1.0068763906e-22,3.1998061531
6.1863182525e-23,1.8072644589
9.9283920589e-23,3.1254901784
1.0406904979e-22,3.4148534828
7.5623833183e-23,2.2370840376
8.7169893072e-23,2.6235464618
3.2869310243e-23,7.0537015113
7.1194300452e-23,2.0973264249
9.5302819716e-23,2.9399955774
8.0315444161e-23,5.4843131724
7.4696502368e-23,2.2075966897
6.8733427311e-23,2.0205715264
5.5985210136e-23,1.6231323393
4.9980722163e-23,1.4302606933
8.0845826085e-23,2.4064923643
1.0719359472e-22,3.7638232212
5.5164614879e-41,22.5132274648
8.0745591027e-25,10.2680437247
3.9455693674e-23,1.0696728278
5.2867032489e-23,1.5237784846
1.0343976711e-22,3.3692254371
1.0371190624e-27,13.6648617573
5.9214356958e-23,1.7246674163
6.1592102531e-23,1.7988315551
4.5646097527e-23,1.2861121519
1.0443593494e-22,3.4432592044
5.7459412430e-23,1.6696280530
5.5677219763e-23,1.6133836501
6.0520274397e-23,1.7654481882
9.6155495514e-23,2.9773102141
1.0526783793e-22,3.5142516121
5.0994876872e-23,1.4633150640
5.8298913239e-23,1.6959947459
1.0697880334e-22,3.7214631493
9.9101947733e-23,3.1162764579
9.1034915546e-23,2.7667160616
6.7421588420e-23,1.9798003620
7.7318066210e-23,2.2913615301
1.0405332850e-22,4.4596136322
1.0545864466e-22,3.5321984352
6.4603734293e-23,1.8923671399
1.0040387335e-22,4.6890050769
6.6599069500e-23,1.9542674562
6.8458944720e-23,2.0120344733
5.7861004745e-23,1.6822503358
5.7627360223e-23,1.6749088754
6.0956872093e-23,1.7790549117
4.9768897862e-23,1.4233277409
5.6478069533e-23,1.6387066369
1.0508666240e-22,3.4978612134
7.6312280521e-23,2.2590725437
6.7777953950e-23,1.9908690532
1.0371032640e-22,3.3884113124
6.5467163444e-23,1.9191507110
1.0707148955e-22,3.7386378432
1.0727436139e-22,4.0905709238
6.6732084373e-23,1.9583954199
4.4107796236e-23,1.2336409843
7.5766461037e-23,2.2416323729
5.6152045380e-23,1.6284078287
4.5405343863e-23,1.2779503387
8.3213783117e-23,2.4858482413
5.3663495910e-23,1.5493037799
9.9650955904e-23,4.7289349869
4.6286617105e-23,1.3077399629
7.5474561482e-23,2.2323276745
7.6418918835e-23,2.2624864193
9.8602740526e-23,3.0914319060
7.3147559639e-23,2.1586373122
5.7862544793e-23,1.6822987071
5.6686085459e-23,1.6452706817
8.7489724055e-23,2.6350236339
3.8458881050e-23,6.8399466584
2.4470246900e-23,7.4200283673
7.1885037638e-23,2.1189608414
4.8161107198e-23,6.5029273433
1.0555416432e-22,3.5414760704
6.7645564584e-23,1.9867565264
6.0335506981e-23,1.7596860425
9.6265536006e-23,4.8910748657
4.1567491877e-24,9.0999575271
1.0678214533e-22,4.1843879697
8.9945991060e-23,2.7253071450
5.0983449695e-23,1.4629438559
6.4000417530e-23,1.8736486430
7.4104922789e-23,2.1888573020
1.0034960848e-22,3.1813389385
7.3257158258e-23,2.1620906545
1.4621884875e-23,7.9805792213
5.7375095081e-23,1.6669756662
9.5135260412e-23,2.9327877097
5.6717626862e-23,1.6462655212
1.0746189831e-22,3.8397803193
1.0447172208e-22,3.4461125038
7.3612513128e-23,2.1732983555
1.9923439567e-23,7.6539480391
4.8573984445e-24,8.9748399041
7.2978232704e-23,2.1533049923
1.0422477987e-22,4.4465526410
9.4031075899e-23,4.9870611244
1.9598547331e-49,26.3979387640
4.8781229602e-23,1.3908619428
5.6501116831e-29,14.8216112415
4.4357035737e-23,1.2421953798
5.1945414595e-23,6.3791830549
5.3962830804e-23,1.5588690521
5.7506585486e-23,1.6711116399
8.4088744316e-23,2.5156934982
1.0561210257e-22,3.5472069757
8.3041367787e-23,2.4800027404
8.3326691442e-23,2.4896824465
5.7122494878e-23,1.6590247633
6.5941575307e-23,1.9338673572
4.6807643484e-23,1.3252430848
5.6426138560e-23,1.6370670891
4.8057667070e-23,1.3669245497
5.9766501950e-23,1.7419256761
5.6814563992e-23,1.6493222345
5.9867848053e-23,1.7450907698
7.2967494286e-23,2.1529669471
5.3240632998e-23,1.5357654784
5.1016938681e-23,1.4640316568
6.3234875173e-23,1.8498870495
1.0514171658e-22,4.3705029445
5.7264607579e-23,1.6634988307
7.4939703703e-23,2.2153162814
9.8390176856e-23,3.0810348196
5.3349998342e-23,1.5392698367
7.3610145923e-23,2.1732236392
5.8036866553e-23,1.6877723776
6.8815980662e-23,2.0231398881
4.3522931669e-23,1.2134831830
6.5124982354e-23,1.9085364981
7.7142529561e-23,2.2857113049
5.6398327791e-23,1.6361889169
6.3950101353e-23,1.8720872799
5.0921643998e-23,1.4609356413
8.9655846990e-23,2.7144280239
5.5883443138e-23,1.6199125632
2.2119069806e-24,9.5783876809
1.9664996917e-24,9.6631520275
5.1090583721e-23,1.4664229930
1.0313459532e-22,3.3482783350
6.6260942693e-23,1.9437755778
9.1954285494e-23,2.8024511285
4.6634083242e-23,1.3194213388
5.9685948516e-26,11.7744044885
7.9827121497e-23,2.3729079447
1.0227483530e-22,3.2926183513
8.1114402773e-23,2.4153985693
5.5945379503e-23,1.6218723139
1.0441744510e-22,3.4417910800
8.4429852192e-23,2.5274144150
5.2768025425e-23,1.5205976598
1.9865710057e-25,11.1183739460
6.3803812487e-23,1.8675475075
9.4286311488e-23,2.8968475974
1.0332090337e-22,3.3609833421
1.0055000226e-22,3.1922390241
7.4100383027e-23,2.1887136988
4.8371504418e-23,1.3773235693
7.1184839623e-23,2.0970304246
1.0714054791e-37,20.7606554873
4.9617780398e-23,1.4183753745
5.6840043460e-23,1.6501254889
8.2090757219e-23,2.4479713793
6.5899467663e-23,1.9325610748
7.1132557043e-23,2.0953948124
9.8712984611e-23,3.0968660113
4.4647628980e-23,1.2521427325
1.0749621494e-22,4.0188952945
6.0047448981e-23,1.7506978796
8.7994229557e-23,2.6532499101
5.9335639580e-23,1.7284604789
5.3021485297e-23,1.5287371111
5.4595794912e-23,1.5790479036
2.0028143025e-35,19.4345845703
5.6628117812e-23,1.6434420213
5.9012317773e-23,1.7183459078
6.5571141233e-23,1.9223760731
6.9666245329e-23,2.0496158686
5.4250307337e-23,6.3052405696
5.6020145898e-23,1.6242373444
6.7740279065e-23,1.9896986596
4.6843002340e-23,1.3264280707
6.0095394758e-23,1.7521943307
8.2579177398e-23,2.4643879986
6.7043610895e-23,1.9680648598
7.4718068330e-23,2.2082808469
7.0291988987e-23,2.0691311570
4.9721575874e-23,1.4217774928
5.4523606913e-23,6.2965324814
6.2839748531e-23,1.8376164988
6.2711715776e-23,1.8336393582
7.9848286241e-23,2.3736026636
6.4484336117e-23,1.8886630664
5.7042868055e-23,1.6565168891
6.8753121834e-23,2.0211842204
7.2128234281e-23,2.1265895417
5.5745605305e-23,1.6155493365
1.0641874060e-22,3.6377892156
9.9878404375e-23,3.1562256310
9.7171612427e-23,3.0233067400
5.6832156207e-23,1.6498768472
1.0364240081e-22,4.4897454524
5.5105369467e-23,1.5952483032
2.1155928958e-25,11.0823862397
6.2811927886e-23,1.8367523426
7.0438698894e-23,2.0737108986
2.5702346769e-48,25.9234709783
7.1986454306e-23,2.1221413572
9.6295064610e-23,2.9835247824
1.0463963499e-22,3.4597146049
5.1857091923e-23,1.4912463706
5.3101749599e-23,1.5313122782
6.6997916811e-23,1.9666464157
5.3069209303e-23,1.5302684060
5.4853425018e-23,1.5872433315
5.9561309620e-23,1.7355149370
9.1163557769e-23,2.7716717259
6.6575928940e-23,1.9535493523
7.3814588789e-23,2.1796793295
9.0217651931e-23,2.7355503710
5.2340089024e-23,1.5068285730
5.4648270247e-23,1.5807180042
7.8094811443e-23,2.3164444995
7.3554777529e-23,2.1714762580
1.0474135209e-22,4.4051467419
5.7084988049e-23,1.6578435648
5.9449758381e-23,1.7320283647
8.8433341188e-23,2.6692405053
6.0505587522e-23,1.7649902496
6.3703588785e-23,1.8644370165
1.6618916719e-23,7.8487263393
1.0734745611e-22,3.8020565649
6.0241903203e-23,1.7567660136
6.9828251347e-23,2.0546657167
6.1265281703e-23,1.7886594992
4.9051462073e-23,1.3997681852
6.2433104945e-23,1.8249826352
5.3071404770e-23,1.5303388411
5.6895337219e-23,1.6518683878
8.9823323227e-23,2.7207000574
9.3497592049e-23,2.8642589038
7.2487139134e-23,2.1378596797
6.8810653717e-23,2.0229741476
9.3826303597e-23,2.8777520666
1.0428684693e-22,4.4417465960
1.0505643868e-22,3.4951835057
9.3139926903e-23,2.8497145739
1.0729481982e-22,4.0854088247
3.4161238608e-26,12.0608563352
1.0584005665e-22,4.3026900435
5.5449933196e-23,1.6061811307
8.7717274680e-23,2.6432255286
8.8325591777e-23,2.6653054914
9.4720587621e-23,2.9151148808
2.1808864813e-24,9.5886349391
1.0654026109e-28,14.5802014147
6.1055013727e-23,1.7821118813
6.1447782105e-23,1.7943404069
1.0514331377e-22,3.5029227400
7.4384638559e-23,5.6755709908
5.9659856434e-23,1.7385942124
8.0470956825e-23,2.3940983396
7.5798275725e-23,2.2426474239
8.4800146150e-23,2.5401953687
8.7140936122e-23,2.6225102194
5.1956360207e-23,1.4944525891
8.6100016366e-23,5.2877183003
5.7437916575e-23,1.6689519291
1.0292140426e-22,3.3340414146
1.0417733043e-22,3.4230838391
7.6444228999e-23,2.2632970107
5.4800295110e-23,1.5855540450
6.6242715685e-23,1.9432100576
9.4742911970e-23,2.9160604755
5.7848432284e-23,1.6818554381
1.0749757258e-22,4.0182637954
5.3491183217e-23,6.3294914798
2.5521821132e-26,12.2065819437
7.5791229360e-23,5.6308596180
1.0546487390e-22,3.5327972255
4.7255997001e-23,1.3402426386
7.8568674842e-23,2.3318148639
5.0386358536e-23,1.4435086999
6.0017395329e-23,1.7497597785
5.3852062220e-23,1.5553311560
9.5517871906e-23,2.9493047513
5.5851066743e-23,1.6188879256
6.2576655659e-23,1.8294432749
7.3538045349e-23,2.1709482858
6.8614773993e-23,2.0168806634
5.9696898665e-23,1.7397514640
6.5454093011e-23,1.9187452725
8.5346732269e-23,5.3141078299
1.0528450326e-22,4.3574923287
2.7190517285e-23,7.2937598297
7.4176843642e-25,10.3227148514
5.6081685511e-66,32.5136194268
8.7719101233e-23,2.6432914894
5.3673313006e-23,1.5496177219
6.5156296353e-23,1.9095078362
4.8210604705e-23,1.3719953359
5.9223452563e-23,1.7249519210
8.2779144812e-23,2.4711340136
1.0231037952e-22,4.5784495362
4.8675959494e-23,1.3873875842
6.7235982225e-23,1.9740371091
5.3224995810e-23,1.5352642513
5.8203433410e-23,1.6929996286
5.0320307045e-23,1.4413539754
5.2901005398e-23,1.5248695333
7.3461036529e-23,2.1685188114
6.3621296627e-23,1.8618828725
8.5779847712e-23,2.5743134588
5.7223939744e-23,1.6622187410
5.7096661035e-23,1.6582111984
9.1489390123e-23,5.0889947764
8.4941182569e-23,2.5450794188
8.8979927113e-23,2.6893181950
2.7712869576e-30,15.9027310416
1.0405290059e-22,3.4136363628
6.0080839878e-23,1.7517400715
9.2842313250e-23,2.8377170526
5.0993573607e-23,1.4632727292
9.3790294964e-23,2.8762679059
1.0260358457e-24,10.1110728298
8.9341305514e-23,2.7027031700
4.4847995140e-23,1.2589852238
5.9791420687e-23,6.1305782357
1.0274777974e-22,3.3226694729
5.0938819540e-23,1.4614937965
5.6438729533e-23,1.6374646384
6.8860065531e-23,2.0245115857
4.2558502122e-23,1.1799756169
6.9357127625e-23,2.0399852871
7.3763678798e-23,2.1780712043
6.0850651806e-23,1.7757456384
6.3383430798e-23,1.8544991844
9.8531715074e-23,4.7853360285
6.5169600738e-23,1.9099205284
7.8498085659e-23,2.3295218010
1.0474806781e-22,3.4686964863
5.9684828674e-23,1.7393743924
1.0425308247e-22,3.4289158400
6.3629179494e-24,8.7502858485
8.2517107565e-23,2.4622970047
2.9766355231e-23,0.6918612787
5.3189739238e-23,1.5341339972
4.4666942459e-23,1.2528028614
3.9673121752e-23,6.7957451665
4.4154858202e-23,1.2352578622
6.6103166616e-23,1.9388804918
5.0822102711e-23,1.4576996063
1.0318503967e-22,4.5215888873
9.9555963322e-23,3.1394307489
1.0684946863e-22,4.1737359937
5.8170639311e-23,1.6919706965
7.0411585293e-23,2.0728643839
4.8138676768e-31,16.4877444745
5.2071508058e-23,1.4981692932
4.6916498196e-23,1.3288900071
6.4366371132e-23,1.8850032986
6.3635558081e-23,1.8623255238
5.3598379014e-23,1.5472209902
5.4453922941e-23,1.5745305112
1.7380934468e-28,14.3901045278
2.8542371876e-24,9.3901011782
5.0226617582e-23,6.4349862239
5.5229010734e-23,1.5991733327
1.0410319383e-22,3.4174355912
5.4261918353e-23,1.5684118396
1.0081520296e-22,3.2068801760
6.5069791090e-23,1.9068244993
5.6416367888e-23,1.6367585747
1.0229202569e-22,3.2936884173
1.0212190458e-22,3.2831680614
7.3911123014e-23,2.1827296143
5.6506552034e-23,1.6396057336
7.7597139601e-23,2.3003580472
9.9591376820e-23,3.1412606194
1.0728575754e-22,4.0877170739
5.5380339652e-23,1.6039743273
5.9853139881e-23,1.7446314748
8.6769572850e-23,2.6092621738
7.2749628492e-23,2.1461115952
4.9137545540e-23,1.4026015411
5.5890715330e-23,1.6201426918
7.2441814143e-23,2.1364356056
5.9659180949e-23,1.7385731083
1.0568900372e-22,3.5549414647
8.4507425068e-23,2.5300869034
4.5201908418e-23,6.6022427430
9.6557138484e-23,2.9952802599
6.7899198854e-23,1.9946359678
8.0382450034e-23,2.3911782341
6.6376901230e-23,1.9473734842
7.4406229215e-23,2.1983951212
6.3554773187e-23,1.8598180342
5.7119498206e-23,1.6589303955
3.5782505488e-23,0.9332718845
5.1128078267e-23,1.4676400471
6.1770601373e-23,1.8043848088
6.8803093711e-23,2.0227389313
5.7264284257e-23,6.2097935569
6.0619807361e-23,1.7685512575
4.4224855218e-23,1.2376613080
1.9268237717e-23,7.6906218909
7.2720142767e-23,2.1451842416
5.7022145322e-23,1.6558640981
5.3096641848e-23,1.5311484371
4.9753829969e-23,6.4504480317
8.0096657879e-23,2.3817646871
6.2261540500e-23,1.8196504114
6.3543133918e-23,1.8594567489
8.0583303312e-23,2.3978083317
6.2960784631e-23,1.8413757763
5.5177905441e-23,6.2757309635
1.3308186332e-99,42.0294236901
7.5395752244e-23,2.2298180743
5.0585235354e-23,1.4499906453
8.6247996925e-23,2.5907813568
5.8383209360e-23,1.6986382900
7.1251391795e-23,2.0991128143
1.0698742654e-22,3.7230033689
5.5821580901e-23,1.6179546447
8.9643020318e-23,2.7139485062
6.0650638049e-23,1.7695123109
1.0289901210e-22,4.5407183623
5.6317969004e-23,1.6336509014
1.0705165656e-22,4.1384410866
1.1901036928e-23,8.1840575324
5.8821423081e-23,1.7123697661
5.8051496013e-23,1.6882315969
5.9424692946e-23,1.7312447952
7.7750589752e-23,2.3053121193
7.8128785391e-23,2.3175447192
6.4835329127e-23,1.8995515141
9.7926211553e-23,3.0586927968
6.7390785640e-23,1.9788438316
7.2604984203e-23,2.1415633889
5.2171379201e-23,1.5013908309
5.6854122992e-23,1.6505693205
7.2618012533e-23,2.1419729511
8.9602518581e-23,2.7124351554
8.7961222376e-23,2.6520527715
6.6505506673e-23,1.9513640537
7.7880808285e-23,2.3095203051
1.0166907548e-22,3.2558753442
5.3810402306e-23,1.5540000365
5.0890133677e-23,1.4599114849
8.9175901137e-23,2.6965656171
7.0493304830e-25,10.3553089997
5.6821601689e-23,1.6495441096
5.9986433034e-23,1.7487932445
1.0649946468e-22,3.6483718274
6.3421397514e-23,1.8556778216
7.9967314465e-23,2.3775120169
8.6669862742e-23,5.2675642300
5.5269871654e-23,1.6004699905
8.5676141288e-23,2.5706802278
1.6256443634e-27,13.4736944002
5.2561278650e-23,1.5139496980
7.0813031555e-23,2.0854041091
1.0173271525e-22,4.6136304266
5.9300212142e-26,11.7777930074
7.2528810327e-23,2.1391691636
1.9983579303e-25,11.1149983203
5.3846411603e-24,8.8903332747
5.4040054230e-23,1.5613343478
6.5593647600e-23,1.9230742204
6.7417593157e-23,1.9796762939
1.0374914024e-22,3.3912148272
5.9264957491e-23,1.7262500787
7.0658201148e-23,2.0805661808
4.1065358295e-23,1.1273966950
6.7805668283e-23,1.9917300501
5.9200737744e-23,1.7242414027
6.1836055958e-23,1.8064207560
7.9758568187e-23,2.3706585800
9.4484667001e-23,2.9051614456
5.8938905998e-23,1.7160480699
7.6085340427e-23,2.2518145786
1.0732193085e-22,3.7950020118
1.0245187637e-22,3.3037166639
7.7487436512e-23,2.2968195177
1.0635731491e-22,3.6299759754
1.0721892413e-22,3.7695183310
5.3554699767e-23,1.5458234919
9.6880360915e-23,3.0099391134
4.2206484885e-23,6.7056233687
2.5562171776e-32,17.4119664005
6.1489460414e-23,1.7956375204
5.1729788563e-23,1.4871318295
7.3832566494e-23,2.1802472889
2.2616866300e-23,7.5114654913
6.2101070215e-23,1.8146618543
8.6535834212e-23,2.6009623601
7.1678178996e-23,2.1124768915
9.2449098385e-23,2.8220056719
5.6915744720e-23,1.6525115547
6.5926034049e-23,1.9333852273
1.0751356721e-22,3.8628633860
1.1136047187e-23,8.2476672298
8.3895821985e-23,2.5090861537
7.8501356230e-23,2.3296280175
5.4786931561e-23,1.5851290789
5.4425556725e-23,1.5736269192
5.7139155861e-23,1.6595494135
3.2506564308e-23,0.8050283894
7.3535034677e-23,2.1708532901
7.7729194528e-23,2.3046210690
5.6796248939e-23,1.6487447939
8.3970954147e-23,2.5116574960
6.3173682155e-23,1.8479870357
6.1277894812e-23,1.7890521825
7.0205560100e-23,2.0664339514
5.5106882177e-23,1.5952963380
5.6969741026e-23,1.6542130746
5.3162621004e-23,1.5332644938
5.9414238434e-23,1.7309179618
6.0724501174e-23,1.7718145174
3.7133006968e-23,0.9842421947
7.4458143615e-23,2.2000398399
8.2710389225e-23,2.4688128485
7.0132720877e-23,2.0641612837
6.4535867829e-23,1.8902617458
4.4405601011e-23,1.2438597912
7.5217973801e-23,5.6491214130
8.7254594702e-23,2.6265802871
5.7318577407e-23,1.6651973328
6.7444694361e-23,1.9805178997
8.2466475006e-23,2.4605923376
7.9996276031e-23,2.3784638299
6.3766811608e-23,1.8663991926
1.0028182955e-22,3.1776827769
5.5889793699e-25,10.5018096798
1.6651941557e-38,21.2080533751
6.2073085812e-23,6.0594904284
8.3828812549e-23,2.5067947682
4.1471041809e-23,1.1417703939
1.0556202662e-22,4.3310331492
9.3867520077e-23,2.8794527350
6.7489550356e-23,1.9819109187
5.4021688985e-23,1.5607481398
7.9482488675e-23,2.3616129170
4.7204661025e-23,6.5347541474
5.5858095926e-23,1.6191103949
1.0735054618e-22,3.8029357217
5.2011721639e-23,1.4962398474
5.7484303904e-23,1.6704109175
8.3057643818e-23,2.4805540711
5.6050930545e-23,1.6252109178
5.8312308536e-23,1.6964148720
1.0139030541e-22,4.6337354496
9.8187232441e-23,4.8020780393
2.3335661523e-24,9.5393700811
7.0295266055e-23,2.0692334366
1.0706094178e-22,3.7366097522
4.6861663150e-23,1.3270533091
6.4957443991e-23,1.9033395341
9.6620535000e-23,2.9981412283
5.3766229810e-23,1.5525883216
9.0542603964e-23,2.7478778899
2.9484335681e-23,0.6798634701
6.3525035713e-23,1.8588949702
9.4797441390e-24,8.3980802520
5.1791933886e-23,1.4891408128
5.9726070995e-23,1.7406627724
6.0262782288e-23,1.7574174036
3.9352962884e-24,9.1432176249
1.0744916007e-22,3.8348895749
5.2569456844e-23,1.5142128177
7.2229207848e-23,2.1297588047
5.7886884264e-23,1.6830631522
4.7210297237e-23,1.3387163439
6.1319844954e-23,1.7903581494
8.4491074227e-23,2.5295233773
9.0278553717e-23,2.7378544808
6.8508411190e-23,2.0135727191
9.8432076164e-23,3.0830759808
1.0207049779e-22,3.2800188033
1.9383706354e-23,7.6840953977
5.7435592893e-23,1.6688788377
9.3716268118e-23,2.8732214780
6.2688200155e-23,1.8329088175
6.7361759009e-23,1.9779424841
6.5843692539e-23,1.9308308192
5.6784728971e-23,1.6483815694
8.6117838400e-23,2.5861916803
6.9189058458e-23,2.0347516135
9.5770005427e-23,2.9603050534
5.7255658158e-23,1.6632171485
3.3989126579e-23,7.0093522044
9.7131574746e-23,3.0214599368
5.9100511798e-23,1.7211058078
9.1615690300e-23,2.7892026814
4.9806172415e-23,1.4245484747
6.8947385623e-23,2.0272288582
8.9259691245e-23,2.6996723778
5.4712123034e-23,1.5827496421
5.9680219973e-23,1.7392304116
8.6613343322e-23,2.6037113791
6.1002754440e-23,1.7804841529
8.6945543135e-23,2.6155302437
8.1024660479e-23,2.4124201461
8.0669444071e-23,2.4006554951
9.8098650991e-23,4.8063404022
6.6958948228e-23,1.9654367885
1.6993153867e-29,15.2648074409
5.2184930982e-23,1.5018278227
5.8389105486e-23,1.6988231676
6.2647827281e-23,1.8316545387
1.0755688278e-22,3.9829287610
5.7140516633e-23,1.6595922625
5.4808601281e-23,1.5858181708
5.9159399662e-23,1.7229482356
5.4601106836e-23,1.5792169821
8.3333185347e-23,5.3833790902
3.2015859445e-23,7.0880908652
5.6870034504e-23,1.6510708734
5.1896515365e-23,1.4925199199
6.4360563983e-23,1.8848231321
1.0685242612e-22,4.1732572183
4.5544245288e-23,1.2826614534
1.0859064641e-24,10.0733259648
5.3429346483e-23,1.5418110715
6.9112120835e-23,2.0323563432
7.7656258093e-23,2.3022660428
7.7058865079e-23,5.5902616402
5.8455365410e-23,1.7009005668
4.8684993195e-23,1.3876858432
6.0702726838e-23,1.7711358798
1.0231919812e-22,3.2953831182
5.4032046438e-23,1.5610787505
9.3613411790e-23,2.8689990844
5.9826124846e-23,1.7437878276
8.8146070649e-23,2.6587656803
5.2842194976e-23,1.5229806900
1.0741403659e-22,3.8224818701
5.7222158588e-23,1.6621626717
5.7117169673e-23,1.6588570672
1.0722965642e-22,3.7719903824
4.8210581813e-23,1.3719945774
9.9437627579e-23,4.7399405025
5.3215393009e-23,1.5349564265
1.0510561525e-22,4.3737338731
6.0749108897e-23,1.7725814259
5.9197677513e-23,1.7241456755
5.7589000449e-23,1.6737029923
9.1013883337e-23,2.7659071721
9.5614416318e-23,2.9535057561
1.0156434905e-22,3.2497008879
9.4976379889e-23,2.9259890413
6.8195932579e-23,2.0038575883
4.9451616941e-23,1.4129237582
5.6111736842e-23,1.6271335686
7.6784596631e-23,2.2742099558
6.9904292587e-23,2.0570366080
8.5542553082e-23,2.5660078614
5.3866272742e-23,1.5557851459
5.6418934071e-23,1.6368396045
7.4891710438e-23,2.2137921492
5.2346573562e-23,1.5070374707
8.7854407687e-23,2.6481832592
6.5817951800e-23,1.9300322994
8.1934213964e-23,2.4427273854
6.5545406483e-23,1.9215777843
8.1265988301e-23,2.4204352641
8.6366323121e-23,2.5949613883
8.6909356661e-23,2.6142398914
5.2372679408e-23,1.5078783841
5.3581137887e-23,1.5466694064
1.0757914671e-22,3.9155088190
5.5010475380e-23,1.5922343535
6.4306710149e-23,1.8831522986
4.5790329766e-23,1.2909931792
7.0166359229e-23,2.0652107892
1.5638754930e-25,11.2535846771
7.3441369892e-23,2.1678984954
5.7923315153e-23,1.6842072441
6.7438042998e-23,1.9803113448
9.5258687119e-23,4.9351888926
9.5477048306e-23,2.9475324604
5.5036555434e-23,1.5930628186
5.6920016430e-23,1.6526461765
6.0717201535e-23,1.7715870140
7.4019267641e-23,2.1861483354
9.1044394685e-23,2.7670807468
6.0391030843e-23,1.7614178536
6.2415190154e-23,1.8244259002
5.7158100444e-23,1.6601459347
1.0435824161e-22,3.4371175168
1.0641077424e-22,4.2365175337
6.0345187094e-23,1.7599879845
7.2562765923e-23,2.1402363401
1.0264841078e-22,3.3162463746
1.0725552585e-22,4.0951758206
3.8965415893e-23,1.0518594962
8.2521742331e-23,2.4624530914
6.5899971545e-23,1.9325767064
5.6705320262e-23,1.6458773763
4.9702376677e-23,1.4211483872
6.1314599557e-23,1.7901948582
4.6131703108e-23,1.3025204727
8.4867506576e-23,2.5425269185
1.0082049582e-22,3.2071749778
5.4364483797e-23,1.5716810448
6.0072968081e-23,1.7514943855
5.1824617695e-23,1.4901970823
9.1129060990e-23,2.7703414329
5.2094267072e-23,1.4989035979
5.3474499983e-23,1.5432566936
6.0810073681e-23,1.7744812483
1.0742617170e-22,3.8266108531
5.3253324944e-23,1.5361722687
8.9310797132e-23,2.7015696777
5.9499710306e-23,1.7335897552
8.8887564093e-23,5.1873706879
6.4307633753e-23,1.8831809540
5.5972970442e-23,1.6227451642
6.3711424266e-23,1.8646802024
4.1117982001e-23,6.7440171893
1.0458495266e-22,3.4552451669
5.9155908534e-23,1.7228390169
6.2881641534e-23,1.8389177157
7.7343504211e-23,2.2921808797
9.4475054295e-23,2.9047573994
1.0721315531e-22,3.7682044431
1.0510626491e-22,3.4996062782
1.6102407608e-26,12.4316884034
6.4353964621e-23,1.8846183867
5.1814319238e-23,1.4898642813
6.1506481661e-23,1.7961672292
5.2599507190e-23,1.5151795315
7.9389490084e-23,2.3585704786
1.8567535500e-65,32.3414613699
6.7312120315e-23,1.9764011429
7.5674067729e-23,2.2386855812
5.4299796346e-23,1.5696193685
9.2886089192e-23,2.8394759376
1.0508965970e-22,3.4981276117
4.8894783404e-23,1.3946066081
5.1461128903e-23,1.4784379599
1.0744453175e-22,3.8331696715
1.0724552854e-22,4.0975667513
6.3156741157e-23,1.8474610062
4.4865153078e-23,6.6137116558
8.0185919115e-23,2.3847022789
8.6493538814e-23,2.5994636144
5.4597579680e-23,1.5791047132
4.5357127909e-23,1.2763135852
5.7104469341e-23,1.6584571074
4.7115396145e-23,1.3355449511
5.3346595128e-23,1.5391608198
5.7930897505e-23,1.6844453463
7.0102307314e-23,2.0632124635
6.8560257768e-23,5.8580971041
5.1471540141e-23,1.4787751396
5.4860557749e-23,1.5874700874
6.2389205809e-23,1.8236183659
8.2574128962e-23,2.4642178759
7.4128901040e-23,2.1896158394
7.5970449905e-23,2.2481438392
6.6534802922e-23,1.9522731447
7.6704994261e-23,2.2716556659
8.0379578818e-23,2.3910835426
5.0029315936e-23,1.4318497084
5.3310017491e-23,1.5379889834
7.4871242731e-23,5.6601399461
9.3269655651e-23,2.8549737789
5.6723563937e-23,1.6464527674
7.1570662810e-23,2.1091085326
7.5506895359e-23,2.2333576247
7.7934245618e-23,2.3112483161
5.7401297662e-23,1.6678000108
4.0441888509e-23,1.1051726084
8.7861689443e-25,10.2131515114
1.0689041109e-22,3.7062614429
1.5613925321e-33,18.2366843514
5.7280133405e-23,1.6639874829
4.7888158026e-23,1.3612971597
5.7950824755e-23,1.6850710761
5.9915447172e-23,1.7465770435
5.9102541215e-23,1.7211693073
6.6829692076e-23,1.9614248063
5.0650758262e-23,1.4521243296
5.7028195201e-23,1.6560546817
5.7136028329e-23,1.6594509308
6.3336645863e-23,1.8530467414
1.0055333339e-22,3.1924213798
5.6682605849e-23,1.6451609248
5.2777115358e-23,1.5208897684
6.6927380886e-23,1.9644569320
5.7107334566e-23,1.6585473409
6.9056575610e-23,2.0306272901
1.0609817299e-22,4.2743287159
6.6461253310e-23,1.9499908588
6.3531737570e-23,1.8591030007
4.5881775751e-23,1.2940845393
8.3345913649e-23,2.4903356992
8.7909231808e-23,2.6501684736
5.8350557669e-23,1.6976144089
6.9099573749e-23,2.0319657525
7.7898654823e-23,2.3100973389
1.0519877904e-22,4.3653487146
7.0518740600e-23,2.0762102279
6.6780126843e-23,1.9598864557
6.0829953554e-23,1.7751007062
9.0846630578e-23,2.7594878667
1.0664836708e-22,3.6689647901
5.1753071939e-23,6.3853976063
3.0203489284e-23,7.1629605112
3.0044550167e-30,15.8750394333
1.6621996238e-55,28.8176601122
5.0187043708e-23,1.4370037231
1.3047590660e-45,24.7302313121
8.1565686190e-23,2.4304149992
4.3332072657e-23,1.2068789915
4.7304483587e-25,10.6050757220
9.8388866662e-23,4.7923111543
1.0204921495e-22,3.2787189338
1.0737170220e-22,4.0641654053
9.9038485313e-23,3.1130835049
7.0171832013e-23,2.0653815463
7.8985912738e-23,2.3453938458
5.9254149864e-23,1.7259120607
7.1585872555e-23,2.1095849663
6.2332086951e-23,1.8218431441
5.1796630282e-23,1.4892926030
3.6773429674e-23,6.9025125379
8.8047967988e-54,28.1551616076
4.8435616181e-23,1.3794447935
9.9340643701e-23,4.7449020181
1.0086809605e-42,23.3757675505
4.7011253199e-23,1.3320618137
9.4953543914e-23,2.9250146902
4.7008797493e-23,1.3319796439
4.9676153646e-23,1.4202889911
6.1953432846e-23,1.8100712106
1.8197157277e-24,9.7183866938
1.7335100423e-24,9.7526756075
6.1001852176e-23,1.7804560485
9.8824699936e-23,3.1024024958
1.0755121947e-22,3.9873758091
5.6231755295e-23,1.6309270501
7.6164612902e-23,2.2543487565
8.8073575912e-23,2.6561304634
6.6572424851e-23,1.9534406134
5.7124436575e-23,1.6590859085
5.5276113001e-23,1.6006680288
4.4806754519e-23,6.6157042765
5.4293726447e-23,1.5694258789
6.4002279033e-23,1.8737064065
1.0678592680e-22,3.6894805569
8.5779380389e-23,2.5742970749
1.0582712619e-34,18.9880803481
2.4686434074e-25,10.9933436571
5.3174802580e-23,1.5336550928
6.8115805203e-23,2.0013670969
6.0082228213e-23,1.7517834023
1.0662173839e-22,4.2081126877
5.6550871077e-23,1.6410045353
5.3826711225e-23,1.5545211740
5.2039718523e-23,1.4971434575
9.0275767195e-23,2.7377489951
8.0848450333e-23,2.4065792782
5.9767928951e-23,1.7419702476
1.0492844814e-22,3.4840112684
8.7137058890e-23,2.6223715061
6.2654539071e-23,1.8318630605
6.5890848926e-23,1.9322937025
6.3496011914e-23,1.8579940378
7.4692318641e-23,2.2074639739
9.6261612791e-23,2.9820324153
8.9731580937e-23,2.7172617358
5.1627015080e-23,1.4838077703
6.5194645494e-23,1.9106973977
1.0572688092e-22,3.5588071233
1.0746651869e-22,4.0316658955
5.9877520265e-23,1.7453927968
9.6154327641e-23,2.9772583444
7.5173374920e-23,2.2227424071
5.3650428572e-23,1.5488858731
5.6487359731e-23,1.6389999084
6.3255464115e-23,1.8505263016
7.9507482930e-23,2.3624309959
8.3716739140e-23,2.5029665239
4.6638755187e-23,1.3195781639
1.0554687397e-22,4.3325216032
5.7880387311e-23,1.6828591044
6.5557328990e-23,1.9219476187
5.9733115048e-23,1.7408828101
5.6942898889e-23,1.6533672741
6.5082908307e-23,1.9072313878
5.9029515174e-23,1.7188841286
1.0594025119e-22,4.2919416633
5.2652003094e-23,1.5168679155
8.9422184519e-23,2.7057112795
8.7397742663e-23,2.6317168417
7.4654264928e-23,2.2062569635
1.0203653702e-22,3.2779457086
5.8233612416e-23,1.6939464154
9.6935281174e-23,3.0124480647
9.2246349350e-23,2.8139647375
6.4022629829e-23,1.8743378989
7.4790944027e-23,2.2105932951
6.9369725188e-23,2.0403776452
6.1991948665e-23,1.8112689208
8.9962611230e-23,2.7259322198
2.9543978871e-23,7.1908755301
2.7381906133e-23,7.2851887904
3.6213060099e-23,6.9236495571
9.8647073174e-23,4.7796685600
5.5430152150e-23,1.6055539454
3.9464775906e-43,23.5725522125
9.2065150149e-23,2.8068120639
7.7112199038e-23,5.5885465354
5.8425481102e-23,1.6999636787
5.3693601333e-23,1.5502664734
5.1768473740e-23,1.4883825020
5.1359202078e-23,1.4751357815
6.5603590640e-36,19.7268788840
7.9173385893e-23,2.3515094944
5.2411916976e-23,1.5091420516
5.4194885723e-23,1.5662743201
4.3151203571e-23,1.2006083817
9.5898431835e-23,2.9659448169
1.0135951954e-22,3.2377641990
6.8496111151e-23,2.0131902169
2.1292273090e-23,7.5799769371
3.3798804664e-23,0.8564519640
6.9261102138e-23,2.0369948426
7.1062910133e-23,2.0932163620
9.2265176572e-23,2.8147097311
9.4888059951e-23,2.9222245554
1.0716492522e-22,4.1156882086
5.5654854626e-23,1.6126752347
6.6338550464e-23,1.9461835314
6.4751766431e-23,1.8969593371
7.2121059416e-23,2.1263643863
6.6042036284e-23,1.9369839775
8.2871408986e-23,2.4742515732
1.2903135642e-23,8.1053456130
8.4676723098e-23,2.5359285995
5.8285880031e-23,1.6955859592
5.8808120776e-23,1.7119532016
6.5712055045e-23,1.9267472636
5.7639423728e-23,1.6752880723
4.5966896884e-23,1.2969597980
1.0745259677e-22,3.8361856673
6.6643537513e-23,1.9556474291
7.3641930631e-23,2.1742269269
6.1363788880e-23,1.7917260796
8.3999946730e-23,2.5126503710
1.0152211550e-23,8.3346934146
5.6533949672e-23,1.6404704892
1.0669815344e-22,3.6762063106
1.0412268285e-22,4.4543673912
7.0604270922e-23,2.0788815173
5.2371034223e-23,1.5078253937
4.7475879078e-23,1.3475782672
9.9934993761e-23,3.1592049331
7.0294133811e-23,2.0691980983
8.7685451844e-23,2.6420766560
6.7065436687e-23,1.9687423994
5.4268774517e-23,1.5686304271
5.8631844478e-23,1.7064315261
1.0714152143e-22,3.7526640163
4.9890604495e-23,1.4273124240
3.8874143814e-23,6.8247514146
5.8057673971e-23,1.6884255166
5.8134714775e-23,1.6908434209
7.4417029325e-23,5.6745449615
5.7823816990e-23,1.6810822300
8.2197331278e-23,2.4515463227
5.2534992443e-23,1.5131038993
4.5642390762e-23,1.2859866251
7.1953816611e-24,8.6444744139
2.2421617774e-24,9.5685132763
9.5598997517e-23,4.9204483028
9.6799692322e-23,3.0062635884
6.8078659197e-27,12.8372046837
1.0748311233e-22,3.8485242475
5.0667205776e-23,6.4206224316
1.0004092573e-22,3.1648083485
9.0868441645e-23,2.7603236765
6.3799424036e-23,1.8674113143
6.3169631027e-23,1.8478612462
3.8393725768e-23,1.0309437807
5.4664906965e-23,1.5812474032
7.9469741644e-23,2.3611957626
6.0330849667e-23,1.7595407693
4.8064505568e-23,1.3671514167
6.2721383053e-23,1.8339396778
7.1764921645e-23,2.1151952899
1.0659796516e-22,4.2114574820
6.0168969343e-23,1.7544903631
7.7320083264e-26,11.6379032553
4.6156948315e-23,1.3033715430
5.8452052005e-23,1.7007966941
9.5919393493e-23,2.9668677284
4.9371856062e-23,1.4103045854
5.5080503675e-23,1.5944586632
7.7100318054e-23,2.2843535576
6.2513517414e-23,1.8274814413
7.9079375771e-23,2.3484416153
5.6346722203e-23,1.6345591237
6.4972476451e-23,1.9038058380
5.9169664571e-32,17.1543238527
8.2556583787e-23,2.4636267088
9.3260778308e-23,5.0186689009
4.6272068250e-23,6.5660321367
9.1671965228e-23,2.7913973460
5.5251411522e-23,1.5998842165
5.7242922448e-23,1.6628162775
7.4990513705e-23,2.2169302726
5.4517827905e-23,1.5765657149
6.4114836919e-23,5.9960831837
4.8844735844e-23,1.3929565827
4.8926008568e-23,1.3956357620
9.0044486970e-23,2.7290145513
5.0390934770e-23,1.4436579496
7.5487690084e-23,2.2327458458
8.7584001661e-28,13.7357854020
1.7935758565e-40,22.2513414622
7.9749965580e-23,2.3703764038
8.4096019619e-23,2.5159429719
1.0697528524e-22,3.7208378914
8.2794254132e-23,2.4716443333
1.0721736834e-22,3.7691629799
8.4473887804e-23,2.5289311788
5.0522734513e-23,1.4479545023
5.0977537433e-23,1.4627517873
1.0139398268e-22,3.2397599511
4.1263578120e-23,1.1344282280
5.3547519890e-23,1.5455937440
8.6932077440e-23,2.6150499940
5.9110234447e-23,1.7214100217
4.8980797673e-23,1.3974409829
5.4275459615e-23,1.5688435534
1.0496507249e-22,3.4871812115
4.5395519315e-23,6.5956653203
7.3771535834e-23,2.1783193657
9.5895885827e-23,2.9658327658
3.4599231057e-23,0.8877438770
5.1617362957e-23,1.4834954782
7.6918411177e-23,2.2785066977
5.8520030666e-23,1.7029275600
6.5128757576e-23,1.9086536029
7.2593677393e-23,2.1412079610
1.0694359759e-22,4.1579973671
4.6472783309e-49,26.2398926507
5.1436559603e-49,26.2212428473
7.9434061707e-23,2.3600283461
1.9217050396e-23,7.6935239637
8.8918883787e-23,2.6870660590
5.9148901649e-23,1.7226198058
8.3412587330e-23,2.4926026767
6.1546191520e-23,1.7974029576
9.7548268798e-23,3.0408290803
5.5708331880e-23,1.6143690119
6.0975960333e-23,1.7796495285
8.3851346921e-23,2.5075651246
1.0980129354e-23,8.2610467069
8.7055212121e-23,2.6194452975
7.4026405865e-23,2.1863740515
1.0513176125e-22,3.5018860168
9.7299285822e-23,3.0292158693
5.5275671825e-23,1.6006540305
7.6643275217e-23,5.6036061207
5.8422696446e-23,1.6998763739
5.4083018097e-23,1.5627055167
1.0448202411e-22,4.4263454299
7.7429448013e-23,2.2949501303
6.4707396714e-23,1.8955829353
3.2942869264e-29,15.0228110252
6.3216599885e-23,1.8493196221
4.7853004930e-23,1.3601291903
1.0758293360e-22,3.9240657502
1.0146009995e-22,3.2436029640
5.4891398449e-23,1.5884504533
6.7633069463e-23,1.9863684124
5.1758508750e-23,1.4880603672
9.2045559030e-23,2.8060405932
8.6934840370e-23,5.2581336864
5.8690553004e-23,1.7082708321
5.6671651387e-23,1.6448153798
7.0115453500e-23,2.0636225802
6.3061672277e-23,1.8445088904
4.5629520115e-23,1.2855507374
6.4057279354e-23,1.8754130692
8.3644112917e-23,2.5004884508
9.8487993082e-29,14.6104096546
5.6118462410e-23,1.6273461964
4.7659662059e-23,1.3536994366
5.7801679241e-23,1.6803867911
8.3779712309e-23,2.5051169547
5.0686228288e-23,1.4532789860
5.3623224069e-23,1.5480157532
6.4033522379e-23,1.8746758956
4.0747589162e-23,6.7571920505
1.0596150863e-22,3.5836616903
6.8409333098e-23,2.0104918321
4.8174217498e-23,1.3707894371
6.3543850322e-23,1.8594789863
5.8266795535e-23,1.6949873434
5.2079694420e-23,1.4984334323
5.6762999933e-23,1.6476964094
5.2123391492e-81,37.1067631666
6.0371480427e-23,1.7608080929
5.6871114918e-23,1.6511049285
9.4145249648e-23,2.8909648211
5.9555511997e-23,1.7353337553
5.6810100110e-23,1.6491815000
4.5944445818e-23,1.2962016496
9.2662944024e-23,5.0427514816
9.5071791765e-23,4.9432145373
5.1295955666e-23,1.4730856872
9.7910146874e-23,3.0579275160
5.2804517081e-23,1.5217702427
5.8063535684e-23,1.6886095061
6.7416164440e-23,1.9796319269
5.6403099921e-23,1.6363396120
9.8052408553e-23,4.8085587401
6.6743072893e-23,5.9145457585
8.9822772870e-23,2.7206794126
2.1295457620e-53,28.0052876469
9.9340364381e-23,4.7449162706
6.7193790936e-23,1.9727271733
4.0646038977e-24,9.1177146827
9.7270068106e-23,3.0278608761
1.1595371207e-24,10.0293680639
8.1827959060e-23,5.4341094511
2.0229681264e-24,9.6428611859
4.9611130601e-23,1.4181573275
4.2486365436e-72,34.4673468921
1.0744051393e-22,3.8316994283
5.9311605681e-23,1.7277089281
5.5292467172e-23,1.6011869214
6.8306670018e-23,2.0072999588
9.9267384716e-24,8.3555662994
5.0841851854e-23,1.4583418080
5.6857266375e-23,1.6506684067
6.1151320100e-23,1.7851111244
6.0329774327e-23,1.7595072265
5.4282724092e-23,1.5690751429
5.8792966370e-23,1.7114786183
1.0636091962e-22,3.6304291054
4.3729899125e-23,1.2206301383
1.4784396265e-26,12.4727745577
1.0527885301e-22,3.5152677418
5.0572643454e-23,1.4495804966
1.0738720565e-22,3.8138429562
6.2459933437e-23,1.8258163554
6.4701852415e-23,1.8954109435
7.8198999748e-23,2.3198194108
5.3365177202e-23,1.5397560446
8.9751155465e-23,2.7179948314
3.7627534562e-23,1.0026586604
7.1992363673e-23,2.1223267137
9.1323656163e-23,5.0954232702
8.0921663786e-23,2.4090049291
7.1716421487e-23,2.1136752655
6.9336956850e-23,2.0393570776
8.4042408623e-23,2.5141051452
1.0544439013e-22,3.5308313992
5.6659760266e-23,1.6444402724
5.8201279418e-23,1.6929320493
1.5136627031e-24,9.8474367629
8.2038154146e-23,5.4270739072
7.2002537243e-23,2.1226458324
3.5052262671e-23,0.9052750944
5.8389007790e-23,1.6988201043
7.3610862413e-23,2.1732462537
4.5094543200e-23,1.2673868801
1.0048756606e-22,3.1888282100
8.9053455027e-23,2.6920342921
7.1773530108e-23,2.1154651096
4.1414778882e-23,6.7335012358
5.8217251928e-23,1.6934331595
7.0268847037e-23,5.8048733066
5.6100913725e-23,1.6267913850
5.4300651730e-23,1.5696466351
8.4056872760e-23,5.3586813426
5.7004756759e-23,1.6553162985
9.8241773319e-23,3.0738371212
7.1278006019e-23,2.0999456782
5.5365538076e-23,1.6035048828
8.2736808104e-23,2.4697045345
6.5309521395e-23,1.9142607573
5.8914135958e-23,1.7152726421
4.8303569153e-27,12.9937874152
6.7670652627e-23,5.8857464020
9.9801854474e-23,3.1522107910
1.0684036855e-22,3.6980789889
6.9533705767e-23,2.0454858297
5.0351930693e-23,1.4423857190
6.7051252507e-23,1.9683020775
8.4078389201e-23,2.5153384545
1.0098615784e-22,3.2164551075
9.4957668519e-23,4.9480915870
5.3256635825e-23,1.5362783813
7.9568998024e-23,2.3644451432
9.3458564934e-23,2.8626650272
5.3881535068e-23,1.5562727012
6.6865242645e-23,1.9625282204
5.5362199327e-23,1.6033989873
5.8062280055e-23,1.6885700943
6.4021212560e-23,1.8742939208
9.2182240374e-23,2.8114305053
6.7046271643e-23,1.9681474569
6.9492820062e-23,2.0442120314
6.1800124964e-23,1.8053031583
2.5060462950e-23,7.3918825652
5.3466755108e-23,1.5430087605
8.7233966686e-23,2.6258410619
4.7461266240e-23,1.3470911704
6.9664813809e-23,2.0495712550
9.6091099895e-26,11.5213963934
1.3713462020e-23,8.0450489782
5.3433508031e-23,1.5419443210
6.0118306464e-23,6.1203728355
6.3939686293e-23,1.8717640839
7.5398479828e-23,2.2299049136
1.0753257275e-22,3.9998454136
1.0696611283e-22,3.7192160722
4.9232769979e-23,1.4057336716
5.6883238372e-23,1.6514870547
6.6995660026e-23,5.9067058496
6.7383919865e-23,1.9786306302
5.6729633131e-23,1.6466441760
7.5862786207e-23,2.2447061980
5.4587519801e-23,1.5787844982
4.2414229680e-32,17.2571197872
6.1084375863e-23,1.7830263566
1.0751493435e-22,3.8635729426
3.0011128231e-27,13.2065800119
9.5331662054e-23,4.9320419478
5.6402147389e-23,1.6363095330
6.7737505516e-23,1.9896124997
4.3021539281e-23,1.1961056864
6.1295978404e-23,1.7896151623
5.5760641770e-23,1.6160254374
5.1709414611e-23,1.4864730305
6.4234832970e-23,1.8809222222
1.0654761452e-22,3.6548692834
4.8440957914e-23,1.3796214846
1.3352830357e-25,11.3415396643
5.2854683575e-23,1.5233818445
9.9226736370e-23,3.1225853930
4.8729229083e-23,6.4841361595
8.9171178304e-23,2.6963906494
5.9069867841e-23,1.7201469287
5.3481133058e-23,1.5434690270
1.0537361841e-22,4.3491735687
7.1369816359e-23,2.1028192992
6.7274479681e-23,1.9752324061
7.9890427618e-23,2.3749862982
1.0755210981e-22,3.9867028430
3.1013268420e-23,0.7440965696
9.7912428323e-23,3.0580361655
1.5704663896e-31,16.8482102316
4.9611154842e-23,1.4181581224
1.0294028702e-22,3.3352899802
8.7784790073e-23,2.6456649819
9.1558295653e-23,2.7869672794
1.0755752163e-22,3.8908822026
2.7627761893e-23,7.2742341279
8.3325189076e-23,2.4896313957
6.9898079243e-24,8.6696328246
1.6250646365e-28,14.4164253295
6.0902118054e-23,1.7773491472
5.2971427310e-23,1.5271304924
5.1276552779e-23,1.4724565899
1.5657663326e-25,11.2529080479
4.9385533960e-23,1.4107538450
6.1455065645e-23,1.7945670922
7.5060653064e-23,5.6541232531
4.8746409779e-23,1.3897130476
8.6978314071e-23,5.2565827833
1.0206658958e-22,3.2797799329
6.2533361092e-23,1.8280980414
6.0508710523e-23,1.7650876264
8.2030458279e-23,2.4459504450
7.3927554201e-24,8.6208649781
6.4000276065e-23,1.8736442532
1.0752579814e-22,3.8694768905
8.9035723664e-23,2.6913789647
7.3365404384e-23,2.1655029081
6.9684519878e-23,2.0501854101
7.0050967543e-23,2.0616109588
6.6708803239e-23,1.9576728897
5.2731962952e-23,1.5194386304
5.0718705332e-23,1.4543359740
7.2411875002e-23,2.1354950716
7.0468642551e-23,2.0746458389
1.0331738044e-22,3.3607407154
8.7557351401e-23,2.6374580270
1.0478617073e-22,4.4013905523
5.3721674900e-23,1.5511640569
5.7353971055e-23,1.6663110390
6.6807252250e-23,1.9607283369
8.1201246685e-23,5.4549989941
6.6255653090e-23,1.9436114594
6.1935231437e-23,1.8095051848
6.5222159621e-23,5.9617313468
7.8599481856e-23,5.5404662120
5.4613455042e-23,6.2936722024
9.1266148721e-23,2.7756339449
1.3614895588e-30,16.1436517055
5.7646604639e-23,1.6755137853
4.5384477969e-23,1.2772421085
5.5383329827e-23,1.6040691595
8.4440610037e-23,2.5277848807
7.2021220373e-23,2.1232319027
5.5166174474e-23,1.5971788529
4.3384955496e-23,1.2087101738
1.0683580998e-22,3.6973473339
6.8321486483e-23,2.0077605838
5.0695459624e-23,1.4535794494
5.9468340441e-23,1.7326092242
1.0120282701e-22,3.2287526748
7.3808719506e-23,2.1794939144
8.9578093473e-23,2.7115230827
6.0509679007e-23,1.7651178241
3.1189448626e-24,9.3230585218
2.0749359525e-24,9.6246204445
5.8266034065e-23,1.6949634579
5.6622210180e-23,1.6432556347
6.0566638416e-23,1.7668937289
8.9631159771e-23,2.7135052128
8.9871481797e-23,2.7225074342
9.0615337985e-36,19.6428493598
3.0888901370e-38,21.0608579884
5.3995781469e-28,13.9359732822
6.4977914809e-27,12.8586369675
5.4427009440e-23,6.2996090134
6.9858628726e-23,2.0556128046
8.4002316910e-28,13.7532272929
1.0492848999e-22,4.3892673326
8.2014076247e-23,2.4454016138
1.1716027689e-23,8.1991437793
9.3165201757e-23,2.8507377925
8.2075327843e-23,2.4474541401
7.7947640750e-23,2.3116815787
6.1885437947e-23,1.8079566306
9.5125574123e-23,2.9323722317
5.4647062610e-23,1.5806795742
8.5658903973e-23,2.5700768498
3.7297127738e-23,6.8829138121
1.4126902562e-23,8.0153206215
5.8182787823e-23,1.6923518751
5.3879251162e-23,1.5561997442
7.8952743167e-23,2.3443127442
3.3137582503e-25,10.8202881820
1.0758158714e-22,3.9527871006
8.5809257832e-23,2.5753447711
4.6545230042e-25,10.6150095436
5.9230860923e-23,1.7251836446
1.0331892909e-22,3.3608473606
6.1042497500e-23,1.7817220514
1.0707498369e-22,4.1339679733
1.0354354659e-22,3.3765128432
6.2287406191e-23,1.8204543962
8.3869874199e-23,2.5081986511
5.4794235978e-23,1.5853613655
9.2531932772e-23,5.0479797313
6.0544763520e-23,1.7662117298
9.9363389121e-23,3.1295415029
6.4020841098e-23,1.8742823943
6.2785230567e-23,1.8359230533
2.4647201545e-24,9.4992407120
6.9713621829e-23,2.0510924433
8.4176815336e-23,2.5187149941
6.4042991258e-23,1.8749697140
4.3688920770e-23,6.6540659295
2.0275605139e-32,17.4822278649
5.7716940070e-23,1.6777242989
5.5349815466e-23,1.6030061929
9.3290212785e-23,2.8558088406
6.3770798881e-23,1.8665229382
5.0221012287e-23,1.4381129706
6.2169763633e-23,1.8167974728
7.1599440367e-23,2.1100099872
4.4928355264e-23,1.2617258296
4.6087595746e-23,1.3010330607
5.6432968830e-23,1.6372827516
7.7197079619e-23,2.2874664799
1.0749567069e-22,4.0191470909
4.8936385328e-23,1.3959777177
4.7127788029e-23,1.3359592042
4.6227991575e-23,6.5675166680
1.7820867611e-24,9.7331745237
6.1130521006e-26,11.7618935823
6.2808786206e-23,1.8366547550
6.1442084276e-23,1.7941630716
9.9823927274e-23,4.7199155561
6.0153084700e-23,1.7539946865
5.9852067035e-23,1.7445979722
1.0223813842e-22,3.2903393765
6.0302744246e-23,1.7586640587
5.6034725337e-23,1.6246984390
9.0908600088e-23,2.7618635957
5.2107228209e-23,1.4993217360
6.6170155467e-23,1.9409588149
5.5806657160e-23,1.6174822363
5.6762324041e-23,1.6476750963
9.6136768557e-23,2.9764787393
5.1458059249e-23,1.4783385415
5.6695586659e-23,1.6455703695
5.1593982909e-23,1.4827389451
7.2666931022e-23,2.1435109453
5.5679865896e-23,1.6134674618
5.6267193962e-23,1.6320468211
6.4435828899e-23,1.8871581895
5.1098708642e-28,13.9585431451
1.0454864152e-22,3.4522987995
4.8502349829e-23,1.3816516529
6.4998883266e-23,1.9046249702
5.9569932421e-23,1.7357844034
3.9043646316e-29,14.9598414312
6.1775656201e-23,1.8045420454
5.7414806969e-23,1.6682249894
8.2095310890e-23,2.4481240478
7.5403017623e-23,5.6432328230
7.7767816849e-23,2.3058686166
7.6677158523e-23,2.2707627690
5.8863178784e-23,1.7136772500
6.2699218918e-23,1.8332511310
6.3334300836e-23,1.8529739382
7.3129998657e-23,5.7151980850
1.0742569723e-22,4.0468356930
6.1768795996e-23,1.8043286501
4.9673540649e-23,1.4202033478
5.6510918732e-23,1.6397435666
5.3685675882e-23,1.5500130527
6.3282335147e-23,1.8513605839
5.6949198102e-23,1.6535657711
6.9514755212e-23,5.8283868014
5.4847454824e-23,1.5870535279
6.7100919106e-23,1.9698439100
9.6456232393e-23,2.9907405486
6.7345468091e-23,1.9774366230
5.7253835686e-23,1.6631597853
5.7858195672e-23,1.6821621050
7.6606526207e-23,2.2684977629
9.5416439471e-23,4.9283765375
6.2954217708e-23,1.8411718259
1.0274070396e-22,4.5510721231
6.6269068850e-23,1.9440277056
7.1312508332e-23,2.1010254908
1.0654800552e-22,3.6549226470
5.4098030777e-23,1.5631845682
8.1423037309e-23,2.4256612504
1.5063554106e-26,12.4637916772
5.0850822742e-23,1.4586334956
8.3916630713e-23,2.5097980833
7.4322649729e-23,2.1957480666
2.5439815968e-26,12.2081761855
6.0487835656e-23,1.7644367247
6.0157048413e-23,1.7541183749
5.5358980218e-23,1.6032968849
1.0675815641e-22,4.1880760655
5.7975433927e-23,1.6858437648
5.3091393811e-23,1.5309800913
9.3426912676e-23,2.8613735885
6.9298847946e-23,2.0381702622
4.4435405399e-23,1.2448808442
6.4308424875e-23,1.8832054991
9.9472852904e-23,3.1351501704
5.2713547667e-23,1.5188466812
5.4152871102e-23,1.5649342038
6.8987508246e-23,2.0284775572
1.9673014956e-23,7.6678631363
7.1936217947e-23,2.1205657651
3.9522269257e-30,15.7805710623
4.7031750744e-23,1.3327476101
9.4921866648e-23,2.9236642689
5.6276983195e-23,1.6323561073
5.4768948803e-23,1.5845571780
8.1055154256e-23,2.4134319091
1.5373700613e-23,7.9294587883
9.4047114316e-23,2.8868865100
5.9837334596e-25,10.4590799658
8.8054554739e-23,2.6554395741
5.2937830181e-23,1.5260519369
6.3693894705e-25,10.4197279629
6.5248070868e-23,1.9123546106
5.7169051096e-23,1.6604907266
4.6928113169e-23,1.3292789406
6.9632500635e-23,2.0485642461
8.8918784871e-23,2.6870624116
6.3085941977e-23,1.8452625491
1.0161180454e-22,3.2524926502
1.0254659084e-23,8.3253300666
5.7058661104e-23,1.6570143554
5.0393241778e-23,1.4437331888
4.6227560540e-23,1.3057510228
6.4620889045e-23,1.8928993178
1.0648623205e-22,3.6466111762
8.3402147062e-23,2.4922475811
8.3124649274e-23,2.4828248620
4.7427881861e-23,1.3459781339
5.7124353571e-23,1.6590832947
9.6841881803e-23,3.0081844461
1.0743661813e-22,4.0429890183
5.9362663756e-23,1.7293054790
7.4406369473e-23,2.1983995643
9.9685635679e-23,3.1461485705
1.0409693318e-22,3.4169612389
1.0514120490e-22,3.5027333131
9.7744060524e-23,4.8232352119
5.5149541749e-23,1.5966508197
1.0708255380e-22,3.7407875926
5.4357782557e-23,1.5714674978
5.5199058475e-23,1.5982226919
1.0757597777e-22,3.9104123237
6.5769149347e-23,1.9285183822
1.2152057881e-30,16.1817419886
4.6879436522e-27,13.0073146216
7.6290566944e-23,2.2583776814
6.3626138111e-23,1.8620331445
6.3353235722e-23,1.8535617820
2.6665148343e-23,0.5557950828
6.7290794860e-23,1.9757389850
5.5735252839e-23,1.6152215276
7.0434493822e-23,2.0735796080
6.8615139745e-23,2.0168920394
5.8781041282e-23,1.7111051512
6.3299419485e-23,1.8518910016
1.0758159355e-22,3.9527719858
3.3835965105e-23,0.8579139286
4.7697929378e-23,1.3549728386
5.2143122044e-23,1.5004795354
5.8042513145e-23,1.6879496269
1.0172551633e-22,4.6140585537
6.4851582070e-23,1.9000556873
5.6095913917e-23,1.6266333059
6.0229905661e-23,1.7563916978
5.9996805918e-23,1.7491170575
9.9377698814e-23,3.1302728315
1.0652885629e-22,3.6523206969
6.2141248203e-23,1.8159109785
5.7886892449e-23,1.6830634093
5.2120923422e-23,1.4997635210
5.0640659397e-23,1.4517955313
6.4338869668e-23,1.8841500632
5.0972029402e-23,1.4625728440
1.0593061495e-22,3.5802931757
6.0524019588e-23,1.7655649614
7.4463756957e-23,2.2002177028
6.8674744078e-23,2.0187460187
6.9807234178e-23,2.0540104937
1.7059280493e-37,20.6469996222
5.7379758466e-23,1.6671223839
8.8298127761e-23,2.6643036846
1.0049629046e-22,3.1893040050
5.9183085899e-23,1.7236892233
9.8956827933e-23,4.7642919623
5.6709595326e-23,1.6460122120
5.0157954910e-23,1.4360536199
1.0690972791e-22,3.7094977142
5.7277068888e-23,1.6638910340
1.0105644052e-22,4.6528583034
5.4979353756e-23,1.5912456059
5.9075101978e-23,1.7203107157
6.7088575133e-23,1.9694607018
2.3312812487e-23,7.4765605847
6.8674500607e-23,2.0187384452
5.6462581130e-23,1.6382176776
6.0303588243e-23,1.7586903869
6.3881080827e-23,1.8699454235
5.9932548698e-23,1.7471109933
5.8259769878e-23,1.6947669633
7.4117142650e-31,16.3460710151
7.9731786124e-23,2.3697801621
5.4688917855e-23,1.5820113823
4.9658123063e-23,1.4196979898
7.2374821036e-23,2.1343311678
4.4339509170e-23,1.2415945209
9.3102063900e-23,2.8481830223
4.6204258563e-23,1.3049659607
2.0469320564e-24,9.6343995727
4.9490466090e-23,1.4141989332
8.3816590371e-23,2.5063770298
7.7390177069e-23,2.2936845584
1.0686124754e-22,4.1718234471
5.2820498165e-23,1.5222836854
3.6476613291e-23,6.9136866483
7.2796088822e-23,2.1475730283
4.5780638208e-23,1.2906654032
5.5707553006e-23,1.6143443456
6.8084922766e-23,2.0004072935
5.9356588449e-23,1.7291155198
6.7734075585e-23,1.9895059497
