sampled_beta
6.2006667782
5.5024952738
1.7640432299
1.6535315774
2.3272144991
2.1413405743
9.9797507287
17.6970222005
1.3408465240
1.8910874160
1.9766562841
1.5450791647
2.3805802049
1.5450547361
1.6126981372
1.4332566595
1.6460947621
0.6974553208
3.0000672703
1.1464071021
2.1219969389
1.7887670396
1.6582804662
1.5744441227
1.6841135288
2.8846114147
1.9594379290
1.2265579275
2.7649695495
2.9946920899
2.3308476143
3.6039029089
1.3485657670
2.6248622465
1.7960498238
10.1028291978
1.6301870711
2.1051842370
1.7275279039
1.6491917390
2.1741435015
3.2652929228
1.5222804429
2.2269310733
1.6323016402
2.1487444665
1.3946954622
1.6558871399
1.6085004383
1.6455612429
1.5722300042
1.6912723635
2.0374470549
1.7687505958
1.6956006240
4.6197757396
10.2544156216
1.6617152877
1.8716098903
1.3608937335
2.1651065721
2.6414335054
6.7586606773
1.8077583555
1.6485110757
1.9639913826
2.2885854832
1.8915196343
2.4936611977
1.4990753430
1.7942008470
1.6994586179
1.7459379983
1.6887775327
1.6734442190
1.5289939682
1.9094788095
3.0151552027
3.7966792579
1.5926726560
1.9375541894
2.6784465817
6.6510309565
1.9495781482
5.6369872547
3.1442094310
1.9592284174
1.4678618602
3.3119332948
1.8205853219
1.5428328008
1.9929889079
6.0983825552
1.5784084949
1.6452297942
1.6011849673
2.4337666570
1.7715007398
1.7502273261
1.5623971429
4.3057421894
3.0447616377
4.7413943641
1.5752270298
1.2081854565
9.5406161659
2.1454531095
1.7483201313
2.0354203414
1.6082617377
1.7222193430
1.5648995768
1.6492644082
5.0171606642
23.9639291157
5.5381486878
4.4196399184
4.1634399810
1.7659813804
2.6539798782
0.6918567874
1.6595087440
2.0205348457
2.0665056218
1.7080432789
1.8496158892
3.6692508158
1.4379974628
1.8793892996
3.6436427604
3.1910747598
1.5027438239
1.3181139427
1.6502720434
1.7035133542
2.0433946516
4.4667540282
1.6152052600
1.8666153934
1.7808034881
3.3168095635
17.3600097656
23.8037294626
6.3844957047
2.3010612120
1.4345815273
1.6298302365
1.8950231134
1.9057738233
2.3129519959
1.7258495497
1.6820365429
6.2193965076
3.8768818333
1.7134588387
1.8434323817
2.2102323244
3.8639268957
5.4038261307
1.4964516110
5.0103263075
1.8897042519
2.0760378399
1.6961461258
1.5373255186
1.9046586892
2.0419569207
2.9796169736
1.9954701018
1.6136649896
10.3714910741
1.7226651484
2.0520831238
2.1484624973
1.6494398936
1.9791222751
2.2006503079
10.2754975613
9.3312576824
1.7815290320
1.6469061341
1.9522469494
1.3957544389
3.1927433963
1.8288165393
1.7819999018
2.8112775684
2.5513873693
5.2597032005
1.3912751882
4.8224599921
1.1110806453
3.7505505337
2.8118235001
1.8580560354
1.4613714099
1.8774689682
1.7109679598
2.0386635318
1.6007463178
3.0790792793
1.6486857617
1.7410680622
5.1388034873
2.4462017331
2.8472144190
1.7363087753
1.6768165822
1.6198581875
2.0793854557
1.6977207737
1.7849808914
2.1699696367
3.9823963592
3.3527584671
2.0260515346
1.7295367790
1.6641724366
4.0040267651
2.0425534476
2.4544170701
5.1701959897
2.5963566574
1.5922051009
14.6658023372
1.7422896568
1.6719440154
16.4749020604
1.2801051769
1.8251273698
2.4811831195
1.4972083508
1.8926192485
1.3714286057
2.6137278187
8.2940058829
2.3662378948
2.1793536905
1.5956448300
1.6523844343
6.2819495460
13.1354428378
2.1743502026
1.3690690587
2.6589966121
3.5054909666
17.5779597301
1.4099075596
2.3272859311
1.6123413593
1.5471895475
15.6372893422
2.8321352384
2.6183798983
3.4107671016
4.9503524852
4.8834046495
1.6964502788
2.2612165892
3.4929826023
2.7720063301
3.3105283403
5.8258564327
1.5135941175
1.5771685571
1.7001815124
1.2078602290
1.5137962422
2.8899105413
2.0584705798
3.1265275374
1.7354634342
2.2330179139
1.6540740348
2.8467922628
12.0623941530
1.6136955895
5.6343274308
1.8897326135
1.7020914003
1.5076627616
1.4751728822
2.9911615838
1.8285964635
1.6517970951
2.3656982840
2.5151645151
2.6735266839
2.9823330323
2.9890763322
1.9997721783
3.3588582993
6.9075646328
2.2225468745
1.9533910398
1.8676937671
2.2080297820
2.5735761418
1.9296607795
0.8977871890
1.8131004718
2.0577381263
2.3292173365
1.7058252588
1.4957727521
6.9829301459
1.2362583009
1.5189718534
1.6882963578
5.9858730117
3.0053012373
1.4641363645
4.5565471988
1.4218524929
9.6424085720
1.6311077544
1.5263147885
1.6052669683
1.2845251931
2.2540676203
1.6466745186
1.4993138652
5.5536825919
1.6382270348
1.8644797767
2.0050207810
2.2223325539
3.1570413771
1.7439223692
1.7959663661
2.5698632499
2.1589602961
7.3727956509
1.5177343934
1.6052204905
3.0812744849
2.6504054832
3.7502878723
5.8219709022
2.7759769186
3.2742638656
5.7141907318
32.1620190760
18.7827805996
1.2615484613
17.1891541533
1.9668853647
3.4509384939
1.2211441782
1.7676962454
4.0657277963
1.6241428580
6.1596345523
13.9473090761
1.9718346389
3.4593336667
3.1840314554
2.1631150680
1.7530524604
1.5266391631
2.1447315671
2.2691536351
1.8498213169
1.6550861900
1.7096069118
3.7334254867
1.5204267277
2.4056301726
2.5962156899
1.5054232713
1.6325646005
1.9850365140
1.3889526400
1.4881337703
2.3933258339
1.6185104076
4.9818968934
4.3153129033
1.5516841869
1.7006118643
3.7502083920
1.6444749355
2.6320295506
1.6513224520
2.5420302334
1.9138262999
3.4291783743
1.3008260918
1.4158186869
1.5481676256
1.2949858644
1.3403859527
1.6305240370
1.8872274685
1.4827190049
21.0475558638
14.6531564175
12.7163565525
4.1390140837
1.8795594601
1.3433768955
2.5030085987
3.2319236324
2.1362115519
4.3056704337
15.3475366289
2.8284874038
4.7783579010
6.2817658299
3.7528013956
1.6799477455
7.1218493100
16.3171212021
31.3902545199
1.8225139863
3.0252329612
2.0505756954
3.9449490654
1.8741676805
6.2253901986
36.1528595141
6.2369779205
1.4304238673
1.8566732927
2.0873941308
1.4769261270
1.6683027253
1.7295627720
2.5966759142
1.9286537223
2.5743931110
2.7830503437
1.4895606324
4.6206949567
1.5795340294
1.6445874585
4.1935995282
6.0802177447
1.7279117250
2.4174949587
7.1070929427
1.3031809140
1.8929461765
1.3622983361
3.0057371759
1.5708341724
1.7329740212
3.8771771421
2.3983349088
1.9284346984
2.3899931735
9.1686282044
1.7736687464
1.7323769672
2.2140814296
1.6509079025
17.8460634072
1.6838513394
1.3242110086
6.1252706761
1.6458744897
1.3286049281
1.6429505651
1.5058476817
1.4790769133
1.6594571483
1.0406564219
1.5317613176
3.4508978621
1.5017367906
5.4813488393
1.9550806869
1.9196519538
5.6848701069
4.3239189815
1.7701589337
2.0255271393
7.4062248710
2.4443451726
2.2487319464
3.5720679593
1.9729521361
6.4013476441
2.1573152885
1.6198104719
2.3256772101
1.4380286752
1.4492773468
2.2193502072
1.8273066623
1.5112409504
1.7103867070
7.6855650384
1.5869536492
1.6303573582
2.9262042070
4.7523466733
1.9119556945
1.7492175372
3.1171977116
2.4990995833
2.6812228635
1.5901763352
3.6104699528
1.6926474632
1.8049098329
1.8571248883
2.2313994698
1.5963391008
2.3972173304
2.1543839476
9.0907169982
2.3111596328
1.7061348374
1.6139731960
1.6665509732
1.4517281475
3.1736183574
1.5990787863
1.5573730846
1.8611067473
4.3118953279
1.6908091144
3.4968278857
1.7196451907
10.0489094412
4.0172672937
1.4935356369
3.1312945496
2.0107659106
2.0291437049
2.1210743000
3.2381725125
1.7567969636
4.0387323505
1.7034387370
1.6433538897
2.3133114135
1.5142958622
1.2251116520
2.0874638332
3.0983423965
7.5619687265
1.7711166317
1.8902425447
2.2700009104
2.1662698478
1.6383863463
2.0236646516
1.6191980974
2.0719180920
4.2874570527
1.3348750908
1.7979513449
2.6008811496
15.0952851464
1.6351170097
1.9218110319
1.6742062764
1.6465492581
3.7630657839
1.9071429671
1.5796849445
9.8481050528
2.0110981667
2.3341406683
3.2959457038
1.3383623972
1.8412994150
1.8981080072
2.3957994502
3.4664487295
1.9477170609
1.5132983736
2.1468912684
1.5021047381
1.6537097028
1.8269330540
2.4485831042
1.6174842913
1.9869451478
3.8068585738
1.8171183928
4.3075975315
1.8121334056
2.2380085538
1.7915735357
1.8112371774
1.5486404065
1.6147257656
3.0318975227
1.8160779664
10.2686449600
1.6064465764
2.8676152329
1.5842847997
14.2981985883
7.2979578797
16.4314249048
1.8216625422
2.5394267369
1.5160854262
1.9245685578
1.5395594184
5.2194608636
6.7516945920
1.6249596864
1.4066374609
2.1519122461
3.7032067600
1.6480757264
1.8345059131
24.2216004774
13.4690348848
1.7942233343
1.7447991741
2.2008937997
17.2141125192
2.1503157013
12.5992418709
4.1782343672
2.9457723848
2.4744378130
1.6285388072
14.2258520397
2.9991881374
3.4085780472
1.6465579093
2.4052629481
2.5452838762
4.3055995028
2.5594762275
2.7307169371
1.3890852163
1.6554291232
2.7671105562
1.6150028240
1.5897350823
1.6239975593
1.7978439770
1.7547857928
1.6806323040
3.6081894202
2.9618125336
10.8885231937
1.8798509986
1.8027240584
1.4712240501
3.2302242589
2.8008590139
8.1768779623
4.4633242334
2.0426604880
2.2180522614
2.4783714509
4.7286292058
2.5332656463
32.0784618370
3.5883069772
2.8515433349
4.1469359990
2.0892588760
6.2167911958
1.5712027784
1.6512154222
2.3031773560
1.4211709016
1.8572036478
4.4388142381
2.0505073137
2.9803669861
1.2580386456
3.2484587483
2.6507737329
5.6874346510
7.3978528895
5.1593041184
1.6820259296
6.4479096006
3.5166433566
18.6086633373
3.5142705777
1.6690236830
1.5415325280
1.7944679116
1.8601729498
1.1935938478
1.5278560712
6.8903286701
2.2067734138
2.1136318181
2.4982611653
2.4092053458
1.5322970059
1.5921621142
2.1843315260
2.6512137667
28.8067899454
6.5335651540
1.6796797347
5.9450539822
2.7557102886
3.6117564726
4.1829090656
2.4657595325
1.8752394189
1.6162973321
1.6766470652
1.7259295272
1.6243760154
1.9171194595
2.9066825561
4.4498391019
2.0507858880
1.4647039656
1.5499548925
1.7164153706
1.5082468045
2.0516764367
3.4255196975
2.8789504599
5.6397982488
3.5241529636
3.5331718709
3.9799582466
8.8510209207
1.9843695300
12.8748946489
3.7269610898
1.7082812818
1.6699857422
1.4553436156
2.4655361295
5.5960533852
1.2218542751
2.7353201143
1.2366878918
2.0166842889
1.8998816482
1.8447900670
3.6213553285
1.9943253314
1.6110153876
5.0858220781
2.8671135421
2.6293742212
1.3465547907
1.6485632442
5.7805858989
2.2712309240
1.4100618185
3.3521334202
1.4818533681
1.8961699635
3.1510409391
2.3796094973
1.4873699723
2.3830247751
2.9574633171
1.2380298380
2.8958097946
4.5760409739
2.8856361138
1.6388088609
1.5931026125
1.8456137430
1.9197571723
1.4623396295
2.0917349357
1.4582210134
2.1640307871
4.1893060960
2.3661230120
1.4224854969
23.9993556214
9.7413522466
2.9765768539
5.4842077313
1.6981782749
1.3022658672
3.8085685506
3.1943270475
19.1723343370
13.0367779775
1.9476392592
4.0620569184
1.6195476826
2.5687180245
1.7729185870
1.4820752146
1.6892468915
1.6630608634
2.1047800839
1.8108725106
3.4557402726
1.6834693846
1.5183491901
1.9067406359
6.8409434224
9.3866488730
2.1994980690
1.4961728405
1.4205495842
2.3701458522
4.5690362342
1.8050697751
1.8269639532
2.5142971440
8.3240624143
1.3611533293
1.6181148212
1.6397840080
3.3561485069
14.2661218615
2.4332599944
4.6063907951
2.0453456930
4.0319370010
2.0607641525
1.9131817814
1.8126270005
4.7800884294
1.6472671931
1.9280465558
2.8666632957
1.7770330523
2.6419123582
1.3578608849
2.1795893924
4.7124958556
1.3228314037
0.8465912769
2.3835159602
1.3769702374
3.1117691879
2.2425343768
1.8596044200
1.4874211077
6.8164483574
17.7492180536
1.5326381891
1.5149971296
2.6946031641
1.8866065138
1.9944896687
1.6724502498
1.9127642519
2.0618146358
1.8699271289
8.3764146290
2.7782992891
3.6045120271
3.2683621090
1.6371273158
1.2975354776
3.6404934591
1.3119717084
2.4895959304
2.6707777266
1.2871812581
3.0616200016
1.5230357835
2.1851490574
5.7344245265
2.6942477129
17.1503351301
4.2971734893
5.9355187486
1.9218476424
1.5731367364
6.2210046860
0.7189593421
1.5340641961
1.5736964172
3.2356619872
1.3608265354
1.6569507311
3.9998537509
1.8761358659
1.6410963843
1.5452319912
6.3395143916
1.6360421863
3.3176092036
1.6519593064
1.7022173199
3.8834901177
7.8123359179
1.2674447699
2.9794094330
2.2196264058
2.1333042662
2.1172459051
1.9808891604
1.4469968125
1.4975522438
1.6615829889
1.3246547598
1.5363984738
1.6198637502
1.2800686993
1.8678961894
6.7989682907
2.0718528120
3.0596699771
0.8778923194
2.8667074619
2.7627121395
5.0867689509
1.6895537314
2.3204891385
1.4209492925
1.2232997937
5.6814593968
1.9807116960
4.5547003843
3.7545493487
2.8947625003
0.9926480153
3.3173282669
1.8904063256
9.9778797179
2.3151408752
2.0683397211
1.5216986673
1.6791416583
23.0054513814
11.4543588876
6.5945624488
1.9478968390
8.4452384561
1.7862525335
2.2612246367
1.6715570772
1.8283205542
1.3678578082
1.7803180322
1.8180628627
1.3880838524
3.0841319156
2.1917422608
0.8679250243
1.6658332702
4.2955736241
1.2068891375
1.7630453099
1.3663288075
1.5508522512
10.8885800673
3.3976224308
2.1167583234
1.7456481221
1.2605592717
2.0398646925
4.2414426982
1.7499700780
7.9347949009
1.3194509101
1.8445368217
1.7295692950
1.7156970173
1.5785718447
2.5469760024
2.2654201951
2.9865096502
2.5477981871
5.0722640810
1.8525599668
1.3877229480
1.2854781354
1.6490739523
24.2850009376
1.8822310714
1.6703005511
1.2425896717
1.8945331517
1.5421723956
5.5473091408
1.5950893954
8.9767604386
14.9039432674
19.9030218948
1.9510046085
1.7812706873
1.5123973566
1.7238889882
2.3174989252
1.6762069602
1.3927596301
1.9242012278
1.8008305757
3.1185952391
1.8780927800
2.5162767822
3.8586317888
4.9990081221
2.5940479657
1.7252521677
1.8282917984
1.6970646313
1.9092734522
1.7143897513
1.5445194159
2.4084212469
1.2609612381
0.7144537382
4.9731127709
7.0624223841
1.6480480407
2.6935015566
0.2387593521
2.3826167090
2.3666749904
1.4990974931
1.7471483530
2.5973832229
2.1086170619
1.6767272001
5.2820558242
1.5768457034
1.6545063597
7.9434141878
2.8722504397
2.5061288274
1.6023792602
1.7396050385
10.1777948009
1.9039669251
1.9640034904
1.5085689559
1.7877331793
6.9856113551
1.5620827272
6.7465773677
1.5855847730
2.0161917797
2.9042062805
1.7230041577
3.1928534757
3.2413431646
0.9895251148
1.7163376913
1.3900004476
1.9495170578
3.3870829295
6.6585113461
20.7884578618
4.4189278766
1.4415377528
1.8021408391
1.7278168839
5.9623260993
31.4696374142
1.6645144872
1.7058854960
2.7050636194
2.0376391590
1.5654400845
2.2510280728
6.6579628888
4.9401153195
5.2781908193
1.6842826908
1.4876499880
2.2927180707
16.7881814718
1.6822594750
4.3456997348
1.9866667201
1.2345204186
1.2966594308
2.4123823119
6.1646334789
1.9208135165
1.9876060505
2.4062140767
2.1648889429
2.2214003162
2.7428155483
1.2038612225
1.5384055655
1.8529291948
7.9939273426
1.9613571684
2.0425185207
2.0015024950
4.9374489589
1.6357295139
1.7955635862
28.5150450937
1.2301246355
4.0772214480
2.0359067961
1.9958171026
2.6318804386
5.1416439878
2.0974330536
2.1279227008
0.3839271110
1.5029713855
1.7973457770
2.1743092921
2.1839274917
2.1518184426
12.3546197465
1.9466429232
1.8123161475
2.0198617310
2.0934265555
1.7197436308
11.3819324567
2.1152444960
2.1712466627
1.8385388019
1.6937428264
1.6942004739
6.2977098801
3.1804631872
5.5596942476
2.8568901157
1.2271757295
3.1632509481
2.0180737994
1.2406133096
3.1744134758
1.4819126010
7.0005579494
3.3337868672
3.5794917784
1.6790146793
1.3600210736
1.3657598070
1.8448483112
1.6603701811
2.8896545050
5.0927129264
2.9640266713
5.6008404546
3.0674682543
1.6635925198
4.7739097222
1.9692730356
2.2156491651
3.2129411386
1.9345341177
2.0996963676
1.7303771131
1.5557420338
21.5230562838
27.2009700740
1.6052195074
1.8905414108
2.3008537153
1.9273743865
2.4861352936
1.7508894003
1.4151100126
1.3083138965
1.8709450094
1.3449920955
2.9244908641
3.5601693994
4.0175020761
1.0348116676
1.4909531479
1.7081696508
1.9076975498
3.4782044134
1.6419552053
3.0840474417
2.0422396795
2.2519746981
5.2771184789
2.4603687536
1.4520430238
1.3642035847
3.7695204559
3.0382457303
1.4712660223
11.8224062130
4.4726982695
1.3983456742
4.7299208025
2.0866141593
2.7564084210
3.2494336298
2.4231974573
6.6154005421
1.4492098479
1.6140372184
2.2842909881
3.5645290080
18.4957401298
1.8534779449
1.7529659804
3.0475142251
1.4189238056
1.7428607687
3.9412267915
1.9266531959
2.1441734502
6.9537223434
1.5689136114
2.0156180705
1.6937111971
1.6933552180
1.6768292201
1.7474521822
14.0062189910
1.8146519219
1.5942403979
1.8847795337
2.0162982072
3.6610317431
30.0129093662
2.7117681520
1.7798776084
2.9174410660
2.5692908540
1.5020441213
1.5423903470
1.4245113720
3.1273710481
1.3682624973
1.6748517892
1.4772008762
3.4338564067
0.4301562106
1.6755738952
1.6457223907
1.7554248351
1.4006908973
1.4189202889
1.8224963079
1.4464165458
1.8125061055
1.6634510107
3.0437339926
1.8913351352
1.5909633109
6.5428844671
2.6410909637
1.7579717623
1.9052792107
3.6227043772
3.1555659956
5.0443663712
1.9180530103
1.2296505484
1.8004753320
7.3305207768
1.6117215502
1.9361356500
1.7991814744
1.6619352298
4.3282375351
2.3151022852
3.1881153821
1.6276117271
1.7596002967
4.6258268906
1.4535491095
1.8556091365
6.4348501460
3.3268402156
1.8475942570
2.4390998415
2.0409011145
1.8921691569
4.3163751464
5.3197859908
1.9010937642
1.9284878754
2.0076034794
1.7269905829
1.5250760973
5.6411634303
1.4535254947
2.9927453575
7.6332906279
1.6656058299
3.8457968457
11.8396696007
39.6675377840
2.8304279697
2.1446627137
4.4484979124
4.7389274850
2.2050076047
2.6114495327
1.4406027742
2.8700888182
2.0466386358
2.6114778929
2.6365192252
1.8543548325
12.5543854501
2.5687417538
3.0859196046
1.5478496743
1.3845069644
1.2448846311
3.1738356057
2.5904044298
2.6003354121
1.3970934951
1.7581266146
1.8951187187
1.7641086019
15.0746534263
2.0799139524
14.4572870198
1.7461973525
1.8867853779
6.8356863129
1.4019331149
1.1092316185
2.9154005646
3.4634212931
2.9051421664
3.9674712280
6.1997146994
1.6941241282
2.4698246415
2.6248107898
1.6409935461
4.8145719348
3.1761597232
3.8979547150
1.5458339134
1.7085578746
2.0577293674
2.0230934400
1.7320813950
1.9157776520
6.0047142496
1.6141883658
1.2891358354
1.6626127325
1.5806976782
3.7134534209
3.7676452378
1.4487785809
4.6714393966
3.6097221972
4.0446892851
1.9553335139
3.9974051969
27.4401274540
9.3899649146
4.1677600469
25.8283584859
12.5926439688
3.6037327434
1.6035879697
4.7180142045
4.0910426325
3.5432731560
1.7120448969
2.0328767948
1.1557859774
1.8290095376
2.7552730034
1.4897901111
1.6603117412
2.6912524168
10.8032591578
2.0452974070
1.2465355469
3.3929835848
2.5157418898
2.0583457354
1.7010083470
1.8558444308
3.7355275271
1.5249274625
1.7894581950
1.9433955161
2.9074164487
1.9840923957
0.2367614850
1.7768752482
2.5746829374
5.7453417327
21.9775459682
6.1118299836
20.2940947980
1.6272848887
2.2054036664
1.8888658197
2.9163916592
7.0405404645
1.7527465732
3.2229538326
1.4592794563
1.7101164929
1.5473896959
2.5975455132
2.5499854758
12.7007295226
1.4928039890
3.8051086943
10.0543573194
8.4609645872
1.7157664821
2.3853825569
1.7795706626
1.5382653257
1.5662013571
1.4696481782
1.5434767796
12.4429646268
3.6013161635
4.0784660410
1.8235439892
1.5986818115
2.4378948647
1.6152359205
8.1683508304
1.9536366926
3.2542484649
2.6286295126
1.8176808941
1.6368934854
3.1076216490
2.5525750639
1.2537928478
2.4367021490
1.6114111644
1.5197684617
2.0110135770
1.6800731756
2.6958359438
10.5035861201
1.7062419641
1.7964200250
2.2132895754
1.6106825206
2.4498233071
2.3936903038
1.4609089315
1.6013985975
1.7509843819
2.3918865697
1.6218508144
5.2113965146
7.3666569274
3.5742910881
1.7022793604
3.8797114419
1.8007603733
8.4590772750
2.3658697489
2.1915926200
1.9179235763
1.6982616808
0.6516488595
3.9487658729
1.3422035412
4.5993290957
1.4365689190
5.2490759750
2.9678610738
2.1639524990
1.9757031543
1.5163895862
1.8226594154
1.4819252753
1.7856126024
9.9801292423
1.5364331977
5.6209019131
2.4032309716
14.5733297107
23.5049733623
4.4021312452
2.0301001954
1.6687790275
1.8795762439
2.0830807637
1.7488152018
2.9163123508
1.4364288894
1.8810265884
2.8371586107
6.5101276303
2.3256864701
1.3455531902
3.4414061462
1.5379268199
1.6702931280
1.9776082703
1.4797029765
1.7658682081
1.7615557657
3.5926786052
1.4593281235
2.3686201659
6.6850277996
1.8231688993
1.8514610619
3.9595915379
4.3303087035
6.0962410927
1.5821800132
1.8400469373
1.5642520737
1.1893891216
1.5215221022
1.9831442853
2.4878512381
1.9216986144
3.1323444515
2.7426768902
1.4657042782
1.3320554663
5.2109265331
1.4213682507
3.3997040211
1.7366625048
1.4109821532
5.5373930013
2.3162966062
2.8314855054
1.3388195730
2.9225617533
2.0434705928
3.0456894120
1.5889689226
5.2560002027
1.9068776540
4.9199359772
2.1275651956
2.8535273686
1.7768678781
1.5577878782
3.6712259532
8.4138646172
1.2917874725
5.0225287563
8.2228519965
1.4615849149
1.5807398829
1.9824984092
1.4613758923
2.5270699515
4.9665501599
2.1227211936
1.9749283806
1.7357308383
4.3321730228
1.4987674354
2.0120165051
1.6390975807
2.9050502542
1.7783809470
1.6972377197
2.1194158922
5.7940621357
2.0035663572
1.9067140572
2.3313769297
3.0915790924
1.9057666937
1.8328568595
1.7430169509
11.2949266887
2.1733402705
3.2122051916
1.7701595193
1.3493139874
1.9343223500
1.7160337515
1.6835535557
7.1680840293
1.1892112851
1.5749118627
1.4796655240
2.0199062520
5.6401420821
1.3703902013
1.8841673322
1.6294023225
1.2153772153
2.5078216295
8.9358696784
3.0156780594
1.8894482616
2.9643148142
3.4812241207
2.0714826577
3.1774858076
1.7369839406
4.4536490359
2.7715342283
1.5199626429
11.5850673681
4.9662291482
1.6238258469
1.3125832955
10.6880326381
1.9712986652
2.0455854417
1.6729347303
1.6995992459
4.3446889240
1.4792528507
4.9225230144
1.7203755921
1.5318985297
0.8218545556
2.9614441061
2.4150123699
1.6088344888
1.6732379361
1.9200957293
2.2779406992
1.7088053871
2.2291143390
2.0347122309
3.0765781154
3.1624336269
1.5604611330
1.8081637501
2.2862985584
7.2461752856
6.9128863173
1.5503369198
1.3188484749
1.6936500301
4.7809069894
1.8388347678
12.3453983175
6.3713707296
5.4020226009
1.8361743908
1.6805882593
1.4157609394
1.9123315247
11.5861365951
3.0207178574
11.7668298539
6.0441861788
7.4659870072
1.9827745325
3.2469873349
1.7384471643
1.8232645070
39.5322040730
21.2098324898
1.5813807451
17.5139235504
3.8268571116
3.8942272887
2.2545028220
1.6883628268
4.0233760379
2.4734557628
1.7438019416
4.7221392744
1.9372942792
1.5848421445
4.2370732991
3.0228005511
2.4825402072
7.9964766193
10.6730504074
1.7026968321
3.1998061531
1.8072644589
3.1254901784
3.4148534828
2.2370840376
2.6235464618
7.0537015113
2.0973264249
2.9399955774
5.4843131724
2.2075966897
2.0205715264
1.6231323393
1.4302606933
2.4064923643
3.7638232212
22.5132274648
10.2680437247
1.0696728278
1.5237784846
3.3692254371
13.6648617573
1.7246674163
1.7988315551
1.2861121519
3.4432592044
1.6696280530
1.6133836501
1.7654481882
2.9773102141
3.5142516121
1.4633150640
1.6959947459
3.7214631493
3.1162764579
2.7667160616
1.9798003620
2.2913615301
4.4596136322
3.5321984352
1.8923671399
4.6890050769
1.9542674562
2.0120344733
1.6822503358
1.6749088754
1.7790549117
1.4233277409
1.6387066369
3.4978612134
2.2590725437
1.9908690532
3.3884113124
1.9191507110
3.7386378432
4.0905709238
1.9583954199
1.2336409843
2.2416323729
1.6284078287
1.2779503387
2.4858482413
1.5493037799
4.7289349869
1.3077399629
2.2323276745
2.2624864193
3.0914319060
2.1586373122
1.6822987071
1.6452706817
2.6350236339
6.8399466584
7.4200283673
2.1189608414
6.5029273433
3.5414760704
1.9867565264
1.7596860425
4.8910748657
9.0999575271
4.1843879697
2.7253071450
1.4629438559
1.8736486430
2.1888573020
3.1813389385
2.1620906545
7.9805792213
1.6669756662
2.9327877097
1.6462655212
3.8397803193
3.4461125038
2.1732983555
7.6539480391
8.9748399041
2.1533049923
4.4465526410
4.9870611244
26.3979387640
1.3908619428
14.8216112415
1.2421953798
6.3791830549
1.5588690521
1.6711116399
2.5156934982
3.5472069757
2.4800027404
2.4896824465
1.6590247633
1.9338673572
1.3252430848
1.6370670891
1.3669245497
1.7419256761
1.6493222345
1.7450907698
2.1529669471
1.5357654784
1.4640316568
1.8498870495
4.3705029445
1.6634988307
2.2153162814
3.0810348196
1.5392698367
2.1732236392
1.6877723776
2.0231398881
1.2134831830
1.9085364981
2.2857113049
1.6361889169
1.8720872799
1.4609356413
2.7144280239
1.6199125632
9.5783876809
9.6631520275
1.4664229930
3.3482783350
1.9437755778
2.8024511285
1.3194213388
11.7744044885
2.3729079447
3.2926183513
2.4153985693
1.6218723139
3.4417910800
2.5274144150
1.5205976598
11.1183739460
1.8675475075
2.8968475974
3.3609833421
3.1922390241
2.1887136988
1.3773235693
2.0970304246
20.7606554873
1.4183753745
1.6501254889
2.4479713793
1.9325610748
2.0953948124
3.0968660113
1.2521427325
4.0188952945
1.7506978796
2.6532499101
1.7284604789
1.5287371111
1.5790479036
19.4345845703
1.6434420213
1.7183459078
1.9223760731
2.0496158686
6.3052405696
1.6242373444
1.9896986596
1.3264280707
1.7521943307
2.4643879986
1.9680648598
2.2082808469
2.0691311570
1.4217774928
6.2965324814
1.8376164988
1.8336393582
2.3736026636
1.8886630664
1.6565168891
2.0211842204
2.1265895417
1.6155493365
3.6377892156
3.1562256310
3.0233067400
1.6498768472
4.4897454524
1.5952483032
11.0823862397
1.8367523426
2.0737108986
25.9234709783
2.1221413572
2.9835247824
3.4597146049
1.4912463706
1.5313122782
1.9666464157
1.5302684060
1.5872433315
1.7355149370
2.7716717259
1.9535493523
2.1796793295
2.7355503710
1.5068285730
1.5807180042
2.3164444995
2.1714762580
4.4051467419
1.6578435648
1.7320283647
2.6692405053
1.7649902496
1.8644370165
7.8487263393
3.8020565649
1.7567660136
2.0546657167
1.7886594992
1.3997681852
1.8249826352
1.5303388411
1.6518683878
2.7207000574
2.8642589038
2.1378596797
2.0229741476
2.8777520666
4.4417465960
3.4951835057
2.8497145739
4.0854088247
12.0608563352
4.3026900435
1.6061811307
2.6432255286
2.6653054914
2.9151148808
9.5886349391
14.5802014147
1.7821118813
1.7943404069
3.5029227400
5.6755709908
1.7385942124
2.3940983396
2.2426474239
2.5401953687
2.6225102194
1.4944525891
5.2877183003
1.6689519291
3.3340414146
3.4230838391
2.2632970107
1.5855540450
1.9432100576
2.9160604755
1.6818554381
4.0182637954
6.3294914798
12.2065819437
5.6308596180
3.5327972255
1.3402426386
2.3318148639
1.4435086999
1.7497597785
1.5553311560
2.9493047513
1.6188879256
1.8294432749
2.1709482858
2.0168806634
1.7397514640
1.9187452725
5.3141078299
4.3574923287
7.2937598297
10.3227148514
32.5136194268
2.6432914894
1.5496177219
1.9095078362
1.3719953359
1.7249519210
2.4711340136
4.5784495362
1.3873875842
1.9740371091
1.5352642513
1.6929996286
1.4413539754
1.5248695333
2.1685188114
1.8618828725
2.5743134588
1.6622187410
1.6582111984
5.0889947764
2.5450794188
2.6893181950
15.9027310416
3.4136363628
1.7517400715
2.8377170526
1.4632727292
2.8762679059
10.1110728298
2.7027031700
1.2589852238
6.1305782357
3.3226694729
1.4614937965
1.6374646384
2.0245115857
1.1799756169
2.0399852871
2.1780712043
1.7757456384
1.8544991844
4.7853360285
1.9099205284
2.3295218010
3.4686964863
1.7393743924
3.4289158400
8.7502858485
2.4622970047
0.6918612787
1.5341339972
1.2528028614
6.7957451665
1.2352578622
1.9388804918
1.4576996063
4.5215888873
3.1394307489
4.1737359937
1.6919706965
2.0728643839
16.4877444745
1.4981692932
1.3288900071
1.8850032986
1.8623255238
1.5472209902
1.5745305112
14.3901045278
9.3901011782
6.4349862239
1.5991733327
3.4174355912
1.5684118396
3.2068801760
1.9068244993
1.6367585747
3.2936884173
3.2831680614
2.1827296143
1.6396057336
2.3003580472
3.1412606194
4.0877170739
1.6039743273
1.7446314748
2.6092621738
2.1461115952
1.4026015411
1.6201426918
2.1364356056
1.7385731083
3.5549414647
2.5300869034
6.6022427430
2.9952802599
1.9946359678
2.3911782341
1.9473734842
2.1983951212
1.8598180342
1.6589303955
0.9332718845
1.4676400471
1.8043848088
2.0227389313
6.2097935569
1.7685512575
1.2376613080
7.6906218909
2.1451842416
1.6558640981
1.5311484371
6.4504480317
2.3817646871
1.8196504114
1.8594567489
2.3978083317
1.8413757763
6.2757309635
42.0294236901
2.2298180743
1.4499906453
2.5907813568
1.6986382900
2.0991128143
3.7230033689
1.6179546447
2.7139485062
1.7695123109
4.5407183623
1.6336509014
4.1384410866
8.1840575324
1.7123697661
1.6882315969
1.7312447952
2.3053121193
2.3175447192
1.8995515141
3.0586927968
1.9788438316
2.1415633889
1.5013908309
1.6505693205
2.1419729511
2.7124351554
2.6520527715
1.9513640537
2.3095203051
3.2558753442
1.5540000365
1.4599114849
2.6965656171
10.3553089997
1.6495441096
1.7487932445
3.6483718274
1.8556778216
2.3775120169
5.2675642300
1.6004699905
2.5706802278
13.4736944002
1.5139496980
2.0854041091
4.6136304266
11.7777930074
2.1391691636
11.1149983203
8.8903332747
1.5613343478
1.9230742204
1.9796762939
3.3912148272
1.7262500787
2.0805661808
1.1273966950
1.9917300501
1.7242414027
1.8064207560
2.3706585800
2.9051614456
1.7160480699
2.2518145786
3.7950020118
3.3037166639
2.2968195177
3.6299759754
3.7695183310
1.5458234919
3.0099391134
6.7056233687
17.4119664005
1.7956375204
1.4871318295
2.1802472889
7.5114654913
1.8146618543
2.6009623601
2.1124768915
2.8220056719
1.6525115547
1.9333852273
3.8628633860
8.2476672298
2.5090861537
2.3296280175
1.5851290789
1.5736269192
1.6595494135
0.8050283894
2.1708532901
2.3046210690
1.6487447939
2.5116574960
1.8479870357
1.7890521825
2.0664339514
1.5952963380
1.6542130746
1.5332644938
1.7309179618
1.7718145174
0.9842421947
2.2000398399
2.4688128485
2.0641612837
1.8902617458
1.2438597912
5.6491214130
2.6265802871
1.6651973328
1.9805178997
2.4605923376
2.3784638299
1.8663991926
3.1776827769
10.5018096798
21.2080533751
6.0594904284
2.5067947682
1.1417703939
4.3310331492
2.8794527350
1.9819109187
1.5607481398
2.3616129170
6.5347541474
1.6191103949
3.8029357217
1.4962398474
1.6704109175
2.4805540711
1.6252109178
1.6964148720
4.6337354496
4.8020780393
9.5393700811
2.0692334366
3.7366097522
1.3270533091
1.9033395341
2.9981412283
1.5525883216
2.7478778899
0.6798634701
1.8588949702
8.3980802520
1.4891408128
1.7406627724
1.7574174036
9.1432176249
3.8348895749
1.5142128177
2.1297588047
1.6830631522
1.3387163439
1.7903581494
2.5295233773
2.7378544808
2.0135727191
3.0830759808
3.2800188033
7.6840953977
1.6688788377
2.8732214780
1.8329088175
1.9779424841
1.9308308192
1.6483815694
2.5861916803
2.0347516135
2.9603050534
1.6632171485
7.0093522044
3.0214599368
1.7211058078
2.7892026814
1.4245484747
2.0272288582
2.6996723778
1.5827496421
1.7392304116
2.6037113791
1.7804841529
2.6155302437
2.4124201461
2.4006554951
4.8063404022
1.9654367885
15.2648074409
1.5018278227
1.6988231676
1.8316545387
3.9829287610
1.6595922625
1.5858181708
1.7229482356
1.5792169821
5.3833790902
7.0880908652
1.6510708734
1.4925199199
1.8848231321
4.1732572183
1.2826614534
10.0733259648
1.5418110715
2.0323563432
2.3022660428
5.5902616402
1.7009005668
1.3876858432
1.7711358798
3.2953831182
1.5610787505
2.8689990844
1.7437878276
2.6587656803
1.5229806900
3.8224818701
1.6621626717
1.6588570672
3.7719903824
1.3719945774
4.7399405025
1.5349564265
4.3737338731
1.7725814259
1.7241456755
1.6737029923
2.7659071721
2.9535057561
3.2497008879
2.9259890413
2.0038575883
1.4129237582
1.6271335686
2.2742099558
2.0570366080
2.5660078614
1.5557851459
1.6368396045
2.2137921492
1.5070374707
2.6481832592
1.9300322994
2.4427273854
1.9215777843
2.4204352641
2.5949613883
2.6142398914
1.5078783841
1.5466694064
3.9155088190
1.5922343535
1.8831522986
1.2909931792
2.0652107892
11.2535846771
2.1678984954
1.6842072441
1.9803113448
4.9351888926
2.9475324604
1.5930628186
1.6526461765
1.7715870140
2.1861483354
2.7670807468
1.7614178536
1.8244259002
1.6601459347
3.4371175168
4.2365175337
1.7599879845
2.1402363401
3.3162463746
4.0951758206
1.0518594962
2.4624530914
1.9325767064
1.6458773763
1.4211483872
1.7901948582
1.3025204727
2.5425269185
3.2071749778
1.5716810448
1.7514943855
1.4901970823
2.7703414329
1.4989035979
1.5432566936
1.7744812483
3.8266108531
1.5361722687
2.7015696777
1.7335897552
5.1873706879
1.8831809540
1.6227451642
1.8646802024
6.7440171893
3.4552451669
1.7228390169
1.8389177157
2.2921808797
2.9047573994
3.7682044431
3.4996062782
12.4316884034
1.8846183867
1.4898642813
1.7961672292
1.5151795315
2.3585704786
32.3414613699
1.9764011429
2.2386855812
1.5696193685
2.8394759376
3.4981276117
1.3946066081
1.4784379599
3.8331696715
4.0975667513
1.8474610062
6.6137116558
2.3847022789
2.5994636144
1.5791047132
1.2763135852
1.6584571074
1.3355449511
1.5391608198
1.6844453463
2.0632124635
5.8580971041
1.4787751396
1.5874700874
1.8236183659
2.4642178759
2.1896158394
2.2481438392
1.9522731447
2.2716556659
2.3910835426
1.4318497084
1.5379889834
5.6601399461
2.8549737789
1.6464527674
2.1091085326
2.2333576247
2.3112483161
1.6678000108
1.1051726084
10.2131515114
3.7062614429
18.2366843514
1.6639874829
1.3612971597
1.6850710761
1.7465770435
1.7211693073
1.9614248063
1.4521243296
1.6560546817
1.6594509308
1.8530467414
3.1924213798
1.6451609248
1.5208897684
1.9644569320
1.6585473409
2.0306272901
4.2743287159
1.9499908588
1.8591030007
1.2940845393
2.4903356992
2.6501684736
1.6976144089
2.0319657525
2.3100973389
4.3653487146
2.0762102279
1.9598864557
1.7751007062
2.7594878667
3.6689647901
6.3853976063
7.1629605112
15.8750394333
28.8176601122
1.4370037231
24.7302313121
2.4304149992
1.2068789915
10.6050757220
4.7923111543
3.2787189338
4.0641654053
3.1130835049
2.0653815463
2.3453938458
1.7259120607
2.1095849663
1.8218431441
1.4892926030
6.9025125379
28.1551616076
1.3794447935
4.7449020181
23.3757675505
1.3320618137
2.9250146902
1.3319796439
1.4202889911
1.8100712106
9.7183866938
9.7526756075
1.7804560485
3.1024024958
3.9873758091
1.6309270501
2.2543487565
2.6561304634
1.9534406134
1.6590859085
1.6006680288
6.6157042765
1.5694258789
1.8737064065
3.6894805569
2.5742970749
18.9880803481
10.9933436571
1.5336550928
2.0013670969
1.7517834023
4.2081126877
1.6410045353
1.5545211740
1.4971434575
2.7377489951
2.4065792782
1.7419702476
3.4840112684
2.6223715061
1.8318630605
1.9322937025
1.8579940378
2.2074639739
2.9820324153
2.7172617358
1.4838077703
1.9106973977
3.5588071233
4.0316658955
1.7453927968
2.9772583444
2.2227424071
1.5488858731
1.6389999084
1.8505263016
2.3624309959
2.5029665239
1.3195781639
4.3325216032
1.6828591044
1.9219476187
1.7408828101
1.6533672741
1.9072313878
1.7188841286
4.2919416633
1.5168679155
2.7057112795
2.6317168417
2.2062569635
3.2779457086
1.6939464154
3.0124480647
2.8139647375
1.8743378989
2.2105932951
2.0403776452
1.8112689208
2.7259322198
7.1908755301
7.2851887904
6.9236495571
4.7796685600
1.6055539454
23.5725522125
2.8068120639
5.5885465354
1.6999636787
1.5502664734
1.4883825020
1.4751357815
19.7268788840
2.3515094944
1.5091420516
1.5662743201
1.2006083817
2.9659448169
3.2377641990
2.0131902169
7.5799769371
0.8564519640
2.0369948426
2.0932163620
2.8147097311
2.9222245554
4.1156882086
1.6126752347
1.9461835314
1.8969593371
2.1263643863
1.9369839775
2.4742515732
8.1053456130
2.5359285995
1.6955859592
1.7119532016
1.9267472636
1.6752880723
1.2969597980
3.8361856673
1.9556474291
2.1742269269
1.7917260796
2.5126503710
8.3346934146
1.6404704892
3.6762063106
4.4543673912
2.0788815173
1.5078253937
1.3475782672
3.1592049331
2.0691980983
2.6420766560
1.9687423994
1.5686304271
1.7064315261
3.7526640163
1.4273124240
6.8247514146
1.6884255166
1.6908434209
5.6745449615
1.6810822300
2.4515463227
1.5131038993
1.2859866251
8.6444744139
9.5685132763
4.9204483028
3.0062635884
12.8372046837
3.8485242475
6.4206224316
3.1648083485
2.7603236765
1.8674113143
1.8478612462
1.0309437807
1.5812474032
2.3611957626
1.7595407693
1.3671514167
1.8339396778
2.1151952899
4.2114574820
1.7544903631
11.6379032553
1.3033715430
1.7007966941
2.9668677284
1.4103045854
1.5944586632
2.2843535576
1.8274814413
2.3484416153
1.6345591237
1.9038058380
17.1543238527
2.4636267088
5.0186689009
6.5660321367
2.7913973460
1.5998842165
1.6628162775
2.2169302726
1.5765657149
5.9960831837
1.3929565827
1.3956357620
2.7290145513
1.4436579496
2.2327458458
13.7357854020
22.2513414622
2.3703764038
2.5159429719
3.7208378914
2.4716443333
3.7691629799
2.5289311788
1.4479545023
1.4627517873
3.2397599511
1.1344282280
1.5455937440
2.6150499940
1.7214100217
1.3974409829
1.5688435534
3.4871812115
6.5956653203
2.1783193657
2.9658327658
0.8877438770
1.4834954782
2.2785066977
1.7029275600
1.9086536029
2.1412079610
4.1579973671
26.2398926507
26.2212428473
2.3600283461
7.6935239637
2.6870660590
1.7226198058
2.4926026767
1.7974029576
3.0408290803
1.6143690119
1.7796495285
2.5075651246
8.2610467069
2.6194452975
2.1863740515
3.5018860168
3.0292158693
1.6006540305
5.6036061207
1.6998763739
1.5627055167
4.4263454299
2.2949501303
1.8955829353
15.0228110252
1.8493196221
1.3601291903
3.9240657502
3.2436029640
1.5884504533
1.9863684124
1.4880603672
2.8060405932
5.2581336864
1.7082708321
1.6448153798
2.0636225802
1.8445088904
1.2855507374
1.8754130692
2.5004884508
14.6104096546
1.6273461964
1.3536994366
1.6803867911
2.5051169547
1.4532789860
1.5480157532
1.8746758956
6.7571920505
3.5836616903
2.0104918321
1.3707894371
1.8594789863
1.6949873434
1.4984334323
1.6476964094
37.1067631666
1.7608080929
1.6511049285
2.8909648211
1.7353337553
1.6491815000
1.2962016496
5.0427514816
4.9432145373
1.4730856872
3.0579275160
1.5217702427
1.6886095061
1.9796319269
1.6363396120
4.8085587401
5.9145457585
2.7206794126
28.0052876469
4.7449162706
1.9727271733
9.1177146827
3.0278608761
10.0293680639
5.4341094511
9.6428611859
1.4181573275
34.4673468921
3.8316994283
1.7277089281
1.6011869214
2.0072999588
8.3555662994
1.4583418080
1.6506684067
1.7851111244
1.7595072265
1.5690751429
1.7114786183
3.6304291054
1.2206301383
12.4727745577
3.5152677418
1.4495804966
3.8138429562
1.8258163554
1.8954109435
2.3198194108
1.5397560446
2.7179948314
1.0026586604
2.1223267137
5.0954232702
2.4090049291
2.1136752655
2.0393570776
2.5141051452
3.5308313992
1.6444402724
1.6929320493
9.8474367629
5.4270739072
2.1226458324
0.9052750944
1.6988201043
2.1732462537
1.2673868801
3.1888282100
2.6920342921
2.1154651096
6.7335012358
1.6934331595
5.8048733066
1.6267913850
1.5696466351
5.3586813426
1.6553162985
3.0738371212
2.0999456782
1.6035048828
2.4697045345
1.9142607573
1.7152726421
12.9937874152
5.8857464020
3.1522107910
3.6980789889
2.0454858297
1.4423857190
1.9683020775
2.5153384545
3.2164551075
4.9480915870
1.5362783813
2.3644451432
2.8626650272
1.5562727012
1.9625282204
1.6033989873
1.6885700943
1.8742939208
2.8114305053
1.9681474569
2.0442120314
1.8053031583
7.3918825652
1.5430087605
2.6258410619
1.3470911704
2.0495712550
11.5213963934
8.0450489782
1.5419443210
6.1203728355
1.8717640839
2.2299049136
3.9998454136
3.7192160722
1.4057336716
1.6514870547
5.9067058496
1.9786306302
1.6466441760
2.2447061980
1.5787844982
17.2571197872
1.7830263566
3.8635729426
13.2065800119
4.9320419478
1.6363095330
1.9896124997
1.1961056864
1.7896151623
1.6160254374
1.4864730305
1.8809222222
3.6548692834
1.3796214846
11.3415396643
1.5233818445
3.1225853930
6.4841361595
2.6963906494
1.7201469287
1.5434690270
4.3491735687
2.1028192992
1.9752324061
2.3749862982
3.9867028430
0.7440965696
3.0580361655
16.8482102316
1.4181581224
3.3352899802
2.6456649819
2.7869672794
3.8908822026
7.2742341279
2.4896313957
8.6696328246
14.4164253295
1.7773491472
1.5271304924
1.4724565899
11.2529080479
1.4107538450
1.7945670922
5.6541232531
1.3897130476
5.2565827833
3.2797799329
1.8280980414
1.7650876264
2.4459504450
8.6208649781
1.8736442532
3.8694768905
2.6913789647
2.1655029081
2.0501854101
2.0616109588
1.9576728897
1.5194386304
1.4543359740
2.1354950716
2.0746458389
3.3607407154
2.6374580270
4.4013905523
1.5511640569
1.6663110390
1.9607283369
5.4549989941
1.9436114594
1.8095051848
5.9617313468
5.5404662120
6.2936722024
2.7756339449
16.1436517055
1.6755137853
1.2772421085
1.6040691595
2.5277848807
2.1232319027
1.5971788529
1.2087101738
3.6973473339
2.0077605838
1.4535794494
1.7326092242
3.2287526748
2.1794939144
2.7115230827
1.7651178241
9.3230585218
9.6246204445
1.6949634579
1.6432556347
1.7668937289
2.7135052128
2.7225074342
19.6428493598
21.0608579884
13.9359732822
12.8586369675
6.2996090134
2.0556128046
13.7532272929
4.3892673326
2.4454016138
8.1991437793
2.8507377925
2.4474541401
2.3116815787
1.8079566306
2.9323722317
1.5806795742
2.5700768498
6.8829138121
8.0153206215
1.6923518751
1.5561997442
2.3443127442
10.8202881820
3.9527871006
2.5753447711
10.6150095436
1.7251836446
3.3608473606
1.7817220514
4.1339679733
3.3765128432
1.8204543962
2.5081986511
1.5853613655
5.0479797313
1.7662117298
3.1295415029
1.8742823943
1.8359230533
9.4992407120
2.0510924433
2.5187149941
1.8749697140
6.6540659295
17.4822278649
1.6777242989
1.6030061929
2.8558088406
1.8665229382
1.4381129706
1.8167974728
2.1100099872
1.2617258296
1.3010330607
1.6372827516
2.2874664799
4.0191470909
1.3959777177
1.3359592042
6.5675166680
9.7331745237
11.7618935823
1.8366547550
1.7941630716
4.7199155561
1.7539946865
1.7445979722
3.2903393765
1.7586640587
1.6246984390
2.7618635957
1.4993217360
1.9409588149
1.6174822363
1.6476750963
2.9764787393
1.4783385415
1.6455703695
1.4827389451
2.1435109453
1.6134674618
1.6320468211
1.8871581895
13.9585431451
3.4522987995
1.3816516529
1.9046249702
1.7357844034
14.9598414312
1.8045420454
1.6682249894
2.4481240478
5.6432328230
2.3058686166
2.2707627690
1.7136772500
1.8332511310
1.8529739382
5.7151980850
4.0468356930
1.8043286501
1.4202033478
1.6397435666
1.5500130527
1.8513605839
1.6535657711
5.8283868014
1.5870535279
1.9698439100
2.9907405486
1.9774366230
1.6631597853
1.6821621050
2.2684977629
4.9283765375
1.8411718259
4.5510721231
1.9440277056
2.1010254908
3.6549226470
1.5631845682
2.4256612504
12.4637916772
1.4586334956
2.5097980833
2.1957480666
12.2081761855
1.7644367247
1.7541183749
1.6032968849
4.1880760655
1.6858437648
1.5309800913
2.8613735885
2.0381702622
1.2448808442
1.8832054991
3.1351501704
1.5188466812
1.5649342038
2.0284775572
7.6678631363
2.1205657651
15.7805710623
1.3327476101
2.9236642689
1.6323561073
1.5845571780
2.4134319091
7.9294587883
2.8868865100
10.4590799658
2.6554395741
1.5260519369
10.4197279629
1.9123546106
1.6604907266
1.3292789406
2.0485642461
2.6870624116
1.8452625491
3.2524926502
8.3253300666
1.6570143554
1.4437331888
1.3057510228
1.8928993178
3.6466111762
2.4922475811
2.4828248620
1.3459781339
1.6590832947
3.0081844461
4.0429890183
1.7293054790
2.1983995643
3.1461485705
3.4169612389
3.5027333131
4.8232352119
1.5966508197
3.7407875926
1.5714674978
1.5982226919
3.9104123237
1.9285183822
16.1817419886
13.0073146216
2.2583776814
1.8620331445
1.8535617820
0.5557950828
1.9757389850
1.6152215276
2.0735796080
2.0168920394
1.7111051512
1.8518910016
3.9527719858
0.8579139286
1.3549728386
1.5004795354
1.6879496269
4.6140585537
1.9000556873
1.6266333059
1.7563916978
1.7491170575
3.1302728315
3.6523206969
1.8159109785
1.6830634093
1.4997635210
1.4517955313
1.8841500632
1.4625728440
3.5802931757
1.7655649614
2.2002177028
2.0187460187
2.0540104937
20.6469996222
1.6671223839
2.6643036846
3.1893040050
1.7236892233
4.7642919623
1.6460122120
1.4360536199
3.7094977142
1.6638910340
4.6528583034
1.5912456059
1.7203107157
1.9694607018
7.4765605847
2.0187384452
1.6382176776
1.7586903869
1.8699454235
1.7471109933
1.6947669633
16.3460710151
2.3697801621
1.5820113823
1.4196979898
2.1343311678
1.2415945209
2.8481830223
1.3049659607
9.6343995727
1.4141989332
2.5063770298
2.2936845584
4.1718234471
1.5222836854
6.9136866483
2.1475730283
1.2906654032
1.6143443456
2.0004072935
1.7291155198
1.9895059497
