likelihood_theta1,theta1
2.4153916936e-23,2.3401643772
5.3525149254e-23,2.2599894501
1.4924149306e-28,0.2630695443
1.4721913637e-22,2.1244194309
4.0347591217e-23,1.2915041593
2.0558404996e-22,1.5591281896
1.0064807764e-22,1.4217684656
1.1586633371e-44,3.8443571015
1.2649056658e-31,0.0306019664
6.1023895407e-23,1.3466830015
1.5850611483e-25,0.7411528466
1.0675355014e-29,0.1541169540
4.3207981214e-23,1.3003036575
1.4722876906e-25,2.6764396234
3.0787847051e-26,0.5946379188
1.9141715502e-36,3.4673939445
3.4448691826e-28,0.3034288384
1.7288899648e-64,4.5375342011
7.6836428956e-24,1.1046199326
2.0091279851e-48,3.9929497235
8.8602266745e-27,0.4970549894
6.1609954088e-26,0.6551424924
3.3008056322e-22,1.9129382866
1.5984016741e-29,0.1691621769
1.1661968388e-28,0.2517457013
4.3601545229e-26,0.6245525379
2.0080809481e-28,0.2770367971
2.7479474047e-32,0.0064459603
2.7423923869e-22,1.6393774815
1.9205277775e-24,0.9700670896
3.0667399389e-22,1.9482826094
8.6281928036e-23,1.3974332423
1.1810547600e-30,0.0823690617
8.0423203083e-26,0.6791528980
3.1865804721e-24,1.0178981345
1.0717345019e-22,1.4320759605
1.5753760976e-30,0.0906615436
2.0486428803e-23,2.3550589535
8.2410805219e-24,1.1117841462
5.5713812755e-24,1.0722904772
2.7827756240e-22,1.9835244142
2.9403088222e-25,0.7978052655
3.0416766557e-28,2.9393982672
2.7072862609e-27,0.4179604443
7.7462452476e-31,0.0709031427
2.6016904472e-27,0.4155041106
2.0312011389e-23,1.2089960806
7.5638511465e-24,2.4364635392
1.0283540341e-29,3.0552750487
1.8734497640e-28,0.2737368430
2.7914688589e-29,0.1908642461
7.9333408824e-29,0.2345585322
3.1811323362e-22,1.6989432140
2.1957796431e-26,0.5666132155
2.4434483890e-25,2.6502168729
1.8107215501e-22,1.5303817041
7.0958278799e-23,1.3681835793
1.8035121563e-29,0.1737699901
9.7473469649e-23,1.4165988277
5.4771833243e-31,0.0620947483
4.9809000115e-27,0.4571236447
4.2593132294e-27,2.8374662682
1.3230853367e-22,1.4685771962
1.3095168113e-23,1.1604293198
3.3357688850e-22,1.7254554437
2.4705906462e-26,0.5762659157
6.5152154986e-26,0.6601532070
3.7607554715e-24,1.0338224239
3.2556220764e-24,2.4965672851
4.0698560961e-27,2.8393320052
2.0013535099e-28,0.2768767432
2.9017499143e-23,2.3229713901
3.5646315051e-22,1.7904588096
1.9439144533e-28,0.2754899326
1.0904123896e-22,2.1707632119
2.8073194005e-26,0.5868772057
3.5848635760e-22,1.8094414890
1.0980070601e-25,0.7075108337
3.8901886447e-24,1.0370945109
1.8768056294e-25,0.7566557222
7.8377814508e-28,0.3462685719
4.1305358344e-23,1.2945046553
6.3199238209e-23,1.3516014882
2.2544924357e-25,2.6544505315
1.0777029967e-22,1.4329988144
2.4005463806e-22,1.5988505381
2.0727358492e-38,3.5661915210
1.0837088165e-29,0.1546675020
1.6443139980e-22,1.5101997189
7.9732974986e-27,0.4895100205
6.4211599630e-26,0.6588483111
2.7972999293e-27,0.4199884506
7.0030579874e-28,2.9084745071
1.1928642928e-29,0.1581993222
1.6343807094e-22,1.5089712527
3.6916193010e-26,0.6101202766
1.4661644362e-22,2.1251046880
8.6191995727e-29,0.2382070455
2.5270449371e-26,0.5781308907
3.1375470238e-27,2.8499194687
1.8199821122e-24,0.9650488221
7.8017311290e-23,1.3821608920
4.4473885283e-25,0.8356338981
5.8651323990e-31,0.0637898264
2.0912074778e-32,0.0038076430
9.6475572868e-23,2.1878434424
5.9884193652e-27,0.4695644334
2.3107974202e-28,0.2837779230
1.1336732216e-27,0.3666432587
9.7598151195e-23,1.4168039086
1.3884969784e-25,0.7290074677
7.7579237053e-30,0.1426100611
1.7954550693e-52,4.1418647425
4.0361159291e-24,1.0406634365
2.7470067192e-28,2.9431040725
3.5855411539e-22,1.8228052417
2.1748565090e-27,2.8646073576
3.4499609060e-22,1.7501421443
1.4508954629e-28,0.2617612655
9.7787223046e-26,0.6969297004
3.7196052097e-60,4.4013300001
3.2582691997e-22,1.7115159705
9.5846969596e-50,4.0426737586
8.3076079922e-24,1.1126095571
1.5019893132e-49,4.0354054366
3.3677779950e-28,0.3022955617
6.0750396935e-23,1.3460553615
1.0090565765e-30,0.0779953262
2.2063563579e-27,0.4054483264
5.9013303377e-24,1.0780144966
8.9710157938e-26,2.7011643789
1.6699972377e-28,0.2683161437
2.3595883240e-31,0.0429430618
3.5826185533e-22,1.8056503836
3.1902345985e-24,1.0180077704
1.0923691205e-24,0.9178261078
2.0847332393e-22,2.0586179511
2.7469509594e-23,2.3281794042
1.1007225095e-25,2.6910599258
2.7990101125e-23,2.3264028121
1.6526777011e-24,0.9560738604
3.2772753180e-23,2.3111833745
5.7729418947e-23,2.2514823580
3.4222065403e-22,1.8892792399
8.8571141385e-24,1.1192072520
1.6407671551e-37,3.5218695437
4.4806007530e-27,2.8353843809
1.8530147323e-78,4.9420695440
1.1395228462e-27,0.3669327784
6.0196477646e-27,0.4699200743
5.3185311260e-25,2.6078636990
1.0076014397e-23,1.1326144002
8.9247123065e-31,3.1311179936
1.4657995399e-23,1.1726494902
3.7215781751e-27,0.4380321667
1.4933836827e-28,0.2630996729
4.5965835645e-24,1.0533347008
1.2632353963e-24,0.9312047807
1.3279360080e-22,2.1411655825
6.5862953691e-28,0.3369205596
9.3799690023e-23,2.1916452233
4.2061396547e-60,4.3996117033
5.5481549358e-23,1.3335249618
8.3136938961e-23,2.2074877088
8.0099768896e-26,0.6787876863
4.2266687431e-24,1.0451462782
2.8612886021e-22,1.9742786038
2.1056985759e-22,1.5648892908
6.4952840605e-28,0.3361796504
1.7619046294e-28,0.2708352274
7.7113278225e-26,2.7085479600
8.4398259764e-29,0.2372790706
3.5331518702e-22,1.7755056150
3.4706430599e-70,4.7081311083
2.8563443377e-23,2.3244759633
1.9783170688e-25,0.7614885884
3.1668603855e-27,0.4277543869
4.2222169281e-40,3.6462158005
1.0731494286e-24,2.5671092690
8.8244964887e-29,0.2392478246
8.3695426560e-24,1.1133726167
4.8311494913e-28,0.3206504508
1.5312097987e-34,3.3644523292
2.4846185292e-22,2.0166074319
2.6830510509e-27,0.4174042676
1.6762857932e-26,2.7791563567
9.1723328905e-26,0.6910965994
1.4140890345e-23,1.1687389085
1.6141437346e-22,1.5064590292
8.5084764436e-31,0.0733838803
1.9038372758e-22,1.5414079720
5.9216405360e-44,3.8150222460
2.7554753332e-67,4.6223983051
1.3033487030e-25,0.7232058685
3.0986351056e-22,1.6864953848
2.6588825428e-27,0.4168451891
2.0937869298e-23,1.2124588423
1.7543118208e-24,2.5368967082
1.6527042273e-22,1.5112350265
1.2525916473e-29,0.1600093531
2.2536486770e-22,1.5819180684
2.3256537258e-25,0.7763229844
1.0731014864e-28,0.2479831002
7.3041446322e-23,1.3724083787
4.7662168995e-27,0.4541921519
3.9463084698e-26,0.6158793735
3.5394715958e-22,1.8554895599
4.7113518616e-29,0.2122459809
3.0044095824e-24,2.5019666426
2.0498111692e-24,0.9761606526
1.8208073032e-23,1.1966390927
9.8188026101e-23,1.4177718502
4.2437509909e-23,1.2979804042
2.3976271230e-23,1.2281075060
2.8785619627e-24,1.0082005534
4.1770719560e-55,4.2337865161
1.0463251255e-24,0.9138693189
1.9792329048e-22,2.0696277547
1.2672274001e-22,1.4608358806
1.2275860292e-27,0.3711375976
1.0589786317e-26,0.5100597524
3.5858122241e-22,1.8220265480
7.1432660164e-24,1.0972084023
7.3721364842e-30,0.1408036483
4.6560747497e-25,2.6153025666
1.1664059407e-28,0.2517538405
2.8391949014e-26,2.7555196510
9.8280549289e-30,3.0567337826
2.6548679141e-55,4.2405208895
1.1215133744e-30,3.1242618514
1.5064845716e-22,1.4928594739
1.6940137937e-28,0.2689863455
4.5584383692e-25,0.8378862072
2.7860193931e-31,0.0464812827
1.4023043882e-22,2.1324387624
1.3292816626e-22,1.4694248938
3.8500553214e-26,0.6137436455
6.4201024180e-26,0.6588335365
5.8846547457e-29,0.2216391809
1.3046370987e-26,0.5256811988
1.0124938894e-56,4.2885393422
5.5553172153e-29,2.9993459796
1.6494710606e-26,0.5437761211
3.6210969593e-30,0.1165790811
1.2562215115e-25,0.7198312730
3.1622955410e-25,0.8044656499
4.8023385044e-36,3.4464349437
1.2666006033e-31,0.0306269778
4.1406993113e-27,0.4449409030
2.1575276776e-23,2.3504273343
4.0042911883e-30,0.1198956666
5.1411400336e-25,2.6097687637
3.0153739000e-22,1.9550870679
5.7119825610e-25,0.8584839116
9.8905335519e-25,0.9087019316
5.7835357180e-25,0.8596206483
3.1349631120e-22,1.6918700725
1.2823885146e-28,0.2560760962
1.1212706413e-25,0.7094280205
3.5763439641e-22,1.8349338824
3.2630377394e-26,0.5995641981
3.6153679159e-24,1.0300185657
2.0817193108e-22,2.0589319854
2.5166787388e-30,0.1049054908
3.1233588243e-24,1.0159822367
9.4069504874e-23,2.1912589729
2.4895939470e-32,0.0053711360
4.6582212096e-24,1.0546390819
3.0463623332e-26,0.5937438786
1.2772926743e-24,0.9322253650
2.8259159542e-22,1.6497746673
1.7092410120e-28,0.2694068142
1.4458521060e-23,1.1711555770
6.4456911159e-29,0.2255405610
3.1775933918e-25,0.8049071520
2.4083285788e-22,1.5997514451
3.1441485122e-30,0.1119867770
5.6675228065e-24,1.0739899486
1.5990487341e-28,0.2662838157
1.7381682178e-22,1.5216678801
2.3652046579e-29,0.1843012103
1.9618084066e-23,2.3588973121
3.6802481699e-23,1.2798727911
1.7225169298e-22,1.5197718186
6.7748440761e-29,0.2276879363
8.4613636450e-25,0.8943989095
6.4375450700e-26,0.6590769280
1.2207622040e-25,0.7172086217
6.0634011796e-26,0.6537141633
3.0655785337e-23,1.2573370613
1.1976424991e-24,0.9262911158
1.7395713725e-22,1.5218375656
2.7708827743e-22,1.6428927915
7.4555140919e-27,0.4847627966
3.2216206437e-22,1.9259276141
5.3274564863e-23,2.2605112903
2.6447892113e-23,1.2396389424
1.4930591023e-22,1.4911331955
4.9688746434e-23,2.2681794412
1.6601848390e-64,4.5380755365
2.9480315377e-23,1.2526081776
1.4734111222e-52,4.1449179184
1.7853104868e-24,0.9632562227
1.0250712704e-28,0.2459242566
2.6906415607e-30,0.1070112382
4.4995532378e-28,2.9250128303
5.1635809793e-32,0.0152695427
6.5197260557e-30,0.1364888577
2.9507263108e-22,1.6659360698
2.6248375624e-22,2.0013662462
3.5935385442e-25,0.8161565270
1.4556569746e-30,0.0883500983
4.4466602163e-23,1.3040288857
2.3211875241e-34,3.3542419769
3.9955127364e-25,2.6237552243
3.3877214926e-23,2.3079162517
7.9616883270e-27,0.4894065451
1.0950556322e-29,0.1550493199
6.2713007120e-41,3.6839652070
9.3932618872e-23,1.4107014570
1.4876969691e-26,0.5357419636
5.3725907742e-27,0.4621996960
8.2233714422e-24,1.1115634103
2.0958198342e-26,0.5628372896
8.1551103654e-27,0.4911138031
4.0644209308e-58,4.3349579125
4.5099822496e-27,0.4505386689
6.3049752921e-26,0.6572112180
4.2153048236e-24,1.0448842844
7.5442328497e-23,1.3771712979
1.4918848104e-26,0.5359592930
8.2513839322e-27,0.4919505596
1.8074109224e-39,3.6168148800
1.8145861817e-28,0.2722258196
1.1168931900e-23,2.4061921709
2.0723793903e-22,1.5610413205
1.3336601056e-26,0.5273546621
1.4110554760e-25,0.7304853675
1.9757224843e-24,0.9727154034
2.0840120281e-26,0.5623808922
1.5524415193e-25,0.7392449215
1.0353186572e-24,0.9128981812
1.3192304813e-39,3.6232278881
3.4714907644e-22,1.8773337006
4.4274792521e-32,0.0129284971
5.5788635254e-29,2.9992015576
1.4014407604e-29,0.1641999209
8.6497454148e-26,0.6857610167
3.5499464589e-32,0.0097380316
1.2710961798e-28,0.2556712451
7.0303424560e-59,4.3599553455
1.5184807505e-30,0.0895824115
1.7192412339e-24,0.9597453315
2.4526713148e-26,2.7621577643
6.0917531243e-28,0.3327771864
4.0327458648e-25,0.8266942675
4.2345878182e-25,0.8311556991
2.2182669222e-22,2.0447025502
1.0460802373e-28,0.2468353821
3.9043300808e-29,0.2044547687
3.9312313008e-23,1.2881957366
9.2492088846e-25,2.5759614292
1.8874798115e-22,1.5394821710
6.9002208750e-23,2.2306259988
3.9387240458e-24,2.4835502829
6.5457772379e-32,3.2065636420
4.2347193990e-29,0.2078070384
7.4767143200e-27,0.4849626864
3.5157871667e-22,1.7691631645
8.2154247485e-25,0.8916989294
1.7936863345e-29,0.1735604085
1.5085967839e-24,0.9476103511
3.2986267760e-31,0.0501951854
4.2010942936e-28,0.3134687391
3.3935398427e-27,0.4321316800
5.1254674870e-23,1.3227969351
1.4133680733e-22,1.4807290491
2.4703808410e-24,0.9937084089
7.4746066909e-23,1.3758013552
5.5031739536e-30,0.1306228452
2.4256112472e-24,0.9919823391
1.6893116638e-25,0.7469978331
4.8532507890e-30,3.0791817772
1.9671463906e-29,0.1771155934
3.7482394443e-27,0.4384914393
7.6101547724e-30,0.1419279407
1.8135752931e-24,0.9647200691
1.4602817798e-31,0.0333202832
1.1077592101e-28,0.2494173154
5.0948484884e-29,0.2155300629
8.5850028096e-35,3.3785184602
2.0690570623e-30,0.0988392770
6.3019024898e-29,0.2245710302
2.0329488848e-22,1.5564763077
4.7990577876e-31,0.0588817502
4.1209514636e-51,4.0929212307
4.5247266550e-23,2.2782558596
2.5611004514e-22,2.0083497805
2.6530851204e-22,1.6285342077
4.8787885656e-28,0.3211583028
8.2890822943e-31,0.0726893009
8.3717685793e-27,0.4929850836
5.8696525374e-23,1.3412726966
8.8063704703e-24,1.1186137518
2.5061259390e-29,3.0261434161
1.8114032028e-42,3.7519069567
7.2823654191e-23,2.2240851721
3.9232432740e-23,2.2931394959
5.6907095215e-23,1.3370014401
1.4036088383e-25,0.7300001182
1.4775825075e-28,0.2626060165
1.4989836382e-23,1.1750956014
8.8791137068e-23,1.4018693304
1.0294045482e-25,2.6943847036
1.9364383446e-35,3.4140299180
3.4001099056e-22,1.7385310132
8.5495585479e-26,0.6847025618
3.3207181504e-24,1.0218470270
1.3158016875e-23,1.1609450059
1.0051906251e-61,4.4513528740
1.8775796209e-35,3.4147558827
2.2990273566e-22,1.5871384733
7.8197406476e-30,0.1428919393
1.2145473615e-26,0.5202732731
9.6376255557e-26,2.6976400247
3.3589072933e-68,4.6496547968
2.1608728906e-26,2.7678569464
7.8484943751e-28,0.3463425989
1.6824796389e-22,1.5148925162
2.5814072130e-27,0.4150222378
7.9873698643e-23,1.3856862366
6.2611776317e-24,2.4505317018
2.1870530661e-29,3.0306538731
2.6253388620e-22,2.0013108980
2.6776505082e-23,1.2411028816
2.7844224405e-27,0.4197018804
3.4946895364e-22,1.7623942654
1.8354392313e-23,2.3647371419
7.1647016202e-24,2.4405371848
4.6812499133e-23,1.3107547720
1.1390643824e-22,1.4423093464
1.0254647330e-45,3.8871190790
5.9773218842e-28,0.3317752464
1.8773445107e-31,0.0382512992
1.3046958860e-23,2.3935965011
2.4424439081e-28,0.2864618550
4.7194200267e-26,0.6314903818
1.9184183662e-25,0.7586678357
2.1168967147e-26,0.5636463900
1.2993601620e-22,1.4653114483
1.8807682003e-24,0.9681136145
2.7962945040e-25,2.6430619554
3.5396887340e-22,1.8554004611
4.8559676594e-25,0.8436598184
9.0862810503e-24,1.1218499162
2.4933965526e-22,2.0156655723
5.0741357090e-35,3.3911695005
9.5737929725e-24,1.1272773736
8.4770063529e-31,0.0732851653
1.3959947422e-22,2.1331710464
1.2499990825e-26,0.5224414711
8.4221609251e-32,0.0232913179
4.3341192116e-36,3.4487884777
8.1130381737e-27,0.4907454511
6.1893455253e-26,0.6555534117
9.6122750739e-24,1.1276951176
2.4703668049e-50,4.0644645355
2.5074906827e-30,0.1047907763
3.0757534902e-26,2.7518647506
1.5540554347e-27,0.3846765979
3.5765834571e-22,1.8347232570
2.9037187407e-28,0.2949300447
1.2110081461e-59,4.3847867200
1.0826360698e-35,3.4276388240
2.1265488200e-22,2.0542620430
5.2909533911e-29,0.2171233809
1.6806638678e-28,0.2686148789
1.1011357110e-24,2.5655632174
1.4080149864e-22,1.4800199134
8.5765004805e-27,0.4947152826
2.8011486251e-22,1.9813869168
1.4290203336e-42,3.7563561238
4.6362884595e-25,2.6155393171
2.3453530131e-27,0.4091534427
8.9753893742e-31,3.1309485933
1.2742613134e-23,1.1574952557
1.0027967182e-29,3.0560856589
1.4237860505e-30,0.0877075671
3.6420967407e-27,0.4366456867
2.8943449561e-28,0.2947705284
1.8068882376e-29,0.1738417610
6.3562455773e-27,2.8208637625
1.7351319490e-44,3.8371393031
1.9060426247e-25,0.7580740357
7.8351909082e-23,2.2150122623
1.7893921452e-22,1.5278322278
1.7843901135e-24,0.9632081814
6.8776427938e-28,0.3392317220
1.2919666401e-28,0.2564169576
3.4509615592e-22,1.8825587702
1.9866773051e-23,2.3577842049
1.7140833361e-26,2.7781707531
3.7018226439e-24,1.0322974565
1.8983838035e-22,1.5407664070
4.2463546502e-23,2.2849482783
4.2262334424e-29,0.2077239627
1.4433894247e-29,0.1653077231
5.7929817574e-25,0.8597696640
2.7484891768e-23,2.3281265325
1.5422012304e-24,0.9496522652
9.0534766339e-27,0.4986118097
3.5650723288e-22,1.7907268275
2.2670860974e-27,0.4070918631
1.2016904984e-29,0.1584719140
5.8574055897e-29,0.2214411962
8.1896988717e-23,2.2094104731
2.5941975685e-30,0.1058590423
1.5334821503e-25,0.7381175337
2.6229947987e-22,1.6249322327
2.6249007051e-25,0.7874149894
3.4552024218e-22,1.8815122374
3.5096406262e-22,1.8662463108
6.1476913172e-29,0.2235086013
6.3708592456e-25,0.8684535183
8.1515920550e-29,0.2357496675
1.3747748045e-23,2.3892829615
3.5039712665e-22,1.7652695196
1.3923106199e-27,0.3783247029
1.2680573793e-22,1.4609522696
2.3313740167e-25,0.7765481859
1.5744493079e-27,0.3854350860
5.5111672417e-25,0.8552160396
1.1107919441e-25,0.7085693376
2.3198121630e-25,0.7760924329
9.5987926407e-23,1.4141420518
8.6017851593e-25,0.8959059206
3.2754852201e-22,1.7144808711
6.7664110393e-27,0.4779812473
7.3387239583e-30,0.1406432072
5.1283606105e-32,0.0151634828
2.0751961033e-22,1.5613669256
4.2044821885e-23,1.2967833295
3.5363865322e-22,1.8567342360
9.8246551297e-25,0.9080887741
3.7782517349e-33,3.2835097165
4.9129665769e-27,0.4562081217
2.1683334589e-25,0.7699008609
2.5969173190e-26,0.5803888248
7.2613559460e-27,0.4829089022
8.2532439247e-28,2.9022530309
1.9802583501e-55,4.2448675216
9.6621616988e-24,1.1282344293
1.3644409496e-22,1.4741955745
1.9702638511e-27,0.3986521664
1.1976261798e-26,0.5192190439
3.4140963323e-22,1.8910718291
2.6768109018e-22,1.6313913107
7.9208988519e-25,0.8883583388
8.5758767830e-24,1.1158783465
1.8911540464e-29,0.1755947082
1.7448972844e-22,1.5224811964
2.2371526918e-23,1.2200684079
1.0809903324e-29,0.1545754870
1.9373792208e-32,3.2400393102
2.5983496157e-26,0.5804345451
9.9798796655e-23,1.4203959253
2.6960797755e-25,0.7898656544
1.3587782128e-33,3.3099166577
7.9828938219e-26,0.6784807802
3.4428387395e-27,0.4330495425
4.3792874878e-26,0.6249350337
4.7928991462e-25,0.8424661401
1.8370040338e-23,1.1976330634
6.3983236132e-27,0.4741098494
1.1603349563e-59,4.3853874682
6.0109034076e-30,0.1336642802
8.3047816871e-28,2.9020163698
4.6623770330e-23,1.3102236384
1.4595688517e-23,1.1721847882
3.8420385330e-24,1.0358893592
8.9027343978e-28,0.3532164972
7.0635218839e-23,1.3675203799
2.1139120841e-23,1.2135534613
2.4102841876e-22,1.5999779255
4.9430957700e-28,0.3218367669
3.8503890781e-24,1.0360993762
1.4985058996e-28,0.2632586812
5.6398071054e-28,0.3287155803
1.2810367176e-43,3.8009796679
1.2389841293e-23,1.1544864661
3.6035467138e-23,1.2772374147
7.7288364221e-27,0.4873030212
6.0879446788e-25,2.6002196273
3.1427400127e-24,1.0165734373
5.8577826629e-26,0.6506326728
1.5418383155e-24,0.9496304447
7.7677829243e-47,3.9316000513
1.2318172768e-33,3.3124195477
1.2746667648e-26,2.7911620382
7.1757301854e-26,0.6688431782
3.9921951559e-24,1.0396021513
5.3597180790e-30,0.1297178769
3.1817512036e-26,0.5974224195
1.3123371567e-23,2.3931169251
6.5534627059e-25,0.8710349090
2.6637910216e-22,1.9970437538
4.1833379652e-23,2.2865082874
2.9091613465e-22,1.6604561215
2.2328023190e-23,1.2198437168
2.4850591208e-22,2.0165601910
1.1442658267e-22,1.4430844168
3.3013535529e-31,3.1604592011
1.0777566855e-46,3.9260105109
6.4035850619e-28,2.9118453789
1.1279324359e-28,0.2502334557
1.6718743328e-24,0.9571471519
2.9964530432e-27,0.4242784739
3.5788495444e-22,1.8012159848
1.1892942131e-27,0.3693436193
5.6292443385e-27,2.8259370988
5.8484619584e-30,3.0732962052
3.4968361922e-22,1.8702159503
1.1359942408e-26,0.5152671279
4.5528010884e-29,0.2108166407
1.7678724921e-52,4.1421040036
6.6358998490e-23,1.3585259270
2.3768037715e-25,0.7783172161
7.5007553944e-31,0.0700613112
2.1991746383e-27,0.4052513243
1.7871033686e-22,1.5275580718
2.7047988988e-34,3.3504673002
8.8850522793e-25,0.8988734042
1.4420515934e-25,2.6774928471
3.1322925608e-22,1.6914696024
8.4518085772e-40,3.6322522265
1.6260555018e-24,0.9545652755
1.3001288100e-23,1.1596549223
1.0705636983e-27,0.3634314351
1.8157531687e-27,0.3938012673
8.8720604328e-27,0.4971511611
3.4876995965e-24,1.0265578758
1.8456386475e-22,2.0836735967
2.2583696309e-22,2.0405137440
6.6151213899e-25,0.8718904133
2.9793947375e-22,1.6697821783
6.7419284623e-27,0.4777294874
1.5257608439e-70,4.7185379266
5.6969918288e-33,3.2727391159
4.8299387047e-25,0.8431690691
1.7149294046e-22,1.5188503946
3.6298123476e-23,2.3010310932
4.2124394955e-24,2.4788856813
1.0469398165e-27,0.3621852717
1.4462421419e-22,1.4850548183
1.2520422119e-26,0.5225648003
2.3643956292e-22,2.0293842604
6.3255900222e-27,0.4733221051
4.4372881458e-27,2.8357840657
2.1287595539e-23,1.2143553123
7.2080545027e-23,1.3704705763
2.1931060725e-25,0.7709426069
7.7085978706e-28,0.3453686473
1.1938928207e-22,2.1575000363
2.8117840457e-29,0.1911536721
1.5534655814e-26,0.5390954837
4.7608671314e-25,0.8418538414
4.3093692757e-30,0.1223402720
4.7242398160e-31,3.1499785703
4.4600927560e-23,1.3044214929
1.0445508498e-25,0.7029499840
1.1677520914e-24,0.9239641016
8.2005009731e-38,3.5368781934
4.8259173668e-27,2.8323230307
1.8377035707e-26,0.5523042922
1.7989366116e-22,1.5289742635
1.1290612713e-23,1.1445964890
1.1788832846e-24,0.9248374179
2.3741069988e-28,0.2850855133
5.6956482153e-23,1.3371206839
9.0994085267e-26,0.6903700097
3.5386605126e-22,1.8558205944
9.3506587011e-25,0.9035540020
5.3895661839e-25,2.6071170632
2.7686338037e-22,1.9851596815
1.4969629211e-22,1.4916359049
2.3112928967e-31,3.1707856878
1.6884882403e-32,0.0024336036
7.3373456626e-29,2.9897983156
9.3937722342e-23,2.1914475417
1.1152108210e-22,1.4387272665
8.2988993293e-27,0.4923604311
1.5732002438e-24,2.5437262577
1.7076757933e-22,1.5179681219
1.6606956232e-66,4.5989568216
1.3008265623e-24,2.5554597385
8.5075430998e-27,0.4941365451
5.5748608682e-27,0.4646960987
4.3867684266e-63,4.4940586950
2.6138805631e-23,1.2382479590
6.5796876941e-26,0.6610374113
2.9605516594e-22,1.9621027360
6.2686094100e-26,0.6566929480
4.2974145598e-23,1.2996020725
3.1745101487e-22,1.9330805671
2.0788087229e-26,0.5621790543
5.5293247244e-28,0.3276779764
1.3429117576e-23,1.1631447710
4.1132472188e-24,1.0425013337
1.1555003782e-22,1.4447513087
1.1387923819e-22,1.4422687570
7.7517916521e-27,2.8125037643
2.3923958478e-22,2.0264264676
7.9941937524e-25,0.8892010166
7.2534000278e-48,3.9716108801
3.9102524119e-31,0.0540590927
1.0515080517e-24,0.9143231574
1.5050287065e-23,2.3817284906
6.2297608147e-29,0.2240769929
5.7096619896e-24,1.0747264641
3.5592235548e-22,1.8463136622
9.5935452728e-26,0.6951866271
1.7135470839e-22,2.0977696351
3.5218895658e-22,1.8621336996
1.9224601343e-22,1.5435953047
1.9425572175e-24,0.9711327581
1.8509117136e-23,1.1984805203
2.9686649136e-29,0.1933266991
2.7805424923e-23,1.2455910645
1.3571617927e-25,0.7269145303
1.0981415857e-29,0.1551525404
8.6832005105e-23,2.2018627026
2.2459231046e-28,0.2824038066
2.4583516764e-25,0.7814089961
2.7050548484e-22,1.6348138524
4.6467309957e-32,0.0136545497
2.8828190547e-25,0.7959977577
4.8664466164e-32,0.0143568923
1.6339715231e-25,0.7439414414
1.9628052711e-24,0.9721020527
2.0443825996e-38,3.5664821628
5.1782948198e-23,1.3241742393
1.8318475043e-27,0.3943233256
1.7424911487e-29,0.1724512259
3.5732507194e-22,1.7963088629
3.5744714275e-25,2.6298396868
2.5576292639e-25,0.7850365802
9.8486150809e-31,0.0773309117
7.0200690558e-29,0.2292269385
2.3225090738e-22,2.0337928269
6.2669953535e-25,0.8669521712
2.1365770741e-48,3.9919324080
1.5595050296e-23,1.1794370006
2.1748180753e-27,0.4045789253
3.9192371078e-28,0.3099343227
3.9355757199e-24,1.0382177794
7.5507254588e-27,0.4856566896
4.2094858757e-51,4.0925855877
3.9918779728e-23,1.2901422012
2.0572054683e-22,1.5592861675
3.9976815336e-32,0.0114255121
5.2611519585e-26,0.6410807199
8.0281974497e-32,3.2008521030
3.3513839345e-26,0.6018383629
3.2591282316e-22,1.7116623613
1.2578684189e-27,2.8860844134
2.0410117574e-28,0.2778132994
2.1260413448e-23,1.2142088721
2.0897277628e-27,0.4021762617
3.3661812627e-24,1.0231513450
3.6850284387e-77,4.9062860860
7.8101662393e-28,0.3460773276
2.6202707417e-25,0.7872532720
3.1390610122e-27,0.4271987541
2.1282162409e-31,0.0408003195
7.2682348321e-54,4.1909162485
1.4267556432e-32,3.2482991932
3.4218949845e-23,1.2708085074
2.9920609888e-22,1.9580991761
7.8817003458e-28,0.3465714767
8.1721511805e-32,0.0227724750
1.1516289539e-24,0.9226845821
6.9159354669e-23,1.3644622534
1.8042434823e-68,4.6576615700
3.7633981088e-30,3.0871516474
9.8505184383e-29,0.2441406881
1.0183236449e-23,1.1337227936
6.1056728097e-29,0.2232149157
1.3473636803e-24,0.9371546712
1.0589079071e-22,1.4300817982
5.2510282349e-30,0.1290176528
1.6842529645e-28,0.2687150097
5.3181983479e-28,0.3256418793
1.9340937147e-27,0.3975477303
8.2758298612e-23,1.3910519734
1.1729015318e-25,0.7135469452
2.8539220223e-22,1.6533286214
3.3049472777e-24,1.0213906324
7.8776938040e-24,1.1071659491
5.4167233690e-24,2.4610689108
3.5734100293e-22,1.8373385722
3.9172537835e-24,1.0377658041
1.8413208678e-22,1.5340228725
1.4470011008e-29,0.1654017279
1.1856065049e-23,1.1497859911
4.8434521507e-25,0.8434241810
7.0501572599e-27,2.8165106205
3.3061618610e-22,1.7199399267
1.1177322571e-26,0.5140605801
6.4976329593e-28,2.9112970669
1.6106282808e-31,0.0352165722
2.3621812507e-22,1.5944166653
6.1980359582e-23,2.2433129418
3.5070809301e-22,1.8670642296
1.5028918880e-36,3.4728529415
4.4046919171e-27,0.4489846910
2.9957391373e-24,1.0120004797
1.6599558545e-27,0.3885227748
3.0781956785e-22,1.6835362135
3.8510576015e-25,0.8224821413
2.7764441009e-27,0.4195237471
2.6877756155e-23,1.2415509018
3.2593995126e-23,1.2648159454
2.4463259297e-23,2.3389928507
9.6376306096e-30,0.1503930345
1.4058704137e-26,0.5313854861
7.7899251743e-30,0.1427562365
6.8521824865e-23,1.3631264989
3.8735452574e-31,0.0538415235
5.0352071254e-26,2.7289521419
2.2074356944e-24,0.9831095705
3.6398201034e-34,3.3431072430
5.1737017524e-73,4.7897275007
1.2011481927e-25,0.7157254327
9.6012432203e-32,0.0255841415
4.8106165498e-26,0.6331739447
3.3196726922e-27,0.4307342441
2.4744521812e-22,2.0176965227
5.3523912044e-30,0.1296710760
8.3724540006e-24,2.4287452599
3.4056168937e-22,1.8929041849
3.5208142597e-27,0.4344780331
1.1903472195e-25,0.7148984438
7.5180764005e-26,0.6730515386
2.5176662123e-27,0.4134858505
4.3208083519e-23,1.3003039638
1.8866595422e-22,2.0793430166
2.5737737874e-28,2.9454650605
1.1238451934e-27,0.3661538016
2.1069030032e-29,0.1797780478
2.6883137428e-22,1.6327822934
1.2046981129e-26,0.5196611975
1.1200409654e-25,0.7093276632
2.5499310481e-24,2.5128389805
2.3092325617e-24,0.9873490573
1.5041461737e-31,0.0338893937
2.2109220508e-22,1.5770049334
4.0741602455e-31,0.0550109099
4.5320176589e-26,0.6279344994
8.8881649284e-24,1.1195689099
2.5680940077e-31,0.0447325904
1.3763640022e-23,1.1658057058
2.5874223990e-27,2.8576780368
3.5655793314e-25,0.8154424887
1.1399453810e-51,4.1131211732
2.8373456367e-22,1.9771301179
3.3550927620e-22,1.7292083821
2.7735534551e-25,0.7924600845
1.1870463917e-23,2.4012932351
1.6529337463e-23,2.3737788076
1.7362922577e-27,0.3911617918
1.3083072048e-41,3.7143475680
4.7979914441e-66,4.5850316674
1.1302440002e-29,0.1562109775
3.5539735053e-22,1.8490072063
2.8675647604e-22,1.6550738068
7.1791689337e-31,0.0689235597
2.5022610324e-24,2.5140769136
1.6767749617e-23,1.1874454360
5.9414833287e-28,0.3314578824
6.1043680933e-28,0.3328865972
2.3907840230e-29,0.1847243142
5.1453361974e-23,2.2643577817
1.6412072267e-24,2.5410830014
3.4587938274e-25,0.8126625136
3.8734760974e-29,0.2041286584
3.6072566454e-23,1.2773659301
1.6356454462e-25,0.7440353979
2.5646907699e-35,3.4074028571
1.5008960249e-31,0.0338476932
2.4401619736e-24,0.9925466441
3.3260391886e-27,0.4308557566
4.1699991049e-23,1.2957247505
3.0803696328e-24,2.5002932867
4.3721406715e-49,4.0180177002
1.1160876393e-25,0.7090042863
1.4711171499e-45,3.8808156939
3.4638781229e-24,2.4923627534
1.0107983234e-31,0.0265004234
1.1560494960e-22,1.4448325337
6.4390573273e-27,0.4745476322
2.4981787395e-31,0.0441461031
4.3075540654e-43,3.7786847255
3.7360403091e-23,1.2817618235
2.3684737963e-22,2.0289540402
5.2691655464e-26,0.6412155807
1.1383220040e-54,4.2188251122
1.5104497123e-22,1.4933679466
1.2919900539e-23,1.1589795560
3.4954792749e-22,1.7626333681
4.1457851048e-30,0.1210493454
1.8506258817e-25,0.7553667986
5.1208296675e-30,0.1281615643
1.4537110547e-53,4.1803985162
1.0936191488e-38,3.5796239715
2.2530791204e-43,3.7906341152
2.2146972284e-23,2.3480704140
2.0476620710e-25,0.7646490690
3.2786081299e-22,1.7150259318
2.9452969929e-47,3.9480607536
1.5482224026e-22,2.1158674328
3.2881528670e-26,0.6002162696
6.2792424830e-24,2.4503200422
4.2925035538e-27,0.4472928048
1.9708515328e-50,4.0680742739
7.0301134804e-31,0.0683819609
3.9750613154e-30,0.1196528325
5.0480874323e-39,3.5957065002
3.7436058829e-23,2.2979152548
9.2003551192e-28,2.8981137076
1.0718613071e-36,3.4804448114
3.5543563252e-22,1.7848270594
3.5408705394e-28,0.3048083584
7.8749048276e-24,1.1071297625
1.0538272805e-26,2.7993943737
4.7025657883e-26,0.6311759552
7.4326491795e-31,0.0698237491
1.0427033596e-22,2.1771090262
2.8406407570e-28,0.2938474838
2.8208424501e-31,0.0467503653
1.9045603121e-22,1.5414929966
8.2929901010e-26,0.6819363643
6.3813349404e-55,4.2274733194
5.9340560218e-23,1.3427858129
7.1110454855e-24,1.0967504970
2.9794020791e-32,0.0074179593
1.3158770414e-25,2.6821214324
2.3881777342e-22,2.0268726556
3.6542356412e-23,1.2789840821
6.1268268420e-34,3.3300925886
1.6905078549e-25,0.7470627875
1.1193063314e-62,4.4813490526
5.2187440229e-29,0.2165430401
4.9262881831e-32,0.0145440302
1.0177808461e-27,0.3606118210
3.9682810633e-25,0.8252219923
1.8657087331e-22,1.5369120207
4.1707221772e-24,1.0438500258
2.3798472979e-31,0.0431224381
3.5651111599e-22,1.8429658532
4.9134026729e-25,2.6123045749
3.9958114514e-29,3.0105301566
1.7660680195e-29,0.1729656712
6.2346377129e-31,3.1417945497
1.2106289391e-23,2.3997008910
4.4308266895e-23,1.3035648924
6.9888129913e-26,0.6664638641
2.9265623200e-22,1.6627371467
3.7511203121e-54,4.2009101579
8.2178942810e-31,0.0724606631
9.5828457625e-32,0.0255501490
3.9047826028e-25,0.8237481055
2.7315352710e-40,3.6549153742
7.3021583781e-32,3.2035078242
1.9807986281e-23,1.2061400770
5.8072802576e-32,0.0171168413
6.7281547501e-28,0.3380571733
1.3786679466e-27,0.3777592146
7.0106453944e-24,1.0953113993
2.7462140421e-22,1.9877352399
2.3360779427e-23,1.2250798714
2.7080386500e-22,1.9920761939
4.0773976895e-26,2.7388466403
2.3298193241e-28,0.2841741855
2.3401133950e-22,1.5918710462
7.3664454426e-27,0.4839175877
1.8932479744e-28,0.2742353744
1.0074929322e-23,1.1326031294
2.6872797084e-22,1.6326570923
6.4258876424e-30,0.1359832215
4.9881634728e-26,0.6363686488
3.1084481976e-23,2.3163457293
5.8828439758e-26,0.6510136444
1.3317045707e-27,0.3757735427
1.2142142086e-23,1.1523280618
1.4613465485e-22,1.4870260915
4.9058893061e-24,2.4681569295
1.6399595799e-26,0.5433231116
2.7651722477e-22,1.9855586738
2.4169005972e-28,0.2859515421
3.2214897100e-29,0.1966178821
1.7820802685e-26,0.5498664801
3.0089077029e-22,1.9559269986
5.7842948570e-30,0.1323365136
6.2058962180e-25,2.5991265976
4.8178247616e-32,0.0142035563
2.9664797572e-67,4.6214386411
1.1839914807e-24,0.9252354933
8.6488858858e-29,2.9841087195
1.1107903570e-24,0.9193635007
1.6717714814e-25,0.7460400678
2.1990227385e-79,4.9673817731
1.7942756216e-26,0.5504065821
9.0141664538e-23,2.1969493119
2.2175335065e-29,0.1817739138
4.6553678788e-29,0.2117463522
4.2032892279e-25,0.8304780588
3.1111913873e-22,1.9421816325
1.3727016753e-23,1.1655171892
2.4192855366e-23,2.3400162567
2.3853699115e-24,0.9904047215
2.7494404781e-22,1.9873658297
1.4137325386e-26,2.7866449175
3.6127822815e-23,1.2775571436
1.4013843872e-24,0.9407873161
1.1995090273e-29,0.1584047103
9.1573121888e-39,3.5833322836
3.5356999956e-22,1.8570060435
3.3721927615e-29,0.1984694431
1.6317186151e-29,0.1699459854
2.4077485608e-30,0.1035213151
2.2883857784e-42,3.7475096910
8.1609048966e-23,1.3889300972
2.3637039039e-25,2.6519654080
3.1770250170e-22,1.6983018012
7.3462110483e-23,1.3732509344
6.7857222632e-28,0.3385122538
4.8403585923e-25,0.8433658426
3.5635322150e-22,1.7898017479
2.0401469147e-26,2.7704297230
3.5391936181e-22,1.7779418029
1.5161136203e-49,4.0352537310
8.7826891042e-24,2.4250699448
1.4381839269e-29,0.1651718572
5.0391355880e-23,2.2666462167
3.8332330370e-23,1.2849986389
5.1172809859e-37,3.4969091653
1.0671644461e-25,2.6925986053
3.0995590565e-25,0.8026322775
2.4742881357e-30,0.1043731577
3.0140494720e-24,1.0125815124
1.9173845729e-28,0.2748367800
3.3026482260e-24,1.0213239286
2.3838629099e-78,4.9390672732
3.5478678688e-22,1.8518816077
6.6655807664e-29,0.2269858354
3.3933395575e-22,1.8954875210
1.0505872621e-22,1.4287800754
1.7946076934e-29,0.1735801051
6.5869551296e-27,0.4761172315
4.9072158943e-25,2.6123749514
1.4801776581e-22,1.4894699847
2.5679324088e-24,0.9973684780
2.3048128883e-25,2.6532919886
3.7341100660e-30,0.1175883683
4.9606536899e-27,0.4568519331
1.4391550591e-23,2.3854782561
1.0092679833e-22,2.1816546236
3.4076825146e-22,1.7401944097
7.8966272039e-28,0.3466740794
1.0655699263e-32,0.0008489526
1.3011615281e-31,0.0311311225
1.0123334738e-24,0.9108369931
2.1041358860e-30,3.1051407378
1.9140029455e-25,0.7584564214
2.8864232864e-25,0.7961121385
9.2980675598e-24,2.4206541019
1.4873763470e-22,1.4904002974
4.5834039482e-24,1.0530536819
2.2567904244e-26,0.5688444092
2.9828119093e-32,0.0074322305
2.2173140225e-28,0.2817863400
4.8346478155e-26,0.6336126733
1.7963448336e-29,3.0371351782
1.3421015938e-26,0.5278354831
5.0748867888e-23,1.3214678438
2.2309431780e-23,1.2197475806
1.8859810889e-22,2.0794144950
6.6583605894e-26,2.7156408871
7.2007611491e-29,0.2303299617
1.1215564952e-61,4.4498480003
2.6152548757e-32,0.0058907057
2.1730251341e-25,0.7700990718
4.4311524946e-28,0.3161976767
3.9106718218e-23,2.2934682789
3.3237473099e-23,1.2672177392
1.8223445955e-33,3.3023961127
1.7264453490e-27,0.3908272508
1.9778252972e-57,4.3122157430
2.3797153895e-75,4.8558535600
2.9390601667e-30,0.1098204980
9.8209272712e-31,3.1282514624
3.1494553591e-26,0.5965578388
4.3662349957e-24,1.0483114297
5.0780165193e-24,1.0631185616
2.3823588787e-22,1.5967471437
3.6549981821e-29,0.2017493798
3.4505490654e-29,0.1994025642
1.2208342157e-27,0.3708249500
8.7122545690e-29,0.2386815617
1.4448004908e-29,0.1653444758
7.0365968233e-24,2.4418858729
1.2749862745e-26,0.5239379559
9.0442471876e-24,1.1213697393
1.5020903907e-48,3.9977537076
2.1185044933e-28,0.2795965761
2.3712493664e-23,2.3418569823
8.9517534960e-23,1.4031376347
1.4739173477e-23,1.1732523413
1.9165557883e-22,2.0761977117
4.1741338197e-23,1.2958520487
5.6847034030e-32,0.0167776444
6.8772954943e-25,0.8754416269
8.4735771259e-23,1.3946556963
3.7039186585e-32,0.0103327375
6.4291029615e-43,3.7712600262
8.1183774701e-27,0.4907922893
1.6029229971e-23,1.1824615160
1.6769386317e-22,1.5142138022
2.1918187946e-28,2.9512613216
1.1614808277e-23,2.4030496910
4.3684332672e-31,0.0566446706
4.6981621085e-31,0.0583726533
2.7174019065e-27,0.4181912909
4.4888062321e-25,0.8364804578
1.7675464243e-24,0.9623247333
3.8640209539e-23,2.2946953557
1.0546814551e-23,1.1374048787
1.9356966098e-26,2.7727740904
6.1997334251e-25,0.8659666243
2.5520567111e-25,2.6479182497
1.8958475354e-22,2.0783754677
8.8981826667e-23,1.4022029553
4.6120822542e-27,0.4520156185
1.5241142685e-22,2.1185612697
8.3834167188e-27,0.4930844983
4.3104897015e-24,1.0470586938
9.0431319904e-27,0.4985292041
1.2713887621e-29,0.1605627845
5.9628726955e-24,2.4541053208
1.0814788193e-56,4.2875792003
2.5210140481e-28,0.2880017164
2.6600600029e-27,0.4168725305
3.2756763883e-23,1.2654271472
6.8932342018e-28,0.3393528948
1.1439729906e-26,0.5157890226
1.3617270157e-22,1.4738296534
5.9532046267e-51,4.0871057907
3.7699527994e-69,4.6777497606
3.9864584383e-40,3.6473663097
2.9718206856e-33,3.2897614505
3.2429879427e-22,1.9225547598
1.4885534308e-22,1.4905522130
1.9198393816e-25,0.7587357715
5.7800500196e-59,4.3627310848
6.9884566210e-30,0.1389204038
7.1504417220e-29,0.2300253419
1.9954754473e-24,0.9736459255
7.9352360504e-24,1.1079099657
2.4659383440e-22,1.6064403556
1.4882835773e-23,1.1743121044
5.2693464198e-47,3.9382035164
4.4805966293e-24,1.0508354140
1.7249868875e-23,1.1905967609
8.7886878649e-27,0.4964712269
3.0215439493e-30,0.1107072530
4.0057566415e-26,0.6171749024
8.0825964741e-23,1.3874723241
1.3999972373e-25,0.7297638520
2.0868845863e-27,0.4020944917
1.1502142492e-23,2.4038340561
8.5394038094e-28,2.9009564323
2.9953506418e-28,0.2964652137
6.9770357349e-26,2.7133898152
1.1007563399e-27,0.3649886405
2.2539256461e-26,0.5687408348
4.0833516268e-24,1.0417928323
2.4739766414e-25,2.6495613924
1.9193669044e-24,0.9700106070
1.9746333137e-29,3.0340241377
4.1978795493e-28,0.3134296551
1.0753842353e-22,1.4326406640
1.0223957628e-25,0.7009923635
1.5382432069e-56,4.2824411376
1.4387743623e-24,0.9432227111
2.5214826442e-27,0.4135788020
2.0333212867e-24,0.9754043114
3.3728267468e-22,1.8996391433
3.2309003750e-24,1.0192199422
3.1548174507e-23,2.3149066632
2.5955562883e-27,0.4153587312
9.5727085059e-28,0.3572129815
3.1649165015e-22,1.9344944613
1.1992728651e-23,1.1510071058
3.5847585302e-22,1.8092225907
1.0942341623e-23,1.1412835958
1.6634013319e-22,1.5125519620
7.4875435823e-23,1.3760565853
2.6751785858e-25,2.6454190744
1.7080166092e-23,2.3709672803
3.1653352831e-27,2.8495628502
2.6667245512e-23,1.2406178252
3.7392304744e-36,3.4521685086
8.4939493921e-28,2.9011595861
9.7837371128e-23,1.4171969089
6.8265521729e-37,3.4905144829
2.1533681715e-26,0.5650299345
1.2613470761e-22,1.4600100525
3.5239822458e-26,0.6061299014
3.0226607409e-22,1.6757024246
7.2264227444e-29,0.2304845654
8.9767549330e-30,0.1478270940
1.9409196505e-22,1.5457583140
8.6138682899e-26,0.6853833502
5.7338478785e-33,3.2725692094
2.4926489963e-22,2.0157458383
1.9584010709e-30,0.0971651360
4.5681502591e-29,3.0060025229
7.4200268967e-77,4.8978627324
7.2333722144e-23,2.2249107806
4.1095717952e-24,2.4806067369
7.6660531417e-29,2.9882854940
4.5947026909e-29,0.2111987357
3.6816832206e-29,0.2020468224
5.6230476774e-29,0.2197029509
9.9166350150e-25,2.5718277529
7.8770475647e-27,0.4886481525
4.5832710641e-29,0.2110948078
3.7640502556e-25,0.8203937785
2.2547620700e-23,2.3464476067
2.5780775659e-31,3.1676321662
5.2408011797e-24,1.0662326417
1.6039500997e-26,0.5415871335
1.2680848797e-28,0.2555627324
8.4268226300e-28,0.3502096576
1.0618789798e-23,1.1381202824
5.2281322893e-26,0.6405230074
7.5442417709e-41,3.6803453731
6.3292946389e-25,0.8678556503
2.8288933038e-32,0.0067861462
1.2217163479e-32,3.2524655512
5.7970017572e-23,1.3395506528
3.1101120019e-22,1.9423323767
1.6321642974e-28,0.2672424025
1.1546459716e-31,3.1906110729
4.1330814266e-29,0.2068019048
4.7630360604e-24,1.0568207693
2.7952394801e-27,2.8545775156
3.5866070597e-22,1.8159707929
2.0195820151e-26,0.5598499299
9.9727943812e-23,1.4202810789
2.2584219428e-22,2.0405082742
3.8132657286e-57,4.3027230496
2.7028066309e-28,0.2914038594
2.0538130075e-24,2.5268769709
7.0825943192e-26,0.6676651092
2.3379622370e-28,0.2843429201
7.5869443129e-26,0.6738759229
1.3395909255e-27,0.3761113206
1.2196561121e-27,0.3707702383
2.2839570321e-23,1.2224625112
3.8268224292e-24,2.4855394642
5.0872879491e-28,0.3233294504
4.6018575881e-24,1.0534469448
1.1005154703e-23,1.1418879954
3.4314931913e-25,0.8119379267
6.0837765597e-30,0.1340817133
2.0858572931e-23,2.3534541147
2.0635425798e-28,0.2783380393
1.1606804508e-25,0.7125883451
8.0493458523e-23,1.3868503520
3.0593849589e-22,1.9492721398
1.5103242622e-25,0.7367214925
3.3842159995e-22,1.8973580683
3.1512479211e-79,4.9631201682
1.6120525352e-42,3.7540961464
4.3739435630e-27,0.4485247601
6.4301686714e-25,0.8692999389
1.1336458552e-22,1.4414996604
2.6532327244e-24,1.0004619987
1.0044493463e-22,1.4214408426
2.1936369649e-31,0.0414246340
2.4160470989e-26,0.5744280011
8.7508688035e-27,0.4961609595
3.3503683537e-22,1.9039790186
3.2760640381e-22,1.9171490518
4.6620099822e-28,0.3188099410
1.1780090916e-26,2.7945847160
1.1126336034e-26,0.5137206784
5.5643761254e-26,0.6460550238
6.2437437405e-25,0.8666126766
1.2374940757e-29,0.1595593525
1.0856659983e-31,0.0277884867
7.1253145823e-26,0.6682072971
5.6541059593e-24,1.0737543864
1.8054559912e-24,0.9643018315
1.9037684750e-31,0.0385324150
1.4301236091e-28,0.2610939223
2.4137427531e-26,0.5743495508
1.0592909531e-24,0.9150005529
9.2540725508e-37,3.4837319202
2.2555706621e-28,0.2826104181
2.6381456598e-22,1.6267429867
5.5052228734e-25,0.8551175041
3.5157074661e-22,1.7691359007
2.7695248500e-24,2.5073885803
1.6230482909e-31,3.1809286828
1.8786868920e-42,3.7512215907
1.4872633571e-24,0.9462910419
3.5220001269e-22,1.8620949159
1.2405105201e-25,0.7186783929
3.0706890499e-23,1.2575392173
3.7190357713e-23,2.2985818693
1.2378551064e-25,0.7184821134
1.2209648916e-25,0.7172238257
1.3045426609e-26,0.5256757012
9.9952258891e-31,0.0777351173
4.4510544659e-25,0.8357091466
2.7395350107e-24,1.0034970854
1.3369558683e-22,1.4704718465
3.0665493151e-22,1.6818692939
3.4582091170e-22,1.7522411830
4.0928310870e-25,0.8280453881
2.1019821553e-27,0.4025275735
7.1110298999e-29,0.2297853892
1.3413480290e-23,1.1630189586
1.0777963209e-22,2.1724259841
1.9730666211e-29,0.1772318211
1.3278947275e-31,0.0315136486
4.2075355574e-23,2.2859072057
2.4098426977e-22,1.5999267931
7.6806484677e-23,1.3798294520
1.8412842932e-25,0.7549024512
2.2332839139e-30,0.1011864724
3.3295107105e-22,1.9078437296
2.9455477078e-35,3.4041250365
2.0574950575e-25,0.7650884999
5.0658666634e-28,0.3231101386
2.0204956185e-25,0.7634239136
1.6534077189e-25,2.6705213366
6.7277092650e-39,3.5897511428
2.6892854041e-22,1.6328999716
4.5336503654e-31,3.1511880737
9.4868982947e-32,3.1961591856
1.5564381930e-22,1.4992213171
1.0198306191e-23,2.4134155819
3.2721524194e-22,1.9178010184
5.2803862084e-59,4.3640117256
1.2491166698e-22,2.1506665500
2.5426841556e-22,1.6154202164
1.8005754534e-26,2.7759903437
2.3419534206e-62,4.4712938546
1.1331459485e-28,0.2504422182
1.8607766781e-26,0.5532966989
2.3278012613e-30,0.1024702937
4.8420078384e-29,0.2133913226
5.9432983844e-28,2.9146452826
2.5581725419e-22,2.0086681913
2.8944207479e-22,1.6585377977
1.1522362343e-31,0.0288746689
1.0649763930e-22,1.4310271419
1.6923219086e-26,0.5457892840
1.2293732506e-26,0.5211865801
4.5417249138e-27,0.4510009471
3.4582452244e-22,1.7522505073
1.3290836787e-25,0.7249980172
3.5680867513e-27,0.4353305965
3.4333199701e-28,0.3032605344
1.1999048590e-22,2.1567484276
2.7161781417e-24,1.0026847349
3.4325118979e-23,1.2711918455
2.9656160137e-79,4.9638396302
1.3415859825e-28,0.2581468388
5.4057527896e-24,1.0692981638
2.5750428242e-22,1.6192365946
9.0700659329e-40,3.6308248063
6.4417493930e-24,1.0867824015
4.7589783567e-36,3.4466431953
5.0582775946e-30,0.1277433174
1.0015296660e-67,4.6355333697
3.5179348349e-22,1.8635002236
1.8875792423e-26,0.5544361367
2.9565322196e-22,1.6667103829
8.6226360029e-23,2.2027742855
2.6623318790e-23,1.2404223421
5.9176307278e-30,0.1331233066
1.6961545522e-23,2.3715663956
3.1919291927e-27,2.8492243368
1.1758839114e-26,0.5178453932
1.1599796340e-26,0.5168266148
1.5635131346e-24,2.5441110705
6.3291221223e-28,0.3348024165
1.0280981674e-23,1.1347241346
4.7935565460e-26,2.7312703545
1.0325058169e-22,2.1784864640
6.3071689593e-23,1.3513166207
2.3562878341e-22,1.5937365333
2.4236951136e-28,0.2860877618
2.2490972982e-22,1.5813946784
3.5431470855e-22,1.8539529117
5.5225305505e-30,0.1307433293
4.0952101667e-58,4.3348498996
2.8418228194e-22,1.9765991519
3.4734272648e-22,1.7562862280
1.5317438978e-22,1.4960881597
9.8061380681e-27,0.5044139543
2.4718390885e-30,0.1043421607
3.0269703596e-25,0.8004637883
7.2389797422e-27,0.4826924975
1.7369574832e-22,1.5215214252
5.8389241555e-27,0.4678392959
2.6671805248e-22,1.6302297072
1.7073337075e-26,0.5464840790
6.4661078705e-29,2.9941480782
2.9154661762e-23,2.3225205073
4.7130055364e-23,1.3116446689
2.9371919089e-26,2.7539720866
3.9122764438e-32,0.0111134595
2.9008264334e-24,1.0089337062
6.9077943141e-24,1.0938175095
6.5541604926e-26,0.6606883039
3.7962069184e-23,1.2837734828
7.5210857405e-24,1.1024416886
1.5653082031e-26,0.5396862120
2.7651525204e-26,2.7567225842
8.7978865327e-24,1.1185142218
3.7360022081e-28,0.3075107961
2.2880148277e-26,2.7652898042
9.5108511730e-26,0.6943976187
6.8100624134e-27,0.4784281728
1.4843493294e-26,0.5355678551
1.3009388165e-26,0.5254656493
3.9302648514e-26,0.6155266992
5.8147145297e-25,2.6028276655
5.2076402461e-27,0.4601026414
6.6188365889e-28,0.3371832292
3.1327573905e-22,1.9391404725
1.5812358550e-22,2.1122034003
1.2027590817e-25,0.7158481435
1.5498953031e-24,0.9501137097
3.6100029442e-25,0.8165743950
3.0340350166e-22,1.6772840848
1.7175664719e-28,2.9599887009
3.6655777376e-24,1.0313482132
5.6233652862e-24,1.0732127164
7.0943703642e-33,3.2669455301
1.3703383600e-27,0.3774114882
2.8565742955e-65,4.5614802944
1.9969635832e-24,0.9737156697
2.8143609303e-31,0.0467004860
3.5685714353e-22,1.7929581497
3.1848509642e-31,0.0494134080
2.9393726789e-22,1.9647533294
2.7228092610e-24,2.5085151883
4.0798964284e-23,1.2929252640
1.7652911631e-27,0.3921372853
1.6123365948e-47,3.9582201532
8.7722509238e-28,2.8999316908
1.0036150851e-27,2.8947862666
9.4160184128e-44,3.8065950480
4.5716229190e-25,2.6163195664
7.3001301726e-26,0.6703941539
1.4337540951e-24,0.9428993158
4.1275836984e-27,0.4447341835
7.4339058699e-23,1.3749963070
8.5773134604e-27,2.8082076117
1.6741739062e-22,1.5138748295
1.4898146240e-45,3.8805947158
2.1842654940e-24,0.9821185056
3.1203653913e-23,1.2594898628
1.1745648324e-26,0.5177613513
1.0264277949e-28,0.2459835973
3.7171204526e-23,1.2811238106
8.8216743998e-30,0.1472002379
2.0253914988e-25,0.7636459253
9.2896236273e-23,1.4089476348
4.2697201182e-23,1.2987671997
1.9279095057e-22,1.5442343575
1.3538192950e-31,0.0318786526
3.4487805519e-23,1.2717773664
7.0134597605e-30,0.1390459353
3.8969794310e-27,0.4410023612
1.0811411515e-27,0.3639814107
1.8023824039e-29,0.1737459458
1.9060723353e-24,0.9693614031
1.2251383779e-26,2.7928839896
1.3025980080e-25,0.7231530666
2.5789121254e-24,0.9977721068
2.8624910432e-22,1.6544236692
1.0285472051e-23,1.1347699304
6.7271327929e-29,0.2273826306
5.8619647185e-64,4.5211901413
3.1690836875e-22,1.6970687085
2.2544298942e-29,3.0296507450
1.5781856144e-24,0.9517915167
3.5385456812e-22,1.7776735948
2.6583233903e-22,1.6291636706
2.6253574670e-32,3.2317756844
1.9390059352e-32,0.0032595059
5.9471843113e-24,1.0787865172
2.1308029108e-23,1.2144652903
6.3420484757e-27,0.4735010440
9.1900450121e-29,0.2410476930
4.9797955996e-25,0.8459589646
3.3000260243e-22,1.7188286034
1.3930266997e-28,0.2598798723
5.0953533651e-31,0.0603282128
2.1055404495e-40,3.6600924216
1.6871638495e-30,3.1118923576
9.0629786495e-23,1.4050662580
1.9603133619e-25,0.7606498635
1.6278396512e-24,2.5415947147
1.4728664330e-22,2.1243427467
1.6478165887e-27,0.3880931814
3.8481829815e-26,0.6137016218
1.8468717663e-31,0.0379230803
4.4335115823e-26,0.6260107833
1.9008594053e-27,0.3965166385
1.4731324660e-23,1.1731941814
4.3081203875e-30,0.1223305828
3.0697448329e-22,1.6823253200
3.4009356901e-22,1.8938985506
1.1655500971e-22,2.1610700220
2.4804460168e-27,0.4125727416
7.1241090507e-24,1.0969363790
1.7381449700e-22,2.0951242557
1.1491776013e-23,2.4039065495
2.7572707751e-23,1.2445882855
6.2752978925e-24,2.4503662148
4.0063025266e-31,0.0546206834
3.2466626269e-22,1.9219657138
5.3249982377e-24,1.0678083663
1.3385843162e-34,3.3677344999
2.7489329870e-22,1.9874239619
1.4776852859e-40,3.6671084084
2.3028297102e-30,0.1021355721
1.8093442769e-22,1.5302173705
5.9587622062e-24,1.0789805819
4.4225506282e-23,1.3033218429
3.6245317236e-28,0.3059831515
3.6183516894e-29,0.2013376646
1.6054150537e-22,2.1095370384
5.1415331356e-24,1.0643444886
4.3922921524e-25,0.8344954127
9.3600129650e-30,0.1493351842
5.6864340436e-26,0.6479861762
4.8571758119e-27,0.4554479589
4.4547947025e-25,2.6177551753
2.1553843402e-24,0.9808689736
2.8019730962e-22,1.6467648926
3.7879058899e-25,0.8209711545
6.1705877657e-28,0.3334575956
3.5433529969e-22,1.8538649591
2.2110361429e-22,2.0454570184
5.6669417694e-26,0.6476803960
1.0671713178e-29,0.1541044701
5.8001351047e-30,0.1324308319
3.5653513439e-22,1.8428201363
1.5392935314e-27,0.3841220124
5.7968501947e-26,0.6496999830
3.4173205303e-22,1.7423582874
1.5688192659e-30,0.0905388899
1.1099301374e-27,0.3654541915
3.2371920165e-28,0.3003210347
1.7832409795e-22,2.0903002025
2.1436013050e-26,2.7682165949
1.3886231677e-32,0.0015859746
6.9780464112e-30,0.1388680186
3.5305259538e-25,0.8145392768
3.1863413149e-23,1.2620411810
3.5863008544e-22,1.8201812546
3.3793474594e-32,3.2248644966
1.4966403461e-27,0.3824924840
5.0725300177e-24,1.0630120017
4.2158184698e-32,0.0122020549
4.9153459794e-23,1.3172069657
3.7776500028e-25,2.6268258885
2.7440730622e-25,0.7914815500
6.3516479948e-29,0.2249087073
2.5189018584e-22,1.6126275550
1.0226009985e-25,0.7010106877
1.8142888657e-27,0.3937535650
1.8414199367e-25,0.7549092105
5.0632289876e-25,0.8474760453
2.0300139356e-22,1.5561359548
2.0188401104e-24,0.9747352316
6.3436783627e-26,0.6577597050
2.3700244565e-22,1.5953221845
1.2132915265e-23,1.1522469078
4.5760132464e-25,0.8382376099
2.0937043376e-31,0.0404646625
8.1349168872e-28,2.9028017790
1.0523674825e-24,2.5682810677
1.9735474731e-22,1.5495699478
2.4201286542e-22,2.0234870942
3.2712899502e-22,1.9179442903
2.8917242158e-22,1.9706090721
6.6570130069e-30,0.1372169281
3.2705889727e-22,1.7136308696
1.1700343199e-22,1.4468934711
8.5799080658e-26,0.6850244588
1.0556333474e-54,4.2199537034
3.5175321662e-26,0.6059729663
4.9192188798e-23,1.3173116682
7.8833541146e-29,0.2342815329
2.0462148872e-22,2.0626328827
3.4351388169e-22,1.7465123038
2.1056334258e-22,1.5648817740
2.2263948709e-24,0.9839131367
2.0822613300e-25,0.7661860140
1.5464854195e-27,0.3843927924
7.8520963833e-23,2.2147414757
7.3976543904e-23,1.3742766020
2.9197069214e-29,0.1926600163
1.1515283411e-25,0.7118639403
1.4854282624e-30,3.1157654409
2.8982328793e-24,1.0088485773
6.2692505479e-24,1.0840596384
9.4468977040e-23,1.4116040767
1.3781964406e-37,3.5256580507
7.5327607138e-23,2.2199218525
2.6525614871e-24,1.0004380269
1.3704359016e-37,3.5257805595
9.8990620493e-41,3.6750095765
2.5852988670e-23,1.2369493135
1.6779010819e-30,3.1120600935
1.6189666461e-28,0.2668625114
1.5248588308e-28,0.2640690244
1.5474787942e-54,4.2142244006
4.2814950131e-67,4.6166622524
1.9768103565e-32,3.2394932384
1.7874563822e-24,0.9633681407
9.3578461305e-23,2.1919624181
5.6416340100e-23,2.2540907815
3.1284338984e-23,1.2598042573
3.0720607151e-22,1.9475633851
3.4403433792e-22,1.8851126150
2.0256595666e-30,0.0981921388
2.0534269562e-29,0.1787788440
6.5370988482e-59,4.3609867689
1.0354818230e-25,2.6940931661
5.1834941659e-31,0.0607453100
3.2883631313e-27,2.8480189279
1.6385901676e-22,2.1059007474
9.8576336961e-34,3.3180859933
2.4741724231e-23,1.2317821397
3.4847218128e-22,1.7594560455
2.8397183993e-23,2.3250315709
5.0830031150e-27,0.4584794181
8.4120323327e-29,0.2371336806
2.6752457401e-23,1.2409962652
8.4958110449e-50,4.0446208554
4.4283841120e-27,0.4493371685
5.3487456846e-24,2.4619777585
1.5853788126e-22,1.5028653613
8.0184718764e-27,0.4899114355
1.9273465580e-22,1.5441683605
3.4353851469e-22,1.7465712554
1.2408682642e-30,0.0837649735
3.7730933661e-26,0.6120007891
5.3751020861e-29,0.2177906544
3.8177884219e-26,0.6130168226
4.8130214682e-23,1.3144169952
2.0117605286e-22,1.5540172502
3.6263202391e-26,2.7442881406
2.7636761274e-22,1.9857309694
4.2154586082e-25,0.8307421359
1.5215054181e-22,2.1188537418
3.5289491145e-22,1.7738889189
4.5778140068e-23,1.3078227876
7.4269384136e-28,0.3433584024
1.9467374446e-29,0.1767124627
3.9237934127e-41,3.6931145522
1.6279409028e-25,0.7436021468
1.7751847652e-22,1.5261285535
1.0064976560e-61,4.4513350267
2.6819464484e-23,1.2412931438
5.0983022036e-47,3.9387640061
2.7294530922e-30,0.1074647411
7.1148439719e-25,0.8785449784
1.6250872994e-41,3.7101772897
1.2109615583e-36,3.4777088915
3.1833647096e-23,1.2619270197
6.9272012598e-32,0.0199839422
5.6762798521e-24,1.0741434204
2.5475851190e-28,2.9458351941
2.8176028338e-25,0.7939028615
2.1400729497e-28,0.2800823661
1.4413985838e-23,1.1708195679
9.8282595242e-25,0.9081224261
7.9591537496e-30,0.1435203278
1.9101013676e-22,2.0768760604
3.5599736799e-22,1.7877740445
3.2435565474e-22,1.9224637919
1.9209170203e-22,2.0757395615
4.2795126994e-77,4.9044876442
4.2054687624e-27,0.4459534402
1.4640897833e-23,1.1725221450
2.1525151062e-31,3.1728353623
3.2110328839e-24,1.0186295393
3.5196097045e-22,1.8629263265
1.5061378408e-28,0.2634946846
2.4363510593e-24,2.5158234360
2.1388991116e-22,2.0529756165
1.6575573045e-28,0.2679655459
5.7558840987e-27,0.4668643992
1.1437653512e-29,0.1566486353
2.0506412838e-23,2.3549721787
2.9929134310e-24,1.0119105138
3.0594996489e-27,0.4255842785
1.6017514117e-41,3.7104558008
2.7720200295e-22,1.9847688900
1.6612864219e-25,0.7454627337
2.7850374034e-24,1.0050609449
3.1051413333e-55,4.2381950390
1.1955460049e-65,4.5730005203
7.7131899473e-32,0.0217862371
2.0647613582e-36,3.4656804399
7.7300863334e-26,0.6755667112
2.8193995042e-31,0.0467392690
4.1774942207e-26,0.6208214327
1.7794600928e-24,0.9629504383
1.0969010332e-22,1.4359459288
8.9078750843e-32,0.0242651624
7.6470624905e-23,1.3791781423
6.0155089827e-25,0.8632117450
4.8370829036e-26,0.6336570172
1.2906885752e-28,2.9701110858
1.6420696902e-22,2.1055207731
1.0583285290e-24,2.5679428290
1.7748746904e-26,0.5495458490
5.4096007064e-25,2.6069081088
1.1096799953e-22,1.4378900739
2.2102107847e-27,0.4055538231
2.1828404619e-22,1.5737750442
3.3049221579e-22,1.9122222420
1.9615763042e-26,0.5575102052
8.1753346870e-26,0.6806401444
1.6431295667e-24,0.9555355231
1.4888517112e-22,2.1225310079
3.3338094722e-22,1.9070591945
2.8756875102e-22,1.6561174275
1.0337691271e-27,0.3614795070
2.9521541966e-23,1.2527766620
5.2544550228e-26,0.6409678704
4.5746097582e-24,1.0528657514
2.9997281753e-27,0.4243469004
1.8163229637e-23,1.1963625411
2.7380994627e-23,1.2437568506
6.8195967685e-25,0.8746717739
8.9497132743e-23,1.4031021072
1.0586982839e-22,1.4300490827
1.3170011298e-23,1.1610431748
8.6757824749e-27,0.4955415028
3.2187113045e-23,1.2632770093
1.1482768086e-22,1.4436806530
2.4513558986e-27,0.4118506139
3.1589463914e-22,1.9353676309
5.3336037116e-23,1.3281614244
2.4811271107e-28,2.9467911170
1.5284980369e-31,0.0341995186
1.7812984877e-24,2.5359336337
7.7293066135e-32,0.0218216470
3.5431628218e-22,1.8539461974
9.4475917023e-27,0.5016998192
1.8835395121e-22,2.0796717655
6.9478259911e-26,0.6659340346
4.2504103790e-25,2.6203517030
4.4919890372e-24,1.0510835492
9.3229924179e-27,0.5007357718
1.6898485507e-22,2.1003285322
3.2554527555e-26,0.5993663814
6.7297948322e-24,2.4452036865
4.6159683515e-23,2.2761285775
1.6983231567e-30,0.0928843386
7.4519849829e-24,2.4375862840
2.0304468213e-22,2.0642777278
1.7673338612e-27,0.3922054605
4.6055389310e-27,0.4519218243
2.2931686837e-29,0.1830868848
2.7305108343e-31,0.0460466788
5.7337201377e-29,0.2205318655
3.0552522737e-25,0.8013148345
1.7094666871e-22,1.5181860806
3.4855174887e-27,0.4338348806
4.5659685718e-26,0.6285886249
3.4059473267e-25,0.8112546411
1.0744330727e-24,0.9163045868
8.0886796620e-23,2.2109906671
4.5075243218e-47,3.9408545014
3.8304765673e-32,0.0108102552
1.9337036439e-26,0.5563643619
1.5501506541e-25,0.7391094301
3.2833529731e-22,1.7158585218
1.3326634824e-24,0.9361415993
5.6861925145e-31,3.1445179772
4.6236016472e-25,2.6156916066
2.1044564020e-25,2.6580523351
2.4395033468e-22,1.6033664288
1.4881586139e-24,2.5471796966
5.1660298169e-27,0.4595645197
1.2192955944e-23,1.1527740130
3.7596734956e-28,0.3078298682
6.4588411315e-26,0.6593732450
2.9581066804e-31,0.0477855322
3.5866224418e-22,1.8175861556
5.3411223929e-26,0.6424180596
2.4381624081e-25,2.6503311362
6.9764039519e-26,0.6663037681
1.7350060442e-22,1.5212852955
1.1769804119e-22,1.4479116926
1.1616619961e-24,0.9234828400
1.1139324272e-29,0.1556766348
2.0310012420e-27,2.8673216871
9.2609688031e-29,0.2413893458
3.9741468966e-26,0.6164882402
8.9987539477e-26,0.6893577918
3.1360553958e-23,1.2601006180
3.2006882673e-22,1.9291510824
1.9353763314e-31,0.0388645377
1.1191783853e-22,2.1670109648
1.9331077625e-62,4.4739101488
1.6861503420e-31,0.0361151068
3.0619163509e-29,0.1945693108
2.0907196725e-22,1.5631603567
2.0030559095e-37,3.5175229843
5.3398409027e-27,0.4617878380
3.5838238862e-38,3.5545908198
5.0168318585e-32,0.0148239332
4.9418500771e-23,1.3179222111
1.7746870681e-28,0.2711760727
2.9480196701e-22,1.6655758671
1.0207322409e-23,2.4133458649
2.4452693033e-30,0.1040041418
1.5560275399e-59,4.3812609299
3.0553328934e-46,3.9081188196
3.3975887610e-22,1.7379840017
3.1326720229e-23,1.2599691298
1.0083031814e-28,0.2451847867
2.0902010061e-48,3.9922954449
3.5610231714e-22,1.7883574313
1.0177631205e-29,0.1523738751
3.4572863192e-51,4.0956920727
2.4042467660e-31,0.0433368383
5.2644608763e-23,1.3263975778
1.7605268207e-22,2.0927260164
2.1446247746e-22,1.5693762784
1.4469831670e-22,1.4851517632
3.5080787117e-22,1.8667469520
3.3361531933e-29,0.1980336138
1.3048031024e-22,1.4660635085
1.0994484824e-24,0.9184199198
3.1216552792e-74,4.8243726117
3.5919706424e-27,0.4357575842
1.4629727231e-29,0.1658148956
6.3774196006e-26,2.7177104794
3.5705760296e-22,1.8394187547
2.9388961345e-23,1.2522341325
1.0227209942e-22,1.4243725161
1.6597326494e-23,1.1863125828
9.7313594961e-23,2.1866657021
4.3337030723e-23,1.3006895549
3.1934334927e-22,1.7008795926
1.7500709968e-23,1.1922061653
6.8590374497e-26,2.7142119266
1.2934800806e-25,2.6829858493
1.3820528517e-28,0.2595151036
2.3307133092e-28,0.2841927365
1.7496435129e-45,3.8777796762
2.9736193290e-27,0.4237995775
2.2149571323e-29,3.0302348559
4.7234188227e-23,1.3119354565
4.8927925383e-30,0.1266140874
1.8957850066e-25,0.7575789281
2.3120453243e-22,1.5886371687
1.1814441173e-26,0.5181987553
1.1791121429e-29,0.1577709224
1.8121924793e-28,0.2721634356
2.8296493681e-26,0.5875402503
2.4154349357e-25,0.7797949531
2.7512060530e-23,2.3280332047
5.9695144539e-23,1.3436135946
1.2633760169e-29,0.1603277858
3.8124915353e-25,2.6263240768
3.4545415082e-24,1.0256395766
3.2305244325e-22,1.9245327164
5.1370311147e-24,1.0642580589
3.4366860549e-22,1.8859717080
6.5490397262e-25,0.8709732334
9.7708278356e-24,1.1294005736
4.6432466960e-28,0.3186020534
3.3073628000e-28,0.3013908538
2.3782400093e-22,1.5962711732
1.3239242204e-23,1.1616082571
3.0998185777e-27,0.4264069944
8.4273202587e-24,1.1140798605
2.0969788261e-22,2.0573421733
7.2705805273e-31,0.0692511579
8.2101388024e-29,2.9859136184
1.7405685831e-29,0.1724089968
4.5636000921e-23,1.3074158067
1.3156355194e-22,1.4675551788
5.1183970248e-26,0.6386457203
1.1630087120e-28,0.2516214394
9.0007892210e-28,0.3538179760
4.8446735249e-23,1.3152849364
2.7367700197e-22,1.6386872487
9.1452284709e-23,2.1950341954
3.1417166036e-24,1.0165423057
2.2707358495e-25,0.7741321386
1.4508155787e-22,2.1268550496
7.5283074072e-26,2.7097131707
6.3143542892e-27,2.8211407760
4.6916220758e-24,1.0553392223
8.2892954626e-24,1.1123829517
6.2356827095e-26,0.6562212376
1.0599896346e-22,2.1747913683
4.2679832002e-25,2.6201240119
1.3833837642e-25,2.6795962205
1.9704382932e-28,0.2761348886
2.3400683372e-23,1.2252782032
1.7301506578e-27,2.8736464868
9.7651704456e-23,1.4168919425
3.2946611801e-22,1.7178651608
4.1150596646e-27,0.4445362515
1.7798349504e-25,0.7517878529
2.7253068327e-22,1.9901193014
2.4198836732e-27,2.8603553648
1.9136369517e-22,1.5425596534
7.8633881898e-23,2.2145608164
3.0758284268e-22,1.6831962946
9.8015329947e-23,1.4174888612
2.4676380330e-27,2.8595746850
4.0296424312e-29,0.2057555916
7.5846938284e-28,0.3444926294
6.8353802658e-26,0.6644650602
6.2475501669e-29,0.2241992986
2.1804218492e-23,1.2171085628
2.4517893683e-22,2.0201179434
3.2163643654e-27,2.8489156582
1.0297153718e-22,1.4254858968
2.6361511695e-22,1.6265042871
8.6176476841e-31,0.0737240031
4.3342092503e-27,0.4479262188
9.8538522013e-31,0.0773454365
8.1463648134e-25,2.5834245411
3.2847242255e-25,2.6344217545
8.6554118368e-25,0.8964750418
3.7172303749e-32,3.2222448286
3.2697891859e-24,2.4962738626
1.2215929009e-24,0.9281150774
3.5749497212e-24,1.0289355536
5.6722966968e-25,0.8578472947
1.2970544465e-28,0.2565970868
7.1942055490e-25,0.8795588743
3.3354187380e-22,1.7253886246
8.8315343819e-23,2.1996465844
3.2523335176e-22,1.9210512465
4.2511867627e-42,3.7358033616
5.5695514380e-25,0.8561782286
6.9579693919e-43,3.7697906420
6.5714232241e-23,1.3571331065
7.3084066833e-30,0.1404970574
5.0876928857e-24,2.4655638353
9.9614953931e-24,1.1314188194
9.4718199762e-23,1.4120223325
1.6556386987e-30,0.0921286930
9.3142981495e-26,0.6924951381
1.7467491270e-23,1.1919941895
1.2959456663e-23,1.1593082677
3.3424722371e-30,0.1139663525
6.7016019707e-30,0.1374504873
4.4949040562e-24,1.0511469464
3.2385600170e-33,3.2875270118
5.5110601878e-24,1.0712103224
1.0469067069e-22,2.1765434805
2.0144660106e-22,2.0659457710
1.2212220827e-24,0.9280871047
2.1294976252e-23,1.2143950474
1.9213298562e-26,0.5558510496
3.1904365025e-34,3.3463792098
3.5152459579e-22,1.7689783170
1.6386341169e-26,0.5432598019
3.5703716023e-22,1.7941896048
1.7177262623e-26,0.5469619761
7.6587750928e-25,0.8852801792
6.8302704367e-23,2.2318493562
2.1430665579e-26,0.5646412365
4.1372580836e-32,0.0119257286
3.9959601175e-23,1.2902723607
4.8451286521e-24,1.0584985651
5.7661522046e-28,0.3298798562
3.5794102829e-22,1.8017938220
5.0672672794e-25,0.8475488379
3.7099855143e-65,4.5580147939
5.6816180542e-48,3.9756876276
1.9204258303e-72,4.7734325198
3.6068085146e-27,0.4360215985
3.1541669580e-22,1.6947767360
1.6796248121e-23,2.3724070112
3.4356385417e-25,0.8120483212
3.5363336007e-25,0.8146895428
8.9440978851e-26,0.6888035424
1.9708527962e-35,3.4136154254
2.9467019522e-24,1.0104276918
3.5099378586e-35,3.3999631040
2.9954683782e-33,3.2895555876
4.0028633350e-60,4.4003042384
1.8053831062e-30,0.0947104031
3.3977671695e-32,0.0091358162
4.4191896771e-24,1.0494877159
2.8703093427e-32,0.0069602466
2.2820511607e-23,1.2223658438
4.3420688418e-27,0.4480449915
3.6626284573e-25,0.8178972959
5.1475210918e-26,0.6391475768
3.3262703748e-22,1.9084311905
1.2298330760e-22,2.1530351147
8.4624428972e-23,2.2052048295
1.6262896649e-51,4.1075540210
5.7714332856e-28,2.9157442663
6.0146090955e-40,3.6391122481
3.4405422083e-32,3.2243716154
3.1864626511e-30,3.0923328264
1.9341814126e-29,0.1764625317
4.5221356058e-24,1.0517373474
8.9435174632e-23,1.4029941825
4.8737917227e-23,2.2702795629
9.0365520531e-23,1.4046094754
1.3518437235e-27,2.8832891354
2.0564208444e-22,1.5591953591
1.1763898977e-29,0.1576855826
1.0341091299e-23,1.1353356899
3.3866536868e-25,0.8107351595
1.9399302459e-30,0.0968777750
7.2038095665e-26,0.6691954923
2.2658997495e-23,1.2215438573
2.2739376306e-26,0.5694619524
1.7313915591e-63,4.5066205830
9.6819221451e-23,1.4155198795
2.8371048458e-22,1.6511900577
1.7078069634e-24,0.9591245269
1.2551907189e-26,0.5227545133
7.6635934969e-24,2.4354743968
5.9515877466e-24,1.0788603670
7.3336515238e-28,0.3426774200
7.0121150072e-31,0.0683159269
8.1968603651e-23,1.3895961702
1.4130961788e-27,0.3791768111
3.9136908705e-28,0.3098624891
1.8750013940e-25,0.7565674730
2.0942069098e-26,0.5627750796
8.4820238653e-25,2.5810607508
1.7502921687e-23,2.3688593973
4.2363626204e-26,0.6220399391
4.5374702675e-23,1.3066650216
1.1576939519e-23,1.1472525214
5.6689180129e-75,4.8452664768
3.6311936468e-28,0.3060756393
2.6800262560e-28,0.2909891350
6.8482220952e-51,4.0848875521
2.6528618739e-28,2.9443688296
5.0055506852e-26,0.6366758232
2.8102287070e-23,1.2468600935
2.7431829160e-22,1.9880819172
3.0256363781e-28,0.2969632422
6.3730080020e-32,0.0186141979
1.6647334242e-37,3.5215540638
7.2021603958e-27,0.4823351469
4.2520143302e-29,0.2079758843
1.6967041303e-26,2.7786213590
4.1527327988e-24,2.4798800831
7.6017709519e-23,1.3782966065
1.8271887992e-38,3.5688500995
1.4812494431e-28,0.2627210041
7.1361099338e-27,0.4816901117
3.8073737825e-25,0.8214396322
3.4439883685e-24,1.0253455711
1.0696787042e-59,4.3865304451
3.1797240951e-27,0.4280100469
6.4625747353e-29,2.9941668426
3.7116486714e-25,0.8191124841
3.7335844569e-28,0.3074781034
2.1594798516e-26,0.5652597693
4.1205960608e-25,0.8286630164
8.6951779648e-24,2.4258415136
1.6129692316e-34,3.3631801395
2.6547088243e-26,0.5822161158
9.9341030195e-23,1.4196529931
1.0462580734e-28,0.2468430233
3.1397604421e-24,1.0164827734
3.1407913337e-22,1.6927471767
3.6011316324e-23,2.3018281172
2.8382720277e-25,0.7945720426
1.5277131457e-24,2.5455519975
1.3573656907e-26,0.5286983115
4.0970037098e-24,1.0421169752
4.0152929829e-46,3.9034002166
1.1100393666e-22,1.4379445487
5.0747171254e-27,0.4583702811
2.5912217584e-26,0.5802067959
3.8170340807e-24,1.0352579261
2.4825840447e-22,1.6083805361
1.2627489675e-26,0.5232082612
2.4158172376e-26,0.5744201785
1.9064569818e-23,1.2018111349
3.3885835153e-25,0.8107872540
1.5536607102e-23,1.1790242717
9.5222645407e-23,1.4128666962
4.5681268422e-24,1.0527269971
3.9047779354e-30,0.1190623820
3.0529276856e-22,1.6799364314
3.6487473531e-24,2.4888127126
1.3333069995e-28,0.2578622943
2.6019155202e-22,1.6224221383
1.5020963632e-38,3.5729715538
3.2963746921e-28,0.3012246985
2.4497879320e-27,0.4118114761
8.1507295617e-25,0.8909754101
8.6151956961e-24,1.1163496359
1.0205594994e-26,0.5073386465
1.0378992324e-22,2.1777569883
2.0585245586e-32,3.2383946738
3.0516796423e-22,1.6797602154
3.7430640937e-25,0.8198828025
1.2926016956e-35,3.4235048439
1.4408059931e-26,0.5332716440
5.7762988435e-24,2.4564197388
6.4314907770e-24,2.4485567593
8.6780071153e-26,0.6860574531
3.5205519663e-26,0.6060464725
6.9220417611e-28,0.3395761307
3.4484753608e-22,1.8831650428
1.4669978068e-22,1.4877610914
1.0699235451e-52,4.1498518448
1.1434778612e-50,4.0767490904
6.5501577905e-27,0.4757295881
1.1406789778e-22,1.4425501654
9.5014373138e-25,0.9050206004
7.1151088842e-27,0.4814839368
3.5334317925e-22,1.8578914373
1.1094020923e-24,2.5651133420
3.5848158294e-22,1.8093412127
2.4127196998e-24,0.9914796761
1.6030596714e-22,1.5050775059
1.2117556159e-22,1.4529571416
4.5121751708e-25,0.8369546585
8.6143221934e-33,3.2617945919
2.6784810083e-28,0.2909608874
5.1377749226e-23,1.3231187923
3.3867485191e-22,1.8968428376
2.7012656110e-22,1.6343532624
1.8312793118e-25,0.7544025033
7.3387596243e-28,2.9067055749
6.5871441855e-24,1.0890258926
2.1550171357e-22,2.0512965714
3.2399566484e-28,0.3003635807
1.3047198353e-24,0.9341854675
2.5595168532e-27,0.4144984178
2.2704331038e-26,0.5693360731
3.1824230472e-29,0.1961250392
1.6413718151e-27,0.3878639612
7.2268010918e-23,1.3708500865
3.0089967722e-22,1.6738167318
3.4755012039e-25,0.8131031118
6.7515165067e-27,0.4778281776
1.7507571707e-24,2.5370245492
4.1206830489e-25,2.6220597775
3.4606191586e-22,1.8801517469
3.3620599381e-75,4.8516421840
7.1114446901e-26,0.6680316067
3.0461330427e-25,0.8010412923
1.3567350581e-24,0.9377949018
2.1081723101e-23,2.3525028443
1.4877532009e-26,0.5357448852
5.2733640124e-26,0.6412861606
2.6990333906e-32,3.2310200839
1.4893156405e-25,0.7354364492
8.9803347917e-63,4.4843424192
3.7348593217e-36,3.4521952537
1.8783604078e-28,2.9567952011
1.2261023090e-22,1.4550141885
6.3720275501e-48,3.9737743773
2.9711185682e-25,0.7987593502
1.0338019237e-26,0.5082864070
1.2601109140e-22,2.1493242526
8.9434804587e-27,0.4977292423
1.0543775897e-31,0.0272592101
2.1030231858e-22,1.5645805909
2.7074978070e-24,1.0023811413
5.9897978510e-27,0.4695801661
7.8352188586e-23,2.2150118143
5.2675403477e-24,1.0667355803
1.6640877489e-24,0.9567132444
1.5260401186e-23,2.3805609782
1.0157292192e-30,3.1272407921
3.6119643222e-24,2.4895062591
2.2896655972e-31,3.1710566629
1.8016843886e-24,0.9641069334
3.4501240788e-26,0.6043171686
2.8378115722e-42,3.7434515551
6.0162482879e-23,1.3446989549
3.1299746045e-26,0.5960324810
1.3025401935e-22,2.1441966635
7.3407514702e-27,2.8148072093
3.0740118811e-22,1.6829358364
1.7158258472e-22,1.5189593355
2.4069535217e-25,2.6510104500
3.0345264489e-22,1.6773526732
2.1240716510e-27,0.4031562765
4.7153404147e-29,0.2122813703
2.4524327378e-26,0.5756580699
2.6135346348e-22,2.0026123589
2.2073180725e-22,2.0458448868
4.8002686429e-24,1.0575850249
1.9281537407e-22,1.5442629888
4.6180442737e-25,2.6157584364
6.8583850410e-54,4.1917948359
8.1673879817e-23,1.3890503469
4.2119554556e-24,2.4788936932
1.0103381095e-27,0.3602037173
3.4041274740e-22,1.8932218531
1.8738102658e-39,3.6160783108
2.3990604157e-26,0.5738481422
3.5562563890e-63,4.4968992261
2.0924891932e-25,0.7666354407
6.8720006425e-23,1.3635426992
4.0644263569e-31,0.0549552581
1.4305590804e-24,0.9426929260
5.7727273158e-30,0.1322674898
1.0393975139e-23,1.1358711003
1.5993326841e-25,0.7419753051
9.9126579130e-25,0.9089069513
1.5704339001e-24,0.9513347042
2.4581853437e-22,2.0194354265
1.7647571953e-31,0.0370161328
3.9214821284e-23,2.2931855075
1.1951706126e-22,1.4505615493
3.6465000202e-25,0.8174939013
1.5091157689e-27,0.3829733423
1.4496888137e-22,2.1269838435
7.3369384981e-26,0.6708482304
3.4549083588e-22,1.8815853203
1.3438792843e-22,1.4714136275
3.1561343580e-26,0.5967372889
3.4447329624e-22,1.7488420271
9.1753515697e-28,0.3548743113
7.2823634470e-23,2.2240852052
1.5912340209e-25,0.7415094879
1.2393719962e-26,0.5217971651
1.3119361448e-26,0.5261050682
3.5498776308e-26,0.6067573573
3.2195924455e-22,1.9262433194
2.5998286149e-24,2.5115649894
1.3757901275e-23,1.1657605410
1.1632642981e-22,2.1613598993
2.3198472143e-22,1.5895356906
3.0372012103e-27,0.4251251688
1.1743040068e-22,1.4475197819
2.2220478198e-26,0.5675804431
2.1757383535e-29,0.1810307822
1.1806340664e-26,0.5181473645
4.6082434720e-25,0.8388785389
1.8454383018e-23,1.1981476610
1.2777913879e-26,0.5241043677
3.6561640852e-27,0.4368929973
5.2369375209e-27,0.4604792850
4.8831987647e-25,0.8441704212
2.4979357468e-29,0.1864530425
3.0449796032e-46,3.9081773688
4.9172736409e-30,0.1267832733
3.4090418669e-22,1.7404963472
3.2514013887e-28,0.3005393581
1.8240486417e-25,0.7540394813
3.3644352300e-22,1.9012841373
9.7063511058e-31,3.1286034200
1.2553785754e-28,0.2551022635
9.0077279128e-30,0.1479511149
1.0599576596e-24,0.9150583533
5.4691397816e-30,3.0754160284
1.0543878898e-36,3.4808129385
2.9790279519e-30,0.1102528716
7.3612134321e-28,0.3428794282
8.6028830871e-61,4.4217163491
1.1060916538e-31,0.0281273753
2.5210322887e-22,2.0126907872
7.6181595758e-31,3.1358426522
6.4867376220e-28,0.3361095942
1.1184590302e-26,0.5141089213
1.4416274031e-27,2.8807866698
2.5292310570e-22,2.0118053246
4.0843956392e-30,0.1205531700
3.2253476322e-22,1.7060186843
3.8961054648e-25,0.8235448290
5.3165850722e-30,0.1294415328
1.3007334447e-23,1.1597049462
6.0878462320e-31,3.1424999209
2.9934634934e-23,1.2544541632
1.1269393369e-29,0.1561032897
4.0888092115e-23,1.2932043805
2.6064633784e-30,0.1060076369
3.6691782830e-23,2.2999449019
2.3308566293e-31,3.1705426856
3.4039699684e-40,3.6505249900
1.9510228949e-23,1.2044233287
4.9987385507e-26,0.6365555933
5.9679718764e-23,1.3435776603
2.1816481120e-28,0.2810063489
1.3573894543e-23,1.1643034920
3.4382063377e-22,1.7472495954
2.5988729629e-23,1.2375675700
3.6764381757e-23,1.2797429439
3.6381701290e-23,2.3007997371
6.9627869012e-23,1.3654381653
4.5124211992e-26,0.6275548841
3.6811726639e-29,0.2020411500
2.0728987462e-22,1.5611013614
4.0025591356e-26,0.6171056674
1.3411238425e-27,0.3761767698
7.6013303769e-25,0.8845916652
3.5362515639e-25,2.6304241287
4.9336491352e-29,0.2141779966
2.6751071419e-26,0.5828526792
1.0686314840e-29,0.1541545001
1.0771247090e-22,2.1725148024
5.1711702241e-24,1.0649117177
1.0978371883e-22,1.4360888224
4.4877089255e-26,0.6270740009
7.2689790624e-23,2.2243103862
1.4037002071e-26,0.5312669838
1.9143194018e-22,1.5426398008
4.2514967596e-26,0.6223506954
1.4444517133e-24,2.5490240588
3.5566927181e-22,1.8476414010
3.9663424657e-25,2.6241573286
5.8944836984e-28,0.3310390487
1.4141097217e-31,0.0327059570
6.5857489624e-28,0.3369161391
1.7415634721e-22,2.0947574303
2.3796088708e-27,0.4100366509
1.9653027434e-25,0.7608830716
5.8980886081e-27,0.4685265732
3.4679285157e-22,1.8782706331
4.0667033930e-25,2.6227850674
2.2461525580e-23,1.2205320584
3.5114246951e-22,1.8656683507
1.0927956974e-28,0.2488031679
2.8432044609e-27,0.4210006166
3.1682841125e-24,2.4984014407
1.8810922401e-35,3.4147119349
3.1799924356e-22,1.9322664734
1.5467343893e-22,2.1160332478
8.6318084700e-26,0.6855723902
2.0297908242e-23,1.2089170000
6.8250988222e-25,2.5936815922
1.9552613818e-27,0.3981962781
6.7955533389e-26,0.6639392529
2.2895914622e-22,1.5860525361
2.4826231893e-74,4.8271846479
1.1980363863e-25,0.7154879280
1.2886118797e-27,0.3738956108
2.2459475864e-23,1.2205215164
8.3615625589e-30,0.1452798842
1.6360754338e-26,0.5431374625
2.7870914850e-48,3.9875302883
1.1849451867e-26,0.5184205188
1.4917264751e-22,1.4909614465
7.5164561337e-24,1.1023790269
1.7968514044e-27,2.8721584280
3.5954383679e-30,0.1163460512
1.0490091620e-22,2.1762610839
6.5717074195e-23,1.3571392678
4.8166622847e-27,2.8324023293
4.4832467443e-27,0.4501471037
4.8734640009e-23,1.3160705612
1.8823602719e-29,0.1754151356
9.3636464525e-25,2.5752338800
4.5578424737e-29,0.2108627814
1.6859880423e-23,2.3720826117
2.9795051277e-22,1.9597034849
6.0277748385e-29,0.2226655562
3.2224294879e-22,1.7055414345
7.2902887311e-23,2.2239519980
5.3040308968e-23,1.3274091883
1.0470258607e-28,0.2468759999
2.5932495275e-26,0.5802716435
1.8103316052e-26,0.5511128088
7.0699088611e-26,0.6675035104
7.4039417759e-24,2.4380729048
2.0697566897e-31,3.1739628341
5.7638491860e-23,2.2516616295
2.9480893308e-25,0.7980471510
1.1757110174e-27,0.3686947857
4.2395210809e-44,3.8210696994
1.1045927564e-28,0.2492879864
2.5852782659e-27,0.4151144608
2.5822316213e-45,3.8709463935
4.8455319162e-28,0.3208042495
7.4776316850e-24,1.1018521503
8.5340494371e-23,1.3957461424
2.8282033824e-26,0.5874974557
5.8874554932e-23,1.3416922157
2.4899567983e-30,0.1045708416
3.2656530332e-30,0.1132121897
2.7970499122e-22,1.6461490977
1.2251509782e-23,1.1532858484
9.2237485839e-23,1.4078260867
3.3350677466e-42,3.7404002956
5.8911759228e-25,0.8613045205
2.3280552093e-26,0.5713844691
7.0802626541e-23,1.3678643200
1.9861868920e-31,0.0393892961
3.5861480805e-22,1.8208526778
2.2138239709e-31,0.0416142251
1.1459347865e-29,0.1567184176
6.1977579271e-23,1.3488551884
1.2444216532e-25,2.6849288958
1.6185590766e-22,2.1080933650
2.5105507749e-30,0.1048290227
1.1248582301e-29,0.1560353263
3.8468072191e-44,3.8228251022
1.0818036456e-22,1.4336310214
1.2143173622e-25,0.7167238799
4.7348664860e-27,0.4537544757
9.4808658569e-27,0.5019554090
6.3583875952e-31,3.1412123306
3.3068687275e-27,0.4304892436
3.1535372677e-30,0.1120829397
4.7803684197e-28,2.9227677859
1.4307118832e-22,2.1291592825
6.7597870509e-23,1.3611743858
6.0908466665e-29,0.2231108505
1.0594513198e-27,0.3628483648
2.6183386651e-27,0.4158971530
1.3467915125e-22,2.1389325102
1.6196234857e-24,0.9541972130
1.4720182732e-42,3.7558004887
1.1722736728e-27,2.8888096777
1.2866945558e-25,0.7220273255
2.0179145056e-28,2.9542297032
5.3621482569e-24,2.4617977792
8.6080026171e-45,3.8496505849
2.7315925592e-29,0.1899999040
3.1245985677e-26,0.5958869847
3.5096586780e-22,1.8662404958
9.1739710198e-25,2.5764442158
7.8584111528e-30,0.1430672503
4.2263597636e-25,0.8309780433
2.8760739628e-22,1.9725024654
1.9609585114e-22,1.5481009554
2.0804513188e-25,0.7661062488
5.1584884086e-29,0.2160531519
1.6283946354e-29,0.1698684434
3.8152331003e-28,0.3085716723
1.2666782475e-29,0.1604247976
2.4516781602e-24,0.9929909934
1.6965197568e-22,2.0996071411
2.9710686778e-22,1.9607746971
7.4979953342e-23,1.3762625562
3.6806733732e-31,0.0526701589
3.1399275223e-25,0.8038162147
1.3938935813e-25,0.7293631795
5.6497060274e-24,2.4580272025
2.8392498214e-25,0.7946035777
9.0927853844e-27,0.4989249625
1.9041835555e-27,2.8698710221
1.4537121761e-24,0.9441785304
1.0290287231e-27,0.3612235095
4.1885851101e-23,2.2863777256
1.2110546621e-23,2.3996723847
6.5072579193e-24,2.4476926183
1.3027795805e-22,1.4657841153
2.6924276275e-24,1.0018518607
6.6509439193e-45,3.8542331064
5.6930743545e-45,3.8569904773
2.9890528621e-30,0.1103605219
2.6616093615e-36,3.4599195304
1.1691145810e-26,0.5174132350
1.0681896787e-32,0.0008542398
8.6803324435e-28,2.9003330742
2.2882833992e-24,0.9864914038
2.6452391176e-22,1.6275927553
2.0027559707e-25,0.7626149325
5.6654016766e-26,0.6476561942
8.9298541989e-23,2.1981903037
7.6524701377e-27,0.4866012070
1.2064797616e-28,0.2532897426
1.1217085779e-26,0.5143247333
1.1099894383e-27,0.3654571896
5.7872423941e-31,0.0634569835
1.1686638188e-22,1.4466921490
3.2341897659e-22,1.9239541615
1.2465764322e-31,0.0303297320
4.8409603459e-25,0.8433771934
2.3415126740e-22,2.0317948976
1.6015080044e-33,3.3057114536
5.4320002316e-35,3.3895369049
5.5598645468e-31,0.0624640207
3.2972293655e-30,0.1135240612
1.7841903848e-28,0.2714280367
1.0764303469e-22,2.1726066616
3.5771168185e-22,1.7995503561
7.0219977902e-28,0.3403442602
7.7269879629e-26,0.6755304323
1.7485278706e-24,0.9613173977
3.6744197721e-28,0.3066720359
3.2900830201e-22,1.7170488937
1.9106742495e-26,0.5554066971
2.2120637795e-27,0.4056044821
3.1329164262e-22,1.9391178326
3.5363364386e-24,2.4909519419
2.2307039389e-31,3.1718082661
7.1210394431e-30,0.1395814904
8.2510730935e-38,3.5367458302
1.8597682720e-22,2.0821798314
1.1891113964e-26,0.5186836770
1.7385256487e-23,2.3694418629
3.4778999166e-23,2.3053088334
5.6817189519e-31,0.0630001864
6.4377350146e-28,0.3357062964
1.9907846332e-30,3.1068377445
2.6670731837e-22,1.6302167747
1.4586960270e-22,2.1259554318
1.2288837727e-29,0.1593004736
1.7171154458e-23,1.1900875312
2.1292840153e-26,0.5641186283
7.9822917818e-24,2.4323859860
1.1746605363e-29,0.1576312756
1.3750861041e-22,1.4756272136
1.5342815113e-25,0.7381653462
6.3225941226e-27,0.4732894898
1.5407176106e-37,3.5232375087
1.8359711244e-22,1.5333876122
1.1455203560e-22,2.1636204155
3.3123709033e-23,2.3101361382
2.8796187066e-23,1.2497832186
1.6181073858e-29,0.1696275456
1.6024810776e-27,0.3864634637
1.3251024970e-23,1.1617041710
2.5236001363e-22,1.6131784890
1.4529363325e-22,1.4859297080
1.0273670973e-23,1.1346495370
2.1960394602e-23,2.3488341874
6.9629392407e-25,0.8765725875
5.5205688381e-29,0.2189220634
6.4527040587e-28,0.3358297870
3.8856841725e-25,0.8233000907
3.5109913792e-22,1.7675479627
1.1513388523e-30,0.0816533329
3.5231376282e-22,1.7717443964
9.3577424239e-49,4.0055468579
2.0309907369e-64,4.5353833991
5.1678349684e-25,0.8493431506
3.5780946826e-22,1.8333319279
1.3015527325e-23,1.1597726966
1.6751463262e-22,1.5139940790
2.4986302166e-22,2.0151033355
6.4661925467e-27,0.4748379356
1.5997418463e-26,0.5413820560
2.4992400197e-23,1.2329646147
1.8973760655e-26,0.5548491031
1.8106370681e-23,2.3659215104
1.0505333763e-22,2.1760565548
3.9598987314e-26,0.6161770988
1.9933134708e-26,0.5587977332
1.1619378887e-29,0.1572295003
1.5872910774e-23,1.1813809382
8.1229257082e-23,2.2104535720
1.7370663865e-28,0.2701664369
6.3720104835e-25,0.8684700225
1.2585636495e-22,2.1495128104
2.3729668685e-22,1.5956620080
5.0203435640e-23,2.2670547700
5.1523704235e-24,1.0645522556
4.0015422469e-25,0.8259846012
2.5343021629e-30,3.0994197678
2.4591651312e-26,0.5758839021
3.3379443634e-22,1.9062988502
4.8803808264e-33,3.2768082432
1.6060250677e-25,2.6720092615
2.2104583236e-26,0.5671549468
5.3127772051e-27,0.4614458274
2.7768419719e-32,3.2302436519
2.0910459821e-22,2.0579602466
4.7418893000e-23,1.3124500011
2.5049228176e-30,0.1047586505
2.5163692543e-32,0.0054811325
3.8931534355e-24,1.0371682592
1.2363350712e-25,0.7183695701
3.3961060908e-26,0.6029691133
2.0106043580e-24,2.5282385376
1.5474880907e-55,4.2485178590
1.2015614849e-26,0.5194653658
5.4795845977e-28,2.9176843313
1.7493358574e-23,1.1921592846
1.5024466815e-22,1.4923410319
3.5634097643e-22,1.8439756935
9.6511036428e-30,0.1504436672
6.1430058340e-28,0.3332204388
7.1746742718e-28,0.3414986845
1.1089905232e-22,1.4377855311
1.3187890576e-29,3.0472267461
8.2352490457e-23,1.3903050774
2.1258754967e-23,2.3517539273
1.5558207298e-23,2.3789287109
1.9413838632e-25,0.7597596345
2.0303632913e-24,0.9752680145
3.2751090150e-22,1.9173085607
3.5673855425e-22,1.8415515857
2.0275451713e-31,0.0398084291
2.0944842559e-24,0.9781807095
2.0877949126e-22,2.0582989575
6.0549764755e-25,0.8638089506
2.7198545755e-28,0.2917121513
2.2857776219e-26,0.5698859769
2.2204803440e-27,2.8637821681
3.5432167040e-29,0.2004815329
3.4980689271e-22,1.7634243994
2.3833730794e-22,1.5968643639
3.1152316383e-23,1.2592894723
1.1462919024e-24,0.9222571730
8.6409679892e-32,0.0237354280
7.5969668708e-25,0.8845391551
1.1353835441e-27,0.3667280473
1.8076436975e-22,2.0877024599
1.0900878625e-26,0.5122013493
3.1925308897e-22,1.7007367083
7.7490286662e-23,2.2163982809
9.2209277399e-23,1.4077779417
1.1694918214e-37,3.5292162792
2.6212702186e-23,1.2385817705
3.3877407446e-31,3.1597071900
1.3265283172e-22,2.1413328820
1.4851416665e-31,3.1834617972
2.2194340179e-22,2.0445807540
1.9546808473e-23,1.2046354432
7.0878479471e-30,0.1394170388
6.5225456471e-32,0.0189926702
1.7777598498e-42,3.7522591567
4.7092179741e-23,1.3115387772
2.3649123744e-23,2.3421020273
1.0874412689e-22,1.4344977680
1.0468952542e-32,3.2565978258
2.7777226963e-22,1.6437413216
7.9771596850e-26,2.7069006617
3.4944039832e-24,1.0267425521
4.8277332158e-23,1.3148209653
1.6879637626e-31,3.1798080629
1.2994423222e-23,1.1595981012
3.1254038976e-46,3.9077276535
3.5203444267e-30,0.1156554955
1.5335545013e-26,0.5380934270
1.2602354087e-28,0.2552787703
6.1461951052e-30,0.1344357013
5.7164389944e-24,1.0748444455
2.8484297011e-61,4.4370121304
5.5839481903e-24,1.0725141503
4.8226721176e-25,2.6133448804
7.2978649845e-26,2.7112184764
1.8079136759e-31,0.0374969792
2.5815029549e-24,2.5120303439
1.7547702353e-22,1.5236725156
9.2925248690e-33,3.2597775585
4.8242985590e-60,4.3976937972
1.9347875335e-27,0.3975690876
8.5782935965e-30,0.1461960542
6.3366876927e-27,0.4734428050
1.8614458785e-22,1.5364078017
1.0719793604e-23,1.1391169321
2.4752456318e-22,1.6075247278
8.8732593953e-27,0.4971608987
2.6936015144e-29,3.0237455048
2.5938069589e-24,2.5117175794
2.7609938204e-22,1.6416692068
4.6836424914e-24,1.0551723787
2.8606905789e-27,0.4213823894
4.3933431149e-24,1.0489152357
1.0834589408e-27,0.3641012788
1.9721708127e-23,1.2056449331
1.2613249693e-29,0.1602674147
5.8094906969e-31,0.0635524264
2.9614552990e-22,1.6673687516
6.6347778374e-30,0.1370999322
1.3483163939e-26,0.5281878044
1.3563355530e-34,3.3674132609
5.2999032145e-40,3.6416556054
2.9562171094e-23,1.2529425132
9.4160467808e-27,0.5014567933
8.8794072111e-24,1.1194670218
7.9400763165e-26,0.6779935227
2.9516063297e-24,1.0105861025
4.0669455530e-23,1.2925188152
2.0201959432e-30,0.0981098191
2.9422372214e-26,0.5908140512
2.4830188749e-25,0.7823239145
1.7870830663e-41,3.7083463979
5.4846929890e-25,2.6061311538
5.3106234699e-25,0.8518316535
5.2832631467e-28,0.3252979317
1.5959236402e-29,0.1691032867
5.0799734596e-25,0.8477774963
5.8904766996e-25,0.8612936816
7.6416080347e-23,1.3790721761
4.0714917349e-39,3.6001491262
1.8829361213e-25,0.7569549444
1.1842010141e-75,4.8643446394
3.3461539944e-26,0.6017052448
1.9060273791e-77,4.9142037072
8.1182430943e-26,0.6800046723
8.5030855029e-29,0.2376083681
2.6877248820e-27,0.4175118720
2.5174904001e-25,0.7835872736
2.7136923745e-25,2.6446590529
1.4818566997e-41,3.7119531263
3.9813864109e-27,0.4423901794
4.8806650394e-23,1.3162664928
1.5449821206e-22,1.4977705912
1.8141444377e-22,1.5307899465
3.6275592208e-26,0.6086151275
2.7498567821e-25,0.7916743593
3.9057585866e-23,1.2873709602
1.7421427040e-22,1.5221483949
1.6083404967e-28,0.2665545893
2.3172323260e-22,2.0343469956
1.2001405742e-57,4.3194166415
1.5115173739e-26,0.5369711361
3.4492676125e-28,0.3034928010
3.0129246987e-24,1.0125459170
4.0503465748e-26,0.6181351908
4.5898813211e-27,0.4516969103
1.1566688283e-22,2.1621979979
1.9424742144e-26,0.5567264656
1.4187665258e-23,2.3866676253
4.0294686400e-34,3.3405761842
3.5696686295e-22,1.7937010764
9.6250465303e-33,3.2588406157
6.3326538766e-48,3.9738778304
3.2973089527e-39,3.6044945708
8.3050860260e-31,0.0727404775
9.2466287450e-26,2.6996785846
5.9719476371e-25,0.8625480406
3.5694429695e-24,2.4903157757
7.6278409465e-48,3.9707696882
3.3718418157e-29,0.1984652195
2.1538436142e-26,0.5650478344
7.2741957817e-23,2.2242225867
2.1752269693e-23,2.3496923397
8.9012188131e-30,0.1475230023
1.8146348827e-26,0.5513011627
2.1898812007e-22,1.5745849928
1.3424304375e-41,3.7138529045
3.2800402823e-31,3.1606476799
6.1605339167e-27,0.4715049012
2.4534657655e-24,2.5153659275
1.7127590472e-27,0.3903594360
2.0408625753e-30,0.0984201955
2.9811208836e-28,0.2962296344
1.4152654682e-22,1.4809800763
4.2198324915e-31,0.0558311825
1.3623945841e-25,0.7272673519
6.2235523094e-23,2.2428351245
2.9340197302e-22,1.6637203977
9.1009062985e-24,1.1220165187
1.8150990578e-49,4.0323343288
1.3283412527e-30,0.0857076007
8.8747917784e-25,0.8987675561
5.7444675835e-29,0.2206115846
3.2894593401e-31,0.0501330082
1.9995710450e-29,0.1777483014
1.7276111413e-80,4.9973859720
1.4047763190e-35,3.4215595387
2.1752505051e-22,2.0491882978
7.9305515451e-23,1.3846134175
8.3531119264e-26,0.6825919035
3.9750183442e-29,0.2051931510
3.0511051969e-31,0.0484650036
2.3094297017e-23,1.2237479552
3.0614250367e-22,1.9489982060
3.0631350486e-31,0.0485516690
3.6790077789e-23,2.2996750686
9.0311964877e-27,2.8060095890
8.5262563939e-29,0.2377284270
4.5761078224e-23,1.3077739879
1.1017278632e-27,0.3650381078
1.8078424046e-24,2.5349990026
2.9560286026e-22,1.6666431271
1.9262678347e-26,0.5560562409
1.2761698694e-24,2.5566283735
4.8588889492e-25,0.8437147318
5.3587254745e-28,0.3260383280
1.2498622808e-73,4.8072958650
1.4897113163e-23,1.1744169340
3.0183129438e-23,1.2554540056
3.6818795807e-23,1.2799283572
6.4277901518e-23,1.3539936188
1.9365094992e-31,0.0388763623
1.6739850605e-34,3.3622712825
2.1934819823e-25,0.7709583236
1.8936903913e-26,0.5546939592
1.5867847775e-26,0.5407476760
8.7204741748e-28,0.3520824704
1.0135577556e-22,1.4229065134
3.1122179363e-30,0.1116578305
3.5127826522e-22,1.8652239250
1.7063504750e-28,0.2693272604
1.9828213398e-22,2.0692524340
8.9530510360e-25,2.5778828296
6.3319854866e-29,0.2247755248
8.1492938849e-23,1.3887145672
3.9475669048e-32,0.0112429599
2.7956214775e-22,1.6459706191
9.7638713427e-26,0.6967910994
2.4575812494e-31,0.0437994182
5.3099670002e-24,1.0675287589
6.2274311269e-42,3.7285472795
7.9818631647e-28,0.3472566372
8.1671528082e-27,0.4912189351
2.3015189368e-35,3.4099603130
2.6836828808e-24,2.5094720164
1.1560964887e-51,4.1129010007
6.4076092817e-26,0.6586588249
2.8643891813e-22,1.6546667386
5.0704892077e-23,1.3213518046
6.2918413427e-29,0.2245024395
5.7828545740e-28,0.3300320385
3.0395149261e-22,1.9519193344
5.5886974197e-23,2.2551544901
1.7693241140e-22,2.0917855573
3.1767011758e-22,1.9327557528
1.2309068896e-46,3.9237381424
1.2300247552e-23,1.1537102243
1.6024926466e-26,0.5415161615
5.3583538546e-51,4.0887716389
2.2134265524e-26,0.5672641084
3.3459228932e-22,1.9048153194
5.4647715570e-32,0.0161546680
1.1359937409e-24,0.9214269269
1.3192256534e-22,1.4680480869
1.5521707356e-27,0.3846060547
4.4283135663e-60,4.3988918918
7.5813435329e-32,3.2024573739
2.3944597153e-22,1.5981462968
1.7638668930e-26,2.7769034146
1.1083450973e-24,0.9191608697
2.5656277690e-22,1.6181240856
2.0712824531e-22,1.5609145007
4.4645623490e-26,0.6266213731
8.5747849269e-23,2.2034973347
7.4256019557e-25,2.5888146013
1.6736370197e-41,3.7096103064
4.0843584354e-28,0.3120317959
6.8180297968e-30,0.1380538047
9.8402185406e-38,3.5329486201
1.1387807322e-24,0.9216523414
5.1342877893e-26,0.6389198726
1.0249057506e-22,2.1795180912
7.0666030183e-58,4.3270300909
5.6083431077e-31,0.0626784635
2.3416243128e-29,0.1839074643
5.4462125682e-27,0.4631176427
4.6739806247e-26,0.6306402970
2.8000551083e-22,1.9815145575
1.3579485414e-30,0.0863406680
1.8102139753e-28,2.9581152778
6.2228521183e-26,0.6560367890
1.3910487151e-27,0.3782726054
1.9897305232e-26,0.5586532790
3.7017727214e-29,0.2022694563
6.0413441956e-27,0.4701662200
7.9190629512e-26,0.6777534688
1.0431966028e-25,0.7028314937
3.5266391111e-27,0.4345836253
1.0199079073e-23,1.1338856756
5.6379637708e-41,3.6860468931
3.1156342636e-22,1.6889911849
1.0877886188e-22,1.4345510797
9.6879225170e-24,1.1285119428
8.2911894722e-31,0.0726960439
1.6412300885e-25,0.7443481682
5.0334798805e-26,2.7289683390
2.8368353958e-61,4.4370684240
3.4884101926e-25,0.8134420841
3.2954089050e-24,1.0211136032
1.2004321579e-25,0.7156708360
6.4950271486e-25,0.8702167015
8.1306114880e-24,2.4309844458
3.4252213362e-23,1.2709287146
8.5179569670e-25,0.8950092228
3.4462801193e-22,1.7492244416
4.8647080065e-24,2.4687558952
2.1195097691e-27,0.4030269146
2.0085089453e-22,2.0665678506
7.4825739941e-23,1.3759585783
2.3757540479e-30,0.1031043991
1.0573849632e-22,2.1751392215
5.0333942905e-23,1.3203698519
3.5453742904e-22,1.8529903472
3.0266779173e-22,1.6762597717
7.2159382874e-28,2.9073436113
1.3521582776e-28,0.2585078917
3.9006016227e-23,1.2872034557
2.0522326466e-32,0.0036642357
6.0477138639e-28,0.3323936170
2.8924609707e-29,0.1922845742
3.0218755672e-26,0.5930630100
6.4264266729e-28,0.3356128335
4.3042408654e-23,2.2835303931
2.8332539400e-22,1.6507022617
3.5936502152e-43,3.7820339491
9.3991819013e-30,0.1494861448
2.6585347649e-22,1.9976296603
2.7948480536e-22,1.9821216098
2.3430863093e-24,0.9887194307
1.7244326062e-28,0.2698229203
1.2515386266e-26,0.5225344186
3.7917348617e-29,3.0122974201
4.9867578380e-27,0.4572020790
4.8610618540e-24,1.0588211432
3.4520667004e-23,2.3060504249
7.0158785453e-25,0.8772647818
2.2201920985e-60,4.4085317446
1.3796122665e-22,1.4762341812
3.9180565655e-34,3.3412745102
1.4502431289e-31,0.0331880802
1.4339552041e-24,0.9429122920
1.6762990273e-22,2.1017963363
6.9726212130e-25,0.8766995714
3.4829514663e-23,1.2729998743
1.6821779756e-33,3.3044512579
5.0678322832e-23,1.3212816583
4.7764140746e-28,2.9227985131
5.6236754836e-25,2.6047184211
9.8962298032e-23,1.4190366545
7.6920248864e-29,0.2332063211
2.4937652109e-25,0.7827196445
3.9898404767e-28,2.9294545100
2.5112989558e-31,0.0442571677
6.5316497425e-23,1.3562688795
1.5615793254e-22,1.4998708155
1.3689829308e-28,0.2590772110
1.1511653762e-22,2.1628992635
1.2328535531e-24,0.9289605984
4.3223054083e-23,1.3003487773
1.4029718952e-29,0.1642408829
6.4099079180e-27,0.4742345962
9.4756686434e-24,1.1262053002
2.6527698175e-28,0.2904886943
6.5036807654e-24,1.0877436421
8.9910954229e-24,1.1207596637
3.7579297917e-27,0.4386576583
1.5411316412e-22,1.4972819107
9.5362353120e-25,0.9053558186
1.0664951738e-23,1.1385768310
5.5636975347e-30,0.1309983167
7.8542400824e-30,0.1430483785
2.6467016139e-27,0.4165617116
1.5957115046e-22,1.5041594067
1.3772631797e-22,2.1353535806
6.5195727295e-24,1.0879889488
3.8238381034e-54,4.2006206422
6.3306252514e-27,0.4733768917
2.0394626202e-26,2.7704447105
1.9557915056e-29,0.1768917770
7.9554681624e-25,0.8887567425
1.4672209451e-24,2.5480570770
1.8559299479e-27,2.8708837572
6.5931374992e-23,2.2360606373
3.0143885007e-24,2.5017446965
9.9925986851e-24,1.1317447544
1.4515333244e-67,4.6307231477
8.1711114431e-62,4.4541967234
1.7775014100e-29,0.1732128996
3.4285190612e-31,0.0510614971
3.5629705552e-22,1.7894719777
1.1022443543e-26,0.5130238953
2.6138989755e-23,1.2382487918
1.8922487573e-24,0.9686817295
2.7689848377e-32,0.0065343253
1.6852261850e-25,0.7467756402
1.9945148552e-27,0.3993826156
1.2058244379e-27,0.3701243220
5.6470305321e-23,2.2539827407
2.7949294077e-24,1.0053977096
3.5376580271e-22,1.7773089908
2.3018091043e-26,0.5704570448
3.3358083866e-22,1.7254629844
1.0447277137e-22,1.4278594811
5.2950421468e-23,1.3271799028
3.5769814499e-22,1.7994268381
3.2413672306e-25,0.8067249268
1.2993066952e-25,0.7229212084
1.2002546601e-23,1.1510943537
3.3963388429e-28,2.9353699080
4.6825965870e-30,3.0803073252
6.2722498034e-25,2.5985200070
4.0740982130e-23,1.2927434217
1.2707074781e-23,2.3957584446
6.9324751000e-23,1.3648073220
1.1822803571e-27,0.3690094203
3.1798787949e-41,3.6971996351
7.1008547161e-25,0.8783650932
8.6548405325e-23,1.3979084935
2.9079568279e-23,2.3227671497
2.4672894853e-34,3.3527368753
7.8734370302e-27,0.4886156452
5.8757481468e-26,2.7216276263
3.9965680918e-28,0.3109264085
3.9625970342e-23,1.2892054219
6.2212686149e-29,0.2240184951
3.8946368118e-26,0.6147388108
2.5580944332e-22,2.0086766830
4.7206123413e-34,3.3366261388
3.8098045671e-23,2.2961355661
2.5771512109e-28,0.2890754451
5.3417066038e-25,2.6076191103
1.2069619267e-28,2.9724710098
7.0049491676e-23,1.3663123187
3.9122154805e-25,0.8239218724
3.1331446991e-22,1.9390853308
7.2792038330e-30,0.1403557616
7.5359405240e-26,0.6732660737
1.9178128237e-25,0.7586388707
6.5482529040e-24,1.0884302690
3.0567083509e-22,1.6804711264
5.1256642454e-33,3.2755200497
6.9215363784e-25,0.8760275820
2.0852720893e-28,0.2788392082
1.9572214039e-22,1.5476644806
2.9904660023e-22,1.6712832786
3.4683829247e-25,0.8129156533
1.0844550236e-27,0.3641527220
2.3669026072e-24,0.9896722101
1.0585643580e-34,3.3734439273
8.6404230612e-26,0.6856630292
9.5307195810e-26,0.6945877966
5.8041935252e-28,0.3302258893
1.1955168717e-25,2.6869380021
2.5428728668e-22,2.0103288888
5.7429858607e-23,1.3382596687
1.1687342200e-22,1.4467024941
2.8168707976e-22,1.6486346512
5.5438068955e-25,2.6055263233
1.2863023500e-37,3.5271543845
1.4491911282e-27,2.8805826972
1.0100312992e-23,1.1328665081
1.1495093282e-31,0.0288311899
3.4396497767e-31,0.0511344921
1.5438053788e-23,2.3795841427
5.5388094573e-29,2.9994475827
1.8755231628e-25,0.7565930026
2.3380185075e-29,0.1838469363
2.1588797704e-31,0.0410948569
2.0406898152e-22,2.0632091286
3.5859605931e-22,1.8215449697
1.9732888178e-22,1.5495397859
1.6988039068e-28,0.2691189838
5.5635961377e-29,0.2192515237
3.5691663763e-22,1.7933581366
2.8427908349e-25,0.7947176887
1.3190845463e-28,0.2573697050
1.0143800665e-23,1.1333163547
1.4692946646e-43,3.7984728983
5.7212694550e-24,1.0749284607
4.9652393161e-25,0.8456916813
4.2750498488e-30,0.1220730996
3.4243281208e-50,4.0592361749
2.1184216283e-23,2.3520686418
9.2401086542e-25,0.9024638215
4.7764763004e-24,1.0570972888
7.4369284658e-30,0.1411129065
1.1365557246e-26,0.5153039582
3.3987112543e-26,0.6030345684
2.2433045641e-26,0.5683558243
1.3099373647e-23,2.3932672881
1.1715933090e-30,0.0821428332
1.6567475297e-24,0.9563024094
1.6454911192e-36,3.4708097563
1.1113530057e-25,0.7086155153
2.4082650237e-33,3.2952100217
9.7065672796e-26,0.6962543595
7.9118021533e-27,0.4889604068
7.3206507734e-27,2.8149229612
2.5133299702e-28,0.2878530576
2.1329196443e-28,0.2799217460
3.4982771463e-22,1.8697836464
3.1211915886e-23,1.2595220870
1.5568532991e-27,0.3847811798
1.0394818847e-27,0.3617866171
2.7587815483e-30,0.1078037073
2.6923126548e-30,0.1070308821
9.6853828636e-30,0.1505722029
3.2680414421e-22,1.9184823927
3.5735905817e-25,0.8156476586
7.9699519762e-24,1.1083564726
3.1447707382e-28,0.2988794000
2.4738718362e-29,0.1860707719
2.8261546705e-30,0.1085705798
8.3746951882e-28,0.3498710762
3.5839572204e-22,1.8077219572
9.6271842821e-25,2.5735885499
2.4720934980e-23,1.2316836193
1.1794009895e-29,0.1577799669
2.7633469340e-26,0.5855577141
9.6398274624e-29,0.2431750492
9.5873045201e-30,0.1502033361
2.1333079273e-22,2.0535580111
1.6728044377e-22,2.1021754836
2.3155324254e-22,2.0345254678
1.4287557449e-23,1.1698606892
2.0526825362e-22,1.5587626342
8.5949771247e-23,1.3968394463
2.0135486369e-22,2.0660415588
2.7081806851e-22,1.9920601415
1.1777977062e-29,0.1577297384
1.5921806404e-22,1.5037176125
2.2785276276e-27,2.8627553162
2.8372940955e-30,0.1086958272
1.2852804484e-22,1.4633579875
2.6227627098e-27,0.4160012278
3.0796705921e-32,3.2274113956
1.4457862475e-28,0.2615979296
2.2191478524e-25,2.6552786399
5.5819240197e-24,2.4589007496
9.3460953385e-24,1.1247742021
1.4857236644e-28,0.2628609565
4.6027060419e-27,0.4518811807
5.7823746841e-23,1.3392019697
9.3315961677e-28,0.3558045710
4.1354678370e-32,0.0119193882
8.8037502915e-24,1.1185830222
1.1366393698e-23,2.4047877302
5.8231143162e-31,0.0636107234
4.5103828181e-27,0.4505445201
1.2867486911e-28,0.2562315498
6.3701322777e-26,2.7177652878
1.0515206377e-24,0.9143242568
8.1422639776e-23,2.2101509191
3.0275406109e-31,0.0482944358
3.5496267408e-22,1.7825360873
1.1230999633e-28,0.2500391661
1.4449238217e-29,0.1653476866
4.0963783693e-23,1.2934410364
9.9792801137e-23,2.1832159311
1.7733678054e-26,0.5494786530
2.2459761225e-23,1.2205229841
8.0207062953e-26,0.6789089964
1.1223325299e-24,0.9203141019
5.1545380539e-33,3.2753723922
2.8022386723e-34,3.3495922532
3.5866226042e-22,1.8175822436
4.7802157795e-31,0.0587873408
1.4662201741e-26,0.5346190176
4.2521447382e-25,0.8315336231
8.6945921510e-36,3.4327352377
7.9156547383e-26,0.6777144761
7.2220402936e-30,3.0665979873
2.5731463815e-22,2.0070376843
1.6350411204e-30,0.0917580768
1.1810254065e-31,0.0293286671
2.5955636984e-22,2.0045865557
3.5332186952e-22,1.8579736550
9.7966131084e-23,2.1857527691
1.7284313128e-23,1.1908189567
7.5250827689e-31,0.0701457379
8.7278766247e-24,1.1176895665
3.8223060269e-24,1.0353913796
1.5574960037e-23,1.1792952752
3.4350872344e-44,3.8248672057
1.0251975762e-24,0.9119961737
1.3265188117e-24,0.9357149064
1.1300359107e-25,0.7101402609
9.5502344254e-26,0.6947742150
3.5866087550e-22,1.8178583908
2.5144305224e-24,2.5137589113
3.3120178619e-22,1.7210102552
1.6355845864e-29,0.1700359904
9.6695546292e-24,1.1283141392
2.6149297174e-23,1.2382954006
2.6554317666e-27,0.4167649984
2.1009336198e-25,2.6581397215
2.2072048489e-29,3.0303507531
1.0260487655e-26,0.5077327946
3.2076345525e-26,0.5981096778
1.0379102585e-28,0.2464830571
8.0464241847e-66,4.5782238928
1.3402724953e-22,1.4709233246
7.0135374005e-29,0.2291865849
8.0061500241e-24,1.1088201648
9.6758027638e-24,1.1283814632
7.8642052433e-25,2.5854809656
3.0698492168e-22,1.9478626675
2.2669150366e-23,2.3459599267
1.6762284735e-53,4.1782317948
9.0341928073e-31,0.0749898350
5.0933794009e-28,0.3233916622
1.6572365613e-23,2.3735564403
1.6732530954e-25,2.6699098517
7.1407612030e-24,2.4407876489
1.1550921364e-22,1.4446909071
3.0099021010e-22,1.6739411993
1.2952270899e-22,1.4647392238
6.7614369235e-24,1.0916562492
5.6374493444e-30,3.0744584079
2.6738975860e-28,0.2908770140
9.0369600034e-27,0.4984798796
7.3750110056e-30,0.1408174206
3.5538551159e-29,0.2006037518
1.1450273272e-25,0.7113459244
1.1555729478e-27,0.3677203639
1.1629815813e-22,1.4458559515
2.7863051918e-25,0.7928801093
3.5451981773e-22,1.7805175444
2.0744672256e-24,2.5262351245
1.5898320949e-27,0.3860014244
9.3995490177e-31,3.1295661166
1.8544735027e-22,2.0827393180
1.5290430690e-22,1.4957441068
5.8065921820e-26,0.6498497190
8.4850140668e-24,1.1147817093
1.5224866842e-24,2.5457648873
1.0218790775e-30,3.1270595301
1.1386751683e-46,3.9250704828
3.9450544494e-25,0.8246856374
2.9179114495e-22,1.9674084751
4.1733959992e-25,0.8298260997
5.1586545572e-31,0.0606283512
1.2112095016e-30,0.0830800556
6.9149862264e-28,0.3395215335
3.5572401898e-22,1.8473590615
9.4516676469e-23,2.1906202868
1.5148202068e-25,2.6749915295
2.3335372335e-26,2.7644032050
5.6161546958e-26,0.6468790374
1.3432276709e-28,0.2582030731
4.1444872791e-30,0.1210389236
1.0185341060e-22,2.1803863501
4.4119464339e-27,0.4490927946
4.6583591382e-26,0.6303462880
1.7221811236e-30,0.0932996430
2.1886871197e-27,0.4049626141
2.8605255261e-46,3.9092549248
3.4969231902e-23,2.3047654262
2.8754504793e-31,0.0471669664
1.6045474473e-61,4.4449226807
1.4845491989e-30,0.0889223343
1.2579638698e-22,1.4595339403
6.9029040687e-24,1.0937459745
2.7047536300e-22,1.9924472607
8.5405650192e-29,0.2378024184
3.5866345770e-22,1.8167075451
2.0727645439e-23,2.3540160739
1.6710596011e-55,4.2473811838
1.1180563908e-37,3.5301893797
1.1315350604e-22,1.4411836145
1.0978936612e-23,1.1416360957
2.9938836905e-22,1.6717485276
