sampled_theta1
2.3401643772
2.2599894501
0.2630695443
2.1244194309
1.2915041593
1.5591281896
1.4217684656
3.8443571015
0.0306019664
1.3466830015
0.7411528466
0.1541169540
1.3003036575
2.6764396234
0.5946379188
3.4673939445
0.3034288384
4.5375342011
1.1046199326
3.9929497235
0.4970549894
0.6551424924
1.9129382866
0.1691621769
0.2517457013
0.6245525379
0.2770367971
0.0064459603
1.6393774815
0.9700670896
1.9482826094
1.3974332423
0.0823690617
0.6791528980
1.0178981345
1.4320759605
0.0906615436
2.3550589535
1.1117841462
1.0722904772
1.9835244142
0.7978052655
2.9393982672
0.4179604443
0.0709031427
0.4155041106
1.2089960806
2.4364635392
3.0552750487
0.2737368430
0.1908642461
0.2345585322
1.6989432140
0.5666132155
2.6502168729
1.5303817041
1.3681835793
0.1737699901
1.4165988277
0.0620947483
0.4571236447
2.8374662682
1.4685771962
1.1604293198
1.7254554437
0.5762659157
0.6601532070
1.0338224239
2.4965672851
2.8393320052
0.2768767432
2.3229713901
1.7904588096
0.2754899326
2.1707632119
0.5868772057
1.8094414890
0.7075108337
1.0370945109
0.7566557222
0.3462685719
1.2945046553
1.3516014882
2.6544505315
1.4329988144
1.5988505381
3.5661915210
0.1546675020
1.5101997189
0.4895100205
0.6588483111
0.4199884506
2.9084745071
0.1581993222
1.5089712527
0.6101202766
2.1251046880
0.2382070455
0.5781308907
2.8499194687
0.9650488221
1.3821608920
0.8356338981
0.0637898264
0.0038076430
2.1878434424
0.4695644334
0.2837779230
0.3666432587
1.4168039086
0.7290074677
0.1426100611
4.1418647425
1.0406634365
2.9431040725
1.8228052417
2.8646073576
1.7501421443
0.2617612655
0.6969297004
4.4013300001
1.7115159705
4.0426737586
1.1126095571
4.0354054366
0.3022955617
1.3460553615
0.0779953262
0.4054483264
1.0780144966
2.7011643789
0.2683161437
0.0429430618
1.8056503836
1.0180077704
0.9178261078
2.0586179511
2.3281794042
2.6910599258
2.3264028121
0.9560738604
2.3111833745
2.2514823580
1.8892792399
1.1192072520
3.5218695437
2.8353843809
4.9420695440
0.3669327784
0.4699200743
2.6078636990
1.1326144002
3.1311179936
1.1726494902
0.4380321667
0.2630996729
1.0533347008
0.9312047807
2.1411655825
0.3369205596
2.1916452233
4.3996117033
1.3335249618
2.2074877088
0.6787876863
1.0451462782
1.9742786038
1.5648892908
0.3361796504
0.2708352274
2.7085479600
0.2372790706
1.7755056150
4.7081311083
2.3244759633
0.7614885884
0.4277543869
3.6462158005
2.5671092690
0.2392478246
1.1133726167
0.3206504508
3.3644523292
2.0166074319
0.4174042676
2.7791563567
0.6910965994
1.1687389085
1.5064590292
0.0733838803
1.5414079720
3.8150222460
4.6223983051
0.7232058685
1.6864953848
0.4168451891
1.2124588423
2.5368967082
1.5112350265
0.1600093531
1.5819180684
0.7763229844
0.2479831002
1.3724083787
0.4541921519
0.6158793735
1.8554895599
0.2122459809
2.5019666426
0.9761606526
1.1966390927
1.4177718502
1.2979804042
1.2281075060
1.0082005534
4.2337865161
0.9138693189
2.0696277547
1.4608358806
0.3711375976
0.5100597524
1.8220265480
1.0972084023
0.1408036483
2.6153025666
0.2517538405
2.7555196510
3.0567337826
4.2405208895
3.1242618514
1.4928594739
0.2689863455
0.8378862072
0.0464812827
2.1324387624
1.4694248938
0.6137436455
0.6588335365
0.2216391809
0.5256811988
4.2885393422
2.9993459796
0.5437761211
0.1165790811
0.7198312730
0.8044656499
3.4464349437
0.0306269778
0.4449409030
2.3504273343
0.1198956666
2.6097687637
1.9550870679
0.8584839116
0.9087019316
0.8596206483
1.6918700725
0.2560760962
0.7094280205
1.8349338824
0.5995641981
1.0300185657
2.0589319854
0.1049054908
1.0159822367
2.1912589729
0.0053711360
1.0546390819
0.5937438786
0.9322253650
1.6497746673
0.2694068142
1.1711555770
0.2255405610
0.8049071520
1.5997514451
0.1119867770
1.0739899486
0.2662838157
1.5216678801
0.1843012103
2.3588973121
1.2798727911
1.5197718186
0.2276879363
0.8943989095
0.6590769280
0.7172086217
0.6537141633
1.2573370613
0.9262911158
1.5218375656
1.6428927915
0.4847627966
1.9259276141
2.2605112903
1.2396389424
1.4911331955
2.2681794412
4.5380755365
1.2526081776
4.1449179184
0.9632562227
0.2459242566
0.1070112382
2.9250128303
0.0152695427
0.1364888577
1.6659360698
2.0013662462
0.8161565270
0.0883500983
1.3040288857
3.3542419769
2.6237552243
2.3079162517
0.4894065451
0.1550493199
3.6839652070
1.4107014570
0.5357419636
0.4621996960
1.1115634103
0.5628372896
0.4911138031
4.3349579125
0.4505386689
0.6572112180
1.0448842844
1.3771712979
0.5359592930
0.4919505596
3.6168148800
0.2722258196
2.4061921709
1.5610413205
0.5273546621
0.7304853675
0.9727154034
0.5623808922
0.7392449215
0.9128981812
3.6232278881
1.8773337006
0.0129284971
2.9992015576
0.1641999209
0.6857610167
0.0097380316
0.2556712451
4.3599553455
0.0895824115
0.9597453315
2.7621577643
0.3327771864
0.8266942675
0.8311556991
2.0447025502
0.2468353821
0.2044547687
1.2881957366
2.5759614292
1.5394821710
2.2306259988
2.4835502829
3.2065636420
0.2078070384
0.4849626864
1.7691631645
0.8916989294
0.1735604085
0.9476103511
0.0501951854
0.3134687391
0.4321316800
1.3227969351
1.4807290491
0.9937084089
1.3758013552
0.1306228452
0.9919823391
0.7469978331
3.0791817772
0.1771155934
0.4384914393
0.1419279407
0.9647200691
0.0333202832
0.2494173154
0.2155300629
3.3785184602
0.0988392770
0.2245710302
1.5564763077
0.0588817502
4.0929212307
2.2782558596
2.0083497805
1.6285342077
0.3211583028
0.0726893009
0.4929850836
1.3412726966
1.1186137518
3.0261434161
3.7519069567
2.2240851721
2.2931394959
1.3370014401
0.7300001182
0.2626060165
1.1750956014
1.4018693304
2.6943847036
3.4140299180
1.7385310132
0.6847025618
1.0218470270
1.1609450059
4.4513528740
3.4147558827
1.5871384733
0.1428919393
0.5202732731
2.6976400247
4.6496547968
2.7678569464
0.3463425989
1.5148925162
0.4150222378
1.3856862366
2.4505317018
3.0306538731
2.0013108980
1.2411028816
0.4197018804
1.7623942654
2.3647371419
2.4405371848
1.3107547720
1.4423093464
3.8871190790
0.3317752464
0.0382512992
2.3935965011
0.2864618550
0.6314903818
0.7586678357
0.5636463900
1.4653114483
0.9681136145
2.6430619554
1.8554004611
0.8436598184
1.1218499162
2.0156655723
3.3911695005
1.1272773736
0.0732851653
2.1331710464
0.5224414711
0.0232913179
3.4487884777
0.4907454511
0.6555534117
1.1276951176
4.0644645355
0.1047907763
2.7518647506
0.3846765979
1.8347232570
0.2949300447
4.3847867200
3.4276388240
2.0542620430
0.2171233809
0.2686148789
2.5655632174
1.4800199134
0.4947152826
1.9813869168
3.7563561238
2.6155393171
0.4091534427
3.1309485933
1.1574952557
3.0560856589
0.0877075671
0.4366456867
0.2947705284
0.1738417610
2.8208637625
3.8371393031
0.7580740357
2.2150122623
1.5278322278
0.9632081814
0.3392317220
0.2564169576
1.8825587702
2.3577842049
2.7781707531
1.0322974565
1.5407664070
2.2849482783
0.2077239627
0.1653077231
0.8597696640
2.3281265325
0.9496522652
0.4986118097
1.7907268275
0.4070918631
0.1584719140
0.2214411962
2.2094104731
0.1058590423
0.7381175337
1.6249322327
0.7874149894
1.8815122374
1.8662463108
0.2235086013
0.8684535183
0.2357496675
2.3892829615
1.7652695196
0.3783247029
1.4609522696
0.7765481859
0.3854350860
0.8552160396
0.7085693376
0.7760924329
1.4141420518
0.8959059206
1.7144808711
0.4779812473
0.1406432072
0.0151634828
1.5613669256
1.2967833295
1.8567342360
0.9080887741
3.2835097165
0.4562081217
0.7699008609
0.5803888248
0.4829089022
2.9022530309
4.2448675216
1.1282344293
1.4741955745
0.3986521664
0.5192190439
1.8910718291
1.6313913107
0.8883583388
1.1158783465
0.1755947082
1.5224811964
1.2200684079
0.1545754870
3.2400393102
0.5804345451
1.4203959253
0.7898656544
3.3099166577
0.6784807802
0.4330495425
0.6249350337
0.8424661401
1.1976330634
0.4741098494
4.3853874682
0.1336642802
2.9020163698
1.3102236384
1.1721847882
1.0358893592
0.3532164972
1.3675203799
1.2135534613
1.5999779255
0.3218367669
1.0360993762
0.2632586812
0.3287155803
3.8009796679
1.1544864661
1.2772374147
0.4873030212
2.6002196273
1.0165734373
0.6506326728
0.9496304447
3.9316000513
3.3124195477
2.7911620382
0.6688431782
1.0396021513
0.1297178769
0.5974224195
2.3931169251
0.8710349090
1.9970437538
2.2865082874
1.6604561215
1.2198437168
2.0165601910
1.4430844168
3.1604592011
3.9260105109
2.9118453789
0.2502334557
0.9571471519
0.4242784739
1.8012159848
0.3693436193
2.8259370988
3.0732962052
1.8702159503
0.5152671279
0.2108166407
4.1421040036
1.3585259270
0.7783172161
0.0700613112
0.4052513243
1.5275580718
3.3504673002
0.8988734042
2.6774928471
1.6914696024
3.6322522265
0.9545652755
1.1596549223
0.3634314351
0.3938012673
0.4971511611
1.0265578758
2.0836735967
2.0405137440
0.8718904133
1.6697821783
0.4777294874
4.7185379266
3.2727391159
0.8431690691
1.5188503946
2.3010310932
2.4788856813
0.3621852717
1.4850548183
0.5225648003
2.0293842604
0.4733221051
2.8357840657
1.2143553123
1.3704705763
0.7709426069
0.3453686473
2.1575000363
0.1911536721
0.5390954837
0.8418538414
0.1223402720
3.1499785703
1.3044214929
0.7029499840
0.9239641016
3.5368781934
2.8323230307
0.5523042922
1.5289742635
1.1445964890
0.9248374179
0.2850855133
1.3371206839
0.6903700097
1.8558205944
0.9035540020
2.6071170632
1.9851596815
1.4916359049
3.1707856878
0.0024336036
2.9897983156
2.1914475417
1.4387272665
0.4923604311
2.5437262577
1.5179681219
4.5989568216
2.5554597385
0.4941365451
0.4646960987
4.4940586950
1.2382479590
0.6610374113
1.9621027360
0.6566929480
1.2996020725
1.9330805671
0.5621790543
0.3276779764
1.1631447710
1.0425013337
1.4447513087
1.4422687570
2.8125037643
2.0264264676
0.8892010166
3.9716108801
0.0540590927
0.9143231574
2.3817284906
0.2240769929
1.0747264641
1.8463136622
0.6951866271
2.0977696351
1.8621336996
1.5435953047
0.9711327581
1.1984805203
0.1933266991
1.2455910645
0.7269145303
0.1551525404
2.2018627026
0.2824038066
0.7814089961
1.6348138524
0.0136545497
0.7959977577
0.0143568923
0.7439414414
0.9721020527
3.5664821628
1.3241742393
0.3943233256
0.1724512259
1.7963088629
2.6298396868
0.7850365802
0.0773309117
0.2292269385
2.0337928269
0.8669521712
3.9919324080
1.1794370006
0.4045789253
0.3099343227
1.0382177794
0.4856566896
4.0925855877
1.2901422012
1.5592861675
0.0114255121
0.6410807199
3.2008521030
0.6018383629
1.7116623613
2.8860844134
0.2778132994
1.2142088721
0.4021762617
1.0231513450
4.9062860860
0.3460773276
0.7872532720
0.4271987541
0.0408003195
4.1909162485
3.2482991932
1.2708085074
1.9580991761
0.3465714767
0.0227724750
0.9226845821
1.3644622534
4.6576615700
3.0871516474
0.2441406881
1.1337227936
0.2232149157
0.9371546712
1.4300817982
0.1290176528
0.2687150097
0.3256418793
0.3975477303
1.3910519734
0.7135469452
1.6533286214
1.0213906324
1.1071659491
2.4610689108
1.8373385722
1.0377658041
1.5340228725
0.1654017279
1.1497859911
0.8434241810
2.8165106205
1.7199399267
0.5140605801
2.9112970669
0.0352165722
1.5944166653
2.2433129418
1.8670642296
3.4728529415
0.4489846910
1.0120004797
0.3885227748
1.6835362135
0.8224821413
0.4195237471
1.2415509018
1.2648159454
2.3389928507
0.1503930345
0.5313854861
0.1427562365
1.3631264989
0.0538415235
2.7289521419
0.9831095705
3.3431072430
4.7897275007
0.7157254327
0.0255841415
0.6331739447
0.4307342441
2.0176965227
0.1296710760
2.4287452599
1.8929041849
0.4344780331
0.7148984438
0.6730515386
0.4134858505
1.3003039638
2.0793430166
2.9454650605
0.3661538016
0.1797780478
1.6327822934
0.5196611975
0.7093276632
2.5128389805
0.9873490573
0.0338893937
1.5770049334
0.0550109099
0.6279344994
1.1195689099
0.0447325904
1.1658057058
2.8576780368
0.8154424887
4.1131211732
1.9771301179
1.7292083821
0.7924600845
2.4012932351
2.3737788076
0.3911617918
3.7143475680
4.5850316674
0.1562109775
1.8490072063
1.6550738068
0.0689235597
2.5140769136
1.1874454360
0.3314578824
0.3328865972
0.1847243142
2.2643577817
2.5410830014
0.8126625136
0.2041286584
1.2773659301
0.7440353979
3.4074028571
0.0338476932
0.9925466441
0.4308557566
1.2957247505
2.5002932867
4.0180177002
0.7090042863
3.8808156939
2.4923627534
0.0265004234
1.4448325337
0.4745476322
0.0441461031
3.7786847255
1.2817618235
2.0289540402
0.6412155807
4.2188251122
1.4933679466
1.1589795560
1.7626333681
0.1210493454
0.7553667986
0.1281615643
4.1803985162
3.5796239715
3.7906341152
2.3480704140
0.7646490690
1.7150259318
3.9480607536
2.1158674328
0.6002162696
2.4503200422
0.4472928048
4.0680742739
0.0683819609
0.1196528325
3.5957065002
2.2979152548
2.8981137076
3.4804448114
1.7848270594
0.3048083584
1.1071297625
2.7993943737
0.6311759552
0.0698237491
2.1771090262
0.2938474838
0.0467503653
1.5414929966
0.6819363643
4.2274733194
1.3427858129
1.0967504970
0.0074179593
2.6821214324
2.0268726556
1.2789840821
3.3300925886
0.7470627875
4.4813490526
0.2165430401
0.0145440302
0.3606118210
0.8252219923
1.5369120207
1.0438500258
0.0431224381
1.8429658532
2.6123045749
3.0105301566
0.1729656712
3.1417945497
2.3997008910
1.3035648924
0.6664638641
1.6627371467
4.2009101579
0.0724606631
0.0255501490
0.8237481055
3.6549153742
3.2035078242
1.2061400770
0.0171168413
0.3380571733
0.3777592146
1.0953113993
1.9877352399
1.2250798714
1.9920761939
2.7388466403
0.2841741855
1.5918710462
0.4839175877
0.2742353744
1.1326031294
1.6326570923
0.1359832215
0.6363686488
2.3163457293
0.6510136444
0.3757735427
1.1523280618
1.4870260915
2.4681569295
0.5433231116
1.9855586738
0.2859515421
0.1966178821
0.5498664801
1.9559269986
0.1323365136
2.5991265976
0.0142035563
4.6214386411
0.9252354933
2.9841087195
0.9193635007
0.7460400678
4.9673817731
0.5504065821
2.1969493119
0.1817739138
0.2117463522
0.8304780588
1.9421816325
1.1655171892
2.3400162567
0.9904047215
1.9873658297
2.7866449175
1.2775571436
0.9407873161
0.1584047103
3.5833322836
1.8570060435
0.1984694431
0.1699459854
0.1035213151
3.7475096910
1.3889300972
2.6519654080
1.6983018012
1.3732509344
0.3385122538
0.8433658426
1.7898017479
2.7704297230
1.7779418029
4.0352537310
2.4250699448
0.1651718572
2.2666462167
1.2849986389
3.4969091653
2.6925986053
0.8026322775
0.1043731577
1.0125815124
0.2748367800
1.0213239286
4.9390672732
1.8518816077
0.2269858354
1.8954875210
1.4287800754
0.1735801051
0.4761172315
2.6123749514
1.4894699847
0.9973684780
2.6532919886
0.1175883683
0.4568519331
2.3854782561
2.1816546236
1.7401944097
0.3466740794
0.0008489526
0.0311311225
0.9108369931
3.1051407378
0.7584564214
0.7961121385
2.4206541019
1.4904002974
1.0530536819
0.5688444092
0.0074322305
0.2817863400
0.6336126733
3.0371351782
0.5278354831
1.3214678438
1.2197475806
2.0794144950
2.7156408871
0.2303299617
4.4498480003
0.0058907057
0.7700990718
0.3161976767
2.2934682789
1.2672177392
3.3023961127
0.3908272508
4.3122157430
4.8558535600
0.1098204980
3.1282514624
0.5965578388
1.0483114297
1.0631185616
1.5967471437
0.2017493798
0.1994025642
0.3708249500
0.2386815617
0.1653444758
2.4418858729
0.5239379559
1.1213697393
3.9977537076
0.2795965761
2.3418569823
1.4031376347
1.1732523413
2.0761977117
1.2958520487
0.0167776444
0.8754416269
1.3946556963
0.0103327375
3.7712600262
0.4907922893
1.1824615160
1.5142138022
2.9512613216
2.4030496910
0.0566446706
0.0583726533
0.4181912909
0.8364804578
0.9623247333
2.2946953557
1.1374048787
2.7727740904
0.8659666243
2.6479182497
2.0783754677
1.4022029553
0.4520156185
2.1185612697
0.4930844983
1.0470586938
0.4985292041
0.1605627845
2.4541053208
4.2875792003
0.2880017164
0.4168725305
1.2654271472
0.3393528948
0.5157890226
1.4738296534
4.0871057907
4.6777497606
3.6473663097
3.2897614505
1.9225547598
1.4905522130
0.7587357715
4.3627310848
0.1389204038
0.2300253419
0.9736459255
1.1079099657
1.6064403556
1.1743121044
3.9382035164
1.0508354140
1.1905967609
0.4964712269
0.1107072530
0.6171749024
1.3874723241
0.7297638520
0.4020944917
2.4038340561
2.9009564323
0.2964652137
2.7133898152
0.3649886405
0.5687408348
1.0417928323
2.6495613924
0.9700106070
3.0340241377
0.3134296551
1.4326406640
0.7009923635
4.2824411376
0.9432227111
0.4135788020
0.9754043114
1.8996391433
1.0192199422
2.3149066632
0.4153587312
0.3572129815
1.9344944613
1.1510071058
1.8092225907
1.1412835958
1.5125519620
1.3760565853
2.6454190744
2.3709672803
2.8495628502
1.2406178252
3.4521685086
2.9011595861
1.4171969089
3.4905144829
0.5650299345
1.4600100525
0.6061299014
1.6757024246
0.2304845654
0.1478270940
1.5457583140
0.6853833502
3.2725692094
2.0157458383
0.0971651360
3.0060025229
4.8978627324
2.2249107806
2.4806067369
2.9882854940
0.2111987357
0.2020468224
0.2197029509
2.5718277529
0.4886481525
0.2110948078
0.8203937785
2.3464476067
3.1676321662
1.0662326417
0.5415871335
0.2555627324
0.3502096576
1.1381202824
0.6405230074
3.6803453731
0.8678556503
0.0067861462
3.2524655512
1.3395506528
1.9423323767
0.2672424025
3.1906110729
0.2068019048
1.0568207693
2.8545775156
1.8159707929
0.5598499299
1.4202810789
2.0405082742
4.3027230496
0.2914038594
2.5268769709
0.6676651092
0.2843429201
0.6738759229
0.3761113206
0.3707702383
1.2224625112
2.4855394642
0.3233294504
1.0534469448
1.1418879954
0.8119379267
0.1340817133
2.3534541147
0.2783380393
0.7125883451
1.3868503520
1.9492721398
0.7367214925
1.8973580683
4.9631201682
3.7540961464
0.4485247601
0.8692999389
1.4414996604
1.0004619987
1.4214408426
0.0414246340
0.5744280011
0.4961609595
1.9039790186
1.9171490518
0.3188099410
2.7945847160
0.5137206784
0.6460550238
0.8666126766
0.1595593525
0.0277884867
0.6682072971
1.0737543864
0.9643018315
0.0385324150
0.2610939223
0.5743495508
0.9150005529
3.4837319202
0.2826104181
1.6267429867
0.8551175041
1.7691359007
2.5073885803
3.1809286828
3.7512215907
0.9462910419
1.8620949159
0.7186783929
1.2575392173
2.2985818693
0.7184821134
0.7172238257
0.5256757012
0.0777351173
0.8357091466
1.0034970854
1.4704718465
1.6818692939
1.7522411830
0.8280453881
0.4025275735
0.2297853892
1.1630189586
2.1724259841
0.1772318211
0.0315136486
2.2859072057
1.5999267931
1.3798294520
0.7549024512
0.1011864724
1.9078437296
3.4041250365
0.7650884999
0.3231101386
0.7634239136
2.6705213366
3.5897511428
1.6328999716
3.1511880737
3.1961591856
1.4992213171
2.4134155819
1.9178010184
4.3640117256
2.1506665500
1.6154202164
2.7759903437
4.4712938546
0.2504422182
0.5532966989
0.1024702937
0.2133913226
2.9146452826
2.0086681913
1.6585377977
0.0288746689
1.4310271419
0.5457892840
0.5211865801
0.4510009471
1.7522505073
0.7249980172
0.4353305965
0.3032605344
2.1567484276
1.0026847349
1.2711918455
4.9638396302
0.2581468388
1.0692981638
1.6192365946
3.6308248063
1.0867824015
3.4466431953
0.1277433174
4.6355333697
1.8635002236
0.5544361367
1.6667103829
2.2027742855
1.2404223421
0.1331233066
2.3715663956
2.8492243368
0.5178453932
0.5168266148
2.5441110705
0.3348024165
1.1347241346
2.7312703545
2.1784864640
1.3513166207
1.5937365333
0.2860877618
1.5813946784
1.8539529117
0.1307433293
4.3348498996
1.9765991519
1.7562862280
1.4960881597
0.5044139543
0.1043421607
0.8004637883
0.4826924975
1.5215214252
0.4678392959
1.6302297072
0.5464840790
2.9941480782
2.3225205073
1.3116446689
2.7539720866
0.0111134595
1.0089337062
1.0938175095
0.6606883039
1.2837734828
1.1024416886
0.5396862120
2.7567225842
1.1185142218
0.3075107961
2.7652898042
0.6943976187
0.4784281728
0.5355678551
0.5254656493
0.6155266992
2.6028276655
0.4601026414
0.3371832292
1.9391404725
2.1122034003
0.7158481435
0.9501137097
0.8165743950
1.6772840848
2.9599887009
1.0313482132
1.0732127164
3.2669455301
0.3774114882
4.5614802944
0.9737156697
0.0467004860
1.7929581497
0.0494134080
1.9647533294
2.5085151883
1.2929252640
0.3921372853
3.9582201532
2.8999316908
2.8947862666
3.8065950480
2.6163195664
0.6703941539
0.9428993158
0.4447341835
1.3749963070
2.8082076117
1.5138748295
3.8805947158
0.9821185056
1.2594898628
0.5177613513
0.2459835973
1.2811238106
0.1472002379
0.7636459253
1.4089476348
1.2987671997
1.5442343575
0.0318786526
1.2717773664
0.1390459353
0.4410023612
0.3639814107
0.1737459458
0.9693614031
2.7928839896
0.7231530666
0.9977721068
1.6544236692
1.1347699304
0.2273826306
4.5211901413
1.6970687085
3.0296507450
0.9517915167
1.7776735948
1.6291636706
3.2317756844
0.0032595059
1.0787865172
1.2144652903
0.4735010440
0.2410476930
0.8459589646
1.7188286034
0.2598798723
0.0603282128
3.6600924216
3.1118923576
1.4050662580
0.7606498635
2.5415947147
2.1243427467
0.3880931814
0.6137016218
0.0379230803
0.6260107833
0.3965166385
1.1731941814
0.1223305828
1.6823253200
1.8938985506
2.1610700220
0.4125727416
1.0969363790
2.0951242557
2.4039065495
1.2445882855
2.4503662148
0.0546206834
1.9219657138
1.0678083663
3.3677344999
1.9874239619
3.6671084084
0.1021355721
1.5302173705
1.0789805819
1.3033218429
0.3059831515
0.2013376646
2.1095370384
1.0643444886
0.8344954127
0.1493351842
0.6479861762
0.4554479589
2.6177551753
0.9808689736
1.6467648926
0.8209711545
0.3334575956
1.8538649591
2.0454570184
0.6476803960
0.1541044701
0.1324308319
1.8428201363
0.3841220124
0.6496999830
1.7423582874
0.0905388899
0.3654541915
0.3003210347
2.0903002025
2.7682165949
0.0015859746
0.1388680186
0.8145392768
1.2620411810
1.8201812546
3.2248644966
0.3824924840
1.0630120017
0.0122020549
1.3172069657
2.6268258885
0.7914815500
0.2249087073
1.6126275550
0.7010106877
0.3937535650
0.7549092105
0.8474760453
1.5561359548
0.9747352316
0.6577597050
1.5953221845
1.1522469078
0.8382376099
0.0404646625
2.9028017790
2.5682810677
1.5495699478
2.0234870942
1.9179442903
1.9706090721
0.1372169281
1.7136308696
1.4468934711
0.6850244588
4.2199537034
0.6059729663
1.3173116682
0.2342815329
2.0626328827
1.7465123038
1.5648817740
0.9839131367
0.7661860140
0.3843927924
2.2147414757
1.3742766020
0.1926600163
0.7118639403
3.1157654409
1.0088485773
1.0840596384
1.4116040767
3.5256580507
2.2199218525
1.0004380269
3.5257805595
3.6750095765
1.2369493135
3.1120600935
0.2668625114
0.2640690244
4.2142244006
4.6166622524
3.2394932384
0.9633681407
2.1919624181
2.2540907815
1.2598042573
1.9475633851
1.8851126150
0.0981921388
0.1787788440
4.3609867689
2.6940931661
0.0607453100
2.8480189279
2.1059007474
3.3180859933
1.2317821397
1.7594560455
2.3250315709
0.4584794181
0.2371336806
1.2409962652
4.0446208554
0.4493371685
2.4619777585
1.5028653613
0.4899114355
1.5441683605
1.7465712554
0.0837649735
0.6120007891
0.2177906544
0.6130168226
1.3144169952
1.5540172502
2.7442881406
1.9857309694
0.8307421359
2.1188537418
1.7738889189
1.3078227876
0.3433584024
0.1767124627
3.6931145522
0.7436021468
1.5261285535
4.4513350267
1.2412931438
3.9387640061
0.1074647411
0.8785449784
3.7101772897
3.4777088915
1.2619270197
0.0199839422
1.0741434204
2.9458351941
0.7939028615
0.2800823661
1.1708195679
0.9081224261
0.1435203278
2.0768760604
1.7877740445
1.9224637919
2.0757395615
4.9044876442
0.4459534402
1.1725221450
3.1728353623
1.0186295393
1.8629263265
0.2634946846
2.5158234360
2.0529756165
0.2679655459
0.4668643992
0.1566486353
2.3549721787
1.0119105138
0.4255842785
3.7104558008
1.9847688900
0.7454627337
1.0050609449
4.2381950390
4.5730005203
0.0217862371
3.4656804399
0.6755667112
0.0467392690
0.6208214327
0.9629504383
1.4359459288
0.0242651624
1.3791781423
0.8632117450
0.6336570172
2.9701110858
2.1055207731
2.5679428290
0.5495458490
2.6069081088
1.4378900739
0.4055538231
1.5737750442
1.9122222420
0.5575102052
0.6806401444
0.9555355231
2.1225310079
1.9070591945
1.6561174275
0.3614795070
1.2527766620
0.6409678704
1.0528657514
0.4243469004
1.1963625411
1.2437568506
0.8746717739
1.4031021072
1.4300490827
1.1610431748
0.4955415028
1.2632770093
1.4436806530
0.4118506139
1.9353676309
1.3281614244
2.9467911170
0.0341995186
2.5359336337
0.0218216470
1.8539461974
0.5016998192
2.0796717655
0.6659340346
2.6203517030
1.0510835492
0.5007357718
2.1003285322
0.5993663814
2.4452036865
2.2761285775
0.0928843386
2.4375862840
2.0642777278
0.3922054605
0.4519218243
0.1830868848
0.0460466788
0.2205318655
0.8013148345
1.5181860806
0.4338348806
0.6285886249
0.8112546411
0.9163045868
2.2109906671
3.9408545014
0.0108102552
0.5563643619
0.7391094301
1.7158585218
0.9361415993
3.1445179772
2.6156916066
2.6580523351
1.6033664288
2.5471796966
0.4595645197
1.1527740130
0.3078298682
0.6593732450
0.0477855322
1.8175861556
0.6424180596
2.6503311362
0.6663037681
1.5212852955
1.4479116926
0.9234828400
0.1556766348
2.8673216871
0.2413893458
0.6164882402
0.6893577918
1.2601006180
1.9291510824
0.0388645377
2.1670109648
4.4739101488
0.0361151068
0.1945693108
1.5631603567
3.5175229843
0.4617878380
3.5545908198
0.0148239332
1.3179222111
0.2711760727
1.6655758671
2.4133458649
0.1040041418
4.3812609299
3.9081188196
1.7379840017
1.2599691298
0.2451847867
3.9922954449
1.7883574313
0.1523738751
4.0956920727
0.0433368383
1.3263975778
2.0927260164
1.5693762784
1.4851517632
1.8667469520
0.1980336138
1.4660635085
0.9184199198
4.8243726117
0.4357575842
0.1658148956
2.7177104794
1.8394187547
1.2522341325
1.4243725161
1.1863125828
2.1866657021
1.3006895549
1.7008795926
1.1922061653
2.7142119266
2.6829858493
0.2595151036
0.2841927365
3.8777796762
0.4237995775
3.0302348559
1.3119354565
0.1266140874
0.7575789281
1.5886371687
0.5181987553
0.1577709224
0.2721634356
0.5875402503
0.7797949531
2.3280332047
1.3436135946
0.1603277858
2.6263240768
1.0256395766
1.9245327164
1.0642580589
1.8859717080
0.8709732334
1.1294005736
0.3186020534
0.3013908538
1.5962711732
1.1616082571
0.4264069944
1.1140798605
2.0573421733
0.0692511579
2.9859136184
0.1724089968
1.3074158067
1.4675551788
0.6386457203
0.2516214394
0.3538179760
1.3152849364
1.6386872487
2.1950341954
1.0165423057
0.7741321386
2.1268550496
2.7097131707
2.8211407760
1.0553392223
1.1123829517
0.6562212376
2.1747913683
2.6201240119
2.6795962205
0.2761348886
1.2252782032
2.8736464868
1.4168919425
1.7178651608
0.4445362515
0.7517878529
1.9901193014
2.8603553648
1.5425596534
2.2145608164
1.6831962946
1.4174888612
2.8595746850
0.2057555916
0.3444926294
0.6644650602
0.2241992986
1.2171085628
2.0201179434
2.8489156582
1.4254858968
1.6265042871
0.0737240031
0.4479262188
0.0773454365
2.5834245411
2.6344217545
0.8964750418
3.2222448286
2.4962738626
0.9281150774
1.0289355536
0.8578472947
0.2565970868
0.8795588743
1.7253886246
2.1996465844
1.9210512465
3.7358033616
0.8561782286
3.7697906420
1.3571331065
0.1404970574
2.4655638353
1.1314188194
1.4120223325
0.0921286930
0.6924951381
1.1919941895
1.1593082677
0.1139663525
0.1374504873
1.0511469464
3.2875270118
1.0712103224
2.1765434805
2.0659457710
0.9280871047
1.2143950474
0.5558510496
3.3463792098
1.7689783170
0.5432598019
1.7941896048
0.5469619761
0.8852801792
2.2318493562
0.5646412365
0.0119257286
1.2902723607
1.0584985651
0.3298798562
1.8017938220
0.8475488379
4.5580147939
3.9756876276
4.7734325198
0.4360215985
1.6947767360
2.3724070112
0.8120483212
0.8146895428
0.6888035424
3.4136154254
1.0104276918
3.3999631040
3.2895555876
4.4003042384
0.0947104031
0.0091358162
1.0494877159
0.0069602466
1.2223658438
0.4480449915
0.8178972959
0.6391475768
1.9084311905
2.1530351147
2.2052048295
4.1075540210
2.9157442663
3.6391122481
3.2243716154
3.0923328264
0.1764625317
1.0517373474
1.4029941825
2.2702795629
1.4046094754
2.8832891354
1.5591953591
0.1576855826
1.1353356899
0.8107351595
0.0968777750
0.6691954923
1.2215438573
0.5694619524
4.5066205830
1.4155198795
1.6511900577
0.9591245269
0.5227545133
2.4354743968
1.0788603670
0.3426774200
0.0683159269
1.3895961702
0.3791768111
0.3098624891
0.7565674730
0.5627750796
2.5810607508
2.3688593973
0.6220399391
1.3066650216
1.1472525214
4.8452664768
0.3060756393
0.2909891350
4.0848875521
2.9443688296
0.6366758232
1.2468600935
1.9880819172
0.2969632422
0.0186141979
3.5215540638
0.4823351469
0.2079758843
2.7786213590
2.4798800831
1.3782966065
3.5688500995
0.2627210041
0.4816901117
0.8214396322
1.0253455711
4.3865304451
0.4280100469
2.9941668426
0.8191124841
0.3074781034
0.5652597693
0.8286630164
2.4258415136
3.3631801395
0.5822161158
1.4196529931
0.2468430233
1.0164827734
1.6927471767
2.3018281172
0.7945720426
2.5455519975
0.5286983115
1.0421169752
3.9034002166
1.4379445487
0.4583702811
0.5802067959
1.0352579261
1.6083805361
0.5232082612
0.5744201785
1.2018111349
0.8107872540
1.1790242717
1.4128666962
1.0527269971
0.1190623820
1.6799364314
2.4888127126
0.2578622943
1.6224221383
3.5729715538
0.3012246985
0.4118114761
0.8909754101
1.1163496359
0.5073386465
2.1777569883
3.2383946738
1.6797602154
0.8198828025
3.4235048439
0.5332716440
2.4564197388
2.4485567593
0.6860574531
0.6060464725
0.3395761307
1.8831650428
1.4877610914
4.1498518448
4.0767490904
0.4757295881
1.4425501654
0.9050206004
0.4814839368
1.8578914373
2.5651133420
1.8093412127
0.9914796761
1.5050775059
1.4529571416
0.8369546585
3.2617945919
0.2909608874
1.3231187923
1.8968428376
1.6343532624
0.7544025033
2.9067055749
1.0890258926
2.0512965714
0.3003635807
0.9341854675
0.4144984178
0.5693360731
0.1961250392
0.3878639612
1.3708500865
1.6738167318
0.8131031118
0.4778281776
2.5370245492
2.6220597775
1.8801517469
4.8516421840
0.6680316067
0.8010412923
0.9377949018
2.3525028443
0.5357448852
0.6412861606
3.2310200839
0.7354364492
4.4843424192
3.4521952537
2.9567952011
1.4550141885
3.9737743773
0.7987593502
0.5082864070
2.1493242526
0.4977292423
0.0272592101
1.5645805909
1.0023811413
0.4695801661
2.2150118143
1.0667355803
0.9567132444
2.3805609782
3.1272407921
2.4895062591
3.1710566629
0.9641069334
0.6043171686
3.7434515551
1.3446989549
0.5960324810
2.1441966635
2.8148072093
1.6829358364
1.5189593355
2.6510104500
1.6773526732
0.4031562765
0.2122813703
0.5756580699
2.0026123589
2.0458448868
1.0575850249
1.5442629888
2.6157584364
4.1917948359
1.3890503469
2.4788936932
0.3602037173
1.8932218531
3.6160783108
0.5738481422
4.4968992261
0.7666354407
1.3635426992
0.0549552581
0.9426929260
0.1322674898
1.1358711003
0.7419753051
0.9089069513
0.9513347042
2.0194354265
0.0370161328
2.2931855075
1.4505615493
0.8174939013
0.3829733423
2.1269838435
0.6708482304
1.8815853203
1.4714136275
0.5967372889
1.7488420271
0.3548743113
2.2240852052
0.7415094879
0.5217971651
0.5261050682
0.6067573573
1.9262433194
2.5115649894
1.1657605410
2.1613598993
1.5895356906
0.4251251688
1.4475197819
0.5675804431
0.1810307822
0.5181473645
0.8388785389
1.1981476610
0.5241043677
0.4368929973
0.4604792850
0.8441704212
0.1864530425
3.9081773688
0.1267832733
1.7404963472
0.3005393581
0.7540394813
1.9012841373
3.1286034200
0.2551022635
0.1479511149
0.9150583533
3.0754160284
3.4808129385
0.1102528716
0.3428794282
4.4217163491
0.0281273753
2.0126907872
3.1358426522
0.3361095942
0.5141089213
2.8807866698
2.0118053246
0.1205531700
1.7060186843
0.8235448290
0.1294415328
1.1597049462
3.1424999209
1.2544541632
0.1561032897
1.2932043805
0.1060076369
2.2999449019
3.1705426856
3.6505249900
1.2044233287
0.6365555933
1.3435776603
0.2810063489
1.1643034920
1.7472495954
1.2375675700
1.2797429439
2.3007997371
1.3654381653
0.6275548841
0.2020411500
1.5611013614
0.6171056674
0.3761767698
0.8845916652
2.6304241287
0.2141779966
0.5828526792
0.1541545001
2.1725148024
1.0649117177
1.4360888224
0.6270740009
2.2243103862
0.5312669838
1.5426398008
0.6223506954
2.5490240588
1.8476414010
2.6241573286
0.3310390487
0.0327059570
0.3369161391
2.0947574303
0.4100366509
0.7608830716
0.4685265732
1.8782706331
2.6227850674
1.2205320584
1.8656683507
0.2488031679
0.4210006166
2.4984014407
3.4147119349
1.9322664734
2.1160332478
0.6855723902
1.2089170000
2.5936815922
0.3981962781
0.6639392529
1.5860525361
4.8271846479
0.7154879280
0.3738956108
1.2205215164
0.1452798842
0.5431374625
3.9875302883
0.5184205188
1.4909614465
1.1023790269
2.8721584280
0.1163460512
2.1762610839
1.3571392678
2.8324023293
0.4501471037
1.3160705612
0.1754151356
2.5752338800
0.2108627814
2.3720826117
1.9597034849
0.2226655562
1.7055414345
2.2239519980
1.3274091883
0.2468759999
0.5802716435
0.5511128088
0.6675035104
2.4380729048
3.1739628341
2.2516616295
0.7980471510
0.3686947857
3.8210696994
0.2492879864
0.4151144608
3.8709463935
0.3208042495
1.1018521503
1.3957461424
0.5874974557
1.3416922157
0.1045708416
0.1132121897
1.6461490977
1.1532858484
1.4078260867
3.7404002956
0.8613045205
0.5713844691
1.3678643200
0.0393892961
1.8208526778
0.0416142251
0.1567184176
1.3488551884
2.6849288958
2.1080933650
0.1048290227
0.1560353263
3.8228251022
1.4336310214
0.7167238799
0.4537544757
0.5019554090
3.1412123306
0.4304892436
0.1120829397
2.9227677859
2.1291592825
1.3611743858
0.2231108505
0.3628483648
0.4158971530
2.1389325102
0.9541972130
3.7558004887
2.8888096777
0.7220273255
2.9542297032
2.4617977792
3.8496505849
0.1899999040
0.5958869847
1.8662404958
2.5764442158
0.1430672503
0.8309780433
1.9725024654
1.5481009554
0.7661062488
0.2160531519
0.1698684434
0.3085716723
0.1604247976
0.9929909934
2.0996071411
1.9607746971
1.3762625562
0.0526701589
0.8038162147
0.7293631795
2.4580272025
0.7946035777
0.4989249625
2.8698710221
0.9441785304
0.3612235095
2.2863777256
2.3996723847
2.4476926183
1.4657841153
1.0018518607
3.8542331064
3.8569904773
0.1103605219
3.4599195304
0.5174132350
0.0008542398
2.9003330742
0.9864914038
1.6275927553
0.7626149325
0.6476561942
2.1981903037
0.4866012070
0.2532897426
0.5143247333
0.3654571896
0.0634569835
1.4466921490
1.9239541615
0.0303297320
0.8433771934
2.0317948976
3.3057114536
3.3895369049
0.0624640207
0.1135240612
0.2714280367
2.1726066616
1.7995503561
0.3403442602
0.6755304323
0.9613173977
0.3066720359
1.7170488937
0.5554066971
0.4056044821
1.9391178326
2.4909519419
3.1718082661
0.1395814904
3.5367458302
2.0821798314
0.5186836770
2.3694418629
2.3053088334
0.0630001864
0.3357062964
3.1068377445
1.6302167747
2.1259554318
0.1593004736
1.1900875312
0.5641186283
2.4323859860
0.1576312756
1.4756272136
0.7381653462
0.4732894898
3.5232375087
1.5333876122
2.1636204155
2.3101361382
1.2497832186
0.1696275456
0.3864634637
1.1617041710
1.6131784890
1.4859297080
1.1346495370
2.3488341874
0.8765725875
0.2189220634
0.3358297870
0.8233000907
1.7675479627
0.0816533329
1.7717443964
4.0055468579
4.5353833991
0.8493431506
1.8333319279
1.1597726966
1.5139940790
2.0151033355
0.4748379356
0.5413820560
1.2329646147
0.5548491031
2.3659215104
2.1760565548
0.6161770988
0.5587977332
0.1572295003
1.1813809382
2.2104535720
0.2701664369
0.8684700225
2.1495128104
1.5956620080
2.2670547700
1.0645522556
0.8259846012
3.0994197678
0.5758839021
1.9062988502
3.2768082432
2.6720092615
0.5671549468
0.4614458274
3.2302436519
2.0579602466
1.3124500011
0.1047586505
0.0054811325
1.0371682592
0.7183695701
0.6029691133
2.5282385376
4.2485178590
0.5194653658
2.9176843313
1.1921592846
1.4923410319
1.8439756935
0.1504436672
0.3332204388
0.3414986845
1.4377855311
3.0472267461
1.3903050774
2.3517539273
2.3789287109
0.7597596345
0.9752680145
1.9173085607
1.8415515857
0.0398084291
0.9781807095
2.0582989575
0.8638089506
0.2917121513
0.5698859769
2.8637821681
0.2004815329
1.7634243994
1.5968643639
1.2592894723
0.9222571730
0.0237354280
0.8845391551
0.3667280473
2.0877024599
0.5122013493
1.7007367083
2.2163982809
1.4077779417
3.5292162792
1.2385817705
3.1597071900
2.1413328820
3.1834617972
2.0445807540
1.2046354432
0.1394170388
0.0189926702
3.7522591567
1.3115387772
2.3421020273
1.4344977680
3.2565978258
1.6437413216
2.7069006617
1.0267425521
1.3148209653
3.1798080629
1.1595981012
3.9077276535
0.1156554955
0.5380934270
0.2552787703
0.1344357013
1.0748444455
4.4370121304
1.0725141503
2.6133448804
2.7112184764
0.0374969792
2.5120303439
1.5236725156
3.2597775585
4.3976937972
0.3975690876
0.1461960542
0.4734428050
1.5364078017
1.1391169321
1.6075247278
0.4971608987
3.0237455048
2.5117175794
1.6416692068
1.0551723787
0.4213823894
1.0489152357
0.3641012788
1.2056449331
0.1602674147
0.0635524264
1.6673687516
0.1370999322
0.5281878044
3.3674132609
3.6416556054
1.2529425132
0.5014567933
1.1194670218
0.6779935227
1.0105861025
1.2925188152
0.0981098191
0.5908140512
0.7823239145
3.7083463979
2.6061311538
0.8518316535
0.3252979317
0.1691032867
0.8477774963
0.8612936816
1.3790721761
3.6001491262
0.7569549444
4.8643446394
0.6017052448
4.9142037072
0.6800046723
0.2376083681
0.4175118720
0.7835872736
2.6446590529
3.7119531263
0.4423901794
1.3162664928
1.4977705912
1.5307899465
0.6086151275
0.7916743593
1.2873709602
1.5221483949
0.2665545893
2.0343469956
4.3194166415
0.5369711361
0.3034928010
1.0125459170
0.6181351908
0.4516969103
2.1621979979
0.5567264656
2.3866676253
3.3405761842
1.7937010764
3.2588406157
3.9738778304
3.6044945708
0.0727404775
2.6996785846
0.8625480406
2.4903157757
3.9707696882
0.1984652195
0.5650478344
2.2242225867
2.3496923397
0.1475230023
0.5513011627
1.5745849928
3.7138529045
3.1606476799
0.4715049012
2.5153659275
0.3903594360
0.0984201955
0.2962296344
1.4809800763
0.0558311825
0.7272673519
2.2428351245
1.6637203977
1.1220165187
4.0323343288
0.0857076007
0.8987675561
0.2206115846
0.0501330082
0.1777483014
4.9973859720
3.4215595387
2.0491882978
1.3846134175
0.6825919035
0.2051931510
0.0484650036
1.2237479552
1.9489982060
0.0485516690
2.2996750686
2.8060095890
0.2377284270
1.3077739879
0.3650381078
2.5349990026
1.6666431271
0.5560562409
2.5566283735
0.8437147318
0.3260383280
4.8072958650
1.1744169340
1.2554540056
1.2799283572
1.3539936188
0.0388763623
3.3622712825
0.7709583236
0.5546939592
0.5407476760
0.3520824704
1.4229065134
0.1116578305
1.8652239250
0.2693272604
2.0692524340
2.5778828296
0.2247755248
1.3887145672
0.0112429599
1.6459706191
0.6967910994
0.0437994182
1.0675287589
3.7285472795
0.3472566372
0.4912189351
3.4099603130
2.5094720164
4.1129010007
0.6586588249
1.6546667386
1.3213518046
0.2245024395
0.3300320385
1.9519193344
2.2551544901
2.0917855573
1.9327557528
3.9237381424
1.1537102243
0.5415161615
4.0887716389
0.5672641084
1.9048153194
0.0161546680
0.9214269269
1.4680480869
0.3846060547
4.3988918918
3.2024573739
1.5981462968
2.7769034146
0.9191608697
1.6181240856
1.5609145007
0.6266213731
2.2034973347
2.5888146013
3.7096103064
0.3120317959
0.1380538047
3.5329486201
0.9216523414
0.6389198726
2.1795180912
4.3270300909
0.0626784635
0.1839074643
0.4631176427
0.6306402970
1.9815145575
0.0863406680
2.9581152778
0.6560367890
0.3782726054
0.5586532790
0.2022694563
0.4701662200
0.6777534688
0.7028314937
0.4345836253
1.1338856756
3.6860468931
1.6889911849
1.4345510797
1.1285119428
0.0726960439
0.7443481682
2.7289683390
4.4370684240
0.8134420841
1.0211136032
0.7156708360
0.8702167015
2.4309844458
1.2709287146
0.8950092228
1.7492244416
2.4687558952
0.4030269146
2.0665678506
1.3759585783
0.1031043991
2.1751392215
1.3203698519
1.8529903472
1.6762597717
2.9073436113
0.2585078917
1.2872034557
0.0036642357
0.3323936170
0.1922845742
0.5930630100
0.3356128335
2.2835303931
1.6507022617
3.7820339491
0.1494861448
1.9976296603
1.9821216098
0.9887194307
0.2698229203
0.5225344186
3.0122974201
0.4572020790
1.0588211432
2.3060504249
0.8772647818
4.4085317446
1.4762341812
3.3412745102
0.0331880802
0.9429122920
2.1017963363
0.8766995714
1.2729998743
3.3044512579
1.3212816583
2.9227985131
2.6047184211
1.4190366545
0.2332063211
0.7827196445
2.9294545100
0.0442571677
1.3562688795
1.4998708155
0.2590772110
2.1628992635
0.9289605984
1.3003487773
0.1642408829
0.4742345962
1.1262053002
0.2904886943
1.0877436421
1.1207596637
0.4386576583
1.4972819107
0.9053558186
1.1385768310
0.1309983167
0.1430483785
0.4165617116
1.5041594067
2.1353535806
1.0879889488
4.2006206422
0.4733768917
2.7704447105
0.1768917770
0.8887567425
2.5480570770
2.8708837572
2.2360606373
2.5017446965
1.1317447544
4.6307231477
4.4541967234
0.1732128996
0.0510614971
1.7894719777
0.5130238953
1.2382487918
0.9686817295
0.0065343253
0.7467756402
0.3993826156
0.3701243220
2.2539827407
1.0053977096
1.7773089908
0.5704570448
1.7254629844
1.4278594811
1.3271799028
1.7994268381
0.8067249268
0.7229212084
1.1510943537
2.9353699080
3.0803073252
2.5985200070
1.2927434217
2.3957584446
1.3648073220
0.3690094203
3.6971996351
0.8783650932
1.3979084935
2.3227671497
3.3527368753
0.4886156452
2.7216276263
0.3109264085
1.2892054219
0.2240184951
0.6147388108
2.0086766830
3.3366261388
2.2961355661
0.2890754451
2.6076191103
2.9724710098
1.3663123187
0.8239218724
1.9390853308
0.1403557616
0.6732660737
0.7586388707
1.0884302690
1.6804711264
3.2755200497
0.8760275820
0.2788392082
1.5476644806
1.6712832786
0.8129156533
0.3641527220
0.9896722101
3.3734439273
0.6856630292
0.6945877966
0.3302258893
2.6869380021
2.0103288888
1.3382596687
1.4467024941
1.6486346512
2.6055263233
3.5271543845
2.8805826972
1.1328665081
0.0288311899
0.0511344921
2.3795841427
2.9994475827
0.7565930026
0.1838469363
0.0410948569
2.0632091286
1.8215449697
1.5495397859
0.2691189838
0.2192515237
1.7933581366
0.7947176887
0.2573697050
1.1333163547
3.7984728983
1.0749284607
0.8456916813
0.1220730996
4.0592361749
2.3520686418
0.9024638215
1.0570972888
0.1411129065
0.5153039582
0.6030345684
0.5683558243
2.3932672881
0.0821428332
0.9563024094
3.4708097563
0.7086155153
3.2952100217
0.6962543595
0.4889604068
2.8149229612
0.2878530576
0.2799217460
1.8697836464
1.2595220870
0.3847811798
0.3617866171
0.1078037073
0.1070308821
0.1505722029
1.9184823927
0.8156476586
1.1083564726
0.2988794000
0.1860707719
0.1085705798
0.3498710762
1.8077219572
2.5735885499
1.2316836193
0.1577799669
0.5855577141
0.2431750492
0.1502033361
2.0535580111
2.1021754836
2.0345254678
1.1698606892
1.5587626342
1.3968394463
2.0660415588
1.9920601415
0.1577297384
1.5037176125
2.8627553162
0.1086958272
1.4633579875
0.4160012278
3.2274113956
0.2615979296
2.6552786399
2.4589007496
1.1247742021
0.2628609565
0.4518811807
1.3392019697
0.3558045710
0.0119193882
1.1185830222
2.4047877302
0.0636107234
0.4505445201
0.2562315498
2.7177652878
0.9143242568
2.2101509191
0.0482944358
1.7825360873
0.2500391661
0.1653476866
1.2934410364
2.1832159311
0.5494786530
1.2205229841
0.6789089964
0.9203141019
3.2753723922
3.3495922532
1.8175822436
0.0587873408
0.5346190176
0.8315336231
3.4327352377
0.6777144761
3.0665979873
2.0070376843
0.0917580768
0.0293286671
2.0045865557
1.8579736550
2.1857527691
1.1908189567
0.0701457379
1.1176895665
1.0353913796
1.1792952752
3.8248672057
0.9119961737
0.9357149064
0.7101402609
0.6947742150
1.8178583908
2.5137589113
1.7210102552
0.1700359904
1.1283141392
1.2382954006
0.4167649984
2.6581397215
3.0303507531
0.5077327946
0.5981096778
0.2464830571
4.5782238928
1.4709233246
0.2291865849
1.1088201648
1.1283814632
2.5854809656
1.9478626675
2.3459599267
4.1782317948
0.0749898350
0.3233916622
2.3735564403
2.6699098517
2.4407876489
1.4446909071
1.6739411993
1.4647392238
1.0916562492
3.0744584079
0.2908770140
0.4984798796
0.1408174206
0.2006037518
0.7113459244
0.3677203639
1.4458559515
0.7928801093
1.7805175444
2.5262351245
0.3860014244
3.1295661166
2.0827393180
1.4957441068
0.6498497190
1.1147817093
2.5457648873
3.1270595301
3.9250704828
0.8246856374
1.9674084751
0.8298260997
0.0606283512
0.0830800556
0.3395215335
1.8473590615
2.1906202868
2.6749915295
2.7644032050
0.6468790374
0.2582030731
0.1210389236
2.1803863501
0.4490927946
0.6303462880
0.0932996430
0.4049626141
3.9092549248
2.3047654262
0.0471669664
4.4449226807
0.0889223343
1.4595339403
1.0937459745
1.9924472607
0.2378024184
1.8167075451
2.3540160739
4.2473811838
3.5301893797
1.4411836145
1.1416360957
1.6717485276
