sampled_theta1
1.4042640585
0.7682345571
0.8015436352
1.6554463641
3.6257674078
0.3319902742
3.2061308320
1.8382709345
2.6109480342
0.6888562124
0.6774873531
0.1157135767
0.2499929205
0.0707330339
0.2097181256
0.3705049214
1.7612341467
1.2447775002
0.4123814913
1.1652491319
0.0259427356
0.2169256756
0.2547700694
0.5460546755
0.5138405779
1.3914583230
1.5260085437
0.3519244493
1.5664975307
4.5015726491
3.1137857860
0.3967645604
1.2114869396
0.3361422359
2.1880930881
0.1907893722
0.0569237663
0.9490560984
1.6507969051
0.7350216682
0.6012216569
0.4365627214
1.3382924589
0.5957074591
1.0056232127
1.8883763829
1.7431809231
1.3960777399
1.0091039942
0.2678992265
0.5663790908
2.3978007334
3.3707161943
0.1388097720
0.6801327863
0.9335268315
0.2102359711
2.3373511178
0.5387398966
1.0890386878
3.7145656590
0.1782924986
1.4731474739
2.5921900961
0.4037628562
2.2207647563
0.2434532115
0.5340843082
3.1125873211
1.3906613067
2.6578947454
2.7890100848
3.3483774293
1.7340004053
1.5004687128
0.1846123399
0.7992138156
0.3156925553
0.2304384244
1.4896961803
2.2761341154
1.4070119879
0.7570449204
1.1911650544
1.3829336234
2.8625009465
0.6412378868
0.9911360157
0.2092328030
0.4768403052
1.8359458099
1.7706848418
0.1263180088
0.3119067010
1.5467356978
0.5815765191
2.9058604761
0.5695768291
1.7089307406
0.0415046313
2.3536795706
2.2573637604
3.8019246382
1.1614111752
1.6014114033
0.0725187991
3.7525415229
3.2643659285
2.2202747423
0.5730090596
2.7079751934
2.6129749389
0.3356229942
0.0011849893
2.2836579646
0.2131246532
4.1519153517
1.5341636493
0.4345202201
0.2164736984
3.2527497829
2.5943802404
0.7460091466
2.2908298114
1.1291646859
1.5022454429
2.3960747197
0.0593148464
0.5989637735
1.1216692077
1.0674343727
0.3520217327
2.7261721486
2.5489529432
0.8103592724
1.0745373270
1.2942191581
0.4067120452
2.9573828956
2.2522711794
1.3266240155
0.0575829317
0.6724357127
0.7316355075
2.2447641569
2.1511377866
0.6476692952
0.1588877411
0.0762654980
1.0078782920
2.2587323796
0.9958975501
0.6946455629
0.5933373024
0.2294596321
2.1358116302
1.4271059052
0.0255730615
0.6172575869
2.9485940541
1.5439896457
0.8867206452
0.0607315356
0.0508662604
0.5390076296
0.1104794427
2.1684611974
0.5487050023
1.1359880425
0.4882219869
0.7795233281
1.8700643710
0.7416481173
1.0959650405
0.0941083340
0.6636490330
1.1166441268
2.2535281394
4.8936591615
1.1201216269
1.9963231478
2.6242211424
0.8739781947
0.6516360992
1.0950727140
1.6047695637
1.5218595353
2.1450475922
2.5765313351
2.0340947183
0.3183693325
0.3619873650
1.3419848417
3.0737865242
3.5331219179
2.4750528220
0.0347710251
2.6497281324
0.9477955804
2.3926556971
0.4100511792
0.5979047723
1.0947362815
1.1252260231
0.5796083736
1.6804920857
0.6236050092
3.7534257168
2.0041503303
1.8715235777
1.1486488728
1.9287206656
0.4404425895
1.1097983881
1.9078062059
0.1670655885
3.0589978086
0.2369047588
1.9591179220
0.4022508652
3.1245309262
1.5375530759
1.1313458394
0.8516109230
0.1599127508
0.0360775848
3.2403487692
1.0517088402
1.6233360320
0.2395700826
1.2529932798
0.0723620422
0.1070920715
4.0640322629
1.2144898489
1.4263354356
4.0845801960
0.8412111206
0.5568177435
4.7321800486
2.4585399775
2.1409025355
2.2475165568
0.1719869851
1.3934520493
1.2767653240
2.2387107742
0.3673803918
1.0455454623
0.0145843671
1.0418999467
2.1590338355
2.7847835171
1.4552532786
4.9522482193
1.6997175602
2.1345318066
3.0972892179
1.5651669583
2.2093139505
2.6653942361
1.3215819471
0.7732582967
2.1252922467
2.4030060709
2.1996555147
0.9842760463
4.9734547535
0.4774756154
0.1310457922
3.7652014830
0.2906716672
3.2564225790
3.7762743719
1.8806470788
1.4951592647
0.6917962203
0.8310352700
1.9021677139
1.6892996406
0.2469038994
1.0515008345
0.2303468692
2.2275356147
0.4626067728
1.0127722981
0.8041672185
1.0638481015
1.3685389398
1.3514957856
1.5553020875
0.3442579070
2.9282062152
0.3999647043
2.5751912412
1.2303759741
0.6847796387
0.1967420698
0.7084894742
2.5243447684
1.3305272223
2.0883315773
0.3941949714
2.2428474600
0.2620479948
0.5829497392
1.7503534835
0.2718906723
0.2682656545
1.0631089247
2.2372398449
0.0937028486
1.7463013490
2.6179326861
0.8924064459
0.0218719407
0.4859480222
3.5698244390
0.3920654565
0.3739045955
3.8076856138
0.0479662721
0.8345216953
3.0969330722
1.2421818179
1.0864729202
1.1842958653
2.5829208683
3.4690391202
0.5499778405
1.3995053919
2.3409701527
4.7709117232
0.4050037667
1.6110569385
0.2975908372
1.4750658276
2.5418936761
3.5850651579
0.3777781168
3.5226984105
1.6866787850
0.1050750591
0.5826562325
1.2340328088
0.2713878828
0.5295438737
0.4547670263
0.5098412152
1.1045815126
0.6977178804
1.9012139492
2.0334395253
0.8480883387
0.2348160495
1.2435526114
1.1281263065
1.8630105901
1.7919870363
3.1284051963
1.1679217778
0.8307265525
0.4014408680
2.2283247586
0.7116205631
0.2921037780
0.6445396162
0.0164953249
0.7449299650
1.1557007120
2.0461435776
1.7942900103
1.4942044431
0.0646498201
1.2742286381
2.4617058055
1.2356920499
2.0762616941
1.2297334264
1.1208151794
0.3613940206
1.0125748094
1.3768917690
1.8577920325
0.5404001463
0.7164671655
0.8695716644
2.0085609632
0.0590499612
0.0198696086
2.7235657562
0.1636478171
0.3625128595
0.1449620277
0.6421421390
2.7340477546
2.3699767704
0.1984630497
4.4907166829
3.6790220315
0.2043087926
2.2724157586
1.8307204295
0.3459237456
1.6017104770
0.1027555474
2.6681171504
0.5216531780
2.8356387179
0.0496191561
0.4577715069
0.2755606849
0.2724853720
0.0695761861
1.5790144696
0.1088386626
0.5445171328
0.1005103341
0.2573580780
3.4610628550
0.8223237080
2.0767803725
1.2365886736
2.7956308785
1.1474212758
0.4534894563
1.5198635590
0.2913124152
3.0664787524
0.8872845205
1.8300499851
0.0513906907
0.3167597389
0.5477397072
2.0934047276
0.7087949451
0.2086903868
0.1118007118
1.2890184752
0.0457216623
0.0009713120
0.5467837352
0.9397891315
0.0273491554
0.1214448905
1.3619766368
0.4080679493
1.9920203609
0.2050983367
3.0305316357
1.1398568446
0.8832071751
0.2459980309
2.0927296011
2.0599666634
0.7512554934
1.1689395007
0.0419129969
2.6122388508
0.0413263950
1.7640420324
0.5458848797
0.4453628340
1.1791632723
2.4623431523
1.1501886425
0.8374115229
1.0373673973
0.0747099623
1.3141855864
2.6998197647
1.2469987536
0.9453356382
0.6894028696
1.5335789276
1.1291257843
3.2339066762
2.3368405709
1.1073021688
0.6900400545
0.4994183102
3.4349370150
0.0162168081
0.1998095642
0.3167093668
2.3464693687
1.3162621045
2.6534006719
0.6060589090
0.4818126000
0.1793140505
1.7528675658
1.0148895884
0.1056758743
0.1979842615
1.3734307955
0.7364925195
1.1006889100
0.0336012177
1.0950199560
0.4908138066
0.0034851393
3.8531811628
0.6729035590
1.8255199683
0.4352788986
1.5809878326
2.7353366177
0.0577683509
0.0000995559
0.5655125375
1.7859476310
0.3976182808
2.0025986830
1.2947509057
3.5368218946
1.3089773568
1.2284508989
0.7932169369
2.6508878435
2.6653050856
1.0898308395
0.3899428203
3.3097312014
0.1403684910
0.0469035560
1.9745611029
0.8912891905
0.7533163098
0.0949817094
1.0461307231
0.6562999328
0.3440833921
2.1320612800
1.9372233201
4.3042900499
0.6196403971
2.7690978785
0.4298878863
1.2242479092
0.0168796903
0.2039453068
0.7264347749
3.7102850550
1.8901087509
0.2535617008
0.0845994555
0.4240851296
1.7000581289
1.3327158733
2.6845844099
4.2011864669
1.2149577989
0.8597527109
2.1391424202
2.9376306734
2.7956081182
2.0686847396
0.1593867328
1.6403603736
2.5812694800
2.0467972588
1.6942157118
0.4225579275
0.2543754980
1.4676089132
3.7941406211
3.5306410796
0.2740045488
0.9603021756
1.3932065138
1.8654371357
1.9035767195
2.3499352058
0.8068874291
1.4639537741
1.0282907630
0.5033276867
2.1799114995
1.6410687859
1.0986522884
2.8305590937
4.0161232913
0.4551874207
0.0036293718
0.0513684722
1.4430368857
1.3888146894
0.7572522348
1.4859391959
0.8891735275
1.4335000719
1.1182587138
0.4963616883
2.0198974551
3.4263280754
1.6169873245
0.8508865473
3.3778228245
2.1335606633
0.3280169542
1.5726815667
0.0782745925
3.0428927013
0.1169048907
0.9601372785
2.0517114204
2.6273380063
4.1484928695
0.7650456745
1.5423854102
1.0057010671
1.8670851270
0.6957086792
0.4803337916
0.0908643945
1.5797746876
2.2320758286
2.7122738056
0.0912509265
3.5162716866
3.1217035531
0.4781160982
0.0701483287
0.9351719173
2.4832705754
4.3932397788
1.1228168797
0.0027251764
0.4880825675
0.7701863496
0.3407687626
1.8380176018
4.8366918984
0.8918833728
2.3361119324
0.3311089489
2.2035359761
2.0558843337
1.4527140116
4.4703604896
0.8061216305
1.1618500652
1.1861801443
0.5110118097
1.0294362524
0.3457207275
4.0026858602
0.5600942451
0.2794938730
0.0090164550
1.4905324458
2.2593029407
0.2704513706
3.7423754658
0.0782175069
0.7080786345
1.9625843803
0.6667490716
1.0745976057
2.1803204887
2.3271510334
1.8053590808
0.6831179784
2.1927446285
3.4998700031
0.2575336953
2.1303410253
1.6907718121
1.7175362584
2.4158679801
4.0407370080
0.4348026341
1.1316733761
2.0190346258
0.3051151510
1.4825444443
1.9577993912
0.2621551550
3.9463222213
0.5285510236
0.0773562921
0.9273683236
0.2101932461
2.1247293812
0.4510335393
0.1089520644
1.6171796567
1.2531292179
0.8674426513
1.1214907447
0.0553163214
0.1946531223
2.3997445795
2.1453052531
2.4783870714
0.0489699515
2.0824836165
1.4610854517
2.3620242634
0.0532276564
2.2891351550
2.8169462294
2.2518813852
0.4173629984
0.7928125422
0.8351611176
0.6256070845
1.5761262762
1.0142737478
3.0748168732
0.3814224845
1.3741794502
2.1341738506
1.7905836185
2.6281198196
4.0327828154
1.4915606815
0.0210606607
0.0604555885
2.1894410312
3.8454170401
0.8064258939
1.5719510824
0.5098484886
1.2143650807
1.5850581978
0.3314486177
1.8006678396
1.5143414108
3.7954836901
2.2697557270
1.4591633320
1.0504066618
1.9749026679
0.9135636250
1.5458575404
2.5038576411
2.7600683992
0.0715637231
0.2397453882
1.2931754562
0.2703364102
4.1694087677
2.8007658865
0.0454569550
2.4071384491
1.5623448880
1.7650487910
0.9113549933
1.4256620891
0.4968232512
1.1075163693
0.3632918446
1.6805767738
1.6719425461
3.1857462254
0.4058866210
2.3146741474
0.0249409202
0.3009332656
4.2280543110
0.1222409869
0.6293825849
3.6856861510
1.9321999687
2.4597368149
0.2571549814
0.2212988380
3.0422477396
0.6168643340
0.1752619021
1.7152899000
0.1669126928
3.1340321204
0.0421043926
1.9190086016
2.2018970161
4.0523351228
0.9645382034
2.5771877273
0.1857384091
0.3691326608
0.8363522178
1.6175464425
0.4275298091
0.1540507396
1.4877372375
1.9535048932
4.7742924917
0.9467151971
0.4569741391
3.4411757572
0.7946250659
0.5938673745
1.1839770351
0.0393862915
1.5026424545
0.1172541578
0.2211083718
1.0357997788
1.8476386586
2.9293420708
0.1776777842
0.3489887852
3.6268515989
0.4030339421
1.2593597005
0.0103458801
2.1948527416
0.1916219653
0.0055760580
1.3340064958
1.7770221037
0.8493865111
0.4355213214
0.2940854852
1.1305850196
1.7353332753
0.2691702737
1.4311050184
0.0378585457
0.7599006530
0.8006613277
0.2170451232
1.0828506352
0.1973549507
3.9512251788
1.2015394627
2.9910018671
1.3637620977
2.1053868912
0.2206115851
0.7826404053
0.6102066931
1.1549754405
0.2046402998
1.3524656527
0.3260380070
1.0982471222
0.0175056313
0.5345314423
3.5639852550
2.2700698061
2.0370657983
0.2579196222
0.0983368321
0.9032419744
0.1019751916
1.6507409150
0.9357294688
2.4094352889
2.4216834652
1.1943796468
1.5700577566
0.8730833705
1.4960930367
1.1262877329
2.9129681212
1.9557060795
2.1119313420
0.2388946940
3.6305952273
3.5654755783
2.5227914050
4.5365567684
2.8212955915
0.5702534146
0.4409668906
1.7860477398
0.6299229380
1.4757656731
0.2827972946
1.0168055866
1.8720509328
0.4511801948
0.6354233258
0.2236596660
0.3013512636
0.9103593073
3.0151895082
2.3462472810
2.5442353559
4.4811327744
3.1251027362
1.7236847662
3.8177651032
1.5569500537
1.9320754216
2.5981337707
0.9261437653
0.5269356072
1.4223423646
0.1390732443
2.1329709769
0.5296293933
0.2113393283
1.9736853952
2.7339066513
1.2780995574
0.3373709281
0.6167045658
0.9117657454
0.6122458522
3.3001578925
0.6275129828
0.7680810900
0.2806946401
0.8095234301
1.9502256588
2.8563500581
1.5592174359
0.8460722207
0.8460714482
0.0716746644
1.7517601543
0.9732363259
0.3729130581
1.0734111784
0.9642330759
0.0343021325
3.7074202456
1.8473467420
0.1162047149
0.1992868079
0.2649687287
2.2461596346
1.1948778666
0.8166833750
0.2181540305
0.4135050126
2.3970053343
0.2364741186
3.0110463236
0.4905588257
2.1519634767
2.9573907812
2.6865889927
1.0358172453
4.1616551007
0.2361858399
0.6146572330
0.4612910769
2.6968101907
1.6752974555
2.3715105125
4.7630952178
2.8561812535
0.2612187733
0.9234195836
0.8408418850
1.1354357696
2.4378389839
1.2277059674
1.1292008845
0.0442217877
2.0909380243
0.0981574615
1.6462124620
1.5950568205
0.0539744001
0.1150946118
4.8051473572
4.3379749691
0.3293254887
3.1118554813
1.4910811509
0.6334138872
0.5060910686
1.2695180408
0.0706044861
0.5690288412
2.6495328191
4.2175946580
0.8512645167
0.7224533476
1.2776548350
1.2701083669
0.8702932400
0.4515271773
0.0411105869
0.8198893972
0.9642274839
1.5221093491
0.1304016276
1.2631970799
2.1382461728
0.6976750988
1.2050486130
1.2567174715
0.2792827420
1.8213037220
2.4739782194
0.7743084952
0.0123841860
2.5712966585
1.3409307677
1.9699540356
0.7321348009
0.4601191320
1.5727323870
1.6355567089
1.0462603091
0.8881902062
0.1402675240
1.1803222352
0.5452052849
1.1210520393
4.4682327481
0.2601057376
3.9374610899
0.4404279835
2.0752572566
0.9526460046
0.6635101210
0.0743270390
0.6072504834
0.2324877469
0.1516428640
0.0838044501
2.7656029600
0.8331441711
0.4456344992
2.7307419108
1.1396255472
0.5856381366
2.4244954347
0.9134587832
0.1146174062
0.3668322506
1.5944379046
2.2147005446
0.1761330373
0.3105166578
0.8830784654
4.1336595879
4.5844455057
0.2241491920
1.2981609750
1.5753909154
0.3976317997
0.4751952849
2.2554426122
1.5495400280
0.7833235433
1.4249974809
4.6898338287
0.7364272112
0.1281294700
2.4055503199
0.2987920618
1.5246244797
0.0372906275
0.7801009061
0.3667579965
4.6687886134
1.1565551590
0.0674886969
0.6093260468
0.8429913877
0.8070209480
1.6238972415
1.2849993139
3.9826677440
1.6495224603
1.5331172879
0.6145453653
1.0667159425
1.0682366589
1.2046303465
3.1906607035
2.1173055768
1.1376691558
1.4421519372
1.6514089307
0.6891534679
4.7016283508
1.3403554493
2.8546094820
0.5497246850
2.9017666675
3.0474882825
0.4872625338
1.3514925319
4.7095566954
0.2862665100
1.1832500607
0.0404740804
0.3035570275
0.6417500809
4.5560958513
1.3785165812
0.0468394053
0.1959931228
3.0082709936
3.0835436564
0.1497906199
1.7648361361
3.2225182307
3.4849957551
0.2637028414
2.0446546934
0.0396013255
1.2911431396
1.4145131088
0.6360312701
3.5272066591
0.9411934311
3.8157017937
0.0920902747
1.4337215045
0.5797715058
1.2190171171
1.7817648578
0.9487776868
0.6146831474
0.5655596098
0.8509902995
4.8023943170
0.1864097500
2.3968237880
4.9613886062
0.7986764057
0.6073840913
0.7488789576
3.5817758970
0.0740548327
0.3305470555
1.8064699312
0.9434571319
0.3098088337
0.3701717917
0.8838308909
0.4217319159
2.6397394021
0.8746018898
2.0869390887
0.1234442119
3.7769507422
0.0522259044
2.7114288668
4.3960575501
0.1340717086
1.4163694044
1.6432399878
1.0412788499
4.1262369855
0.3363868151
1.9852915151
0.7167253012
4.0694298988
3.8757970340
2.8402023082
1.2357791122
0.3804113146
1.2683050147
2.4305498380
1.9634960305
0.1241453361
3.5532026454
1.7395141489
0.3502762906
2.0164537404
0.2096184991
4.0377477728
4.6170685912
2.2013645453
3.8006383725
2.1412591985
0.6296134927
0.3682811065
4.2967065402
3.9627538311
1.2113240274
0.7768020370
1.0892260680
2.1794217595
1.1207450377
0.5373421844
0.0536621371
0.2087130433
4.7086044475
1.8617137559
2.3760095055
2.6835256841
1.4487838469
0.3817233125
1.3027472323
2.2978046684
0.2900029176
1.9093268006
0.8538516284
0.6454665187
2.6622267789
1.9277014769
1.8722207808
0.5700839214
0.0058553582
2.0299023037
1.1954787466
0.4931142842
3.1878257896
1.5639542508
1.3522759814
3.1121933939
0.0565909131
0.5011446364
1.4734963134
2.3651133471
0.1551899867
0.1277310889
0.4195350302
1.6298347324
1.9677184579
1.7098693349
1.9025435463
0.6319414202
2.4734377505
1.0183154431
1.1100720416
0.2584066045
0.4885526244
4.0767363516
2.0599625774
3.2966737069
1.4468679991
0.3676413189
0.7826971403
4.2790709537
3.3220298543
0.6550300491
1.3007491065
0.1018022895
1.3095235896
2.6511547692
0.9640709010
1.6544487817
1.0006069358
0.0161082101
4.6120319313
1.4237496182
0.3689212543
1.0813213119
1.2677525944
0.0797842560
1.9283029790
1.6776216609
0.1535066732
1.3779203444
0.2881485236
0.5401030937
1.2641693508
1.3180610932
2.1873735204
1.4775270085
0.3922843209
0.5294741048
0.7676168593
0.8704490589
2.7568778857
0.0163155513
1.1819975075
0.2145819839
1.9656809528
0.2842407569
1.9175000124
0.6760808398
0.9119919189
2.8938848269
0.3387933828
1.6516780061
0.2304030649
1.5392617138
0.3368220076
0.6950539556
1.3012432241
4.4313102739
0.4466358207
0.6612025276
2.7449483998
2.1339216575
1.5647310339
1.9103098072
1.7008334096
2.1330900300
0.8676873779
0.2597370966
2.1017122813
0.4443003536
0.8843142987
3.4063186572
1.0939048609
0.1503009922
2.0611989643
0.5238169781
1.3222838861
1.4148101967
1.1538715107
4.4362851291
0.7046353903
1.7888160720
0.2801205357
1.2737944526
3.0450190272
0.8871838291
0.8757114750
3.4037518796
0.1730138158
3.7166332110
0.1993022715
2.3019483001
0.2672673272
0.6537383231
2.0563514055
1.8164519551
1.1009060635
0.9768572113
3.9546604073
1.2014734492
0.8322715060
4.7618041860
2.8032375872
0.4235243140
1.3033528792
3.5613664452
1.3259533302
0.3422052536
1.2734840818
2.8014659593
0.7640518327
0.1347165003
3.1297858117
2.6060075844
4.6999962721
1.5624266335
3.1782529638
2.3659266551
2.8235874037
0.9952764717
1.3802464909
1.6133024584
1.9420308767
0.2874660522
1.8498537044
1.8492764018
0.9904229316
0.6400953046
2.4909017487
0.6413063960
0.3518193127
0.9805870241
0.7084342172
1.4958984514
1.7339759855
2.3617687782
0.0394684076
0.0814266452
3.2162207823
0.7367708357
0.0162449536
0.3215444762
0.6298686353
0.9521380254
1.1331703652
1.8288696293
3.5142731550
0.5605030165
0.9682239390
2.5110232296
2.0083276945
0.4522180024
0.3239795598
0.6885745534
0.3246718895
4.4631329918
0.5228844126
0.3983706477
1.1865290889
2.7447692487
1.6603234257
0.7314517475
2.7677901069
1.3564940971
1.0623455023
2.1137430210
0.8296929951
2.1862454369
0.2367166374
0.4246029880
1.1219088987
0.2751878566
2.2863549626
1.9413943288
0.1707491563
0.7606067720
3.3042418173
2.1499416836
2.1485314990
0.2708797666
0.7245823532
0.1736173426
0.9402076762
0.4962545199
1.7968152863
0.4924103643
0.6173581008
0.2472324207
2.3727982087
2.5786599234
1.4021881567
0.7577142886
0.8667034381
2.2975778374
1.1714814594
1.7751373245
0.5400901451
0.4667021700
0.3909885271
1.6792501631
0.9111057548
3.2823440164
2.9303112823
0.2029534842
0.2561420422
0.4380797570
2.9234454063
2.8146927691
2.8323113884
0.2986896395
0.1563080201
0.7712179382
1.0125554098
2.0565198475
1.1478118450
0.0461618155
0.1708378320
2.6978357966
1.1602544106
1.0461544656
0.2756903293
0.5106522958
0.1316845945
1.1949012347
0.5367530630
1.7292568345
2.5051161333
0.5884800990
0.4115768107
0.4538084766
0.3084433901
2.2600903438
0.4912552788
0.2642897943
1.4362545319
0.4864811874
0.3527999050
0.7734185092
0.3935030243
0.1665772811
2.5885510045
0.9761523679
3.5668000143
3.7214041909
2.0584489451
0.4050415600
0.7437201601
1.2525420867
2.8002468608
0.7430170304
0.7009171008
2.0454782558
0.8055206792
0.0302100925
4.4185519055
1.4703641448
4.1619453372
1.9083541308
0.9652890561
0.5225080594
4.1782359213
0.6342334708
1.0829858120
1.4996055163
0.7054641667
3.3889148141
1.4315502441
1.1007583012
2.3314708765
1.7862739218
2.2630792585
2.6298285094
4.0899422764
0.3198231310
2.4156167735
0.5033432164
0.5633266148
1.3998538040
0.6738459929
0.7136142562
0.3745932008
1.9821073333
1.7076645869
1.1073776779
0.1294480739
0.3126740969
0.7457153339
0.6188358861
1.5744622439
0.5721895891
3.8884331606
0.0747522190
0.2905355939
4.6979595013
2.4599047441
1.8526117824
0.1768612908
1.3437858584
1.4836551352
1.6648783727
0.6965311884
1.9509323985
0.5834724067
0.5098863705
0.5651723806
0.2234547338
0.3732257445
0.6468216440
1.4193612255
0.8170360168
0.2906793232
1.5279263379
0.5524142147
0.6773540891
0.3648207521
2.0734884888
3.7570342718
2.5985175866
0.9310843046
3.6399034444
0.3992130924
3.0093596964
0.4713912362
0.1365636611
1.7300080931
0.7426706445
0.3144407098
0.7432764919
2.3137858671
0.4039750817
0.5686917633
0.7128570601
1.1348380135
1.5568527344
0.8922141283
0.4005200755
0.3402011757
0.4977887203
0.4073088348
2.7522640279
0.6396104026
1.7708600994
3.3070420917
1.2695031367
0.2003665278
1.4666571514
0.1136564186
1.0584747075
0.4578718100
1.2727100020
1.0000706089
0.6639901737
0.6801652861
3.0954272262
0.4419438486
0.0751582762
0.3438066777
0.5508526367
2.7593414485
4.0341426623
1.1116736941
0.5031529140
0.1436648144
3.3932974393
0.2420765285
0.7269840673
4.4129329504
4.6017767188
1.8931242285
2.0244211133
4.0815875909
2.6275311746
2.4806363550
1.1526907160
2.3889822390
3.9620654745
0.1806226162
1.2553865003
0.1929173887
1.3397537791
0.2103553757
1.8019178329
0.8803258725
0.0937789136
0.1265954254
1.3858713058
2.3713775084
3.0136831672
1.4334705489
3.8555138544
1.4629371635
2.9141048786
2.7061172736
0.1797284555
4.1488062850
2.2532268273
3.6652701314
0.2274355129
1.7159064518
2.7820136790
0.1149760394
1.5449134015
0.5338578709
2.3347001365
0.2353808108
1.1695394198
1.4364569827
0.2993183699
3.9126262296
1.6012720112
1.2161556158
1.7222961903
2.8925723900
0.4066152566
1.5472192597
3.8137357795
4.5181913519
0.2027570690
0.9075071726
0.0613395605
0.1678448368
0.1171421064
0.2112592730
1.3621317437
0.6599042882
1.1490840510
1.2836141346
1.5211538313
0.8441664927
2.5992076419
4.4538287095
0.3008178500
0.9575876927
0.3608482401
0.9370191310
1.8890896030
1.8898603349
1.4208640612
0.9347524163
0.5630144266
0.1035889729
1.4397700783
0.1400198386
4.1342281321
2.2691858656
1.5343207113
1.4753881276
0.4696766387
1.5107797485
0.5333907571
0.9162711098
0.5069715044
0.6345440752
0.2228742102
0.7837637575
0.8415122928
0.3201372320
2.4396593697
3.4931447613
2.8017676531
0.7800136618
1.0109991666
4.3136530935
0.1153553610
0.7734871644
4.0240905452
0.3898738545
1.2544440077
0.8685660310
2.4550960429
0.4085276159
0.0285188133
3.1466660518
1.4090666199
4.9325719598
1.2141937208
1.5972957190
1.3368090478
0.4110464971
1.2340681195
0.1687742792
0.4489387812
2.7796310464
0.8496003280
0.0788404823
0.1319996143
0.5304795622
0.3649134520
0.2023083417
0.2141430445
0.3964975188
0.9689689099
1.3825928937
1.3257189712
0.0394129817
4.0124694632
1.2643099949
1.0843286179
0.5029219756
1.4897814134
0.4201431691
0.3423418464
0.6012109874
0.8108233273
3.3453942171
3.7598439034
1.8708429540
1.8208618985
1.1875844967
0.6122467697
0.5343641717
0.5739869699
0.0115843266
1.2853364852
3.4297619372
1.6761001026
0.4656419548
0.5769637889
1.1610032383
1.2398238868
1.8636806402
1.6776924607
0.1758664331
0.9215105991
2.6619054561
1.4599769586
1.2266877387
0.6983588839
2.2797659429
0.1446978184
0.1113956045
0.9018668292
2.9132484845
0.7594480776
1.6792656491
0.6812572106
0.9869555869
0.1023371203
1.7616487043
0.9887698742
2.4025260790
0.9122225055
1.0644282673
4.1781152931
0.8425432862
1.8096783546
0.4126350730
0.3991436972
0.7354401650
1.1734253002
0.5736571738
0.1350739695
0.2882745466
0.3701561199
4.3730495127
0.3297080865
0.9522840622
2.6510761049
1.1064323421
0.6798899327
2.4394029326
1.9044796030
1.5940507163
1.9049881836
1.5645816500
0.9209510323
0.4262918975
1.4175325010
0.8172774444
0.0208275532
3.8356588278
0.5081204734
4.1324277671
3.3598438591
3.0064677203
1.2850158684
1.0195830924
0.0025379461
0.1906268618
2.3333541773
3.4349577258
2.8962309553
3.0208870107
2.5429914299
2.0381560726
3.5743197764
1.5001043190
0.0673742440
1.4445447147
2.2825277556
3.1028819828
1.3276448884
0.7221153050
2.5099908448
1.7549953615
0.1375823508
3.1610262537
0.5014741528
2.3281535992
1.3684883274
0.5913794711
0.0815919214
0.0621723317
0.8979644387
3.4614553684
1.8264587982
1.4395521012
0.3412201195
1.0097389594
0.3071899475
0.3177975398
1.3538368434
1.7283277588
1.1619578702
1.5934242909
0.7474010990
0.0869050535
2.6980362227
0.7411827478
1.8576953796
4.6282301287
1.9499824504
1.8651549858
0.2622364073
3.7297560628
2.1633619091
0.6628237500
0.8589908909
2.6587803920
0.9134708245
1.9689895469
1.0804879008
1.9013386525
0.4645152356
0.6976103592
1.7163609196
1.4280679363
2.2469519088
4.2914951171
1.8684367968
3.3506799468
0.6146622953
0.4113854393
1.8397189028
0.4553347684
0.3860609813
4.8397475981
1.8347676209
1.8006998862
1.5750786891
0.9602850638
2.4999388664
1.6434925549
0.6015509541
2.7075961201
0.3153643383
1.6488770118
0.0400999756
0.4561835171
0.9597378225
0.6580455083
2.7679943717
0.2496820996
1.0602127836
2.0668270771
2.3617996187
3.2831014451
0.5600601335
1.5492313783
1.1899962532
1.0176012554
2.0050925566
0.0003457641
0.8403769974
1.1548571712
2.7554843823
0.8538272926
0.7085705753
0.0747336285
1.9431208813
0.3607952540
0.5389515287
2.6235780228
1.2255846024
1.3032877266
0.3812742410
0.9949621168
1.7569390658
1.5054281026
2.6632969110
4.3511088970
0.7091594464
2.0478847821
1.3502590689
0.1723628512
0.0418947261
1.6948998650
1.5837224362
1.7538929669
4.4935209595
1.5326126047
0.4129044195
0.5358876038
0.1963988066
4.1282027269
0.3721399718
0.5143535686
0.2246158948
1.7784382923
0.9029815283
4.4823269487
1.1265745113
0.0629742594
1.4430665291
0.9436262432
0.7040149469
1.7075242296
0.0297618161
1.0348668780
2.3692173507
2.5951399806
2.5261024075
3.6663486195
1.0729482987
1.7973033385
3.6181988753
3.1423911458
3.9332078330
0.0911793174
0.9535780617
2.1968960903
2.8732183017
3.3682741919
4.3670075790
1.3146305420
1.3888155566
2.0832094744
1.1601111231
1.0701178172
0.0253461406
0.7011492697
0.2106879986
2.6265212351
1.1397577799
3.2775106586
1.6210826150
0.8241020158
0.0032119277
1.6881973122
0.3182833318
1.2401564711
0.0320946537
1.2744028214
4.7889383775
0.1887134410
0.2670670508
0.0271153439
1.1047951880
1.9521763895
1.1081915943
2.2372137601
0.2371408449
1.7764673516
0.9426630105
1.1617130510
0.2323367883
1.0736564065
4.2379330029
0.9494722554
1.7934471472
0.9007795759
2.2980210070
2.5179852072
1.9924323928
2.1161912515
1.2363030968
1.6990723898
0.3503466290
2.6005824085
0.6857225612
1.2329370477
2.2829642858
0.0226185857
4.9842952482
0.2032159447
0.4371868551
0.1226855343
3.2555030734
1.3360912808
3.5469559910
0.9908187149
2.5652109600
2.8341478554
0.9289889117
0.3234352011
0.0097260426
2.6405970804
3.0580844207
2.5311875089
1.7324423295
1.4926840357
1.1263091741
2.6749696345
1.6174623019
1.6867076526
0.5666323207
0.6194031877
1.6098153011
0.3818078221
0.7067654543
2.9679710186
1.3616862480
2.0880631986
1.3326748847
1.8278080638
1.7968882890
0.9428749191
1.7631045866
4.0559933505
4.7946491883
1.0028747695
2.8830400458
2.3671113751
1.1281090518
0.3929744460
2.4784281224
1.1703225041
0.3255630574
0.6894663377
0.1681729955
3.0601566956
0.1635518226
3.1565073234
