sampled_theta2
0.0769934900
0.7481468851
0.3467898254
0.7942386218
2.0822914404
1.5003409187
0.1048862002
0.7177576530
1.9089350056
0.7746142436
2.8600065250
1.8573417824
3.0156820937
3.3365880687
3.7243286483
1.2482104694
0.5809737591
0.2667012542
0.7629834393
0.5811713558
0.8334637459
0.8250316932
1.8354471230
0.4101694518
0.8143775874
0.8665168313
0.1694768446
0.5789651493
0.7005354605
0.0340794545
0.8181053133
0.2945179543
0.0843992948
0.9237392097
0.2086092388
0.6195734458
1.2043718053
0.3214181664
1.0007462567
2.6271692183
1.8254829123
0.2431674543
0.1432293348
1.9836797950
0.5170448229
0.4296380491
0.8735740706
0.5676050930
2.7044366810
3.7521830482
1.0608392949
1.0822880433
1.5775915211
1.3973018897
0.4712179657
1.0235425820
1.2548210004
0.1293908421
0.7474532352
0.4631060004
0.4861576954
0.0905296063
1.0457658058
0.1216040724
0.5520848210
0.5262044329
1.8518889900
0.3046460320
0.6990568786
0.6984496477
0.3958902455
0.4863258791
0.3051371865
0.0617322870
0.3699900868
0.1104794461
0.7224497477
1.4983346168
2.9019621755
1.4001838666
1.5145435263
0.1955684764
0.3378706314
0.0521946159
0.3431202280
1.3828742020
3.6419712888
0.1953203698
0.1890107490
1.3903491615
0.0319229020
0.3667631085
1.7914061584
0.1440267507
1.3215582033
1.4541024238
0.1783179527
0.6372635795
0.8392629914
0.5200305139
0.0832224266
0.5702713235
0.0546425325
0.5228494955
0.6169599287
0.8518778281
0.0124389570
0.1051977807
1.0497341579
0.4100895170
0.0399379708
0.2798998650
0.0379449831
1.8030104891
2.2323062231
0.7118159483
0.4766145330
0.4406868174
0.1603120973
1.2236002158
0.2943943963
0.8960265644
1.3126143391
0.9571551812
0.3133589203
0.3313748129
1.4903541423
1.1034648522
1.4858466166
0.7371502719
0.2651638796
1.0548752031
1.0228162372
1.2301016024
0.4578348163
0.4907859387
1.2734581923
0.5519888862
2.8578305772
0.6939617141
0.4769849049
0.3169472236
3.5937945268
0.2039316940
2.1844700535
0.0748563233
1.6941789412
0.4525007711
2.3565898797
0.8688357050
0.0341362613
0.1364369349
2.7385949348
1.2467958472
0.1171473158
0.8498881785
0.7687021581
0.7192805186
0.5668465418
0.7619330764
1.4481238764
2.3415561548
4.9603241768
3.6850379265
3.3132742502
2.7646982927
0.5722270028
2.9965791390
0.9362960186
0.0677883903
3.6898748163
0.2263851345
0.1052466780
1.3254426584
0.9173664077
0.1152497764
0.1875061034
1.1781919804
0.2786402839
0.9341637280
1.8977146110
0.5095938535
1.8040412309
1.5768624395
0.8733225762
0.2456775995
1.0198841920
1.8881662889
0.4545658291
0.1926435407
1.9794982433
3.0878848086
1.7188529471
0.2033155901
0.3473790525
1.7226558524
4.0118558014
1.6136831591
1.6675021065
0.2080866861
1.2324098477
1.2073042412
0.3415430595
1.1756076131
0.3335787420
0.3267317246
0.1024059263
0.6107187467
0.2515554017
0.0792246588
0.6699830677
0.1890229246
2.0104032740
1.2503757255
0.8881352808
4.5646742098
0.1260982664
0.7463054885
1.4174685178
0.8718908196
0.1449370119
0.4600854679
0.8264239962
0.2971059728
1.9735629118
0.7176626964
0.0225971328
0.3578116380
0.0475942083
0.3111399029
0.2881544983
0.7607300698
1.0583283402
0.4227830309
0.3798657125
0.4287383752
0.4495676070
0.1583593907
0.2679145045
0.4852747911
0.6853620278
0.0862506276
0.6753047947
0.8250705784
0.3765631789
0.9091390101
0.3822212195
0.6987103014
0.9873454696
0.0338018223
0.3125888321
0.4848222805
0.0103148528
0.2647825856
0.0269757342
0.3591887418
0.5521112247
0.9463517409
0.7278411585
0.0278181879
0.2286032147
0.1081129339
2.0199423726
0.2714739083
1.6227329855
1.5386215507
0.1754412889
0.0259101817
0.5098531849
3.2401686974
0.1087694895
0.3732443723
1.9151761636
0.1365132962
0.7440364532
0.8852317139
0.4475856711
1.2508043799
1.8975567751
1.8169263691
0.8502242102
2.0639217734
1.9442434831
0.0024896340
1.2320530117
0.5853476236
0.2300789793
0.3613776474
0.7218930691
0.0512725240
0.1680769182
0.4301765948
0.8473655205
2.1609229385
0.5116344711
0.3472180430
0.0651058934
2.1271126840
0.4704583764
0.3133187709
1.4282877431
0.6554002949
4.1257060651
2.4057967858
2.5751276359
0.8178252640
1.8179738837
0.3396012014
0.6940572126
0.6729336747
0.2687805901
3.1077239815
1.3039720808
1.9543789783
2.0169714026
1.6176384367
1.1212570150
0.6142602242
0.7004756662
1.4934529395
0.2308708165
1.1930462251
0.0326968293
0.1058275649
0.2959780122
0.0195814776
0.3934177182
0.0706492018
1.0901982646
2.3302206079
0.2916009222
1.1797048089
0.5499269310
0.6164121467
0.9004281354
2.0815573982
0.5854797282
1.2589578146
2.1841881581
1.0451986215
2.1961727367
1.5619770675
1.9698392379
2.7831099433
0.1575935935
1.5675088109
0.7774981398
3.0241561975
1.0739233119
0.1505904648
1.7891958562
0.2336824246
3.2495683118
2.0364470998
0.6886754817
0.4504260829
0.9251515244
0.7287497446
0.5013662330
0.5181537441
0.7945603452
0.3086771051
0.1510804288
0.2996834300
1.2322786633
3.9190425878
4.0025613868
4.2684432179
0.9533989147
1.1884014320
0.8252311682
0.8020798854
1.5120230001
1.3459196084
0.6850786413
0.0156460955
1.0741388109
0.3233453053
0.5488426880
1.7247661464
2.4965347480
0.2956039225
1.3702434944
1.2845946204
0.8416302706
0.7138177647
0.0176023884
0.1342936395
0.1482782318
0.3962871709
1.9932910763
0.9546146698
3.0185030654
3.2200122489
0.9659942776
2.8512829341
4.1631297892
1.7007176928
0.1297368050
0.5017557344
1.4809507082
1.0840731138
1.9243309258
3.7459046890
0.5329674489
0.4929706947
0.1191269771
0.0056765985
0.4309215630
0.7540110387
0.8411852593
3.7527351973
1.4971992229
1.7591408844
1.2258706743
0.0663820104
0.9108622269
1.4168301903
0.0436941784
0.6669178922
0.5788717395
0.0285363952
0.5684577223
2.0692274753
0.1252989970
0.1884172524
0.0369261913
0.2967131636
0.0825179466
2.1573780995
3.2084600914
4.3523046642
2.3830505588
3.7179985525
1.0007685195
0.0576888583
0.6003571490
1.4756940968
0.3601427502
0.9382177745
0.8638296078
0.0471748202
0.3317459097
0.5940265925
2.3287258664
0.3088240187
0.2498425321
0.1223346670
1.8242687750
1.5821657639
0.2086362677
0.4017198903
1.4824803341
0.4901122392
1.4070060954
0.6097894854
0.7576804300
0.4917889875
0.4982770473
0.8955365343
0.8731070736
0.3049514786
0.6264088931
0.2673667784
2.1627569123
1.0726944960
3.9709931240
0.1591188039
3.1549341013
1.4659216712
1.3179521138
0.9068135655
0.5373401746
0.2451338182
0.2906395764
0.4633545076
0.5538659508
0.7809005056
0.3722739965
1.1361341388
0.9935491940
4.6885404775
3.0059042220
3.1323903332
3.6381037045
2.0996933707
2.0772963889
2.4544141360
0.5285553258
1.4756352387
3.3182863439
0.3212292855
0.3550081828
0.6386314925
0.4187239302
1.0592013654
0.6397806631
0.1342009046
1.1854100609
1.5175781365
0.0414286279
1.3794871040
0.0000214627
1.0070505736
0.1423397117
1.9214181108
0.2640003586
0.1872914656
0.3578022036
0.4201894404
2.0029444759
0.0564872400
0.2734294355
0.3226485249
0.5823724326
0.2453541093
0.1424885160
1.1024529092
0.1380605871
0.6412672855
0.3670370931
0.4486475465
0.8286077749
0.3332633589
0.7786866445
0.6584014476
0.1488593405
0.3286794034
0.5165069738
0.9852262651
0.0935453077
1.3946352510
1.5757089012
0.6065767321
1.5057213911
0.2622905798
0.7914511414
0.4120212669
0.3007315440
0.5635963757
0.3277761196
0.7615287298
1.2323240522
0.0276874996
0.7279881332
0.5723223926
0.4175800840
0.3678031031
0.0660389351
0.3559661378
0.1321358105
0.0501275119
0.8836567711
0.5204291770
0.0034086508
0.9171590259
0.2148149230
4.2530037782
3.5797499616
2.3189679934
1.0632068581
2.4101411229
2.8691280123
0.7473899718
1.2715213403
0.2417579492
2.9633612736
3.7759001707
1.1069539407
0.1038562153
0.4762317157
0.4704377261
0.8012813872
0.2679136962
0.7403440125
0.7524778178
0.1614649710
0.1312627573
0.0152983652
0.5957481367
1.5122266608
0.1498775639
0.4932353240
1.2818567787
0.4131315708
1.9052658037
0.2907989478
0.0091117579
0.8640912931
0.1885200395
0.2567942587
0.9149626605
0.0026997544
1.0987936638
0.4375674724
0.1738822285
0.0589500047
0.7002257263
0.5298090167
0.0520647885
0.8411635824
0.0329692695
2.1555339889
1.7743248455
1.2611028079
0.1447177645
3.1321128204
0.5591310815
0.0421864596
1.1390995743
0.1326238488
0.6320636111
1.2366013639
1.0430632945
3.8738885846
3.7061891417
0.2181172104
0.4511269160
0.3303431124
2.6303182028
1.9569375637
3.7315763665
3.6155466794
3.4502673167
1.1119082803
0.0094534655
0.1162253646
0.5096788464
0.0710027871
1.5213391683
0.5154012686
0.3958256630
1.4346161468
0.1371280453
1.2427378230
0.5556090908
1.7837809567
1.5718067155
0.3118924825
0.2248286574
0.1615179564
1.0702316731
0.9903118577
0.7141043090
0.6221628828
0.6305677667
0.0100798633
0.3506762711
0.6397811045
0.3903335166
0.3626855059
0.9756085421
0.9647167543
1.0771034602
0.2528328880
0.5638141113
0.0771919295
4.3321456066
0.7653467349
1.8383550356
0.2717061695
0.1166695782
0.3439224545
0.6357194575
0.1238283119
1.6669700293
2.5279018174
0.2441288772
0.0498200328
0.1264944461
2.1485899046
1.9057120618
0.9901425192
0.0921579897
0.6031612706
2.1695773327
0.8697685945
0.4408924364
2.4994844231
2.4472603913
4.2367910033
1.3140025613
1.4863165597
2.2526619783
1.0439571467
0.4375229841
0.2922769862
0.2688219133
1.0364671786
0.8292839478
0.1461569874
1.9144420996
1.2447938172
0.9815154116
0.1217745603
0.9885325416
0.4969241531
0.5206053673
0.3798577997
0.4886693164
0.2779858296
0.5909066647
0.1950977966
1.8677683878
2.8998383615
0.0761557636
0.2585132260
0.0476025342
0.1679489251
0.4543002376
1.0033367312
1.2259009367
0.6296840964
0.4974586558
0.6491093884
0.7882364057
0.2593265943
2.4957748084
3.2111807811
0.4266857054
2.7937709714
0.6437422102
0.6346584884
0.7726787573
0.6919005717
0.2763060162
0.0311882017
1.1236738289
0.4989785867
1.1012567727
3.1967626477
0.0910859941
0.2163825617
0.4495454380
2.0289800518
0.0253103880
0.4663966232
0.4304023436
0.8816649146
0.5493150895
0.5598708023
0.5548286240
0.6629150675
1.1476239129
1.3649298514
1.0597684059
1.3949045727
1.3492492335
1.4661240177
0.6019749133
0.0382098494
2.6565564011
1.3983636339
0.0313953427
0.2363440815
1.3231593691
1.4143519715
0.5987353859
0.0417130286
0.6154824245
0.8343682400
0.0340471833
0.1115601252
0.5387651280
0.1816397999
0.2754540217
1.3077304225
0.1761156530
0.1108112430
0.0135920978
0.9469687464
4.5596275562
0.9032728007
0.9680637040
0.1488838492
0.6446055052
0.3984939831
0.1285827478
0.2202364591
0.3078340234
0.0652639116
0.7987707608
0.3510468406
0.7535633822
0.9721503813
1.3174653185
0.1296839957
0.1474161366
0.2662349195
0.0800110815
0.4188183121
0.1734511536
0.7622941452
0.0826833879
1.4157786874
0.3836763562
0.2868133732
0.5020189983
3.0001458619
3.0859445231
0.8753777642
0.3250049324
1.2416038696
1.3388151246
0.3457037404
0.0682120611
1.0451618677
0.7287434878
0.4758093424
0.2800101174
1.1281673390
0.7704523197
0.0882510542
0.9133749304
0.1437829860
1.1242268639
0.5352491769
0.6032786677
0.5818200897
0.5171088093
0.2921218646
1.2061784152
1.2816440004
3.2349531241
2.7398085172
2.3895597310
2.1282168049
0.2694072763
0.3131183182
2.6450692025
1.8461517226
1.5588215914
1.3237876200
0.4130364513
0.6001399878
0.3061494829
1.4262036243
0.6354989968
0.0947201889
1.1114686098
4.2513780626
3.9649298400
0.1571900005
0.4738448610
0.4536316139
0.7530763977
1.5973729519
0.2845955239
0.2707825841
0.8092758559
2.5761451883
2.2702908111
1.4825097585
1.2924306576
1.1415719934
0.0609597895
0.9979539531
0.2588159607
0.8047608844
0.4139230191
0.1157612605
0.4432708489
1.0281611453
0.0263952388
0.3484741264
0.2794879149
0.6234187073
1.0149228946
0.1682491754
0.5723566057
0.3478991425
0.4571344904
1.7641839886
0.5725290607
1.4273558958
3.5355823706
1.0241730224
2.8109168605
3.3854185954
0.5867972011
0.0002517033
0.5152362602
0.4011713418
0.3430512639
0.0200988352
0.3872095909
0.5051780411
0.8063913242
0.7143879966
0.3069606743
0.3916749282
1.4258133984
0.3917958868
2.3060347078
0.9204307134
3.1562060100
4.6923220027
1.9942340284
0.0007834782
0.8877138858
1.6081306545
0.6322270694
0.0793058100
0.5658000510
0.0521925752
2.3150374899
2.7419909727
1.0006525219
0.7926717300
0.2646125250
0.1727564985
1.2250938522
0.7185295515
0.2262688319
1.4032109590
0.9461295354
0.5961850396
0.6371934362
0.3299924426
2.1412273682
3.8059345868
1.5295435809
1.2867893115
0.0146706998
0.8344993366
0.9277087597
0.0439073764
0.1283964004
0.3859101264
2.9691051026
0.8328127185
0.2461781033
1.0984312868
0.3880894068
0.7879890292
1.8511362223
2.0200023037
0.3345093262
0.1378044998
0.1606759805
0.6035967056
1.1704491444
1.5090632279
0.1998645530
1.1022316541
0.3788229229
0.0797999257
0.1936121494
4.0031924940
3.1262575408
1.3904326138
0.6551706990
0.0678098007
0.0391879931
0.3727141517
0.6174931718
1.0032359204
2.1169128171
0.0348371395
1.3641489523
0.2016867592
0.8859698573
0.0401266197
0.0170264426
1.6917848835
1.0502216185
1.1684660869
0.1583050733
3.2321205960
2.2211079097
0.2103922651
0.1154833841
0.2954323424
1.0698305279
0.6359553119
0.5939910127
1.2009829744
0.1006474092
0.6911091386
0.3824435680
1.1497054600
3.9026467817
0.8310048893
0.1331374654
0.3278972731
1.4542170855
1.0739680219
0.0509102370
0.1830892546
0.5755426436
1.0209444342
0.2785254843
0.8411150714
0.2829105198
1.6060872471
0.4527410812
0.9907187614
0.2653617220
0.1191468245
0.2894942128
0.2984306599
0.7146938464
0.4447432383
0.2519103841
0.2058413136
0.3535290506
0.9565504746
1.6750739717
0.0434499010
0.1231306923
0.7556795995
0.0347138722
0.5165442299
0.3761661704
1.6279928219
1.2358970250
0.1525381558
1.1856184270
2.6244606420
4.8393877853
4.6631548304
1.5796720932
1.0095728655
0.1862258459
0.6553407601
3.2225798645
2.8489627396
1.0908782420
1.4450542605
0.4928220623
0.5843704998
0.1127085076
0.0372380497
1.5703345178
2.3160691800
0.0332906034
0.0587948451
0.5553684987
0.7930850595
1.9847981646
0.2580892676
1.3767491291
0.1355892888
0.6513254165
0.1171974115
0.1803514573
0.2036837045
3.0942738730
1.0872646346
0.2478034202
0.1289863348
0.5611601018
4.8779935177
4.1989613730
1.6366857343
0.0821463135
1.3613654549
1.8255113080
0.1629383546
0.2359459450
0.5595361022
1.8403065448
0.6309365554
1.2520940757
2.2122368734
3.0010026122
2.7351890717
0.2997702094
3.1832548307
2.6779181547
1.1969696004
1.1817641625
0.0488759462
0.2701060313
0.7539105747
0.9157438895
0.3214609014
0.2523074874
1.2134355319
2.0854141951
1.5838514558
0.2608638710
0.6663485894
1.2219017709
0.3853626291
0.4405269583
1.1262041376
2.9534576626
1.0875783304
0.3109369300
0.1476878264
0.4844945093
1.4885459962
1.7742388598
0.6218203273
1.0077238149
0.0068733638
1.6744091655
0.1923848074
0.6286869577
0.4454504902
0.7091768220
1.2589286675
0.8129153240
0.8798706267
1.2236345462
0.5281577474
1.4740820804
0.0313124570
0.3807479456
0.1666254670
0.0553287574
0.8838944179
0.4549599175
0.2115673507
0.6251892068
1.0726692399
0.5346201027
0.3265407074
0.5121157494
0.5785946209
0.2562307040
0.9713289557
0.9936527197
1.6126303439
0.0322075483
0.8183223545
1.0174583509
2.5750475100
2.4987574231
0.5783496019
0.3968959068
1.6053185073
0.9689801146
0.0671918255
0.2997811978
1.3722744420
0.1468312782
0.0547544098
3.0367696463
1.1143395115
0.1281706073
0.7111892235
0.3987002691
0.2660131564
0.2597684315
0.3361799456
2.3960782151
0.8339364025
0.9932194716
0.1521741406
0.9700343256
0.4684646742
0.1170086197
0.4159116034
0.6784571440
0.2143444261
0.6742788612
2.9198723769
0.2886594583
1.2177347552
0.0740422805
1.0804222214
1.6666459761
0.4100007659
0.4187545296
0.1298133935
0.0190144682
0.3964199781
0.5369553234
0.2414910094
0.4280891982
0.2885439365
1.4633429594
0.9010913365
1.7513383592
0.3549307234
1.7887477339
0.4048118151
4.7793201446
0.9048374648
0.0919877106
0.0790350610
0.3175807814
1.4689930451
0.0480327399
1.2090762248
0.8479009918
0.1694870838
0.4185270841
0.2253239824
1.7220047288
0.6699438543
0.0997429858
0.6067202490
0.5221301453
0.3645347007
0.7390348933
1.0041697551
0.1285295130
0.6050765930
0.8130103622
1.0607614620
0.7389256028
0.2783792367
1.6571150608
0.0337713325
0.8169869087
0.6862665838
0.3677797467
0.1409226479
0.4840914783
0.4157098048
1.4920954786
0.6841083434
0.8664200299
0.1889035464
1.5724257198
0.6265176203
0.6963351373
0.8447306356
0.2475489836
1.2182410706
1.3815876210
0.7871352955
1.7540854553
4.1671633449
0.8542164786
0.1751925977
0.5308081337
0.0795768115
0.4784587147
0.9580573771
1.0401147907
1.8319716762
2.3080226644
3.6400798248
0.5693194786
0.3478052723
0.4689518520
0.6674794350
0.6236970651
2.1184639718
2.5989457640
4.1313894420
2.4873310444
1.5989794825
0.3759124326
0.3920968832
0.1169911029
0.3955668271
0.6380163519
0.3496486601
3.0911214070
0.3601315482
1.5489538665
0.9104624875
0.7314894474
2.6448798034
0.3405810473
1.6934293342
0.6743052847
0.2153653476
1.5285964148
0.9288927830
0.3829460343
0.6072113408
0.4392344175
1.3458032980
0.5975736900
0.7955965720
0.3225998001
0.2870950339
0.8063454837
0.8088953916
0.3337918170
0.1645856401
1.6204616446
0.1092943908
1.0003781263
0.2553184172
0.5512310473
1.0752596265
0.2868459911
0.9364384314
0.5318002517
3.3288346857
2.8283472031
1.9589441992
1.9501377423
0.2325013657
2.6937027731
2.9473319803
0.6652755483
0.4653191641
0.5724674720
0.2815729915
1.0471476639
3.6875406179
1.2014979962
0.6455528959
0.9305301956
0.7230397407
1.7663310275
0.5826175905
2.7732801184
1.1320842660
1.2016205491
0.1771049104
0.1998672120
1.6579555796
0.6637829135
0.1486553814
0.4714759966
0.4094649358
1.2195971727
0.1653678900
0.3138560296
0.2797095696
0.5996277587
0.1099182297
1.1683180214
1.0320373428
1.0007476867
0.8742783665
0.2446825509
2.0341883230
1.3083534691
0.6488343930
2.0181627010
0.6424483197
0.6214247128
0.5492344172
0.0705343971
0.1653137966
0.6933817599
1.1276825538
0.1696877951
1.6914714515
1.1034408284
0.2325222411
0.2612936510
3.9049977159
0.1050458323
2.2036721120
0.6965616244
1.0144956756
0.8616499860
0.0370502018
0.8319587499
0.5158228782
0.7022042650
0.3108945812
0.9541343990
3.4884274448
3.0093969996
4.8843978544
2.2888097904
1.4923468570
2.2048461390
0.0588426434
0.5609134493
0.2366617212
0.0801764161
0.1192415105
0.7078513252
4.1455596479
1.9257762803
0.3381356723
0.1621596366
3.5568803313
3.6958470028
0.0893481421
0.1285365203
0.6279033976
0.0584846772
0.6713831161
0.2371699542
1.6245564626
1.0348459985
0.8898170783
0.3519819963
0.7694989268
0.2760423440
1.0560344327
0.3365389975
2.1561907454
0.5471411388
0.5012486950
0.5160435631
1.1347767555
0.8362789507
0.2886822171
0.1620381428
0.5739377850
0.1018384503
1.7839139229
1.4147191634
1.5304943696
0.5899397294
2.9961276537
1.1333999202
0.2337793559
0.8707576247
1.6664791554
3.4962015477
2.7926384394
3.1774969444
0.4732252330
0.5119750088
0.0244276096
1.1107385250
0.9888276936
1.7256604036
4.1042773818
4.7118902838
2.8521178952
0.8381668629
0.4654533979
0.6174250154
0.0364438703
0.1413089534
0.2849668843
0.2748585964
1.5507271215
0.2214260081
0.2115813847
0.6819226650
0.7333572827
1.7824037733
1.6792870263
0.3587922318
0.8614110444
0.0705089491
3.9477247097
1.5965379767
0.4273826397
0.6642940828
0.5773093693
1.2436155111
0.5644167546
0.3239083767
0.9446853499
2.3601588790
1.4191752740
2.9847869796
0.9122766787
0.1039771942
0.0379405982
0.1756587458
0.2325776996
0.9727962322
0.3776099621
0.2289649666
1.0909180326
1.9507714745
1.7291843798
2.9073268596
2.0262673432
0.0076653506
0.2788655685
1.0821413659
0.4654051785
1.8573107905
0.1093820024
0.2062482508
0.7995997131
0.3010995996
0.1484995255
0.2352351387
0.8889881422
0.5763979989
1.0456306331
0.1840547723
0.5493228761
1.1406666167
0.5740266668
0.3545643432
0.4274221484
0.7787460505
0.2504102493
0.2670295450
0.4176522840
0.8131064951
0.5250795591
0.1791514304
0.2895293258
0.0988424311
0.5187012765
1.3989577106
0.4778568833
0.0508090215
1.7906427148
0.3981237680
2.2884278720
0.7439407396
0.4904461660
0.0877460827
1.3884463288
0.3784785672
0.5512714061
0.9898753499
0.2783107610
3.0254655484
0.8253764583
2.8109301899
4.7902690675
1.1290144045
0.3191645517
2.5793130769
3.7873918410
1.3992039643
3.2549061737
2.8310635877
0.7130881600
2.1315477419
1.2434908841
1.3513079329
0.5479108593
1.9397093629
0.2207428242
0.0362701221
1.7795397533
3.4436385415
3.6104381613
3.1949673100
0.3061360371
0.4988644386
0.2999070068
0.0973253821
0.7074976020
0.5842891025
0.3734362245
1.2613613173
1.6796314493
0.0506085731
0.4184575462
0.1555582425
0.2681419268
0.3859303686
3.0719788989
0.7431972752
1.3799676681
0.5101495761
0.9281896344
0.4918486401
0.5048137150
0.8620071778
0.6220060277
0.2152499438
0.0291925538
0.8527881387
0.2611463661
0.3270492183
0.4165450979
0.2930489668
0.2822571072
0.7967818811
0.0474636992
2.5785470309
0.6781893637
0.8391014178
1.1073055028
1.0449036039
1.0359356568
0.1580128971
0.2855449880
0.4993262858
0.6213806214
0.1441179041
0.4660204043
0.4686216801
0.5868598592
1.7882792193
1.0470303832
2.9507786013
0.7746227403
1.7872692197
0.3499696399
0.2740340704
0.9129569012
1.3969421009
0.9139980682
0.6719903891
0.5214940813
0.2166620726
3.3254070753
1.4955938746
3.7966592785
3.4275832951
2.1485831606
0.7848476492
2.9994953363
0.2861475412
0.2907302024
1.4468853940
0.6254510395
1.3158503514
0.3179512550
0.2552073082
2.7868070448
2.2032547189
4.6173755297
3.8124549825
4.5756852559
4.6652715833
1.8339217993
0.3039352127
0.1383191473
0.5270825418
0.0736936736
0.0827265488
2.5363881614
0.0854162855
0.8884098739
0.0016709213
0.9828616847
0.4961530768
0.1357738664
0.4605092209
0.8186486694
0.5978696062
1.2118780295
1.5307083848
2.1599928721
0.4848031803
0.8426275412
0.4244699424
0.7071345942
0.4073902028
0.3138340564
0.1315250099
1.8025675437
0.5383263800
0.5802950499
0.7103302919
1.7463901618
0.0271410352
4.1236695244
3.7957978067
0.0479417860
0.3927915479
0.0830531033
0.3974484576
0.0647304709
1.3121461688
0.2836597555
0.4058418845
0.0120133228
1.6099002409
2.1958239991
0.9542267392
0.5061916600
0.1406413780
0.0161239220
0.0048204491
1.4061142068
0.2023184920
0.3758228711
1.6887073754
1.3606189632
0.3290120599
0.5790227582
0.2139591996
0.4252993034
0.4868928889
1.1906661607
0.0935703888
0.6850561995
1.4986539054
0.4558631356
4.2276954247
4.5328898721
4.0225232758
3.5819216507
1.7697980868
0.0643635566
1.2946748079
2.4672690636
0.5085155960
1.0729525484
0.4840766717
0.2332592890
0.0316823173
0.1817751501
0.4396258409
0.3790064178
0.5853710699
0.0899530774
1.4343649687
0.4579383501
0.4495494185
0.4022773206
0.2010324668
0.2074834403
0.2786367020
0.3911052188
4.8122637769
4.8190397489
3.3360093007
4.2965553368
2.5980670524
2.4256530183
3.3483939229
0.5437453930
0.4760404822
0.0475713781
1.3762354250
0.4504242699
2.2282281380
3.3960485310
4.0548235242
0.8762128828
2.0621621958
0.2406986553
0.4520692064
1.9049315933
0.8404233586
1.0199005255
3.2491128379
3.4237418691
3.2011860331
0.2538364239
0.3077563228
0.0917045438
2.0967721914
0.2053496978
0.0366512885
0.4122873084
1.0797000631
0.2636709854
0.5285088388
0.3621795172
0.1136820344
0.4772520539
0.8923801343
0.9817722463
0.3282689427
0.9318827949
0.3035980569
1.3544412324
0.7173994157
0.5060318265
0.0463297452
0.7560241074
0.3259957689
1.2699157399
0.5292410590
4.2849192389
1.2571000131
0.7359817570
0.4746929846
0.5078245037
0.8968171831
0.2891060505
0.0787246580
1.6284318985
0.1901557029
0.6379546370
1.0511914672
0.3555240538
1.2918233191
0.7809715763
0.1923366207
0.3784678110
0.1807457051
0.5183220317
2.1876621342
0.5159401496
1.7353229915
0.5081530598
0.1982117488
0.7969750597
0.6622828530
1.1002550728
0.1256802031
0.0277537612
2.1615465609
1.3752581666
0.9055375068
1.0339279289
0.0503703416
1.0640662739
0.2500857523
0.1997156838
0.3393922413
1.7450641265
0.5935304768
0.2329807071
0.1593166765
0.2888358651
0.3189625470
0.5060776863
0.2533043749
0.4831732181
1.0655551853
0.4982096261
0.6168614920
1.7545844088
2.6989720520
4.2305943775
1.8747550251
0.0188030068
1.7329340588
0.0349642782
0.6091834768
2.7024779533
1.3079337443
0.3152847806
0.4918952607
1.1956859248
2.8211681904
3.6707073217
0.1164530363
4.5988779379
0.9115911437
0.3450570312
0.2637456731
0.0625381445
2.5518238075
0.5884727670
2.1834125238
0.5577138339
0.4343022432
0.5997835652
0.2040066579
3.0093204694
0.5548355138
0.8154989701
0.2439460966
0.4870380401
1.2772239406
0.2413628734
0.3291674383
0.1041929807
0.8873741853
1.9350129959
1.3833302033
0.5243025128
0.2917830170
0.1641228958
0.2448968639
2.2460267820
1.4865830114
1.0017477544
1.5980563824
0.3192493579
1.1788377885
0.2852062625
1.1222087515
1.0710876646
4.2154173799
0.3625333138
1.1043660832
0.7149837064
0.1323493083
0.2797117707
0.9356592626
0.2446168878
0.0888732859
0.1958502926
1.5440282819
0.6136921485
1.9761872085
0.3881338365
0.3037052414
0.4332099031
2.1355112524
0.1658535740
0.0471576790
0.5871445629
0.6265421249
1.4350060510
0.0954833805
0.4102849935
0.4378999267
0.6869426519
0.9660174430
3.1423742334
0.2046347002
0.3545005409
0.5784823300
0.0059315317
0.5664505557
0.0914384858
0.2919389848
0.5159407873
0.4720949810
0.5190750429
0.6033441996
1.1425034317
0.4185436102
0.6013689280
0.1525263054
1.6358520612
1.5802090632
3.6207977817
3.5768116464
4.8136516979
0.5560267986
0.0944396738
0.5449026950
0.3686508704
0.2812265508
1.2846237524
0.3902225425
1.1015513584
0.1412729507
0.4274650624
0.0205358700
0.8244380289
0.7361243441
0.3855731324
1.1881500534
1.1033197819
0.8125577461
0.2102253937
0.5064456528
0.0227600400
0.5602282287
1.0532295761
1.3711846061
1.9117900335
0.4282201326
1.2898316885
1.8370824676
0.1966399244
0.0924164279
2.9212003638
0.1304467377
1.0756364689
1.1705639197
0.0370728904
0.0932844069
0.8138755691
0.4633617530
0.4361215976
0.0415172378
0.9293038962
0.4215908798
0.0557108034
3.1157375237
3.3519537015
2.1772837538
0.4417192832
0.7522582750
0.0148781178
0.2544167523
0.0141519871
0.6521067773
0.2230726208
0.8957900314
0.4805831271
0.1121198971
0.2225757489
0.4180839362
3.0895659112
2.1832902978
2.0957436996
2.9662669972
0.7007820672
0.0634162659
0.2515136553
0.7941429779
1.4076474141
0.1652330454
0.3553637462
0.2786867030
0.3286065237
1.6892939550
1.0837458547
1.5545993782
2.1229626268
3.7379608846
0.2693146859
2.1624273267
1.3983682656
0.1859799429
0.5753252028
0.3455978832
0.7171602572
0.2998629107
0.3751895064
0.8482664406
2.4292111799
0.9038567781
0.7334496888
0.4794718201
0.0293337496
1.2411282826
0.0291596033
0.3168272216
3.3512115519
0.7503987417
0.9176641111
0.8621566603
2.0468797585
1.6340787008
2.6042964853
3.8716456575
0.0921028786
0.2222980089
1.3705242444
0.5785152125
0.8156533489
1.4969688047
0.5333930930
0.9191334827
0.1372561958
0.8570613904
0.1924682926
0.2363572014
2.3480905563
1.0592718765
1.9670121666
1.7481534259
0.2600098723
0.3818608054
1.0088611838
0.4073967010
0.7731553830
1.1387880760
0.6598870541
0.4174340618
1.0998641371
0.3841613354
0.0566430945
1.9957503011
1.3591736889
0.0025838754
0.3550434928
1.1777485201
0.1943132450
1.5820446960
0.9604454810
2.2696095067
3.4950631804
2.3169798582
3.2764299859
2.3712794643
2.0802468107
1.8532666881
0.8251989688
1.0323621867
0.0182946557
0.4869996389
0.3742829253
1.1215421564
0.3917890732
0.3265943353
0.9532604610
0.5267704836
