likelihood_theta1,theta1
3.4136134817e-23,1.4042640585
2.7727121566e-26,0.7682345571
4.2790971521e-26,0.8015436352
1.6176441201e-22,1.6554463641
6.6923024931e-38,3.6257674078
1.8933721439e-29,0.3319902742
9.1000115543e-31,3.2061308320
2.6633418762e-22,1.8382709345
1.3523805342e-24,2.6109480342
9.6556621370e-27,0.6888562124
8.2712397725e-27,0.6774873531
3.6754649967e-32,0.1157135767
2.3856742621e-30,0.2499929205
6.5237160081e-33,0.0707330339
7.6081621430e-31,0.2097181256
4.5177097603e-29,0.3705049214
2.3155040024e-22,1.7612341467
8.1026917193e-24,1.2447775002
1.0887248039e-28,0.4123814913
3.5415856380e-24,1.1652491319
6.2793668084e-34,0.0259427356
9.3958270000e-31,0.2169256756
2.7162421399e-30,0.2547700694
1.2054882162e-27,0.5460546755
7.1029108371e-28,0.5138405779
3.0777687407e-23,1.3914583230
8.1573873798e-23,1.5260085437
2.9922335738e-29,0.3519244493
1.0390807282e-22,1.5664975307
1.3934315007e-61,4.5015726491
1.6052522353e-29,3.1137857860
7.9033298864e-29,0.3967645604
5.7774169475e-24,1.2114869396
2.0855952084e-29,0.3361422359
1.2188465087e-22,2.1880930881
4.3111721893e-31,0.1907893722
3.5091175537e-33,0.0569237663
2.8032497111e-25,0.9490560984
1.5855809110e-22,1.6507969051
1.7911596142e-26,0.7350216682
2.8101602803e-27,0.6012216569
1.7568617972e-28,0.4365627214
1.9567223791e-23,1.3382924589
2.5897944867e-27,0.5957074591
5.6237745450e-25,1.0056232127
2.7546771616e-22,1.8883763829
2.2073675728e-22,1.7431809231
3.1957331944e-23,1.3960777399
5.8663073554e-25,1.0091039942
3.8566018344e-30,0.2678992265
1.6598249422e-27,0.5663790908
2.2149111346e-23,2.3978007334
2.8507187328e-33,3.3707161943
8.1535094496e-32,0.1388097720
8.5754697244e-27,0.6801327863
2.3087474781e-25,0.9335268315
7.7251453879e-31,0.2102359711
4.0117808538e-23,2.3373511178
1.0716919305e-27,0.5387398966
1.5106047871e-24,1.0890386878
9.7780776491e-40,3.7145656590
2.9305835700e-31,0.1782924986
5.7343785587e-23,1.4731474739
1.8097887536e-24,2.5921900961
9.1333682034e-29,0.4037628562
9.9682751106e-23,2.2207647563
1.9934767605e-30,0.2434532115
9.9364748815e-28,0.5340843082
1.6633714142e-29,3.1125873211
3.0577730168e-23,1.3906613067
6.2699430940e-25,2.6578947454
5.3962756588e-26,2.7890100848
6.5540507771e-33,3.3483774293
2.1497129504e-22,1.7340004053
6.9151549898e-23,1.5004687128
3.5662384569e-31,0.1846123399
4.1516624261e-26,0.7992138156
1.2861001807e-29,0.3156925553
1.3849026579e-30,0.2304384244
6.4312834143e-23,1.4896961803
6.7204436765e-23,2.2761341154
3.4893289951e-23,1.4070119879
2.3944602100e-26,0.7570449204
4.6720489816e-24,1.1911650544
2.8692601686e-23,1.3829336234
1.1147164123e-26,2.8625009465
5.0025535148e-27,0.6412378868
4.7136024287e-25,0.9911360157
7.5000332091e-31,0.2092328030
3.7272245749e-28,0.4768403052
2.6562230722e-22,1.8359458099
2.3688815324e-22,1.7706848418
5.3266482311e-32,0.1263180088
1.1736298889e-29,0.3119067010
9.2617535224e-23,1.5467356978
2.0949582960e-27,0.5815765191
4.0989348887e-27,2.9058604761
1.7439147384e-27,0.5695768291
1.9852993344e-22,1.7089307406
1.6009273397e-33,0.0415046313
3.4457911412e-23,2.3536795706
7.7401479315e-23,2.2573637604
1.1684844552e-41,3.8019246382
3.3972777734e-24,1.1614111752
1.2547251841e-22,1.6014114033
7.0380299827e-33,0.0725187991
1.4753360978e-40,3.7525415229
1.3030505320e-31,3.2643659285
1.0000098737e-22,2.2202747423
1.8384389678e-27,0.5730090596
2.5926800903e-25,2.7079751934
1.3097654320e-24,2.6129749389
2.0606092508e-29,0.3356229942
5.2808814411e-35,0.0011849893
6.3364359705e-23,2.2836579646
8.4092021735e-31,0.2131246532
1.3970124032e-50,4.1519153517
8.5818235129e-23,1.5341636493
1.6886214915e-28,0.4345202201
9.2730821503e-31,0.2164736984
1.9362335714e-31,3.2527497829
1.7500682932e-24,2.5943802404
2.0708986467e-26,0.7460091466
5.9837462726e-23,2.2908298114
2.3816930171e-24,1.1291646859
6.9972544580e-23,1.5022454429
2.2554699245e-23,2.3960747197
3.9254640398e-33,0.0593148464
2.7179391346e-27,0.5989637735
2.1898960534e-24,1.1216692077
1.1754750298e-24,1.0674343727
2.9988033466e-29,0.3520217327
1.8505549587e-25,2.7261721486
3.4241437020e-24,2.5489529432
4.7970066006e-26,0.8103592724
1.2770604718e-24,1.0745373270
1.3083506128e-23,1.2942191581
9.7021671337e-29,0.4067120452
1.1656397971e-27,2.9573828956
8.0316880942e-23,2.2522711794
1.7630381752e-23,1.3266240155
3.6200811016e-33,0.0575829317
7.7184396378e-27,0.6724357127
1.7125991883e-26,0.7316355075
8.4727068833e-23,2.2447641569
1.4883276487e-22,2.1511377866
5.4758437084e-27,0.6476692952
1.5811557763e-31,0.1588877411
8.2307196883e-33,0.0762654980
5.7797842212e-25,1.0078782920
7.6628649939e-23,2.2587323796
4.9959257459e-25,0.9958975501
1.0442686388e-26,0.6946455629
2.5000119735e-27,0.5933373024
1.3469797929e-30,0.2294596321
1.6031644682e-22,2.1358116302
4.0837910587e-23,1.4271059052
6.1270300091e-34,0.0255730615
3.5520879727e-27,0.6172575869
1.4522149636e-27,2.9485940541
9.1106285774e-23,1.5439896457
1.2783420281e-25,0.8867206452
4.1907920010e-33,0.0607315356
2.6135736427e-33,0.0508662604
1.0763431919e-27,0.5390076296
3.0488982247e-32,0.1104794427
1.3602242416e-22,2.1684611974
1.2575558215e-27,0.5487050023
2.5696988778e-24,1.1359880425
4.5655042750e-28,0.4882219869
3.2133267173e-26,0.7795233281
2.7355143674e-22,1.8700643710
1.9551296118e-26,0.7416481173
1.6357610902e-24,1.0959650405
1.6660628467e-32,0.0941083340
6.8390528034e-27,0.6636490330
2.0694456681e-24,1.1166441268
7.9591504018e-23,2.2535281394
1.2290570476e-76,4.8936591615
2.1521245199e-24,1.1201216269
2.5239734388e-22,1.9963231478
1.0944871938e-24,2.6242211424
1.0867995546e-25,0.8739781947
5.7882373381e-27,0.6516360992
1.6191096949e-24,1.0950727140
1.2764153457e-22,1.6047695637
7.9465594924e-23,1.5218595353
1.5338516914e-22,2.1450475922
2.2923527651e-24,2.5765313351
2.3205413148e-22,2.0340947183
1.3715382919e-29,0.3183693325
3.7466262545e-29,0.3619873650
2.0216187597e-23,1.3419848417
5.1411234977e-29,3.0737865242
4.1262613844e-36,3.5331219179
9.1428110482e-24,2.4750528220
1.0907393073e-33,0.0347710251
7.1963077927e-25,2.6497281324
2.7595536357e-25,0.9477955804
2.3375334114e-23,2.3926556971
1.0385039170e-28,0.4100511792
2.6756439889e-27,0.5979047723
1.6128728912e-24,1.0947362815
2.2790497316e-24,1.1252260231
2.0333192720e-27,0.5796083736
1.7909600258e-22,1.6804920857
3.8924775144e-27,0.6236050092
1.4109251707e-40,3.7534257168
2.4861628448e-22,2.0041503303
2.7376578646e-22,1.8715235777
2.9553072512e-24,1.1486488728
2.7363147434e-22,1.9287206656
1.8934156250e-28,0.4404425895
1.9152437797e-24,1.1097983881
2.7563131948e-22,1.9078062059
2.0562006616e-31,0.1670655885
7.8120431007e-29,3.0589978086
1.6615469367e-30,0.2369047588
2.6676670026e-22,1.9591179220
8.8537101748e-29,0.4022508652
1.1647370087e-29,3.1245309262
8.7621027047e-23,1.5375530759
2.4403600389e-24,1.1313458394
8.1632055606e-26,0.8516109230
1.6344387537e-31,0.1599127508
1.1777500984e-33,0.0360775848
2.9415350541e-31,3.2403487692
9.7701958164e-25,1.0517088402
1.3987892707e-22,1.6233360320
1.7898958571e-30,0.2395700826
8.7913930106e-24,1.2529932798
6.9915420280e-33,0.0723620422
2.6975402515e-32,0.1070920715
3.7569433865e-48,4.0640322629
5.9593643994e-24,1.2144898489
4.0596429155e-23,1.4263354356
1.0432928713e-48,4.0845801960
7.1425118280e-26,0.8412111206
1.4297655743e-27,0.5568177435
4.5116293967e-70,4.7321800486
1.1180205438e-23,2.4585399775
1.5649282619e-22,2.1409025355
8.3094700894e-23,2.2475165568
2.4038638766e-31,0.1719869851
3.1282468878e-23,1.3934520493
1.1083484520e-23,1.2767653240
8.8378809137e-23,2.2387107742
4.2193671541e-29,0.3673803918
9.0824596170e-25,1.0455454623
2.7491866588e-34,0.0145843671
8.6975320279e-25,1.0418999467
1.4296371153e-22,2.1590338355
5.8821983779e-26,2.7847835171
5.0433619260e-23,1.4552532786
3.7752006096e-79,4.9522482193
1.9229690718e-22,1.6997175602
1.6127845513e-22,2.1345318066
2.6092953596e-29,3.0972892179
1.0312565761e-22,1.5651669583
1.0724407166e-22,2.2093139505
5.5162523086e-25,2.6653942361
1.6845088071e-23,1.3215819471
2.9609657130e-26,0.7732582967
1.6822532855e-22,2.1252922467
2.0960645334e-23,2.4030060709
1.1381329539e-22,2.1996555147
4.3336384241e-25,0.9842760463
4.4668842129e-80,4.9734547535
3.7700808684e-28,0.4774756154
6.2663567665e-32,0.1310457922
7.7653244617e-41,3.7652014830
6.9395359040e-30,0.2906716672
1.7091185548e-31,3.2564225790
4.4090458470e-41,3.7762743719
2.7486504522e-22,1.8806470788
6.6736852423e-23,1.4951592647
1.0047993002e-26,0.6917962203
6.2655596828e-26,0.8310352700
2.7578414333e-22,1.9021677139
1.8516805233e-22,1.6892996406
2.1922542212e-30,0.2469038994
9.7462031648e-25,1.0515008345
1.3813136426e-30,0.2303468692
9.5336440581e-23,2.2275356147
2.8750856296e-28,0.4626067728
6.1327136287e-25,1.0127722981
4.4272014912e-26,0.8041672185
1.1271243879e-24,1.0638481015
2.5432257225e-23,1.3685389398
2.1971204271e-23,1.3514957856
9.7423623660e-23,1.5553020875
2.5142213815e-29,0.3442579070
2.3978488667e-27,2.9282062152
8.4456795403e-29,0.3999647043
2.3385229049e-24,2.5751912412
7.0102346679e-24,1.2303759741
9.1357121723e-27,0.6847796387
5.1654583242e-31,0.1967420698
1.2580757462e-26,0.7084894742
4.8204103633e-24,2.5243447684
1.8259393504e-23,1.3305272223
1.9562845043e-22,2.0883315773
7.4910877053e-29,0.3941949714
8.5874215288e-23,2.2428474600
3.3024341331e-30,0.2620479948
2.1389635670e-27,0.5829497392
2.2512239070e-22,1.7503534835
4.2828094890e-30,0.2718906723
3.8940240294e-30,0.2682656545
1.1173945948e-24,1.0631089247
8.9278773715e-23,2.2372398449
1.6405810968e-32,0.0937028486
2.2265829316e-22,1.7463013490
1.2105678155e-24,2.6179326861
1.3741257432e-25,0.8924064459
4.7552703887e-34,0.0218719407
4.3855994311e-28,0.4859480222
8.3462527983e-37,3.5698244390
7.1644449435e-29,0.3920654565
4.8642222669e-29,0.3739045955
8.6434397083e-42,3.8076856138
2.2563151556e-33,0.0479662721
6.5533924308e-26,0.8345216953
2.6365705923e-29,3.0969330722
7.8952765813e-24,1.2421818179
1.4665625590e-24,1.0864729202
4.3441864308e-24,1.1842958653
2.0831434615e-24,2.5829208683
6.0352765192e-35,3.4690391202
1.2832738384e-27,0.5499778405
3.2855733189e-23,1.3995053919
3.8808660304e-23,2.3409701527
1.3405453424e-71,4.7709117232
9.3688833138e-29,0.4050037667
1.3174106474e-22,1.6110569385
8.2544300261e-30,0.2975908372
5.8122968365e-23,1.4750658276
3.7829479954e-24,2.5418936761
4.2412833013e-37,3.5850651579
5.2886371591e-29,0.3777781168
6.4432083508e-36,3.5226984105
1.8336458449e-22,1.6866787850
2.5063795731e-32,0.1050750591
2.1294882140e-27,0.5826562325
7.2744178979e-24,1.2340328088
4.2268170098e-30,0.2713878828
9.2249208020e-28,0.5295438737
2.4849242398e-28,0.4547670263
6.6379382585e-28,0.5098412152
1.8049896771e-24,1.1045815126
1.0884826467e-26,0.6977178804
2.7579376247e-22,1.9012139492
2.3244885494e-22,2.0334395253
7.8023808188e-26,0.8480883387
1.5670111953e-30,0.2348160495
8.0042187694e-24,1.2435526114
2.3542246642e-24,1.1281263065
2.7236730512e-22,1.8630105901
2.4795417349e-22,1.7919870363
1.0366426267e-29,3.1284051963
3.6453678375e-24,1.1679217778
6.2406797537e-26,0.8307265525
8.7071291284e-29,0.4014408680
9.4836171070e-23,2.2283247586
1.3119464998e-26,0.7116205631
7.1946283573e-30,0.2921037780
5.2405518746e-27,0.6445396162
3.1973170495e-34,0.0164953249
2.0416449691e-26,0.7449299650
3.1925158556e-24,1.1557007120
2.2456858872e-22,2.0461435776
2.4906217304e-22,1.7942900103
6.6308761205e-23,1.4942044431
5.0032182876e-33,0.0646498201
1.0816211092e-23,1.2742286381
1.0762704972e-23,2.4617058055
7.3971873596e-24,1.2356920499
2.0425970852e-22,2.0762616941
6.9647094212e-24,1.2297334264
2.1689765328e-24,1.1208151794
3.6977018738e-29,0.3613940206
6.1180816317e-25,1.0125748094
2.7285106454e-23,1.3768917690
2.7133522025e-22,1.8577920325
1.1008290217e-27,0.5404001463
1.3997294531e-26,0.7164671655
1.0273460188e-25,0.8695716644
2.4637954903e-22,2.0085609632
3.8774295059e-33,0.0590499612
4.1197768302e-34,0.0198696086
1.9431738239e-25,2.7235657562
1.8432780465e-31,0.1636478171
3.7904518771e-29,0.3625128595
1.0015295655e-31,0.1449620277
5.0667145111e-27,0.6421421390
1.5949153515e-25,2.7340477546
2.9423432349e-23,2.3699767704
5.4406078959e-31,0.1984630497
3.3028776402e-61,4.4907166829
5.4843747200e-39,3.6790220315
6.4814077089e-31,0.2043087926
6.9154893150e-23,2.2724157586
2.6393540347e-22,1.8307204295
2.6116680166e-29,0.3459237456
1.2566508519e-22,1.6017104770
2.3019042194e-32,0.1027555474
5.2637180476e-25,2.6681171504
8.0964616734e-28,0.5216531780
2.0182593731e-26,2.8356387179
2.4547090346e-33,0.0496191561
2.6284051564e-28,0.4577715069
4.7128111583e-30,0.2755606849
4.3499244506e-30,0.2724853720
6.2078792859e-33,0.0695761861
1.1141713981e-22,1.5790144696
2.8737702962e-32,0.1088386626
1.1761790922e-27,0.5445171328
2.1185717303e-32,0.1005103341
2.9126161154e-30,0.2573580780
8.3484176666e-35,3.4610628550
5.5995588398e-26,0.8223237080
2.0389359284e-22,2.0767803725
7.4642948235e-24,1.2365886736
4.7099283832e-26,2.7956308785
2.9157095762e-24,1.1474212758
2.4260877702e-28,0.4534894563
7.8463734648e-23,1.5198635590
7.0526156830e-30,0.2913124152
6.3269792886e-29,3.0664787524
1.2875414653e-25,0.8872845205
2.6371034852e-22,1.8300499851
2.6828257258e-33,0.0513906907
1.3195559348e-29,0.3167597389
1.2383621439e-27,0.5477397072
1.9193891503e-22,2.0934047276
1.2632364229e-26,0.7087949451
7.3808872482e-31,0.2086903868
3.1970061080e-32,0.1118007118
1.2457201420e-23,1.2890184752
2.0078808324e-33,0.0457216623
4.8525807560e-35,0.0009713120
1.2196140862e-27,0.5467837352
2.4970320095e-25,0.9397891315
6.8863880661e-34,0.0273491554
4.4969782740e-32,0.1214448905
2.4050000812e-23,1.3619766368
9.9743605288e-29,0.4080679493
2.5436979763e-22,1.9920203609
6.6355007272e-31,0.2050983367
1.7166872803e-28,3.0305316357
2.6822969772e-24,1.1398568446
1.2224534168e-25,0.8832071751
2.1383603000e-30,0.2459980309
1.9243175123e-22,2.0927296011
2.1550004357e-22,2.0599666634
2.2190224778e-26,0.7512554934
3.6856129868e-24,1.1689395007
1.6371475606e-33,0.0419129969
1.3251000136e-24,2.6122388508
1.5853223924e-33,0.0413263950
2.3316134385e-22,1.7640420324
1.2022195541e-27,0.5458848797
2.0803917863e-28,0.4453628340
4.1130163373e-24,1.1791632723
1.0680244941e-23,2.4623431523
3.0056739116e-24,1.1501886425
6.8017894390e-26,0.8374115229
8.2404993222e-25,1.0373673973
7.7160480813e-33,0.0747099623
1.5747022108e-23,1.3141855864
3.0071140273e-25,2.6998197647
8.2840094680e-24,1.2469987536
2.6761718747e-25,0.9453356382
9.7274893989e-27,0.6894028696
8.5509517587e-23,1.5335789276
2.3806586230e-24,1.1291257843
3.6484363791e-31,3.2339066762
4.0305036517e-23,2.3368405709
1.8617281407e-24,1.1073021688
9.8118533226e-27,0.6900400545
5.5518558515e-28,0.4994183102
2.3812964102e-34,3.4349370150
3.1288379285e-34,0.0162168081
5.6654155528e-31,0.1998095642
1.3179588978e-29,0.3167093668
3.6879379047e-23,2.3464693687
1.6048956876e-23,1.3162621045
6.7653413353e-25,2.6534006719
3.0174286971e-27,0.6060589090
4.0746946076e-28,0.4818126000
3.0255309534e-31,0.1793140505
2.2663271628e-22,1.7528675658
6.2916984594e-25,1.0148895884
2.5619822125e-32,0.1056758743
5.3627093721e-31,0.1979842615
2.6504466301e-23,1.3734307955
1.8263617319e-26,0.7364925195
1.7266100014e-24,1.1006889100
1.0172833190e-33,0.0336012177
1.6181301764e-24,1.0950199560
4.7786293423e-28,0.4908138066
8.9589866389e-35,0.0034851393
7.6632202820e-43,3.8531811628
7.7681303897e-27,0.6729035590
2.6213918633e-22,1.8255199683
1.7136832488e-28,0.4352788986
1.1262475526e-22,1.5809878326
1.5563357735e-25,2.7353366177
3.6518088683e-33,0.0577683509
2.4031135210e-35,0.0000995559
1.6376773686e-27,0.5655125375
2.4496318556e-22,1.7859476310
8.0448139439e-29,0.3976182808
2.4938521580e-22,2.0025986830
1.3149051776e-23,1.2947509057
3.5194629231e-36,3.5368218946
1.5010991939e-23,1.3089773568
6.8746294046e-24,1.2284508989
3.8405390243e-26,0.7932169369
7.0575980100e-25,2.6508878435
5.5247042096e-25,2.6653050856
1.5244506762e-24,1.0898308395
6.8518666941e-29,0.3899428203
2.6654545210e-32,3.3097312014
8.5916751229e-32,0.1403684910
2.1357698713e-33,0.0469035560
2.6155905203e-22,1.9745611029
1.3547661291e-25,0.8912891905
2.2799858323e-26,0.7533163098
1.7221590459e-32,0.0949817094
9.1457411331e-25,1.0461307231
6.1768087230e-27,0.6562999328
2.5042089161e-29,0.3440833921
1.6313596030e-22,2.1320612800
2.7217726872e-22,1.9372233201
4.1557724978e-55,4.3042900499
3.6765193559e-27,0.6196403971
8.0663165688e-26,2.7690978785
1.5426780665e-28,0.4298878863
6.5866777658e-24,1.2242479092
3.2936565582e-34,0.0168796903
6.4116004381e-31,0.2039453068
1.5983961823e-26,0.7264347749
1.2063034766e-39,3.7102850550
2.7556105918e-22,1.8901087509
2.6288280416e-30,0.2535617008
1.1526678054e-32,0.0845994555
1.3760497923e-28,0.4240851296
1.9252865587e-22,1.7000581289
1.8620321822e-23,1.3327158733
3.9484233960e-25,2.6845844099
5.3161362173e-52,4.2011864669
5.9881768379e-24,1.2149577989
9.0610624390e-26,0.8597527109
1.5781410750e-22,2.1391424202
1.9045033040e-27,2.9376306734
4.7121411002e-26,2.7956081182
2.0955231425e-22,2.0686847396
1.6068868042e-31,0.1593867328
1.5139769018e-22,1.6403603736
2.1355215830e-24,2.5812694800
2.2415074839e-22,2.0467972588
1.8854092719e-22,1.6942157118
1.3350044094e-28,0.4225579275
2.6874061976e-30,0.2543754980
5.5136095254e-23,1.4676089132
1.7527444593e-41,3.7941406211
4.5894856878e-36,3.5306410796
4.5258213124e-30,0.2740045488
3.2239078871e-25,0.9603021756
3.1219947645e-23,1.3932065138
2.7280218929e-22,1.8654371357
2.7576134222e-22,1.9035767195
3.5700238684e-23,2.3499352058
4.5860759418e-26,0.8068874291
5.3713102491e-23,1.4639537741
7.3929318205e-25,1.0282907630
5.9389224093e-28,0.5033276867
1.2771689001e-22,2.1799114995
1.5188176013e-22,1.6410687859
1.6868788318e-24,1.0986522884
2.2529878792e-26,2.8305590937
6.9969243229e-47,4.0161232913
2.5045649493e-28,0.4551874207
9.1655927009e-35,0.0036293718
2.6798617750e-33,0.0513684722
4.6081432498e-23,1.4430368857
3.0118450407e-23,1.3888146894
2.4009869345e-26,0.7572522348
6.2681442010e-23,1.4859391959
1.3188345258e-25,0.8891735275
4.2884735735e-23,1.4335000719
2.1074591131e-24,1.1182587138
5.2651777438e-28,0.4963616883
2.4029760377e-22,2.0198974551
3.3473312657e-34,3.4263280754
1.3565092186e-22,1.6169873245
8.0876922529e-26,0.8508865473
2.1801315067e-33,3.3778228245
1.6200856585e-22,2.1335606633
1.7248429495e-29,0.3280169542
1.0758482898e-22,1.5726815667
8.9390589795e-33,0.0782745925
1.2231416139e-28,3.0428927013
3.8337866531e-32,0.1169048907
3.2173204256e-25,0.9601372785
2.2097339969e-22,2.0517114204
1.0407554524e-24,2.6273380063
1.7468878958e-50,4.1484928695
2.6593422522e-26,0.7650456745
9.0230117928e-23,1.5423854102
5.6290928387e-25,1.0057010671
2.7308111417e-22,1.8670851270
1.0593703824e-26,0.6957086792
3.9684268966e-28,0.4803337916
1.4717603911e-32,0.0908643945
1.1188161664e-22,1.5797746876
9.2476594111e-23,2.2320758286
2.3960585300e-25,2.7122738056
1.4937961250e-32,0.0912509265
8.4654807837e-36,3.5162716866
1.2677424893e-29,3.1217035531
3.8137347842e-28,0.4781160982
6.3624218126e-33,0.0701483287
2.3568295039e-25,0.9351719173
8.2514041753e-24,2.4832705754
6.1226587727e-58,4.3932397788
2.2183033081e-24,1.1228168797
7.8464836598e-35,0.0027251764
4.5542860210e-28,0.4880825675
2.8444180374e-26,0.7701863496
2.3208734003e-29,0.3407687626
2.6625779536e-22,1.8380176018
2.9198359350e-74,4.8366918984
1.3650285680e-25,0.8918833728
4.0573336317e-23,2.3361119324
1.8547313772e-29,0.3311089489
1.1115400069e-22,2.2035359761
2.1822714546e-22,2.0558843337
4.9504866972e-23,1.4527140116
1.6436229729e-60,4.4703604896
4.5407914719e-26,0.8061216305
3.4135029476e-24,1.1618500652
4.4319758333e-24,1.1861801443
6.7711182252e-28,0.5110118097
7.4951337927e-25,1.0294362524
2.5996087909e-29,0.3457207275
1.5643241743e-46,4.0026858602
1.5051386868e-27,0.5600942451
5.2178080982e-30,0.2794938730
1.7002767084e-34,0.0090164550
6.4679912628e-23,1.4905324458
7.6307811333e-23,2.2593029407
4.1243280606e-30,0.2704513706
2.4599776423e-40,3.7423754658
8.9182279279e-33,0.0782175069
1.2511668505e-26,0.7080786345
2.6569545930e-22,1.9625843803
7.1379341930e-27,0.6667490716
1.2779568919e-24,1.0745976057
1.2742317665e-22,2.1803204887
4.3978829625e-23,2.3271510334
2.5412457541e-22,1.8053590808
8.9315018488e-27,0.6831179784
1.1861209821e-22,2.1927446285
1.6885078261e-35,3.4998700031
2.9264079180e-30,0.2575336953
1.6442953863e-22,2.1303410253
1.8617955480e-22,1.6907718121
2.0427122178e-22,1.7175362584
1.8240165458e-23,2.4158679801
1.5745116440e-47,4.0407370080
1.6979114868e-28,0.4348026341
2.4492844671e-24,1.1316733761
2.4077676231e-22,2.0190346258
9.9432873648e-30,0.3051151510
6.1232265004e-23,1.4825444443
2.6715904597e-22,1.9577993912
3.3118818938e-30,0.2621551550
4.2443617219e-45,3.9463222213
9.0755656760e-28,0.5285510236
8.6090225789e-33,0.0773562921
2.1370684905e-25,0.9273683236
7.7154302832e-31,0.2101932461
1.6864831944e-22,2.1247293812
2.3165087837e-28,0.4510335393
2.8855699764e-32,0.1089520644
1.3577838541e-22,1.6171796567
8.8032106983e-24,1.2531292179
9.9977559635e-26,0.8674426513
2.1855091687e-24,1.1214907447
3.2501768890e-33,0.0553163214
4.8490276113e-31,0.1946531223
2.1699236512e-23,2.3997445795
1.5319221022e-22,2.1453052531
8.7718146085e-24,2.4783870714
2.3751665804e-33,0.0489699515
1.9983835173e-22,2.0824836165
5.2615234773e-23,1.4610854517
3.1805382658e-23,2.3620242634
2.9372819416e-33,0.0532276564
6.0659051145e-23,2.2891351550
3.0150513872e-26,2.8169462294
8.0542593418e-23,2.2518813852
1.2035791635e-28,0.4173629984
3.8204026334e-26,0.7928125422
6.6075745336e-26,0.8351611176
4.0059207008e-27,0.6256070845
1.0966111978e-22,1.5761262762
6.2450544055e-25,1.0142737478
4.9922253754e-29,3.0748168732
5.7186675187e-29,0.3814224845
2.6671767172e-23,1.3741794502
1.6154755718e-22,2.1341738506
2.4727005000e-22,1.7905836185
1.0276565240e-24,2.6281198196
2.5560664061e-47,4.0327828154
6.5133227831e-23,1.4915606815
4.4893464873e-34,0.0210606607
4.1379804443e-33,0.0604555885
1.2093293984e-22,2.1894410312
1.1649038149e-42,3.8454170401
4.5587308457e-26,0.8064258939
1.0714709819e-22,1.5719510824
6.6387584532e-28,0.5098484886
5.9517032876e-24,1.2143650807
1.1513526419e-22,1.5850581978
1.8695368562e-29,0.3314486177
2.5203334205e-22,1.8006678396
7.5734066841e-23,1.5143414108
1.6345642069e-41,3.7954836901
7.0571448739e-23,2.2697557270
5.1888748213e-23,1.4591633320
9.6209096892e-25,1.0504066618
2.6143136912e-22,1.9749026679
1.7961396978e-25,0.9135636250
9.2132685278e-23,1.5458575404
6.3353744219e-24,2.5038576411
9.6452284842e-26,2.7600683992
6.7588310851e-33,0.0715637231
1.7986530381e-30,0.2397453882
1.2955675585e-23,1.2931754562
4.1119071264e-30,0.2703364102
4.4253379863e-51,4.1694087677
4.2348398615e-26,2.8007658865
1.9801045571e-33,0.0454569550
2.0053589064e-23,2.4071384491
1.0147656356e-22,1.5623448880
2.3373388795e-22,1.7650487910
1.7467580924e-25,0.9113549933
4.0386289016e-23,1.4256620891
5.3075961562e-28,0.4968232512
1.8662650901e-24,1.1075163693
3.8562853002e-29,0.3632918446
1.7915452235e-22,1.6805767738
1.7318028494e-22,1.6719425461
1.7532055614e-30,3.1857462254
9.5398006114e-29,0.4058866210
4.9051370800e-23,2.3146741474
5.8732652645e-34,0.0249409202
8.9689080990e-30,0.3009332656
8.5870185662e-53,4.2280543110
4.6237208615e-32,0.1222409869
4.2281963761e-27,0.6293825849
3.9826817200e-39,3.6856861510
2.7308085170e-22,1.9321999687
1.1020812849e-23,2.4597368149
2.8967415264e-30,0.2571549814
1.0664457641e-30,0.2212988380
1.2451044499e-28,3.0422477396
3.5319284602e-27,0.6168643340
2.6651512190e-31,0.1752619021
2.0278109196e-22,1.7152899000
2.0461996314e-31,0.1669126928
8.7456669898e-30,3.1340321204
1.6543492955e-33,0.0421043926
2.7484040813e-22,1.9190086016
1.1227399174e-22,2.2018970161
7.7346494722e-48,4.0523351228
3.3976698306e-25,0.9645382034
2.2700343282e-24,2.5771877273
3.6923134943e-31,0.1857384091
4.3843746222e-29,0.3691326608
6.7096800841e-26,0.8363522178
1.3602157518e-22,1.6175464425
1.4728726735e-28,0.4275298091
1.3510778134e-31,0.1540507396
6.3458585428e-23,1.4877372375
2.6837864330e-22,1.9535048932
9.8305835433e-72,4.7742924917
2.7226277057e-25,0.9467151971
2.5896145430e-28,0.4569741391
1.8577610955e-34,3.4411757572
3.9114713458e-26,0.7946250659
2.5198415249e-27,0.5938673745
4.3294893132e-24,1.1839770351
1.4232474919e-33,0.0393862915
7.0156883656e-23,1.5026424545
3.8813871449e-32,0.1172541578
1.0606026406e-30,0.2211083718
8.0878063434e-25,1.0357997788
2.6895485521e-22,1.8476386586
2.3325049770e-27,2.9293420708
2.8748093716e-31,0.1776777842
2.8001010002e-29,0.3489887852
6.3661848821e-38,3.6268515989
8.9975572626e-29,0.4030339421
9.3601314691e-24,1.2593597005
1.9202634405e-34,0.0103458801
1.1714001694e-22,2.1948527416
4.4221020029e-31,0.1916219653
1.1905634094e-34,0.0055760580
1.8835963461e-23,1.3340064958
2.4032693507e-22,1.7770221037
7.9334942664e-26,0.8493865111
1.7217621372e-28,0.4355213214
7.5619389297e-30,0.2940854852
2.4197458794e-24,1.1305850196
2.1581818289e-22,1.7353332753
3.9878561796e-30,0.2691702737
4.2109081204e-23,1.4311050184
1.3052446341e-33,0.0378585457
2.4859075953e-26,0.7599006530
4.2303917690e-26,0.8006613277
9.4285185366e-31,0.2170451232
1.4064305078e-24,1.0828506352
5.2619123306e-31,0.1973549507
3.2001291167e-45,3.9512251788
5.2098606845e-24,1.2015394627
4.9265719782e-28,2.9910018671
2.4419812165e-23,1.3637620977
1.8311217817e-22,2.1053868912
1.0455025984e-30,0.2206115851
3.3466155747e-26,0.7826404053
3.2061916495e-27,0.6102066931
3.1673363714e-24,1.1549754405
6.5456939940e-31,0.2046402998
2.2157084860e-23,1.3524656527
1.6461705586e-29,0.3260380070
1.6790772373e-24,1.0982471222
3.4551885807e-34,0.0175056313
1.0009147317e-27,0.5345314423
1.0795131649e-36,3.5639852550
7.0403271606e-23,2.2700698061
2.3024774574e-22,2.0370657983
2.9569292383e-30,0.2579196222
1.9538261572e-32,0.0983368321
1.5764762877e-25,0.9032419744
2.2366098617e-32,0.1019751916
1.5851953114e-22,1.6507409150
2.3733450099e-25,0.9357294688
1.9563097094e-23,2.4094352889
1.7106859581e-23,2.4216834652
4.8330557182e-24,1.1943796468
1.0601678568e-22,1.5700577566
1.0744597088e-25,0.8730833705
6.7157320810e-23,1.4960930367
2.3063071541e-24,1.1262877329
3.4615388556e-27,2.9129681212
2.6776470418e-22,1.9557060795
1.7823987734e-22,2.1119313420
1.7565272080e-30,0.2388946940
5.3558595982e-38,3.6305952273
1.0110137924e-36,3.5654755783
4.9231245444e-24,2.5227914050
8.3421882922e-63,4.5365567684
2.7485617148e-26,2.8212955915
1.7621925791e-27,0.5702534146
1.9125882789e-28,0.4409668906
2.4501374932e-22,1.7860477398
4.2609248067e-27,0.6299229380
5.8409091764e-23,1.4757656731
5.6801804780e-30,0.2827972946
6.4389530694e-25,1.0168055866
2.7384065294e-22,1.8720509328
2.3229244571e-28,0.4511801948
4.6076780073e-27,0.6354233258
1.1414113279e-30,0.2236596660
9.0621731400e-30,0.3013512636
1.7249314234e-25,0.9103593073
2.5985072642e-28,3.0151895082
3.6955901994e-23,2.3462472810
3.6604462506e-24,2.5442353559
7.0463042331e-61,4.4811327744
1.1449121600e-29,3.1251027362
2.0831530493e-22,1.7236847662
5.0857274882e-42,3.8177651032
9.8363877210e-23,1.5569500537
2.7310162699e-22,1.9320754216
1.6517964817e-24,2.5981337707
2.1044430124e-25,0.9261437653
8.8371948182e-28,0.5269356072
3.9362486665e-23,1.4223423646
8.2260668931e-32,0.1390732443
1.6245193669e-22,2.1329709769
9.2378882796e-28,0.5296293933
7.9800358540e-31,0.2113393283
2.6188397973e-22,1.9736853952
1.5991923658e-25,2.7339066513
1.1226363931e-23,1.2780995574
2.1458360534e-29,0.3373709281
3.5237682712e-27,0.6167045658
1.7558405536e-25,0.9117657454
3.3029050093e-27,0.6122458522
3.7457285736e-32,3.3001578925
4.1167413098e-27,0.6275129828
2.7671495618e-26,0.7680810900
5.3816864132e-30,0.2806946401
4.7453704084e-26,0.8095234301
2.6924937323e-22,1.9502256588
1.2792690122e-26,2.8563500581
9.9665672365e-23,1.5592174359
7.6029647220e-26,0.8460722207
7.6028892760e-26,0.8460714482
6.7907702852e-33,0.0716746644
2.2596922844e-22,1.7517601543
3.7832455921e-25,0.9732363259
4.7607230006e-29,0.3729130581
1.2604215716e-24,1.0734111784
3.3848570323e-25,0.9642330759
1.0608023635e-33,0.0343021325
1.3878387565e-39,3.7074202456
2.6887926409e-22,1.8473467420
3.7399871021e-32,0.1162047149
5.5771231580e-31,0.1992868079
3.5690957332e-30,0.2649687287
8.3897239786e-23,2.2461596346
4.8584546427e-24,1.1948778666
5.2059994219e-26,0.8166833750
9.7371305800e-31,0.2181540305
1.1137198377e-28,0.4135050126
2.2335299215e-23,2.3970053343
1.6416319365e-30,0.2364741186
2.9029120083e-28,3.0110463236
4.7572725970e-28,0.4905588257
1.4821709930e-22,2.1519634767
1.1654087718e-27,2.9573907812
3.8107724710e-25,2.6865889927
8.0894927650e-25,1.0358172453
7.3769697245e-51,4.1616551007
1.6284248951e-30,0.2361858399
3.4207222740e-27,0.6146572330
2.8059737791e-28,0.4612910769
3.1748516703e-25,2.6968101907
1.7550314997e-22,1.6752974555
2.8980079590e-23,2.3715105125
2.7406305747e-71,4.7630952178
1.2840932089e-26,2.8561812535
3.2301668171e-30,0.2612187733
2.0335919819e-25,0.9234195836
7.1086787917e-26,0.8408418850
2.5539863572e-24,1.1354357696
1.4254158630e-23,2.4378389839
6.8227873014e-24,1.2277059674
2.3826559141e-24,1.1292008845
1.8545671138e-33,0.0442217877
1.9373691194e-22,2.0909380243
1.9407629719e-32,0.0981574615
1.5540558995e-22,1.6462124620
1.2140981970e-22,1.5950568205
3.0461866966e-33,0.0539744001
3.5956176854e-32,0.1150946118
5.6582598322e-73,4.8051473572
3.6556885855e-56,4.3379749691
1.7787522606e-29,0.3293254887
1.6998560016e-29,3.1118554813
6.4921547986e-23,1.4910811509
4.4780791481e-27,0.6334138872
6.2269701395e-28,0.5060910686
1.0334805235e-23,1.2695180408
6.4879609754e-33,0.0706044861
1.7292367303e-27,0.5690288412
7.2199107189e-25,2.6495328191
1.7521041536e-52,4.2175946580
8.1270080729e-26,0.8512645167
1.5159785455e-26,0.7224533476
1.1178562301e-23,1.2776548350
1.0394087293e-23,1.2701083669
1.0368584428e-25,0.8702932400
2.3381677779e-28,0.4515271773
1.5665922410e-33,0.0411105869
5.4262395976e-26,0.8198893972
3.3846226507e-25,0.9642274839
7.9591553664e-23,1.5221093491
6.1297739607e-32,0.1304016276
9.7183822514e-24,1.2631970799
1.5848720822e-22,2.1382461728
1.0878548784e-26,0.6976750988
5.4040615536e-24,1.2050486130
9.1202681531e-24,1.2567174715
5.1894755580e-30,0.2792827420
2.6059897046e-22,1.8213037220
9.2651587662e-24,2.4739782194
3.0018712830e-26,0.7743084952
2.2925687006e-34,0.0123841860
2.4774119577e-24,2.5712966585
2.0029112769e-23,1.3409307677
2.6322909052e-22,1.9699540356
1.7239695677e-26,0.7321348009
2.7456797128e-28,0.4601191320
1.0761531592e-22,1.5727323870
1.4812421643e-22,1.6355567089
9.1598090267e-25,1.0462603091
1.3024531976e-25,0.8881902062
8.5626352277e-32,0.1402675240
4.1642142889e-24,1.1803222352
1.1892166595e-27,0.5452052849
2.1747597809e-24,1.1210520393
1.9417990128e-60,4.4682327481
3.1354699321e-30,0.2601057376
7.0547728530e-45,3.9374610899
1.8928840174e-28,0.4404279835
2.0496736942e-22,2.0752572566
2.9313974091e-25,0.9526460046
6.8259395548e-27,0.6635101210
7.5936813571e-33,0.0743270390
3.0705867663e-27,0.6072504834
1.4675481450e-30,0.2324877469
1.2486853010e-31,0.1516428640
1.1169080129e-32,0.0838044501
8.6464566183e-26,2.7656029600
6.4381459182e-26,0.8331441711
2.0911864670e-28,0.4456344992
1.6979551160e-25,2.7307419108
2.6754393253e-24,1.1396255472
2.2275509840e-27,0.5856381366
1.6579616550e-23,2.4244954347
1.7937651310e-25,0.9134587832
3.5351566104e-32,0.1146174062
4.1689326271e-29,0.3668322506
1.2101714708e-22,1.5944379046
1.0365514537e-22,2.2147005446
2.7390324193e-31,0.1761330373
1.1346670103e-29,0.3105166578
1.2204521278e-25,0.8830784654
4.5776806655e-50,4.1336595879
1.6221867321e-64,4.5844455057
1.1575590845e-30,0.2241491920
1.3576173685e-23,1.2981609750
1.0921621775e-22,1.5753909154
8.0470728639e-29,0.3976317997
3.6182873942e-28,0.4751952849
7.8493964655e-23,2.2554426122
9.4175685214e-23,1.5495400280
3.3765429536e-26,0.7833235433
4.0179698319e-23,1.4249974809
1.9503064363e-68,4.6898338287
1.8247845658e-26,0.7364272112
5.6699285562e-32,0.1281294700
2.0398418687e-23,2.4055503199
8.5049138299e-30,0.2987920618
8.0866723048e-23,1.5246244797
1.2634409431e-33,0.0372906275
3.2376254795e-26,0.7801009061
4.1621432223e-29,0.3667579965
1.2303325547e-67,4.6687886134
3.2224156744e-24,1.1565551590
5.6706405920e-33,0.0674886969
3.1652326391e-27,0.6093260468
7.3078710719e-26,0.8429913877
4.5940166971e-26,0.8070209480
1.4025463443e-22,1.6238972415
1.1991151065e-23,1.2849993139
5.1212321191e-46,3.9826677440
1.5768072956e-22,1.6495224603
8.5266261390e-23,1.5331172879
3.4151723352e-27,0.6145453653
1.1656351759e-24,1.0667159425
1.1865558704e-24,1.0682366589
5.3805762229e-24,1.2046303465
1.4985666924e-30,3.1906607035
1.7421986965e-22,2.1173055768
2.6180789160e-24,1.1376691558
4.5777460399e-23,1.4421519372
1.5897967398e-22,1.6514089307
9.6946567551e-27,0.6891534679
6.8869313859e-69,4.7016283508
1.9927619953e-23,1.3403554493
1.3298444290e-26,2.8546094820
1.2781213698e-27,0.5497246850
4.5151159583e-27,2.9017666675
1.0770895366e-28,3.0474882825
4.4888030486e-28,0.4872625338
2.1970582885e-23,1.3514925319
3.4088594891e-69,4.7095566954
6.2063747447e-30,0.2862665100
4.2961468756e-24,1.1832500607
1.5123850884e-33,0.0404740804
9.5693514637e-30,0.3035570275
5.0388027358e-27,0.6417500809
1.6917388871e-63,4.5560958513
2.7657987574e-23,1.3785165812
2.1286635101e-33,0.0468394053
5.0498437091e-31,0.1959931228
3.1256464628e-28,3.0082709936
3.8872508358e-29,3.0835436564
1.1749461343e-31,0.1497906199
2.3361317614e-22,1.7648361361
5.3222900962e-31,3.2225182307
3.1339188308e-35,3.4849957551
3.4511595434e-30,0.2637028414
2.2551596677e-22,2.0446546934
1.4405238268e-33,0.0396013255
1.2709859059e-23,1.2911431396
3.7027534461e-23,1.4145131088
4.6475670711e-27,0.6360312701
5.3160036748e-36,3.5272066591
2.5412559537e-25,0.9411934311
5.6706440939e-42,3.8157017937
1.5426639029e-32,0.0920902747
4.2956994506e-23,1.4337215045
2.0383650871e-27,0.5797715058
6.2434138521e-24,1.2190171171
2.4282165141e-22,1.7817648578
2.7935412320e-25,0.9487776868
3.4220091086e-27,0.6146831474
1.6388735624e-27,0.5655596098
8.0984657681e-26,0.8509902995
7.3128389648e-73,4.8023943170
3.7694596897e-31,0.1864097500
2.2377967881e-23,2.3968237880
1.5085499482e-79,4.9613886062
4.1228007338e-26,0.7986764057
3.0766003593e-27,0.6073840913
2.1506890866e-26,0.7488789576
4.9117442496e-37,3.5817758970
7.5077106087e-33,0.0740548327
1.8304766990e-29,0.3305470555
2.5460774113e-22,1.8064699312
2.6141478761e-25,0.9434571319
1.1152891023e-29,0.3098088337
4.4850037222e-29,0.3701717917
1.2321970957e-25,0.8838308909
1.3132712048e-28,0.4217319159
8.4974682223e-25,2.6397394021
1.0954825126e-25,0.8746018898
1.9663530101e-22,2.0869390887
4.8216075735e-32,0.1234442119
4.2586112079e-41,3.7769507422
2.7961938106e-33,0.0522259044
2.4335858129e-25,2.7114288668
4.9534618223e-58,4.3960575501
6.9469686455e-32,0.1340717086
3.7571130527e-23,1.4163694044
1.5336732760e-22,1.6432399878
8.6335128047e-25,1.0412788499
7.3892554781e-50,4.1262369855
2.0974608460e-29,0.3363868151
2.5729813890e-22,1.9852915151
1.4045600318e-26,0.7167253012
2.6875250906e-48,4.0694298988
2.2345686160e-43,3.8757970340
1.8272023604e-26,2.8402023082
7.4036798743e-24,1.2357791122
5.5962487850e-29,0.3804113146
1.0213919257e-23,1.2683050147
1.5489010111e-23,2.4305498380
2.6540422234e-22,1.9634960305
4.9405275016e-32,0.1241453361
1.7308147266e-36,3.5532026454
2.1845339800e-22,1.7395141489
2.8829227949e-29,0.3502762906
2.4219434536e-22,2.0164537404
7.5858472124e-31,0.2096184991
1.8895059132e-47,4.0377477728
1.0458536035e-65,4.6170685912
1.1263886950e-22,2.2013645453
1.2496453738e-41,3.8006383725
1.5622519499e-22,2.1412591985
4.2421535959e-27,0.6296134927
4.3034597778e-29,0.3682811065
7.1373587080e-55,4.2967065402
1.6415334995e-45,3.9627538311
5.7676904610e-24,1.2113240274
3.1012241520e-26,0.7768020370
1.5138692990e-24,1.0892260680
1.2806888002e-22,2.1794217595
2.1672666733e-24,1.1207450377
1.0477019042e-27,0.5373421844
3.0002525227e-33,0.0536621371
7.3858282649e-31,0.2087130433
3.7098530922e-69,4.7086044475
2.7212312831e-22,1.8617137559
2.7708962246e-23,2.3760095055
4.0229485043e-25,2.6835256841
4.8092436027e-23,1.4487838469
5.7555583014e-29,0.3817233125
1.4169447394e-23,1.3027472323
5.6532903208e-23,2.2978046684
6.8233049701e-30,0.2900029176
2.7556198574e-22,1.9093268006
8.4012008163e-26,0.8538516284
5.3092361483e-27,0.6454665187
5.8238850910e-25,2.6622267789
2.7378106207e-22,1.9277014769
2.7386447134e-22,1.8722207808
1.7575975673e-27,0.5700839214
1.2299318770e-34,0.0058553582
2.3455670040e-22,2.0299023037
4.8892478674e-24,1.1954787466
4.9752463243e-28,0.4931142842
1.6407076038e-30,3.1878257896
1.0241527091e-22,1.5639542508
2.2120630863e-23,1.3522759814
1.6829149003e-29,3.1121933939
3.4541561055e-33,0.0565909131
5.7198926440e-28,0.5011446364
5.7484917720e-23,1.4734963134
3.0863444622e-23,2.3651133471
1.4022350427e-31,0.1551899867
5.5927062338e-32,0.1277310889
1.2570254949e-28,0.4195350302
1.4424758071e-22,1.6298347324
2.6400415214e-22,1.9677184579
1.9916025633e-22,1.7098693349
2.7577906361e-22,1.9025435463
4.3852649677e-27,0.6319414202
9.3272117909e-24,2.4734377505
6.5573043425e-25,1.0183154431
1.9211968840e-24,1.1100720416
2.9958642412e-30,0.2584066045
4.5922081479e-28,0.4885526244
1.7046965510e-48,4.0767363516
2.1550279243e-22,2.0599625774
4.2364802205e-32,3.2966737069
4.7414889270e-23,1.4468679991
4.2435713177e-29,0.3676413189
3.3490911279e-26,0.7826971403
2.4879188440e-54,4.2790709537
1.7143669561e-32,3.3220298543
6.0686568148e-27,0.6550300491
1.3908283627e-23,1.3007491065
2.2223728434e-32,0.1018022895
1.5086777074e-23,1.3095235896
7.0260175432e-25,2.6511547692
3.3780660454e-25,0.9640709010
1.6107580557e-22,1.6544487817
5.2910627301e-25,1.0006069358
3.1024362642e-34,0.0161082101
1.6018372200e-65,4.6120319313
3.9794006923e-23,1.4237496182
4.3641574852e-29,0.3689212543
1.3817438679e-24,1.0813213119
1.0159279045e-23,1.2677525944
9.5054839615e-33,0.0797842560
2.7369342118e-22,1.9283029790
1.7711141041e-22,1.6776216609
1.3272725052e-31,0.1535066732
2.7520678323e-23,1.3779203444
6.5103589426e-30,0.2881485236
1.0955640653e-27,0.5401030937
9.8110442281e-24,1.2641693508
1.6314515583e-23,1.3180610932
1.2239380028e-22,2.1873735204
5.9133611607e-23,1.4775270085
7.1974053481e-29,0.3922843209
9.2143537379e-28,0.5294741048
2.7503893092e-26,0.7676168593
1.0389238911e-25,0.8704490589
1.0268755959e-25,2.7568778857
3.1529891729e-34,0.0163155513
4.2392462753e-24,1.1819975075
8.7754289809e-31,0.2145819839
2.6469021816e-22,1.9656809528
5.8938883723e-30,0.2842407569
2.7498466224e-22,1.9175000124
8.1136772145e-27,0.6760808398
1.7608612941e-25,0.9119919189
5.4319210401e-27,2.8938848269
2.2175771686e-29,0.3387933828
1.5916507084e-22,1.6516780061
1.3835155174e-30,0.2304030649
8.8538367167e-23,1.5392617138
2.1187279288e-29,0.3368220076
1.0500454596e-26,0.6950539556
1.3972478215e-23,1.3012432241
3.3986812876e-59,4.4313102739
2.1314134608e-28,0.4466358207
6.6115298148e-27,0.6612025276
1.2947641900e-25,2.7449483998
1.6173715754e-22,2.1339216575
1.0286999975e-22,1.5647310339
2.7551080524e-22,1.9103098072
1.9305586345e-22,1.7008334096
1.6236242141e-22,2.1330900300
1.0029074780e-25,0.8676873779
3.1046782872e-30,0.2597370966
1.8583369365e-22,2.1017122813
2.0386565954e-28,0.4443003536
1.2398011523e-25,0.8843142987
7.3180114265e-34,3.4063186572
1.5975561981e-24,1.0939048609
1.1948439638e-31,0.1503009922
2.1466930355e-22,2.0611989643
8.3928561102e-28,0.5238169781
1.6952601447e-23,1.3222838861
3.7114118301e-23,1.4148101967
3.1293607423e-24,1.1538715107
2.3188714195e-59,4.4362851291
1.1946768767e-26,0.7046353903
2.4639895281e-22,1.7888160720
5.3027482530e-30,0.2801205357
1.0771032944e-23,1.2737944526
1.1533419063e-28,3.0450190272
1.2858939807e-25,0.8871838291
1.1110983280e-25,0.8757114750
8.0828020412e-34,3.4037518796
2.4830706056e-31,0.1730138158
8.8328758733e-40,3.7166332110
5.5797162818e-31,0.1993022715
5.4628339641e-23,2.3019483001
3.7928500303e-30,0.2672673272
5.9604651316e-27,0.6537383231
2.1791711499e-22,2.0563514055
2.5873582893e-22,1.8164519551
1.7308974709e-24,1.1009060635
3.9558963854e-25,0.9768572113
2.6242499521e-45,3.9546604073
5.2062685860e-24,1.2014734492
6.3661701147e-26,0.8322715060
3.0833988417e-71,4.7618041860
4.0225264650e-26,2.8032375872
1.3608457865e-28,0.4235243140
1.4249436554e-23,1.3033528792
1.2110959910e-36,3.5613664452
1.7524167417e-23,1.3259533302
2.3987535278e-29,0.3422052536
1.0738839248e-23,1.2734840818
4.1736630420e-26,2.8014659593
2.6249447008e-26,0.7640518327
7.1006874282e-32,0.1347165003
9.9437642187e-30,3.1297858117
1.4615092131e-24,2.6060075844
7.9569074914e-69,4.6999962721
1.0152413253e-22,1.5624266335
2.2240282511e-30,3.1782529638
3.0618990008e-23,2.3659266551
2.6172075243e-26,2.8235874037
4.9582012479e-25,0.9952764717
2.8059523872e-23,1.3802464909
1.3321678841e-22,1.6133024584
2.7119312224e-22,1.9420308767
6.3985684371e-30,0.2874660522
2.6951552373e-22,1.8498537044
2.6937160137e-22,1.8492764018
4.6726629071e-25,0.9904229316
4.9225619903e-27,0.6400953046
7.4905860344e-24,2.4909017487
5.0073879892e-27,0.6413063960
2.9851483432e-29,0.3518193127
4.1416632966e-25,0.9805870241
1.2571443884e-26,0.7084342172
6.7069552931e-23,1.4958984514
2.1495574935e-22,1.7339759855
3.1884244994e-23,2.3617687782
1.4298250968e-33,0.0394684076
1.0156917780e-32,0.0814266452
6.5469357522e-31,3.2162207823
1.8330977725e-26,0.7367708357
3.1357078083e-34,0.0162449536
1.4796648689e-29,0.3215444762
4.2576252111e-27,0.6298686353
2.9129257486e-25,0.9521380254
2.4904586871e-24,1.1331703652
2.6330941604e-22,1.8288696293
9.2128849443e-36,3.5142731550
1.5147892138e-27,0.5605030165
3.5561858291e-25,0.9682239390
5.7646226667e-24,2.5110232296
2.4649971165e-22,2.0083276945
2.3687860780e-28,0.4522180024
1.5678604038e-29,0.3239795598
9.6188512405e-27,0.6885745534
1.5938068507e-29,0.3246718895
2.8933216191e-60,4.4631329918
8.2639402785e-28,0.5228844126
8.1714148942e-29,0.3983706477
4.4484090970e-24,1.1865290889
1.2992416571e-25,2.7447692487
1.6513510062e-22,1.6603234257
1.7084327389e-26,0.7314517475
8.2790155327e-26,2.7677901069
2.2943189587e-23,1.3564940971
1.1074288462e-24,1.0623455023
1.7688633657e-22,2.1137430210
6.1580887516e-26,0.8296929951
1.2319352545e-22,2.1862454369
1.6528197332e-30,0.2367166374
1.3902261418e-28,0.4246029880
2.1958008685e-24,1.1219088987
4.6673703022e-30,0.2751878566
6.2022731979e-23,2.2863549626
2.7133010055e-22,1.9413943288
2.3115468506e-31,0.1707491563
2.5090395086e-26,0.7606067720
3.2408080168e-32,3.3042418173
1.4972532862e-22,2.1499416836
1.5077865897e-22,2.1485314990
4.1709211428e-30,0.2708797666
1.5595256239e-26,0.7245823532
2.5307659435e-31,0.1736173426
2.5101340407e-25,0.9402076762
5.2553724805e-28,0.4962545199
2.5025589722e-22,1.7968152863
4.9143254015e-28,0.4924103643
3.5572576086e-27,0.6173581008
2.2121093530e-30,0.2472324207
2.8611800848e-23,2.3727982087
2.2206763958e-24,2.5786599234
3.3572805260e-23,1.4021881567
2.4155959258e-26,0.7577142886
9.9037367264e-26,0.8667034381
5.6638423842e-23,2.2975778374
3.7879128468e-24,1.1714814594
2.3931653188e-22,1.7751373245
1.0953350804e-27,0.5400901451
3.1001574158e-28,0.4667021700
7.0042634345e-29,0.3909885271
1.7823760090e-22,1.6792501631
1.7412693355e-25,0.9111057548
7.0012644045e-32,3.2823440164
2.2780920412e-27,2.9303112823
6.2246893785e-31,0.2029534842
2.8187595923e-30,0.2561420422
1.8091540604e-28,0.4380797570
2.6911818617e-27,2.9234454063
3.1624886878e-26,2.8146927691
2.1692545591e-26,2.8323113884
8.4832854334e-30,0.2986896395
1.4542111776e-31,0.1563080201
2.8830463395e-26,0.7712179382
6.1166461088e-25,1.0125554098
2.1780517958e-22,2.0565198475
2.9282545865e-24,1.1478118450
2.0547635801e-33,0.0461618155
2.3180475027e-31,0.1708378320
3.1167476834e-25,2.6978357966
3.3548517506e-24,1.1602544106
9.1483171004e-25,1.0461544656
4.7287081989e-30,0.2756903293
6.7299628355e-28,0.5106522958
6.4046130989e-32,0.1316845945
4.8596488972e-24,1.1949012347
1.0377357974e-27,0.5367530630
2.1193215095e-22,1.7292568345
6.2317628499e-24,2.5051161333
2.3248098378e-27,0.5884800990
1.0711382731e-28,0.4115768107
2.4406605727e-28,0.4538084766
1.0787685870e-29,0.3084433901
7.5866340606e-23,2.2600903438
4.8158101957e-28,0.4912552788
3.5053861123e-30,0.2642897943
4.3790189480e-23,1.4362545319
4.4271986148e-28,0.4864811874
3.0518346362e-29,0.3527999050
2.9671705925e-26,0.7734185092
7.3834878940e-29,0.3935030243
2.0244205340e-31,0.1665772811
1.9130441527e-24,2.5885510045
3.9217039820e-25,0.9761523679
9.5373570919e-37,3.5668000143
6.9818782894e-40,3.7214041909
2.1651845204e-22,2.0584489451
9.3761423316e-29,0.4050415600
2.0093279914e-26,0.7437201601
8.7522692405e-24,1.2525420867
4.2807369412e-26,2.8002468608
1.9907746230e-26,0.7430170304
1.1364212649e-26,0.7009171008
2.2499268153e-22,2.0454782558
4.5055628938e-26,0.8055206792
8.2642779453e-34,0.0302100925
9.0166748984e-59,4.4185519055
5.6226570286e-23,1.4703641448
7.2375096601e-51,4.1619453372
2.7560771307e-22,1.9083541308
3.4293990482e-25,0.9652890561
8.2124197276e-28,0.5225080594
2.4662365217e-51,4.1782359213
4.5305248433e-27,0.6342334708
1.4086323510e-24,1.0829858120
6.8755025906e-23,1.4996055163
1.2080459756e-26,0.7054641667
1.4298498361e-33,3.3889148141
4.2252453625e-23,1.4315502441
1.7279789780e-24,1.1007583012
4.2312574028e-23,2.3314708765
2.4512787066e-22,1.7862739218
7.4204357307e-23,2.2630792585
9.9954459661e-25,2.6298285094
7.4480164072e-49,4.0899422764
1.4201071790e-29,0.3198231310
1.8290445647e-23,2.4156167735
5.9405071496e-28,0.5033432164
1.5829895475e-27,0.5633266148
3.2948166473e-23,1.3998538040
7.8691466775e-27,0.6738459929
1.3473958964e-26,0.7136142562
4.9373104795e-29,0.3745932008
2.5861579632e-22,1.9821073333
1.9767816347e-22,1.7076645869
1.8633263147e-24,1.1073776779
5.9326986357e-32,0.1294480739
1.1956657044e-29,0.3126740969
2.0628940539e-26,0.7457153339
3.6340661102e-27,0.6188358861
1.0865564703e-22,1.5744622439
1.8154590654e-27,0.5721895891
1.1133190195e-43,3.8884331606
7.7296546659e-33,0.0747522190
6.9157385207e-30,0.2905355939
9.5266809480e-69,4.6979595013
1.0998600445e-23,2.4599047441
2.7018155524e-22,1.8526117824
2.8022722602e-31,0.1768612908
2.0539213480e-23,1.3437858584
6.1703803500e-23,1.4836551352
1.6828769436e-22,1.6648783727
1.0711970604e-26,0.6965311884
2.6906617211e-22,1.9509323985
2.1559317398e-27,0.5834724067
6.6430316849e-28,0.5098863705
1.6290567479e-27,0.5651723806
1.1347139662e-30,0.2234547338
4.7931418734e-29,0.3732257445
5.4111628143e-27,0.6468216440
3.8460314074e-23,1.4193612255
5.2297877070e-26,0.8170360168
6.9408770780e-30,0.2906793232
8.2560071663e-23,1.5279263379
1.3338259322e-27,0.5524142147
8.2561878086e-27,0.6773540891
3.9885592601e-29,0.3648207521
2.0620916263e-22,2.0734884888
1.1755945218e-40,3.7570342718
1.6420309478e-24,2.5985175866
2.2391114120e-25,0.9310843046
3.4779173671e-38,3.6399034444
8.3153308881e-29,0.3992130924
3.0363854036e-28,3.0093596964
3.3772788451e-28,0.4713912362
7.5589093662e-32,0.1365636611
2.1241601130e-22,1.7300080931
1.9816959008e-26,0.7426706445
1.2478541653e-29,0.3144407098
1.9976015270e-26,0.7432764919
4.9427364322e-23,2.3137858671
9.1732600488e-29,0.4039750817
1.7202635600e-27,0.5686917633
1.3338252393e-26,0.7128570601
2.5370798847e-24,1.1348380135
9.8308212632e-23,1.5568527344
1.3707741244e-25,0.8922141283
8.5431906986e-29,0.4005200755
2.2907485117e-29,0.3402011757
5.3973190048e-28,0.4977887203
9.8211250560e-29,0.4073088348
1.1236998142e-25,2.7522640279
4.8889749026e-27,0.6396104026
2.3698481858e-22,1.7708600994
2.9336222001e-32,3.3070420917
1.0333312364e-23,1.2695031367
5.7609273189e-31,0.2003665278
5.4762969201e-23,1.4666571514
3.4162436731e-32,0.1136564186
1.0581768600e-24,1.0584747075
2.6333217121e-28,0.4578718100
1.0658912984e-23,1.2727100020
5.2566266656e-25,1.0000706089
6.8713569680e-27,0.6639901737
8.5792723511e-27,0.6801652861
2.7549674279e-29,3.0954272262
1.9487835706e-28,0.4419438486
7.8614582160e-33,0.0751582762
2.4884081829e-29,0.3438066777
1.3012228336e-27,0.5508526367
9.7841165257e-26,2.7593414485
2.3532709319e-47,4.0341426623
1.9563863891e-24,1.1116736941
5.9211136900e-28,0.5031529140
9.5922599950e-32,0.1436648144
1.2090257668e-33,3.3932974393
1.9189569902e-30,0.2420765285
1.6101011783e-26,0.7269840673
1.3826832513e-58,4.4129329504
3.8027705144e-65,4.6017767188
2.7568690525e-22,1.8931242285
2.3774340068e-22,2.0244211133
1.2585893311e-48,4.0815875909
1.0375050727e-24,2.6275311746
8.5287784987e-24,2.4806363550
3.0892042200e-24,1.1526907160
2.4282897899e-23,2.3889822390
1.7085228356e-45,3.9620654745
3.1513899442e-31,0.1806226162
9.0015072926e-24,1.2553865003
4.6000435397e-31,0.1929173887
1.9821940048e-23,1.3397537791
7.7523571736e-31,0.2103553757
2.5259849950e-22,1.8019178329
1.1784123566e-25,0.8803258725
1.6453344019e-32,0.0937789136
5.3779292545e-32,0.1265954254
2.9397867759e-23,1.3858713058
2.9018323614e-23,2.3713775084
2.7054547728e-28,3.0136831672
4.2875108674e-23,1.4334705489
6.7543099903e-43,3.8555138544
5.3322100771e-23,1.4629371635
3.3687790898e-27,2.9141048786
2.6821764392e-25,2.7061172736
3.0648673241e-31,0.1797284555
1.7115302827e-50,4.1488062850
7.9765043248e-23,2.2532268273
1.0562078052e-38,3.6652701314
1.2716073987e-30,0.2274355129
2.0319071909e-22,1.7159064518
6.2225068301e-26,2.7820136790
3.5805061182e-32,0.1149760394
9.1613049477e-23,1.5449134015
9.8998533243e-28,0.5338578709
4.1096854841e-23,2.3347001365
1.5920657950e-30,0.2353808108
3.7095262042e-24,1.1695394198
4.3857307910e-23,1.4364569827
8.6168599250e-30,0.2993183699
2.8854215245e-44,3.9126262296
1.2538280787e-22,1.6012720112
6.0624993244e-24,1.2161556158
2.0740663728e-22,1.7222961903
5.6007814346e-27,2.8925723900
9.6829985944e-29,0.4066152566
9.2885148020e-23,1.5472192597
6.2895611885e-42,3.8137357795
3.6818299090e-62,4.5181913519
6.1882857720e-31,0.2027570690
1.6638711997e-25,0.9075071726
4.3091299140e-33,0.0613395605
2.1078920325e-31,0.1678448368
3.8660566644e-32,0.1171421064
7.9612804064e-31,0.2112592730
2.4081943041e-23,1.3621317437
6.4937008019e-27,0.6599042882
2.9694628601e-24,1.1490840510
1.1834077923e-23,1.2836141346
7.9110452905e-23,1.5211538313
7.4190750823e-26,0.8441664927
1.6246033566e-24,2.5992076419
5.9723169643e-60,4.4538287095
8.9433129602e-30,0.3008178500
3.1171077245e-25,0.9575876927
3.6532183659e-29,0.3608482401
2.4119784558e-25,0.9370191310
2.7550800291e-22,1.8890896030
2.7554861624e-22,1.8898603349
3.8913086527e-23,1.4208640612
2.3444768918e-25,0.9347524163
1.5753151850e-27,0.5630144266
2.3735530015e-32,0.1035889729
4.4966810340e-23,1.4397700783
8.4917869381e-32,0.1400198386
4.4124352047e-50,4.1342281321
7.0877214855e-23,2.2691858656
8.5901274763e-23,1.5343207113
5.8254612871e-23,1.4753881276
3.2734587995e-28,0.4696766387
7.4006456092e-23,1.5107797485
9.8246902353e-28,0.5333907571
1.8585339397e-25,0.9162711098
6.3213452072e-28,0.5069715044
4.5505488858e-27,0.6345440752
1.1159405490e-30,0.2228742102
3.3959669692e-26,0.7837637575
7.1702253507e-26,0.8415122928
1.4308071139e-29,0.3201372320
1.3958677392e-23,2.4396593697
2.2352901276e-35,3.4931447613
4.1475553169e-26,2.8017676531
3.2339435969e-26,0.7800136618
6.0025302637e-25,1.0109991666
2.1244235432e-55,4.3136530935
3.6290569249e-32,0.1153553610
2.9698334383e-26,0.7734871644
4.3284008018e-47,4.0240905452
6.8419233252e-29,0.3898738545
8.9182372293e-24,1.2544440077
1.0142315179e-25,0.8685660310
1.1649591905e-23,2.4550960429
1.0068205588e-28,0.4085276159
7.4257201241e-34,0.0285188133
5.9499000728e-30,3.1466660518
3.5468015392e-23,1.4090666199
2.6832060352e-78,4.9325719598
5.9411957324e-24,1.2141937208
1.2283483398e-22,1.5972957190
1.9311473979e-23,1.3368090478
1.0596900248e-28,0.4110464971
7.2770115606e-24,1.2340681195
2.1711487637e-31,0.1687742792
2.2266027893e-28,0.4489387812
6.5298693718e-26,2.7796310464
7.9552960435e-26,0.8496003280
9.1478489728e-33,0.0788404823
6.4738402172e-32,0.1319996143
9.3676941859e-28,0.5304795622
3.9967116557e-29,0.3649134520
6.1058661541e-31,0.2023083417
8.6635832736e-31,0.2141430445
7.8595430346e-29,0.3964975188
3.5890812316e-25,0.9689689099
2.8611693280e-23,1.3825928937
1.7487180759e-23,1.3257189712
1.4253827413e-33,0.0394129817
8.7139134461e-47,4.0124694632
9.8245123405e-24,1.2643099949
1.4306810974e-24,1.0843286179
5.8976554625e-28,0.5029219756
6.4350181374e-23,1.4897814134
1.2723718155e-28,0.4201431691
2.4062829170e-29,0.3423418464
2.8097178624e-27,0.6012109874
4.8259126469e-26,0.8108233273
7.3159627955e-33,3.3453942171
1.0195706655e-40,3.7598439034
2.7366712006e-22,1.8708429540
2.6043329101e-22,1.8208618985
4.4984500488e-24,1.1875844967
3.3029491192e-27,0.6122467697
9.9819051901e-28,0.5343641717
1.8662060962e-27,0.5739869699
2.1410251742e-34,0.0115843266
1.2029657874e-23,1.2853364852
2.9230535750e-34,3.4297619372
1.7605866169e-22,1.6761001026
3.0404157286e-28,0.4656419548
1.9530833794e-27,0.5769637889
3.3822602933e-24,1.1610032383
7.7109602533e-24,1.2398238868
2.7249026218e-22,1.8636806402
1.7716038461e-22,1.6776924607
2.7162192156e-31,0.1758664331
1.9853317402e-25,0.9215105991
5.8559504446e-25,2.6619054561
5.2195366595e-23,1.4599769586
6.7524907740e-24,1.2266877387
1.0979301459e-26,0.6983588839
6.5332944203e-23,2.2797659429
9.9277352004e-32,0.1446978184
3.1509057209e-32,0.1113956045
1.5492668931e-25,0.9018668292
3.4384381204e-27,2.9132484845
2.4711911611e-26,0.7594480776
1.7824830719e-22,1.6792656491
8.7079655177e-27,0.6812572106
4.4784141383e-25,0.9869555869
2.2666807026e-32,0.1023371203
2.3178953051e-22,1.7616487043
4.5790665287e-25,0.9887698742
2.1068076951e-23,2.4025260790
1.7659944122e-25,0.9122225055
1.1348170205e-24,1.0644282673
2.4860713348e-51,4.1781152931
7.2658985204e-26,0.8425432862
2.5597688931e-22,1.8096783546
1.0943211692e-28,0.4126350730
8.3033891139e-29,0.3991436972
1.8011080498e-26,0.7354401650
3.8678840723e-24,1.1734253002
1.8567996331e-27,0.5736571738
7.1872774858e-32,0.1350739695
6.5311984440e-30,0.2882745466
4.4834704541e-29,0.3701561199
2.7680179398e-57,4.3730495127
1.7948056713e-29,0.3297080865
2.9182245204e-25,0.9522840622
7.0353110998e-25,2.6510761049
1.8434098788e-24,1.1064323421
8.5471052446e-27,0.6798899327
1.3999995403e-23,2.4394029326
2.7574134300e-22,1.9044796030
1.2077177390e-22,1.5940507163
2.7572822417e-22,1.9049881836
1.0278246738e-22,1.5645816500
1.9713981225e-25,0.9209510323
1.4373871992e-28,0.4262918975
3.7914887075e-23,1.4175325010
5.2461353444e-26,0.8172774444
4.4150944874e-34,0.0208275532
1.9657813176e-42,3.8356588278
6.4464362853e-28,0.5081204734
4.9570290174e-50,4.1324277671
4.2833822494e-33,3.3598438591
3.2790565336e-28,3.0064677203
1.1993039180e-23,1.2850158684
6.6582695406e-25,1.0195830924
7.5635135578e-35,0.0025379461
4.2898276046e-31,0.1906268618
4.1600474588e-23,2.3333541773
2.3793395500e-34,3.4349577258
5.1420310843e-27,2.8962309553
2.2295271500e-28,3.0208870107
3.7250816598e-24,2.5429914299
2.2957821512e-22,2.0381560726
6.8411709828e-37,3.5743197764
6.8983972462e-23,1.5001043190
5.6423572463e-33,0.0673742440
4.6602847746e-23,1.4445447147
6.3932068761e-23,2.2825277556
2.2150778766e-29,3.1028819828
1.7793100362e-23,1.3276448884
1.5091730396e-26,0.7221153050
5.8440243549e-24,2.5099908448
2.2789950611e-22,1.7549953615
7.8233464097e-32,0.1375823508
3.8180224258e-30,3.1610262537
5.7524814998e-28,0.5014741528
4.3588025277e-23,2.3281535992
2.5421352366e-23,1.3684883274
2.4279961404e-27,0.5913794711
1.0224578612e-32,0.0815919214
4.4756950284e-33,0.0621723317
1.4745258032e-25,0.8979644387
8.2165838246e-35,3.4614553684
2.6247198554e-22,1.8264587982
4.4893167867e-23,1.4395521012
2.3450893345e-29,0.3412201195
5.9116154393e-25,1.0097389594
1.0462193808e-29,0.3071899475
1.3528594068e-29,0.3177975398
2.2422108409e-23,1.3538368434
2.1133248609e-22,1.7283277588
3.4174991969e-24,1.1619578702
1.2037524637e-22,1.5934242909
2.1092332003e-26,0.7474010990
1.2621441469e-32,0.0869050535
3.1055076667e-25,2.6980362227
1.9431536912e-26,0.7411827478
2.7131486712e-22,1.8576953796
4.0498648127e-66,4.6282301287
2.6931184952e-22,1.9499824504
2.7275310034e-22,1.8651549858
3.3190621939e-30,0.2622364073
4.6169229048e-40,3.7297560628
1.3976691592e-22,2.1633619091
6.7614924581e-27,0.6628237500
8.9730972075e-26,0.8589908909
6.1762988865e-25,2.6587803920
1.7940376986e-25,0.9134708245
2.6356632372e-22,1.9689895469
1.3684625659e-24,1.0804879008
2.7579277148e-22,1.9013386525
2.9780667081e-28,0.4645152356
1.0869055606e-26,0.6976103592
2.0349235518e-22,1.7163609196
4.1140979358e-23,1.4280679363
8.3428132635e-23,2.2469519088
1.0336224586e-54,4.2914951171
2.7329992298e-22,1.8684367968
6.0195247485e-33,3.3506799468
3.4209736190e-27,0.6146622953
1.0669940745e-28,0.4113854393
2.6676529949e-22,1.8397189028
2.5114821250e-28,0.4553347684
6.3122923133e-29,0.3860609813
2.1857066864e-74,4.8397475981
2.6525242143e-22,1.8347676209
2.5204790258e-22,1.8006998862
1.0902758910e-22,1.5750786891
3.2232236836e-25,0.9602850638
6.6675089505e-24,2.4999388664
1.5354032173e-22,1.6434925549
2.8238462448e-27,0.6015509541
2.6107136372e-25,2.7075961201
1.2759692770e-29,0.3153643383
1.5723666369e-22,1.6488770118
1.4812367507e-33,0.0400999756
2.5516634639e-28,0.4561835171
3.2014164565e-25,0.9597378225
6.3284227765e-27,0.6580455083
8.2454525502e-26,2.7679943717
2.3655178628e-30,0.2496820996
1.0800307261e-24,1.0602127836
2.1083305543e-22,2.0668270771
3.1874717459e-23,2.3617996187
6.8188992727e-32,3.2831014451
1.5043358729e-27,0.5600601335
9.4003462865e-23,1.5492313783
4.6147243161e-24,1.1899962532
6.5010658508e-25,1.0176012554
2.4814476436e-22,2.0050925566
3.3675161055e-35,0.0003457641
7.0663050678e-26,0.8403769974
3.1632477138e-24,1.1548571712
1.0552684495e-25,2.7554843823
8.3985797671e-26,0.8538272926
1.2594439055e-26,0.7085705753
7.7236659970e-33,0.0747336285
2.7095385302e-22,1.9431208813
3.6489260504e-29,0.3607952540
1.0753670629e-27,0.5389515287
1.1058802746e-24,2.6235780228
6.6770637986e-24,1.2255846024
1.4240813104e-23,1.3032877266
5.7005680833e-29,0.3812742410
4.9392115032e-25,0.9949621168
2.2904725018e-22,1.7569390658
7.1459415835e-23,1.5054281026
5.7182448142e-25,2.6632969110
1.3991495363e-56,4.3511088970
1.2694209634e-26,0.7091594464
2.2345305079e-22,2.0478847821
2.1736062570e-23,1.3502590689
2.4325766495e-31,0.1723628512
1.6355130424e-33,0.0418947261
1.8900914614e-22,1.6948998650
1.1430851731e-22,1.5837224362
2.2724452474e-22,1.7538929669
2.6441347774e-61,4.4935209595
8.5000806328e-23,1.5326126047
1.1002941405e-28,0.4129044195
1.0232494093e-27,0.5358876038
5.1121638720e-31,0.1963988066
6.5105620845e-50,4.1282027269
4.6814319765e-29,0.3721399718
7.1646207603e-28,0.5143535686
1.1731522870e-30,0.2246158948
2.4107909525e-22,1.7784382923
1.5712873830e-25,0.9029815283
6.4128585482e-61,4.4823269487
2.3137213007e-24,1.1265745113
4.6411121468e-33,0.0629742594
4.6091640944e-23,1.4430665291
2.6196739692e-25,0.9436262432
1.1847613481e-26,0.7040149469
1.9758364012e-22,1.7075242296
8.0350359942e-34,0.0297618161
7.9982170830e-25,1.0348668780
2.9644857136e-23,2.3692173507
1.7297663496e-24,2.5951399806
4.7064314967e-24,2.5261024075
1.0035308543e-38,3.6663486195
1.2536418095e-24,1.0729482987
2.5048401025e-22,1.7973033385
9.4743003114e-38,3.6181988753
6.7818113723e-30,3.1423911458
8.9939948321e-45,3.9332078330
1.4896916927e-32,0.0911793174
2.9655850658e-25,0.9535780617
1.1571999194e-22,2.1968960903
8.7475167054e-27,2.8732183017
3.1247469917e-33,3.3682741919
4.3332588610e-57,4.3670075790
1.5811309128e-23,1.3146305420
3.0118664787e-23,1.3888155566
1.9931853031e-22,2.0832094744
3.3496304144e-24,1.1601111231
1.2129246300e-24,1.0701178172
6.0349665624e-34,0.0253461406
1.1399776701e-26,0.7011492697
7.8286342563e-31,0.2106879986
1.0546007645e-24,2.6265212351
2.6793578616e-24,1.1397577799
8.2820317973e-32,3.2775106586
1.3837348704e-22,1.6210826150
5.7295998195e-26,0.8241020158
8.5643137764e-35,0.0032119277
1.8440992226e-22,1.6881973122
1.3687137621e-29,0.3182833318
7.7367240882e-24,1.2401564711
9.2857463262e-34,0.0320946537
1.0834381826e-23,1.2744028214
2.5492131644e-72,4.7889383775
4.0458699329e-31,0.1887134410
3.7728491268e-30,0.2670670508
6.7823944904e-34,0.0271153439
1.8093867963e-24,1.1047951880
2.6873774725e-22,1.9521763895
1.8806344327e-24,1.1081915943
8.9294777253e-23,2.2372137601
1.6725599949e-30,0.2371408449
2.4003064453e-22,1.7764673516
2.5883489741e-25,0.9426630105
3.4084301084e-24,1.1617130510
1.4613068610e-30,0.2323367883
1.2640273691e-24,1.0736564065
4.3609429744e-53,4.2379330029
2.8178224529e-25,0.9494722554
2.4865878217e-22,1.7934471472
1.5280790674e-25,0.9007795759
5.6432385573e-23,2.2980210070
5.2530116369e-24,2.5179852072
2.5418424852e-22,1.9924323928
1.7505453361e-22,2.1161912515
7.4428623471e-24,1.2363030968
1.9185763078e-22,1.6990723898
2.8875117602e-29,0.3503466290
1.5903751083e-24,2.6005824085
9.2535569135e-27,0.6857225612
7.1943398282e-24,1.2329370477
6.3712414100e-23,2.2829642858
5.0105848705e-34,0.0226185857
1.4878356918e-80,4.9842952482
6.2736472851e-31,0.2032159447
1.7782074675e-28,0.4371868551
4.6959343199e-32,0.1226855343
1.7634164169e-31,3.2555030734
1.9188738552e-23,1.3360912808
2.2711727293e-36,3.5469559910
4.6953432441e-25,0.9908187149
2.7090670144e-24,2.5652109600
2.0846482916e-26,2.8341478554
2.1810023340e-25,0.9289889117
1.5477337447e-29,0.3234352011
1.8156497655e-34,0.0097260426
8.3779117038e-25,2.6405970804
8.0148575999e-29,3.0580844207
4.3897333773e-24,2.5311875089
2.1397731588e-22,1.7324423295
6.5630963688e-23,1.4926840357
2.3068607145e-24,1.1263091741
4.6741729997e-25,2.6749696345
1.3596577461e-22,1.6174623019
1.8338446654e-22,1.6867076526
1.6663479293e-27,0.5666323207
3.6639548606e-27,0.6194031877
1.3092763854e-22,1.6098153011
5.7659609294e-29,0.3818078221
1.2293270334e-26,0.7067654543
8.9183396975e-28,2.9679710186
2.3990292932e-23,1.3616862480
1.9582270909e-22,2.0880631986
1.8613507561e-23,1.3326748847
2.6294372527e-22,1.8278080638
2.5029007208e-22,1.7968882890
2.5952090718e-25,0.9428749191
2.3262580290e-22,1.7631045866
6.1745676623e-48,4.0559933505
1.5020451726e-72,4.7946491883
5.4390769092e-25,1.0028747695
6.9853097356e-27,2.8830400458
3.0265527107e-23,2.3671113751
2.3537707124e-24,1.1281090518
7.3022463266e-29,0.3929744460
8.7673272511e-24,2.4784281224
3.7409538225e-24,1.1703225041
1.6277882846e-29,0.3255630574
9.7358615743e-27,0.6894663377
2.1300249778e-31,0.1681729955
7.5618199338e-29,3.0601566956
1.8376092111e-31,0.1635518226
4.3929880309e-30,3.1565073234
