sampled_beta
1.6161488967
2.6809613521
1.9350271509
3.5969093640
16.2469153287
1.9348099200
1.7397812875
3.5238690852
10.8064783134
2.6225661679
3.4833756553
1.5928038258
1.9270208194
1.6062116059
1.9465962325
2.0128501781
2.9897017012
1.9236591840
2.0181484645
2.5957477535
1.3042208805
1.6468606307
1.7966132169
1.8814648799
2.2935300259
3.5588043634
1.7268116537
1.8172848122
3.2212523413
2.0227843254
5.1358029061
1.6513439267
1.6071800006
1.8880663014
1.7189366061
1.5806139052
1.4149503312
1.9571936244
4.2919643858
3.9352353981
2.9741886997
1.6250379137
1.6859313696
2.9534210567
2.3532524258
2.4681784615
3.9578739852
2.7184460968
7.3355404384
2.0581004723
2.6190333185
5.7964349865
11.4565290155
1.5788868412
2.0667308100
3.6086067994
1.6720813846
1.6472335589
2.2937077433
2.2907314483
2.0971095685
1.4209947064
4.2547936061
1.6506904180
1.8807813661
2.9174327525
1.7788393225
1.7418132432
4.1121121179
3.0633649650
2.1765117952
2.6142775271
1.4928313199
1.6382660633
2.2241686892
1.4289137359
2.6577172104
1.8959942167
1.8823119952
5.7782107365
7.6286611921
1.7768941836
1.9000910386
1.5783249866
2.1299122457
8.4726727123
3.2766288934
1.7471189835
1.4717752600
2.3615000002
1.6363823331
2.2352037147
1.6023729614
1.4904670959
5.4773104611
2.8230452332
1.5475983587
2.2180894255
3.8022558167
1.3233293166
1.6917576477
3.1451203782
2.0035715032
2.4606006564
2.9998529860
1.4151505183
1.6614458741
1.7465777456
5.3276195699
1.9004848687
1.7768833173
1.7577297665
1.4442607285
1.2603971124
12.2131509725
1.6275211692
1.6688433805
2.4392835501
1.5469579012
1.6799732388
1.5171762088
5.1748242583
3.6242909227
5.0369289581
2.0020611720
2.1137589131
7.7821007952
1.4115379716
2.9183405819
2.9540622174
1.8899728789
1.9439818698
6.1086265173
6.8324400475
2.1246152991
2.3397659620
4.9811478753
1.8850632863
19.5540221227
3.7655913035
2.4487172544
1.3414375771
3.4621994547
1.6993127037
11.7704382429
1.6782609536
3.2363810297
1.5085461189
1.5594101808
3.2361766290
1.6978735496
1.6527416488
3.6075918837
2.8203008055
1.4472524460
4.3541083436
3.2950117184
1.2980202597
2.1720258364
4.5904789926
6.0760763534
5.5130745272
1.6322727349
1.5369489945
2.7479987270
1.6657580434
3.1329816662
2.7688042725
3.5578524435
1.4862672361
4.2850691325
1.8082127966
1.5726727264
4.8994658754
1.4609358697
1.5679941751
1.7491877656
5.9549169377
0.5564613413
3.5370669537
9.3008000798
2.7998245371
5.0157038010
3.2369995287
3.3245691915
1.8811853989
4.2122054986
9.5187944923
2.5006888030
1.7192706172
1.9355833401
2.1424994758
7.1395141728
1.4927218735
1.5090826332
9.2735939848
1.4489385801
9.1347754107
5.3511211433
1.6747894314
2.1218476867
2.8236783211
2.0485607152
4.3865581174
1.8026220068
2.1053396246
1.5450314517
3.0870180425
1.8467434985
1.6514386249
2.7990596839
1.7278834761
2.2818121213
4.6436516497
4.2127215084
1.9209777640
1.6482723103
1.6708142384
6.5134495688
2.0327662210
1.5861188767
2.4977588612
3.2132649053
1.8788863318
1.6703110342
1.3241065921
1.7631475603
2.0642225863
1.6221834989
1.5507090532
1.9735079423
1.4060195882
1.4965877536
1.4338220434
2.1724248864
2.3689185244
1.5615512525
1.6617792672
1.7103084040
1.1469449825
3.8417057228
1.6699028422
3.6708312224
1.5747044934
2.2199113184
3.5909145734
2.2409889254
1.8973475392
3.6386702122
1.3842880718
1.9742363596
2.7141295820
1.5899444741
1.9328468856
1.9813026849
2.2091872366
3.0285472680
6.1831385197
3.3017840352
1.6757829272
1.6317138588
1.6394366492
4.2470525233
1.8754634155
8.5147187717
7.5888857925
1.7125194771
1.9661456720
1.9405315835
1.7431531749
1.8119399461
1.6289266584
13.2303745733
1.6404298524
3.6580166630
3.7208955531
2.0355948245
3.9148845433
9.1388589071
8.2996945193
1.7010677175
6.9916249282
1.7671042432
1.4519210977
2.2890479071
2.5043393693
1.7593232168
2.0759943488
3.1096324922
1.5944371177
1.7235629994
1.7189845118
5.2333684323
2.1623033139
2.8214234095
2.1040583898
1.5236433253
1.7388379644
2.0843286723
1.8911037553
5.7132712039
3.4787851032
2.3619212667
13.4743818335
1.8883309047
2.4698820119
8.3996653593
1.5928960097
1.7149632370
2.7450538552
1.8415171300
1.6562900650
5.6501473645
11.1240799309
5.3873568876
1.3188743884
2.3477424566
3.2279082234
1.9471749731
2.0429246298
1.2154685586
1.3905250611
1.5183991446
1.7224548627
1.9896653816
1.5262205539
2.1905579558
1.7386175940
8.0190172564
2.7376215715
1.9985281232
6.1364969048
1.5890792037
1.9263323570
3.8958171848
1.8992559167
2.8197231702
6.9606088699
16.7958965997
2.0069911082
16.5515562784
6.8440842776
1.5862342501
2.9188037589
1.7049254145
1.8058389613
2.3016908833
2.4015361757
2.4178517606
1.6852447778
3.5900939860
1.8203575096
20.3149643120
4.9607297536
1.6588530400
2.3441140776
3.5150009206
3.5860332720
2.7215989035
2.6824803650
3.1494923816
1.8886037638
1.5271256993
1.9354755168
3.3689158342
2.1250238641
3.3167453817
1.3229418448
3.0685626319
4.4735087592
4.1446370418
3.7716416161
6.3338242038
1.4464598007
2.9328844651
1.6338591881
4.1277282715
2.0492149165
2.5629600499
6.4561467743
2.0804054624
1.9330898619
5.5049995535
5.7259447656
2.3844339705
2.5467524753
1.5002127649
1.6620163017
1.3449322162
1.2771192002
11.7129213871
1.5732894140
2.1356409169
1.7687329796
2.8032222146
18.7168614343
31.6177772412
1.6944382840
1.8032583785
2.2327458848
1.6819274996
5.5707408285
9.1936071190
2.1978497757
2.7455028444
1.4333101685
1.6559300972
1.4407449829
2.2804554054
1.3581712822
2.1636448524
2.0714797572
1.8029134034
1.4949338338
5.0917174548
1.3955607931
2.4496961374
1.5232076770
1.4307664113
3.7665880549
2.3645132540
1.6608165457
2.6137704289
12.4730049034
1.6507458915
1.5802660701
1.6026124658
1.5826768693
1.7927045055
5.4332270553
18.9015548352
1.5614578542
1.9666328382
2.8189718688
4.9132365551
1.5221981948
1.6040313505
1.5473530060
2.1508557235
1.3640980125
1.2681898409
1.4874436704
1.9714533110
1.2968878155
1.6478689650
2.0385563545
1.6168410289
1.6582119989
1.7168862533
10.1878282994
1.7909335145
2.0659618381
1.7515640041
2.7354373424
6.6419824247
2.3736666839
3.0462368118
1.3224345446
2.7359321899
1.3496215496
3.9810646857
1.7485663145
2.0036110552
1.9158565312
12.1316696263
4.0383542182
4.8528215405
1.6924589464
1.6086822328
5.8641913741
7.6609208652
3.5574616805
2.3583262196
1.7398422587
2.0012221589
2.3130792073
2.8925101466
4.2657009396
2.1150898072
3.1700555597
2.3523258092
44.6133843204
1.3114217176
1.8618083127
2.1261168983
11.3883680740
8.8315712694
14.9356517149
2.1008329572
2.3895658255
1.8444709498
2.0849549842
2.0439410252
1.4531197126
1.5494632771
4.2036982952
2.4206723216
1.6598413068
1.3466295406
5.6074804017
1.4743256955
1.2447538041
1.3797391368
2.9515931500
1.6768943365
2.2587895740
1.9289396521
1.5799436271
1.3441158704
1.3579296481
2.7958530244
1.6432964246
1.6326455358
2.0602829291
2.6869959509
1.3179635589
1.6840070029
4.2262945136
1.6238787379
3.6322487444
2.0440264828
2.2615395208
1.9902894478
1.5962311235
1.5215558997
1.3444957567
1.6735203191
1.9461829256
2.1954939474
1.4692744593
1.6016151179
3.2014471060
1.9699313262
3.2821891557
6.9211619883
0.9306108308
2.5197562812
2.2107079643
1.6775952398
2.5940421303
1.2741037654
1.6188574811
3.4373891962
1.8603989198
3.6088679324
1.6641276939
1.3955612284
1.7402640945
1.6356634967
2.1520421626
1.6323800832
2.0812103665
3.4562541687
2.2713427240
1.4603797207
5.7570736324
1.5767396726
30.2043622400
1.8278906899
11.4373827193
6.0558012422
13.0842921027
15.5135851925
2.0337505925
1.7513872228
1.8766456110
24.8002815795
32.3137719576
1.7771206298
1.6043040128
2.4801468066
2.6238383145
3.8898034265
1.8091545267
2.7062979519
3.2812733009
1.6952411151
1.5423936460
1.6095034551
2.9626806183
5.5992414117
1.5940061237
1.9022814332
2.2711062920
1.2546344086
1.4529082923
1.9991873828
1.5089529482
2.9144094363
1.7619409271
1.8274469640
3.7559830601
1.4401996920
2.3781315875
2.5032968580
1.4632030729
1.6256594789
2.6539699294
2.6364104058
1.6883749988
1.8559999010
1.6046534206
1.5488049386
11.4248829159
1.5326755798
1.6606516927
19.3117837821
3.1020302725
2.0349614342
3.4631810296
1.6735930183
2.6064693051
5.5285053786
3.0749292273
2.5754352513
1.6885427458
1.8184120951
2.5515147003
1.8797951175
1.6158461320
14.7505259347
29.8113121879
2.5385168097
1.6103731543
3.8696967929
1.5654417062
1.8955795611
2.4083024311
1.3441826226
2.4181157332
2.2047008545
1.6914652204
6.4029972330
1.8047631285
4.1144022650
3.0804159360
1.9515589440
7.7744330656
2.0143648485
1.8379003611
1.4870512302
3.4610990758
3.7608516941
2.9413331172
2.1097238486
2.6191038709
1.4367682640
1.1960638204
2.2072713356
1.6273330819
1.2599039823
4.0206361432
5.0214033292
1.7675328529
1.2229882104
1.3985095809
1.5376638965
29.7665811486
2.5690350666
6.5832766969
1.8635008305
1.6557478435
2.1560552593
2.3593355195
1.6537515690
12.6251205963
1.8754286795
1.8034929262
1.6309323696
1.6656952278
11.9091085022
17.2978035811
2.1522182879
1.6082688328
3.2143776803
1.9224706437
3.6581458977
2.5161790254
1.8792764958
21.1152873016
2.7953125137
1.4709126086
4.8407778144
1.7723549041
5.1415132290
1.8348473211
1.4155352497
1.9399493491
4.0064807070
2.9875650684
1.6796356107
1.4666743396
1.6462225607
5.3242018134
1.6551356899
5.4894835275
1.3368486157
2.8724064054
2.2446672614
2.7244412837
1.3327021683
3.2591993687
1.5616440257
9.6137605314
2.2708925937
1.5507949643
1.8125618395
1.5015710992
1.7225882252
2.2321995327
6.5899787897
2.0398907909
2.8650580912
2.7722044790
3.2443385790
4.5704564180
1.0758175805
11.9570394564
1.3446335295
1.3538183451
16.6627122480
3.3513133344
2.4702360687
3.4445707047
2.1795736993
1.9408494900
1.6037496697
1.9029758084
2.7156223666
4.5096216848
27.1815261686
1.6759939916
1.8192410160
2.2423620439
10.1340889974
1.5179281448
2.5195613252
2.3962135589
5.2970294291
1.3849106746
1.6409130264
2.6184388109
1.7119563073
9.9826802483
8.1931223265
1.3731117986
7.3190471286
5.6234446531
6.4536796764
2.4744463633
1.5926965954
2.5286686796
5.1978612993
1.4477005940
1.8528969946
5.6381123173
9.6894958851
1.9164644820
1.7151233513
1.2921335832
1.7998751044
1.9853122633
1.4001841817
2.1384756377
1.3925630388
1.9239423409
7.0092894260
1.4889444105
1.4417570036
1.6480782520
2.7036051103
1.9416122939
4.0266922328
1.5794938950
1.5734175178
1.3329558538
2.3480097000
1.6526044445
1.1511175548
1.9391418066
1.7454374033
1.5937799017
1.6816774518
2.7671759162
4.1500253187
2.1851065418
1.4208890323
1.6933461409
1.8945474014
2.2076767677
2.1291131723
1.5674115750
4.7100070490
1.5573722645
2.8764656777
2.1693070431
1.3104603803
2.6037393617
1.6975361821
1.8913196733
3.2803375401
2.0893092391
7.8450199366
1.6287679060
1.6612848105
1.9487441336
2.0742669105
3.0381330882
1.2574046366
1.8836924448
1.6316730823
1.2456559663
1.6200838571
4.1375335171
1.6422657446
2.1829340250
1.7111000535
2.6239121591
2.9773598238
1.6697342329
2.0019844548
1.3616196139
3.6549910009
4.5266683718
1.8417092402
7.9778639086
1.7398183884
1.1130129508
2.0200045552
17.7283596148
7.8414108618
7.5046203583
1.6948762220
2.0319526009
2.2170222157
1.9937218360
1.6775394789
2.8638172168
1.4628428835
4.1195103832
1.3298913993
2.7880686823
1.5167124505
2.6576522997
2.5717270674
1.7075293538
1.5380740262
1.8777838668
1.4034384126
3.6403321606
6.2182697072
12.7998213771
7.8036731700
4.9347485726
4.7318064353
1.5489232095
4.1054201841
1.8890877990
4.9005444599
2.4074471743
1.6563850750
1.6054227924
7.6656805533
1.8320448456
2.0206399478
0.7689440640
3.5210457698
2.6053509687
1.5565547117
2.9735698619
1.8495120138
2.4654830041
1.8433175383
2.4785572213
6.4196413810
2.4397930260
2.8443077142
1.8604926959
2.0617585850
2.4406444315
1.4017211999
2.8652185278
2.2417725709
0.8109124231
1.7286451628
2.3039766371
2.1520619944
3.5339088548
3.5970223360
1.8436929436
2.0699065059
2.5652090723
2.2680728095
1.6745403316
4.6434712629
2.6964219622
2.0478572776
9.8964585615
1.4286939066
3.5231932263
1.9552782192
2.2754801865
1.5707411438
2.1652003451
1.8962890789
3.1507633002
4.2327837890
1.7808055774
2.8307645489
1.8906626688
1.5614594167
5.0652194033
2.6929096666
1.7660622268
1.4677399771
4.2218462784
2.5026342387
1.8811798087
2.0183195240
6.2542202296
1.4418997953
12.5277934428
5.7197809972
1.4172812675
1.6188759521
1.7426986091
1.7054823042
1.6582865880
2.0052211485
1.8720453799
2.0480696108
1.7429692246
1.7051527641
1.9817049607
2.2163794354
9.2974326756
12.7167258135
1.9054944633
1.6591357708
1.4829622445
1.6455253137
2.8779539936
2.3177308391
1.5931196792
4.7043848510
2.1937530321
2.2053175620
1.5519979926
2.0810539148
6.1060105404
4.2169727145
2.7524789789
1.7208462661
1.5710972820
2.1247040334
1.3356264748
4.9194286459
1.5873744021
1.6159521582
5.7325640714
1.3342179401
1.4922162327
2.1284449723
1.7691143108
1.9411264299
7.0053848675
4.7519129971
1.6109071933
2.6064091195
9.2191491620
1.3568873527
1.5451137322
1.7886729023
8.9370934782
2.5074809398
2.3183663414
4.6619628307
1.6281673288
2.6484839689
1.7767847932
1.3676785506
4.6693186565
3.0885766578
1.6742279613
1.4484261488
5.7308272868
5.2899060016
1.5155674843
1.7478849580
2.6443072303
1.7799822736
1.9486686100
4.7227134086
1.8264070502
1.2747187545
2.4924352545
3.9248137540
1.8893191323
1.5873255928
1.6838996581
2.0228485407
3.3265217339
2.2306121518
1.8191912835
1.4309593791
2.1026478471
2.4827917042
6.2767313545
2.0994127801
1.4602853642
4.5499958488
1.4622759338
2.8528231582
2.0550559446
3.3232661157
1.4570344272
1.5963877539
1.7047562088
1.7265704406
1.7291806972
40.4313987520
4.4504743952
2.1890497581
1.5808860031
2.7559075847
2.9571319783
17.7930876457
3.7660560070
1.5484658275
1.7882621025
2.8969393871
1.6576569720
1.4179986444
1.8889881381
5.4610663329
1.9654182847
2.1864535998
1.6176092180
3.2520102554
9.1244667292
1.6187887843
2.3538192483
1.6491285932
3.0618616076
1.5947759987
1.7478651222
1.0753415782
3.9308317117
1.5319137792
1.7442153873
1.4762144904
2.7841437678
1.4811031906
4.2708119470
2.0334526707
2.1705568723
5.1534247223
1.4951825966
1.6091005858
1.7801728544
2.3146922582
8.3368530441
2.8013494749
10.8894732655
10.7483849913
15.2258341023
3.0869165153
1.9571583988
8.5960344386
10.1521443746
8.2467997344
5.7136576189
1.5698684082
1.9459889773
3.4644046456
2.8658138828
0.6215452605
1.8989764609
7.4864496562
2.7236683110
9.7543546743
1.5448006447
2.1127428938
4.8260867523
0.7075067768
1.6598896873
4.2694360051
1.4564573278
1.8367959598
1.8056642271
1.6378523320
2.4940707127
1.4094762404
1.6985466674
3.4910968741
6.6373333102
1.4168881935
7.5739955086
1.4623650087
3.4011742746
1.6356744463
3.6746737918
1.3706013728
3.3043907224
3.6232414648
3.0068275670
2.5328320425
4.8778884861
1.9057154641
1.4036370409
1.7237296356
1.4980456696
3.4604253946
2.5502574764
1.7672254786
2.2618149482
2.6224264319
2.2938859248
0.5440006414
1.5564888079
3.2135430222
0.6164910415
3.2268610816
2.7182752454
3.8938243276
1.8813583725
1.4148398180
1.8888532387
13.7775039434
6.2899623985
1.7509174315
1.7203309985
4.8229825626
2.1099345681
1.7528612078
1.8921159705
6.5247270019
1.4054565850
1.9981380312
1.5176456082
6.5944228441
1.7976550077
1.5053613858
2.2849831155
1.9309278472
1.8737332610
1.0688977910
2.0111103474
4.1061608652
3.0652708948
1.5478875025
7.2478500449
2.4891781115
1.6454475250
1.7457125915
2.9108788766
1.6748918905
3.4689794275
1.7042601289
1.3464517900
5.2614171021
1.4577486893
5.1139928314
1.7075164150
1.3935993359
0.9122147465
1.6524685178
1.7681728892
2.3188808682
2.1357469849
1.5887771284
1.2562665508
1.1110144725
5.6787055676
3.0287610119
6.3955009695
2.1436371584
6.6826793828
1.8681363249
1.5869483336
1.6408794934
2.1364738709
1.6506900322
1.9539299453
8.4282953258
1.6027389102
2.0388614473
3.4201885299
1.6532369110
1.6530674391
1.8002412712
4.7646986263
2.3746626358
1.6948447549
3.1801015472
2.8256138734
1.8372929056
1.2461896716
4.8286829930
1.6585107090
2.0634047778
5.1309812281
4.4105961650
3.1434029046
1.5497066633
1.4517590477
1.4721721994
3.4836512396
3.7967998976
1.4864510858
1.4075144246
1.8466180100
2.3867467219
6.9025375157
3.2957906741
4.1263533122
1.6474166209
8.4163176565
2.6020448803
2.8380335122
1.7210387968
1.6548427050
10.7238276752
6.5188626051
4.9328682299
7.5378773653
2.3087889607
2.9353712595
1.3627082691
2.6750406595
1.5298866673
2.4388411967
1.4778983305
4.0721794715
10.4390075140
6.4242325262
20.4798959083
2.4611088632
1.2718579334
1.1730660810
3.0055633314
1.8675912818
7.3872165281
10.6701362746
1.6798391079
13.4263248504
7.0312259242
1.4862664345
2.2562529489
1.4655406250
1.8581504261
2.8037790956
2.1328392292
19.4138686104
2.1922762692
2.0990638211
2.4040324748
2.6440686602
5.3744531144
1.8993406314
1.2943930595
2.8345658831
1.4869225399
7.0885987821
1.7800477909
2.2888531114
2.3001827270
2.1480327663
8.3533730712
1.8047701464
3.5973360450
1.5482014548
1.9915625589
1.8671367742
2.6954190871
2.0902412207
1.4552249448
2.2761145198
1.5607892710
6.0106522787
1.8302989593
2.7796974302
4.9272636116
1.9845802866
4.7097904613
2.2988000067
1.9850322904
16.7320982111
2.2916702169
5.2514984273
1.3731045753
8.6104426439
1.7549553970
3.5034249715
1.9353928756
2.6812494587
1.9739749515
3.9509726047
37.6316417985
3.3041725532
3.2307269429
1.7721400350
3.0342142376
11.3822345947
2.4163328448
5.4468967555
8.2575682326
1.6092820387
1.4074993257
1.4707627115
8.4693319316
1.7070832403
1.6050124939
2.6499702773
2.3881297339
4.5153070631
1.6950519409
1.1456779110
1.9462569731
2.4148780027
2.0376493117
7.1027689769
2.1293913546
3.9251867375
5.9219318846
1.8807180582
1.9959793388
5.1052517642
3.7025609136
4.1650111668
1.4994380295
3.4629723834
3.0426965699
2.2128143880
1.7188590372
4.0627754933
5.9460268813
1.5697028128
5.6995052431
4.3782437202
1.8490064755
1.8830571781
2.1146862145
1.6532230980
11.1267467705
2.7522112004
2.8506035761
4.8528902779
1.4966515759
1.9049099209
2.3356321333
2.5140724264
2.0559494503
4.2279116594
24.0575541253
1.4528807392
1.7227366521
15.7497730726
3.7353601926
1.3022483444
1.4457373454
2.1750349108
1.8109998996
1.5961350368
1.6591958418
4.1515817896
2.9156972178
5.9870284406
1.9847229231
1.6828437090
2.4454982035
2.1481183758
1.5454796333
1.4842022800
2.6827309708
1.4886090063
1.9455303389
1.8530471518
9.4847200433
4.4287198038
2.9168106338
1.9393143868
3.2341059705
1.9098829237
5.1735203083
1.9319556140
11.4385301227
1.6334609072
1.8680291504
2.4215418364
1.7817882821
4.4782069772
1.9613109690
1.4396048114
2.3099956559
1.7661645748
8.8777805071
6.8507447733
1.8021323859
2.3124112403
1.8015417029
3.9427769107
1.6440082646
4.0122416989
2.4478899873
3.1365940027
1.8933206185
20.8598203734
2.6017662575
2.5775579993
1.4987951413
3.7134792516
5.1900576529
6.6690325285
25.3429893763
2.9025904659
2.4293283101
1.9956056613
2.5617957192
2.5086025135
1.8609852817
1.6046879472
1.5087520227
1.5445688323
2.2416376571
1.5425026165
1.5687697301
3.9465512544
1.7766167034
1.6443580074
4.0954911921
2.0500046637
4.3011564057
1.5887194676
1.5193482998
1.6445355992
2.3171106858
2.7932010356
2.5081591572
1.7912254800
2.0436475796
1.4491750919
3.6365337966
2.6787033162
6.1701693221
19.3267693075
2.5828237250
1.4919717959
1.4660327639
1.5106959853
1.7486780990
2.3177463095
1.6056715620
1.8473484519
2.3416378543
2.0169749388
4.1408838393
2.2028935311
1.6854808296
1.5407436428
1.8916121642
8.1241093607
1.9551715837
9.1553607131
1.4942746341
1.7062572092
3.2325933118
1.7460192980
1.6272132053
1.7310901049
4.3960178349
2.3476575597
1.3278328816
1.2794268900
2.7173381143
9.8729978838
3.0419654496
2.0222207189
1.8858345636
4.7402683527
1.7241131708
1.8970363680
2.3615853922
2.7217917804
2.5949320627
1.7456187207
1.9459748776
1.6724261552
2.7823255939
7.0119330243
2.6141127167
2.0599524413
1.9253060184
2.2668250524
2.5322741147
2.3418682557
2.5203369011
1.5410486849
3.5203821518
1.7091866490
2.9801030642
4.3230932986
1.9249029511
1.7228986170
1.8216472611
4.0227086325
3.2537972359
4.6867927200
1.7802255275
21.8660005865
1.6445353412
1.8332926416
35.1515798479
17.7209037661
3.5204598110
1.7116945368
4.9087777722
5.5414458755
2.8259163669
3.6045033126
1.7840503109
1.4871522262
2.5274107169
2.8740869679
1.9600093580
2.1819196530
1.8017655139
2.5525254607
1.8693576280
1.4550825673
3.2076426640
2.1230377699
1.9119936242
1.9991480604
8.1125860502
1.9898399424
2.3071805309
1.6730298109
1.2766300883
1.7370923565
21.8747099892
2.1407719182
1.5738780158
2.7305999683
3.0148981360
1.7197424682
2.1674138339
4.6326551898
1.9280098661
1.6549192751
1.4991164837
3.2947980596
1.9224661507
1.9438670013
1.7659051852
1.6138640569
1.6967782589
2.0201630368
1.7905701875
3.2311249358
3.3279463114
5.4331556562
4.2848969026
1.6389471708
4.2117203551
1.3994680419
1.9272809912
1.9063997164
2.7682299553
1.6647120391
2.0471769775
2.0624662195
3.1996411437
2.2723820961
1.4397403357
2.0853712812
2.3482149091
10.5029382724
1.1707897334
1.9171820157
2.3264651951
1.5857528466
6.2205382666
1.6677324450
2.1864180721
1.0508536458
34.9845477657
6.7968146595
25.3970079682
31.6887844439
12.4942134685
4.4221032286
9.9870901218
1.8489618559
1.1129384856
1.6433464249
2.7657497324
1.6496447892
2.0583489127
1.5020529135
15.3965301475
5.3816802276
1.7493760586
1.7761685534
17.9501802946
37.5341781340
11.6948469001
2.0331174080
1.6352982752
2.6521219981
1.7877237363
1.7352446168
1.7618372005
2.0186643873
4.6738899907
1.4528307736
1.6796312563
2.6773507324
1.6226877056
1.4484096530
3.5599553615
2.1155719028
6.2727716770
1.7367343951
8.2581407104
2.5237671724
1.7980289266
1.5674057946
3.2721501251
2.2344707217
2.0636573572
1.6298819038
2.1594461943
2.7317240520
2.7666416538
3.6101395835
1.7053607264
1.5199236861
1.6055112701
1.8640797349
1.4039521684
1.5566312084
1.6176185928
1.9377059001
1.5839661380
5.1340360230
1.9822856620
2.0528244009
1.6046465035
16.9005162729
1.9160604968
3.4373188571
1.7891958966
1.6514661842
1.5909416604
1.4765000636
5.7245713893
1.7488435374
1.8477139185
1.5561457846
5.5341880364
1.4600610763
2.4986088599
1.7113920664
2.3937566725
2.5481474211
2.3062365710
1.6350226337
2.2170944915
4.8122216967
1.9081376952
3.2787849607
2.0619742705
4.3087726927
4.9444382643
1.9246022669
1.7250643377
9.8494760003
15.5191321197
2.1982970364
3.8753008457
1.5672606778
1.4130867826
1.5096438887
1.3403581137
1.7750542288
2.1845939609
2.4097525200
1.6930530870
2.1380184713
1.2942917887
2.2333612466
2.2923769287
1.0621605360
1.7950175162
1.9673366898
2.2409969233
2.5177635230
13.0850550798
1.8256598434
2.5332367636
16.5535916660
5.1002210779
1.6329639453
1.4842512578
1.9553985539
1.4518568032
1.6695096643
1.5778235383
2.1564757090
6.8170994401
16.8999188107
3.5288833245
1.4154587433
1.1122584058
2.3580675874
6.8419020172
2.2831090480
4.1776037606
2.3134140935
2.1435654458
3.0350163197
1.7970600588
1.5011018392
1.8976071631
10.4153670256
1.7703596111
1.5639385438
1.9299931339
2.5087857739
1.7134470133
1.2591748812
2.1546924833
1.7316564820
2.6000604170
2.2079649667
2.6053311268
2.0423808870
3.6331250667
2.0185298663
5.7908023601
1.5700992841
2.2805025176
1.7743692750
3.2880084435
2.0548670733
3.3419049058
2.9372749035
1.8479371682
1.5238339261
2.7833041455
2.4965309742
2.1836207238
3.9619096015
1.7951302854
1.5793798542
1.5479704821
1.7480991401
2.6087546552
5.6590950145
2.0005112507
4.7132097493
4.7696959232
1.7128912958
2.2759184766
1.5568895987
1.8491108962
3.9363722707
2.4525394590
2.8192780257
1.4842646580
1.5167965763
1.9360472940
3.1516007344
1.8964854400
1.6320462349
1.7320675292
7.7237290627
3.3220850634
5.0129975405
4.7567814388
1.6200470530
4.8751022194
1.8941939473
1.7417641929
1.7136562205
7.4332572317
2.3913252235
1.2877233760
1.4943833498
1.7095891437
1.0335137374
2.4752790688
1.5492480737
2.4417105589
3.8629036969
1.2548338013
1.5799801273
9.1050633214
20.2302201068
35.2825956713
11.9875943259
1.6663320408
8.3574280922
1.8983401232
2.9033814395
1.5576256783
5.2995752779
1.9728511678
2.5182377632
4.6927090486
3.8208661144
26.6581464086
1.6577299863
1.8522531244
5.9732338584
1.7701271510
1.8042439767
1.6034377773
2.9536776915
1.4069268626
1.5070315366
2.3708326969
1.9542832080
3.0946606771
1.7935193059
2.0868028656
2.4355190221
1.8089596544
1.5634098428
2.4877323943
5.5052858463
1.8587573295
2.1124718279
1.5725348726
1.4453933981
11.2440471064
3.6718297299
2.8290300696
0.6927407830
1.6907922416
1.8525727130
1.8502817676
12.2749690853
5.0281688626
3.3114615054
1.9171905793
6.8237372213
1.8823463118
5.2080560755
3.9570711456
27.9678572100
1.7649583550
3.1621672903
3.4018212157
1.6724843657
1.8697674756
6.9618045213
1.8514109743
1.8244617356
1.6497805241
2.1558030137
3.1532925374
2.3311493578
1.7275132037
0.5329926329
2.4776544448
10.5536239143
1.7192659645
1.5481980713
3.2742196754
3.0600925229
2.9204702180
1.7083241459
1.6754529391
2.4627748061
1.3314398205
2.2079265797
6.6724087610
1.6758813550
1.9494024619
1.6599659678
1.4662301795
3.0747154781
1.6828424471
1.4961130325
2.0378673670
2.5377955515
2.4696280073
2.5480800560
5.3511120829
1.3170507723
2.4243421772
1.6921642429
9.5838115800
4.5886179446
3.7067371714
1.6331171888
33.7111332285
1.8189170807
1.5174818850
3.0139602307
2.1511392435
1.9640016746
2.0455303150
2.1004273431
4.8095880607
1.6847169159
2.3301627514
1.8293781440
2.7495868448
3.7880858538
2.2312663338
1.6070971773
1.3665950761
3.6983276573
1.8012094110
2.7267086239
1.8751682641
2.7864544766
2.1032694680
2.5951555440
1.7139926125
1.4066019288
2.0212298038
2.5502278834
1.4837923190
1.6471588761
5.8150591254
1.7949759555
4.0241705457
1.4262373210
1.5936402954
1.5897260307
2.7206425027
2.5626883915
1.2960673039
1.5516724987
5.0276486072
2.3239369381
1.7474405431
25.5361349335
8.7514172288
10.8373050029
1.8878836607
4.5757064737
1.7116268227
1.3874261085
1.5005319401
3.5286417526
1.5600132853
6.0212170836
1.4924513069
1.6436949031
1.8331171465
2.4176684033
10.2433198857
7.4280119426
1.3492352050
3.6536089024
1.6222212640
1.7560370777
1.8764214390
4.9936607426
5.9726562285
1.6683528278
1.2599194021
1.9623895019
1.6243231772
6.7413956547
1.3359047680
6.2074523299
24.7194165521
1.9044181141
1.5489362871
1.3603208899
5.1916003981
1.7201175448
2.5443118058
2.0944363257
1.6670228747
2.0166677519
2.0486713172
3.3029335595
1.8253391060
3.4003275382
4.1207396628
2.2448654756
1.6264999173
4.1386614821
1.6914391629
1.9052684188
21.0470109862
3.9120062488
3.5834353266
3.8677317523
2.0172882167
9.1083680082
3.5427002365
12.6926177067
1.6760128680
1.2912562278
15.5247978874
1.5922392804
2.0996537603
1.5660347988
2.7291332125
3.6768535599
1.6202360070
3.1865103734
1.6193886485
1.5882505812
6.0254121700
1.8777085449
1.2663056640
9.8936058949
1.5389218759
2.1578892279
4.4241651701
2.3302130750
3.0563584173
6.6477298171
3.1423212991
2.4024113785
2.6406593224
1.8941270841
1.6241462994
2.0985906827
3.4597877296
1.4589584435
2.1564457979
5.6436284072
1.7739735585
7.1527031126
4.3315126099
6.1389315068
20.6597392351
20.7676984997
36.3675725500
6.9649773167
12.8583737398
9.7908465907
3.2070788525
2.0447627260
1.6567749709
2.3867722588
1.6621210339
3.1511681017
1.5073906804
1.7077833691
1.5730230111
2.7297270404
