likelihood_theta2,theta2
8.2702799956e-32,0.0769934900
4.7172980740e-24,0.7481468851
2.5768109989e-27,0.3467898254
8.1038218840e-24,0.7942386218
1.2735806739e-31,2.0822914404
2.4681543624e-24,1.5003409187
3.7867923977e-31,0.1048862002
3.1893880551e-24,0.7177576530
8.9132816228e-29,1.9089350056
6.4869262269e-24,0.7746142436
1.3260194684e-50,2.8600065250
4.8723972474e-28,1.8573417824
2.0355367684e-55,3.0156820937
3.8736496473e-66,3.3365880687
3.1884905308e-80,3.7243286483
3.5652774367e-23,1.2482104694
3.9297097996e-25,0.5809737591
2.4788385431e-28,0.2667012542
5.6541482537e-24,0.7629834393
3.9431657843e-25,0.5811713558
1.2202424425e-23,0.8334637459
1.1219969005e-23,0.8250316932
9.6710429781e-28,1.8354471230
1.2577684402e-26,0.4101694518
1.0058833752e-23,0.8143775874
1.6591884015e-23,0.8665168313
7.2657820846e-30,0.1694768446
3.7952539591e-25,0.5789651493
2.5243867777e-24,0.7005354605
3.9646688563e-33,0.0340794545
1.0454964538e-23,0.8181053133
5.8700554072e-28,0.2945179543
1.2650733470e-31,0.0843992948
2.5966676314e-23,0.9237392097
3.3543308394e-29,0.2086092388
7.4962155412e-25,0.6195734458
4.3262055000e-23,1.2043718053
1.2840425173e-27,0.3214181664
3.9810637907e-23,1.0007462567
5.7614426330e-44,2.6271692183
1.3120022627e-27,1.8254829123
1.1415134644e-28,0.2431674543
2.3556103501e-30,0.1432293348
6.1947219685e-30,1.9836797950
1.2207644816e-25,0.5170448229
1.9686154249e-26,0.4296380491
1.7636555562e-23,0.8735740706
3.1098273469e-25,0.5676050930
4.3430067577e-46,2.7044366810
2.8423772343e-81,3.7521830482
4.7999086733e-23,1.0608392949
4.9688214345e-23,1.0822880433
6.2874382053e-25,1.5775915211
1.0195704650e-23,1.3973018897
4.8599948268e-26,0.4712179657
4.3403514132e-23,1.0235425820
3.4394344870e-23,1.2548210004
1.2522565179e-30,0.1293908421
4.6767634614e-24,0.7474532352
4.0963074669e-26,0.4631060004
6.6158457282e-26,0.4861576954
1.7760176367e-31,0.0905296063
4.6370027377e-23,1.0457658058
8.6620949275e-31,0.1216040724
2.3539218595e-25,0.5520848210
1.4549034216e-25,0.5262044329
5.7909239060e-28,1.8518889900
7.9262535094e-28,0.3046460320
2.4732198749e-24,0.6990568786
2.4524629751e-24,0.6984496477
8.9564260001e-27,0.3958902455
6.6385498689e-26,0.4863258791
8.0411206715e-28,0.3051371865
3.2239346531e-32,0.0617322870
4.7164018288e-27,0.3699900868
5.0241313709e-31,0.1104794461
3.3940872289e-24,0.7224497477
2.5484767410e-24,1.4983346168
7.1273026757e-52,2.9019621755
9.8603555928e-24,1.4001838666
1.9576130956e-24,1.5145435263
2.0516178629e-29,0.1955684764
2.0260221190e-27,0.3378706314
1.6832978105e-32,0.0521946159
2.3353792900e-27,0.3431202280
1.1989761073e-23,1.3828742020
3.8086260682e-77,3.6419712888
2.0321756578e-29,0.1953203698
1.5916636255e-29,0.1890107490
1.1036267998e-23,1.3903491615
3.2483636513e-33,0.0319229020
4.3436863409e-27,0.3667631085
3.6021181453e-27,1.7914061584
2.4408865014e-30,0.1440267507
2.1634367832e-23,1.3215582033
4.9378535597e-24,1.4541024238
1.0417165797e-29,0.1783179527
9.9328298721e-25,0.6372635795
1.2910804938e-23,0.8392629914
1.2930129255e-25,0.5200305139
1.1838315331e-31,0.0832224266
3.2598022131e-25,0.5702713235
1.9999835074e-32,0.0546425325
1.3647786290e-25,0.5228494955
7.1853789491e-25,0.6169599287
1.4543272012e-23,0.8518778281
3.2174468546e-34,0.0124389570
3.8475511106e-31,0.1051977807
4.6831520412e-23,1.0497341579
1.2554131213e-26,0.4100895170
6.5837373898e-33,0.0399379708
3.7578609020e-28,0.2798998650
5.5688254966e-33,0.0379449831
2.5685799361e-27,1.8030104891
1.5887391149e-34,2.2323062231
2.9450716559e-24,0.7118159483
5.4379123259e-26,0.4766145330
2.5200605938e-26,0.4406868174
4.9524193166e-30,0.1603120973
4.0124295894e-23,1.2236002158
5.8483357592e-28,0.2943943963
2.1187665177e-23,0.8960265644
2.3269537583e-23,1.3126143391
3.2057025546e-23,0.9571551812
1.0206843900e-27,0.3133589203
1.6955008879e-27,0.3313748129
2.8896643532e-24,1.4903541423
5.0549826395e-23,1.1034648522
3.0983737351e-24,1.4858466166
4.1072151222e-24,0.7371502719
2.3595539286e-28,0.2651638796
4.7395313964e-23,1.0548752031
4.3296690700e-23,1.0228162372
3.8984134962e-23,1.2301016024
3.6606865792e-26,0.4578348163
7.2672371473e-26,0.4907859387
3.0782514054e-23,1.2734581923
2.3498190290e-25,0.5519888862
1.5410486314e-50,2.8578305772
2.3035948740e-24,0.6939617141
5.4797905651e-26,0.4769849049
1.1310933123e-27,0.3169472236
2.2967567370e-75,3.5937945268
2.8175958393e-29,0.2039316940
1.4804302689e-33,2.1844700535
7.2902261616e-32,0.0748563233
4.8445354665e-26,1.6941789412
3.2634035466e-26,0.4525007711
3.1572999738e-37,2.3565898797
1.6931147473e-23,0.8688357050
3.9851376055e-33,0.0341362613
1.7336213205e-30,0.1364369349
4.7135163001e-47,2.7385949348
3.5919676408e-23,1.2467958472
6.9825541383e-31,0.1171473158
1.4277518691e-23,0.8498881785
6.0524052899e-24,0.7687021581
3.2546644439e-24,0.7192805186
3.0683128082e-25,0.5668465418
5.5833054725e-24,0.7619330764
5.3645102840e-24,1.4481238764
6.9166953188e-37,2.3415561548
8.9008236194e-130,4.9603241768
9.4796173798e-79,3.6850379265
2.5058086336e-65,3.3132742502
8.4310745130e-48,2.7646982927
3.3739253502e-25,0.5722270028
8.2074965966e-55,2.9965791390
2.8232246261e-23,0.9362960186
4.7431497342e-32,0.0677883903
6.2507435973e-79,3.6898748163
6.3835417047e-29,0.2263851345
3.8571671757e-31,0.1052466780
2.0938616681e-23,1.3254426584
2.4836615614e-23,0.9173664077
6.3634964871e-31,0.1152497764
1.5006343242e-29,0.1875061034
4.6806811637e-23,1.1781919804
3.6135908316e-28,0.2786402839
2.7844558052e-23,0.9341637280
1.3024939417e-28,1.8977146110
1.0562145207e-25,0.5095938535
2.4918560744e-27,1.8040412309
6.3769431125e-25,1.5768624395
1.7598709721e-23,0.8733225762
1.2426026680e-28,0.2456775995
4.2859820173e-23,1.0198841920
1.7909498599e-28,1.8881662889
3.4122743565e-26,0.4545658291
1.8330237128e-29,0.1926435407
7.2372784161e-30,1.9794982433
9.6523043564e-58,3.0878848086
2.6065407531e-26,1.7188529471
2.7531748477e-29,0.2033155901
2.6176498703e-27,0.3473790525
2.3633688400e-26,1.7226558524
2.9369928671e-91,4.0118558014
3.0326569476e-25,1.6136831591
9.1850092914e-26,1.6675021065
3.2899749527e-29,0.2080866861
3.8571309696e-23,1.2324098477
4.2809178973e-23,1.2073042412
2.2381554192e-27,0.3415430595
4.7102588300e-23,1.1756076131
1.8016214570e-27,0.3335787420
1.4905050555e-27,0.3267317246
3.3336872229e-31,0.1024059263
6.4890112350e-25,0.6107187467
1.5126415850e-28,0.2515554017
9.4180079329e-32,0.0792246588
1.6323454865e-24,0.6699830677
1.5924207333e-29,0.1890229246
2.2521911938e-30,2.0104032740
3.5242512956e-23,1.2503757255
1.9902206469e-23,0.8881352808
2.0028091920e-113,4.5646742098
1.0728344486e-30,0.1260982664
4.6103118028e-24,0.7463054885
8.0081752854e-24,1.4174685178
1.7384114581e-23,0.8718908196
2.5417344175e-30,0.1449370119
3.8412164951e-26,0.4600854679
1.1378313334e-23,0.8264239962
6.3424631693e-28,0.2971059728
9.0136403427e-30,1.9735629118
3.1853543007e-24,0.7176626964
1.2376623835e-33,0.0225971328
3.4467449838e-27,0.3578116380
1.2026146074e-32,0.0475942083
9.5747187462e-28,0.3111399029
4.8431650417e-28,0.2881544983
5.5030338116e-24,0.7607300698
4.7751624195e-23,1.0583283402
1.6845489338e-26,0.4227830309
6.0471612875e-27,0.3798657125
1.9289855150e-26,0.4287383752
3.0621543586e-26,0.4495676070
4.5579130371e-30,0.1583593907
2.5768872851e-28,0.2679145045
6.4978164533e-26,0.4852747911
2.0397895333e-24,0.6853620278
1.4031306747e-31,0.0862506276
1.7645531358e-24,0.6753047947
1.1224370553e-23,0.8250705784
5.5679983516e-27,0.3765631789
2.3402824243e-23,0.9091390101
6.4117300148e-27,0.3822212195
2.4613546689e-24,0.6987103014
3.7512227039e-23,0.9873454696
3.8658581782e-33,0.0338018223
9.9832384524e-28,0.3125888321
6.4380720751e-26,0.4848222805
2.2760782063e-34,0.0103148528
2.3308031135e-28,0.2647825856
1.9932150270e-33,0.0269757342
3.5726120968e-27,0.3591887418
2.3550521996e-25,0.5521112247
3.0071551226e-23,0.9463517409
3.6426646682e-24,0.7278411585
2.1734707952e-33,0.0278181879
6.9030455986e-29,0.2286032147
4.4610946555e-31,0.1081129339
1.5579006008e-30,2.0199423726
2.8856315625e-28,0.2714739083
2.5032077578e-25,1.6227329855
1.2951533170e-24,1.5386215507
9.2740864787e-30,0.1754412889
1.7825188342e-33,0.0259101817
1.0615837907e-25,0.5098531849
8.1472083241e-63,3.2401686974
4.6111647752e-31,0.1087694895
5.1218121323e-27,0.3732443723
7.2006650916e-29,1.9151761636
1.7396717552e-30,0.1365132962
4.4811905357e-24,0.7440364532
1.9439077498e-23,0.8852317139
2.9326726434e-26,0.4475856711
3.5161057736e-23,1.2508043799
1.3094111548e-28,1.8975567751
1.6988899449e-27,1.8169263691
1.4322185619e-23,0.8502242102
2.7092297587e-31,2.0639217734
2.6067737097e-29,1.9442434831
4.8987178438e-35,0.0024896340
3.8635387009e-23,1.2320530117
4.2374354549e-25,0.5853476236
7.2701273303e-29,0.2300789793
3.7813949520e-27,0.3613776474
3.3692438809e-24,0.7218930691
1.5756915834e-32,0.0512725240
6.8571118752e-30,0.1680769182
1.9926933607e-26,0.4301765948
1.3945008451e-23,0.8473655205
4.2931089017e-33,2.1609229385
1.0991416155e-25,0.5116344711
2.6064317433e-27,0.3472180430
4.0064233424e-32,0.0651058934
1.9030181367e-32,2.1271126840
4.7833222893e-26,0.4704583764
1.0195072845e-27,0.3133187709
6.9844805499e-24,1.4282877431
1.3131488489e-24,0.6554002949
9.7920467835e-96,4.1257060651
2.2841334101e-38,2.4057967858
1.3888170371e-42,2.5751276359
1.0424827055e-23,0.8178252640
1.6462699017e-27,1.8179738837
2.1235676526e-27,0.3396012014
2.3066805476e-24,0.6940572126
1.7045458911e-24,0.6729336747
2.6490615704e-28,0.2687805901
2.1704091287e-58,3.1077239815
2.4887771327e-23,1.3039720808
1.8134011161e-29,1.9543789783
1.7481280413e-30,2.0169714026
2.7899660862e-25,1.6176384367
5.0614013284e-23,1.1212570150
6.8763839966e-25,0.6142602242
2.5223002861e-24,0.7004756662
2.7529785975e-24,1.4934529395
7.4744730208e-29,0.2308708165
4.4911415663e-23,1.1930462251
3.4921962132e-33,0.0326968293
3.9731080167e-31,0.1058275649
6.1324138584e-28,0.2959780122
8.6466152053e-34,0.0195814776
8.4367032920e-27,0.3934177182
5.6584985253e-32,0.0706492018
5.0107560037e-23,1.0901982646
1.2423090848e-36,2.3302206079
5.3766529679e-28,0.2916009222
4.6628820725e-23,1.1797048089
2.2631871907e-25,0.5499269310
7.1217016290e-25,0.6164121467
2.1920786275e-23,0.9004281354
1.3129373781e-31,2.0815573982
4.2470577871e-25,0.5854797282
3.3598987863e-23,1.2589578146
1.4996204504e-33,2.1841881581
4.6302249922e-23,1.0451986215
8.6486449030e-34,2.1961727367
8.4667698486e-25,1.5619770675
1.0336374932e-29,1.9698392379
2.4735628608e-48,2.7831099433
4.4113391522e-30,0.1575935935
7.6289539219e-25,1.5675088109
6.7074997928e-24,0.7774981398
1.0934288547e-55,3.0241561975
4.9122817869e-23,1.0739233119
3.2600711564e-30,0.1505904648
3.8391792020e-27,1.7891958562
8.2438830721e-29,0.2336824246
3.8964678050e-63,3.2495683118
8.1585919109e-31,2.0364470998
2.1381943863e-24,0.6886754817
3.1198466461e-26,0.4504260829
2.6219131525e-23,0.9251515244
3.6860037795e-24,0.7287497446
8.9819438130e-26,0.5013662330
1.2471577251e-25,0.5181537441
8.1326465650e-24,0.7945603452
8.9155329511e-28,0.3086771051
3.3304832246e-30,0.1510804288
6.8476056714e-28,0.2996834300
3.8594877356e-23,1.2322786633
1.1900962437e-87,3.9190425878
6.7757071869e-91,4.0025613868
2.0258570626e-101,4.2684432179
3.1366570006e-23,0.9533989147
4.5538529339e-23,1.1884014320
1.1242560937e-23,0.8252311682
8.8283572370e-24,0.8020798854
2.0411194529e-24,1.5120230001
1.7440609622e-23,1.3459196084
2.0315566760e-24,0.6850786413
5.1613314290e-34,0.0156460955
4.9138918821e-23,1.0741388109
1.3556662688e-27,0.3233453053
2.2188041846e-25,0.5488426880
2.2377364974e-26,1.7247661464
1.4263845081e-40,2.4965347480
6.0641814069e-28,0.2956039225
1.3717343413e-23,1.3702434944
2.8612180259e-23,1.2845946204
1.3207615272e-23,0.8416302706
3.0255671498e-24,0.7138177647
6.7215759741e-34,0.0176023884
1.5715630815e-30,0.1342936395
2.9460749852e-30,0.1482782318
9.0425429611e-27,0.3962871709
4.3202969811e-30,1.9932910763
3.1590086141e-23,0.9546146698
1.6554701079e-55,3.0185030654
3.9375748921e-62,3.2200122489
3.3677296420e-23,0.9659942776
2.4202503140e-50,2.8512829341
3.2196295926e-97,4.1631297892
4.1215389575e-26,1.7007176928
1.2726433008e-30,0.1297368050
9.0515918868e-26,0.5017557344
3.3388239136e-24,1.4809507082
4.9792784281e-23,1.0840731138
5.2494663515e-29,1.9243309258
4.9059144798e-81,3.7459046890
1.6532356264e-25,0.5329674489
7.5946281627e-26,0.4929706947
7.6874131818e-31,0.1191269771
9.5250350119e-35,0.0056765985
2.0264450865e-26,0.4309215630
5.0714254991e-24,0.7540110387
1.3151481866e-23,0.8411852593
2.7090975790e-81,3.7527351973
2.5948826912e-24,1.4971992229
8.9393283890e-27,1.7591408844
3.9730091322e-23,1.2258706743
4.3432439990e-32,0.0663820104
2.3700561237e-23,0.9108622269
8.0717872221e-24,1.4168301903
8.9140748495e-33,0.0436941784
1.5601638809e-24,0.6669178922
3.7891031593e-25,0.5788717395
2.3372281734e-33,0.0285363952
3.1570956062e-25,0.5684577223
2.1816988971e-31,2.0692274753
1.0330352862e-30,0.1252989970
1.5551616403e-29,0.1884172524
5.1020818431e-33,0.0369261913
6.2685719178e-28,0.2967131636
1.1374868608e-31,0.0825179466
5.0295502195e-33,2.1573780995
9.6758037391e-62,3.2084600914
8.5940367081e-105,4.3523046642
7.7777827363e-38,2.3830505588
5.5150901196e-80,3.7179985525
3.9814359455e-23,1.0007685195
2.4645956661e-32,0.0576888583
5.4649715945e-25,0.6003571490
3.6135943325e-24,1.4756940968
3.6622696635e-27,0.3601427502
2.8582481592e-23,0.9382177745
1.6203698267e-23,0.8638296078
1.1652905233e-32,0.0471748202
1.7129566054e-27,0.3317459097
4.9129424980e-25,0.5940265925
1.3415515234e-36,2.3287258664
8.9536501449e-28,0.3088240187
1.4288134848e-28,0.2498425321
8.9707013655e-31,0.1223346670
1.3612723979e-27,1.8242687750
5.7507726243e-25,1.5821657639
3.3576912188e-29,0.2086362677
1.0300128411e-26,0.4017198903
3.2621273914e-24,1.4824803341
7.1689130948e-26,0.4901122392
9.0969013072e-24,1.4070060954
6.3906452167e-25,0.6097894854
5.3036476147e-24,0.7576804300
7.4159117115e-26,0.4917889875
8.4466336416e-26,0.4982770473
2.1106740537e-23,0.8955365343
1.7566315936e-23,0.8731070736
7.9975095167e-28,0.3049514786
8.3663993937e-25,0.6264088931
2.5321868622e-28,0.2673667784
3.9546832492e-33,2.1627569123
4.9029481635e-23,1.0726944960
1.1512072919e-89,3.9709931240
4.7077279347e-30,0.1591188039
6.0039215283e-60,3.1549341013
4.1725546587e-24,1.4659216712
2.2288325196e-23,1.3179521138
2.3003337083e-23,0.9068135655
1.7942332362e-25,0.5373401746
1.2200243439e-28,0.2451338182
5.2226309489e-28,0.2906395764
4.1179694159e-26,0.4633545076
2.4312834136e-25,0.5538659508
6.9751328338e-24,0.7809005056
4.9976989723e-27,0.3722739965
5.0197330058e-23,1.1361341388
3.8589858579e-23,0.9935491940
1.6395585858e-118,4.6885404775
4.1602588844e-55,3.0059042220
3.3513463033e-59,3.1323903332
5.2996205758e-77,3.6381037045
6.1490713736e-32,2.0996933707
1.5659436664e-31,2.0772963889
1.5617735982e-39,2.4544141360
1.5212468648e-25,0.5285553258
3.6167709543e-24,1.4756352387
1.6788842010e-65,3.3182863439
1.2772135501e-27,0.3212292855
3.2030077700e-27,0.3550081828
1.0147543639e-24,0.6386314925
1.5345787017e-26,0.4187239302
4.7838786179e-23,1.0592013654
1.0331074595e-24,0.6397806631
1.5648795286e-30,0.1342009046
4.5926187084e-23,1.1854100609
1.8609070238e-24,1.5175781365
7.4388949339e-33,0.0414286279
1.2438752833e-23,1.3794871040
1.9111946460e-35,0.0000214627
4.0849601352e-23,1.0070505736
2.2637460742e-30,0.1423397117
5.8070939491e-29,1.9214181108
2.2728326447e-28,0.2640003586
1.4880507105e-29,0.1872914656
3.4458969189e-27,0.3578022036
1.5872519576e-26,0.4201894404
2.9963151298e-30,2.0029444759
2.2712776715e-32,0.0564872400
3.0694798329e-28,0.2734294355
1.3293556511e-27,0.3226485249
4.0258528445e-25,0.5823724326
1.2291248380e-28,0.2453541093
2.2788762444e-30,0.1424885160
5.0527835492e-23,1.1024529092
1.8665772096e-30,0.1380605871
1.0572834535e-24,0.6412672855
4.3742473863e-27,0.3670370931
3.0014088589e-26,0.4486475465
1.1629759315e-23,0.8286077749
1.7860698039e-27,0.3332633589
6.8000720665e-24,0.7786866445
1.3739761628e-24,0.6584014476
3.0222266986e-30,0.1488593405
1.5735447254e-27,0.3286794034
1.2081473401e-25,0.5165069738
3.7139449565e-23,0.9852262651
2.0907447682e-31,0.0935453077
1.0512816143e-23,1.3946352510
6.5208531381e-25,1.5757089012
6.0607311189e-25,0.6065767321
2.2630568875e-24,1.5057213911
2.1507373258e-28,0.2622905798
7.8572749588e-24,0.7914511414
1.3134799578e-26,0.4120212669
7.0634394773e-28,0.3007315440
2.8960438839e-25,0.5635963757
1.5345173266e-27,0.3277761196
5.5562221679e-24,0.7615287298
3.8586724518e-23,1.2323240522
2.1446861422e-33,0.0276874996
3.6496465839e-24,0.7279881332
3.3795828747e-25,0.5723223926
1.4945851102e-26,0.4175800840
4.4607412833e-27,0.3678031031
4.2503271817e-32,0.0660389351
3.2844526068e-27,0.3559661378
1.4227108893e-30,0.1321358105
1.4502826970e-32,0.0501275119
1.9190171424e-23,0.8836567711
1.3029489877e-25,0.5204291770
5.9147423243e-35,0.0034086508
2.4800109799e-23,0.9171590259
4.2134622375e-29,0.2148149230
8.4133525820e-101,4.2530037782
7.5380414238e-75,3.5797499616
2.2109904907e-36,2.3189679934
4.8223261399e-23,1.0632068581
1.8036026179e-38,2.4101411229
7.0522564171e-51,2.8691280123
4.6730806115e-24,0.7473899718
3.1160177901e-23,1.2715213403
1.0881465032e-28,0.2417579492
9.0686458539e-54,2.9633612736
3.5993748152e-82,3.7759001707
5.0610600003e-23,1.1069539407
3.5921684012e-31,0.1038562153
5.3949345220e-26,0.4762317157
4.7812533904e-26,0.4704377261
8.7524628038e-24,0.8012813872
2.5768207817e-28,0.2679136962
4.2773595409e-24,0.7403440125
4.9768395205e-24,0.7524778178
5.2000124028e-30,0.1614649710
1.3662935109e-30,0.1312627573
4.9159277666e-34,0.0152983652
5.0578830302e-25,0.5957481367
2.0342628075e-24,1.5122266608
3.1600905178e-30,0.1498775639
7.6351846404e-26,0.4932353240
2.9144957673e-23,1.2818567787
1.3479587255e-26,0.4131315708
1.0096515042e-28,1.9052658037
5.2478795509e-28,0.2907989478
1.8451131235e-34,0.0091117579
1.6241264194e-23,0.8640912931
1.5614271484e-29,0.1885200395
1.7981525886e-28,0.2567942587
2.4414591870e-23,0.9149626605
5.1099325775e-35,0.0026997544
5.0432018297e-23,1.0987936638
2.3515633556e-26,0.4375674724
8.7044377054e-30,0.1738822285
2.6826639000e-32,0.0589500047
2.5135945860e-24,0.7002257263
1.5577406290e-25,0.5298090167
1.6677779441e-32,0.0520647885
1.3148751541e-23,0.8411635824
3.5814766909e-33,0.0329692695
5.4602176892e-33,2.1555339889
5.8618172390e-27,1.7743248455
3.3184698543e-23,1.2611028079
2.5170959306e-30,0.1447177645
3.4227957950e-59,3.1321128204
2.6736208506e-25,0.5591310815
7.9077841337e-33,0.0421864596
5.0063495326e-23,1.1390995743
1.4551830560e-30,0.1326238488
9.1527529134e-25,0.6320636111
3.7811932767e-23,1.2366013639
4.6043090759e-23,1.0430632945
6.5442487939e-86,3.8738885846
1.5306338783e-79,3.7061891417
4.7499198557e-29,0.2181172104
3.1676806240e-26,0.4511269160
1.6478283367e-27,0.3303431124
4.7386317648e-44,2.6303182028
1.6534919611e-29,1.9569375637
1.7015043560e-80,3.7315763665
3.6235975230e-76,3.6155466794
3.7250481365e-70,3.4502673167
5.0656622171e-23,1.1119082803
1.9606026364e-34,0.0094534655
6.6751364093e-31,0.1162253646
1.0579715039e-25,0.5096788464
5.7818632800e-32,0.0710027871
1.7466753387e-24,1.5213391683
1.1825814738e-25,0.5154012686
8.9424855274e-27,0.3958256630
6.4324118557e-24,1.4346161468
1.7891004317e-30,0.1371280453
3.6679862078e-23,1.2427378230
2.5092170584e-25,0.5556090908
4.4838847259e-27,1.7837809567
7.0291184260e-25,1.5718067155
9.7849410685e-28,0.3118924825
6.0409127302e-29,0.2248286574
5.2116637606e-30,0.1615179564
4.8834656317e-23,1.0702316731
3.8030173300e-23,0.9903118577
3.0372390115e-24,0.7141043090
7.8159176496e-25,0.6221628828
8.9386240930e-25,0.6305677667
2.1864638493e-34,0.0100798633
2.8573710102e-27,0.3506762711
1.0331145644e-24,0.6397811045
7.8272119451e-27,0.3903335166
3.9114318435e-27,0.3626855059
3.5423118250e-23,0.9756085421
3.3443762965e-23,0.9647167543
4.9352254095e-23,1.0771034602
1.5781028968e-28,0.2528328880
2.9073053595e-25,0.5638141113
8.3670106299e-32,0.0771919295
5.5837719058e-104,4.3321456066
5.8161432877e-24,0.7653467349
8.8401213865e-28,1.8383550356
2.9069215926e-28,0.2717061695
6.8216586793e-31,0.1166695782
2.3863087676e-27,0.3439224545
9.6952817868e-25,0.6357194575
9.6335722566e-31,0.1238283119
9.2999656699e-26,1.6669700293
2.3041888292e-41,2.5279018174
1.1792956558e-28,0.2441288772
1.4180907840e-32,0.0498200328
1.0930846638e-30,0.1264944461
7.4306075807e-33,2.1485899046
9.9449181980e-29,1.9057120618
3.8000733057e-23,0.9901425192
1.9401377787e-31,0.0921579897
5.7267600227e-25,0.6031612706
2.9105174866e-33,2.1695773327
1.7068744395e-23,0.8697685945
2.5315466757e-26,0.4408924364
1.2034382260e-40,2.4994844231
2.3302445801e-39,2.4472603913
3.7447389605e-100,4.2367910033
2.3012903725e-23,1.3140025613
3.0760557716e-24,1.4863165597
5.9774033727e-35,2.2526619783
4.6152338350e-23,1.0439571467
2.3492367063e-26,0.4375229841
5.4874690624e-28,0.2922769862
2.6525514896e-28,0.2688219133
4.5203926990e-23,1.0364671786
1.1708380987e-23,0.8292839478
2.6829772518e-30,0.1461569874
7.3843081679e-29,1.9144420996
3.6295766635e-23,1.2447938172
3.6481662328e-23,0.9815154116
8.7332170700e-31,0.1217745603
3.7720053724e-23,0.9885325416
8.2214999186e-26,0.4969241531
1.3073623684e-25,0.5206053673
6.0459693246e-27,0.3798577997
6.9623985668e-26,0.4886693164
3.5406688371e-28,0.2779858296
4.6597305596e-25,0.5909066647
2.0148801220e-29,0.1950977966
3.4893261808e-28,1.8677683878
8.2737072895e-52,2.8998383615
7.8728809580e-32,0.0761557636
1.9022051554e-28,0.2585132260
1.2033656827e-32,0.0476025342
6.8208349340e-30,0.1679489251
3.3927856406e-26,0.4543002376
4.0241237169e-23,1.0033367312
3.9724807463e-23,1.2259009367
8.8142207685e-25,0.6296840964
8.3097831783e-26,0.4974586558
1.1932370887e-24,0.6491093884
7.5800013740e-24,0.7882364057
1.9533583846e-28,0.2593265943
1.4901561824e-40,2.4957748084
7.8314156634e-62,3.2111807811
1.8412880388e-26,0.4266857054
1.2104685590e-48,2.7937709714
1.0986376095e-24,0.6437422102
9.5349824753e-25,0.6346584884
6.3420798463e-24,0.7726787573
2.2378495953e-24,0.6919005717
3.3596783257e-28,0.2763060162
3.0298140660e-33,0.0311882017
5.0575415957e-23,1.1236738289
8.5655781009e-26,0.4989785867
5.0499319482e-23,1.1012567727
2.3976709255e-61,3.1967626477
1.8306137301e-31,0.0910859941
4.4606937144e-29,0.2163825617
3.0606775523e-26,0.4495454380
1.0947980971e-30,2.0289800518
1.6719661454e-33,0.0253103880
4.3917752665e-26,0.4663966232
2.0028664079e-26,0.4304023436
1.8877737221e-23,0.8816649146
2.2380438159e-25,0.5493150895
2.7093646988e-25,0.5598708023
2.4740479622e-25,0.5548286240
1.4700862964e-24,0.6629150675
4.9586435119e-23,1.1476239129
1.4487141847e-23,1.3649298514
4.7894759593e-23,1.0597684059
1.0480491010e-23,1.3949045727
1.6901604600e-23,1.3492492335
4.1603223994e-24,1.4661240177
5.6146651462e-25,0.6019749133
5.6957478783e-33,0.0382098494
9.1828431395e-45,2.6565564011
1.0071269404e-23,1.3983636339
3.0901910179e-33,0.0313953427
9.0393339588e-29,0.2363440815
2.1346457860e-23,1.3231593691
8.3221947926e-24,1.4143519715
5.3185029271e-25,0.5987353859
7.6120724559e-33,0.0417130286
7.0147741529e-25,0.6154824245
1.2311155685e-23,0.8343682400
3.9530789737e-33,0.0340471833
5.3024391433e-31,0.1115601252
1.8424871034e-25,0.5387651280
1.1899605156e-29,0.1816397999
3.2711869211e-28,0.2754540217
2.4179898400e-23,1.3077304225
9.5310671905e-30,0.1761156530
5.1081107712e-31,0.1108112430
3.8375314476e-34,0.0135920978
3.0184826994e-23,0.9469687464
3.2221874544e-113,4.5596275562
2.2400369035e-23,0.9032728007
3.4054946737e-23,0.9680637040
3.0254783397e-30,0.1488838492
1.1133936886e-24,0.6446055052
9.5353396983e-27,0.3984939831
1.2058120505e-30,0.1285827478
5.1268796712e-29,0.2202364591
8.6996706749e-28,0.3078340234
4.0468424232e-32,0.0652639116
8.5169723760e-24,0.7987707608
2.8855381794e-27,0.3510468406
5.0436613255e-24,0.7535633822
3.4797927850e-23,0.9721503813
2.2377173038e-23,1.3174653185
1.2695115874e-30,0.1296839957
2.8363825243e-30,0.1474161366
2.4420789882e-28,0.2662349195
9.8554589266e-32,0.0800110815
1.5379220916e-26,0.4188183121
8.5527749648e-30,0.1734511536
5.6075783540e-24,0.7622941452
1.1482207211e-31,0.0826833879
8.1773648319e-24,1.4157786874
6.6469125054e-27,0.3836763562
4.6491222709e-28,0.2868133732
9.0989456689e-26,0.5020189983
6.3307532187e-55,3.0001458619
1.1163454433e-57,3.0859445231
1.7909297890e-23,0.8753777642
1.4202777970e-27,0.3250049324
3.6890725715e-23,1.2416038696
1.8619715439e-23,1.3388151246
2.5030667594e-27,0.3457037404
4.8698311915e-32,0.0682120611
4.6297842460e-23,1.0451618677
3.6857038844e-24,0.7287434878
5.3478763206e-26,0.4758093424
3.7707391074e-28,0.2800101174
5.0473576316e-23,1.1281673390
6.1785912796e-24,0.7704523197
1.5675467747e-31,0.0882510542
2.4137208203e-23,0.9133749304
2.4145184002e-30,0.1437829860
5.0564991628e-23,1.1242268639
1.7255008870e-25,0.5352491769
5.7379605491e-25,0.6032786677
3.9876354821e-25,0.5818200897
1.2222734675e-25,0.5171088093
5.4618576854e-28,0.2921218646
4.2984235130e-23,1.2061784152
2.9186398349e-23,1.2816440004
1.2257720623e-62,3.2349531241
4.3530476751e-47,2.7398085172
5.4882170799e-38,2.3895597310
1.8140452532e-32,2.1282168049
2.7024470143e-28,0.2694072763
1.0136490829e-27,0.3131183182
1.8887843801e-44,2.6450692025
6.9351064339e-28,1.8461517226
8.9798428956e-25,1.5588215914
2.1233916722e-23,1.3237876200
1.3449727700e-26,0.4130364513
5.4451517217e-25,0.6001399878
8.2827276108e-28,0.3061494829
7.1737570613e-24,1.4262036243
9.6617784380e-25,0.6354989968
2.2265542475e-31,0.0947201889
5.0654455214e-23,1.1114686098
9.7731099354e-101,4.2513780626
1.9811430389e-89,3.9649298400
4.3358673353e-30,0.1571900005
5.1338978790e-26,0.4738448610
3.3441731763e-26,0.4536316139
5.0135965673e-24,0.7530763977
4.2464020917e-25,1.5973729519
4.3439198600e-28,0.2845955239
2.8231124263e-28,0.2707825841
9.5342303463e-24,0.8092758559
1.3061643593e-42,2.5761451883
2.5298347720e-35,2.2702908111
3.2606661677e-24,1.4825097585
2.7094044547e-23,1.2924306576
4.9939167874e-23,1.1415719934
3.0648730899e-32,0.0609597895
3.9341096468e-23,0.9979539531
1.9210976411e-28,0.2588159607
9.0867175040e-24,0.8047608844
1.3730402013e-26,0.4139230191
6.5251657284e-31,0.1157612605
2.6679368389e-26,0.4432708489
4.4069230664e-23,1.0281611453
1.8761089095e-33,0.0263952388
2.6951333612e-27,0.3484741264
3.7101012844e-28,0.2794879149
7.9752820634e-25,0.6234187073
4.2100817716e-23,1.0149228946
6.9062179153e-30,0.1682491754
3.3816141179e-25,0.5723566057
2.6541905033e-27,0.3478991425
3.6061165102e-26,0.4571344904
7.7790401894e-27,1.7641839886
3.3918696112e-25,0.5725290607
7.0686479323e-24,1.4273558958
3.1025743152e-73,3.5355823706
4.3495772584e-23,1.0241730224
3.8084897937e-49,2.8109168605
7.5032455577e-68,3.3854185954
4.3441010751e-25,0.5867972011
2.7570984825e-35,0.0002517033
1.1788087403e-25,0.5152362602
1.0166235347e-26,0.4011713418
2.3310480930e-27,0.3430512639
9.2140206288e-34,0.0200988352
7.2512852110e-27,0.3872095909
9.6850673421e-26,0.5051780411
9.2465186643e-24,0.8063913242
3.0488316760e-24,0.7143879966
8.4811498770e-28,0.3069606743
8.0871537911e-27,0.3916749282
7.2096126563e-24,1.4258133984
8.1109783916e-27,0.3917958868
4.2630749766e-36,2.3060347078
2.5378056454e-23,0.9204307134
5.4469518440e-60,3.1562060100
1.1452656794e-118,4.6923220027
4.1693274395e-30,1.9942340284
3.4173332364e-35,0.0007834782
1.9834655037e-23,0.8877138858
3.4053987061e-25,1.6081306545
9.1764245297e-25,0.6322270694
9.4623256169e-32,0.0793058100
3.0118612498e-25,0.5658000510
1.6830529206e-32,0.0521925752
2.7010822966e-36,2.3150374899
3.7723173698e-47,2.7419909727
3.9794964843e-23,1.0006525219
7.9645297181e-24,0.7926717300
2.3180848275e-28,0.2646125250
8.3135396901e-30,0.1727564985
3.9865461893e-23,1.2250938522
3.2223368770e-24,0.7185295515
6.3573296387e-29,0.2262688319
9.5163434619e-24,1.4032109590
3.0030764624e-23,0.9461295354
5.0952712712e-25,0.5961850396
9.9219286900e-25,0.6371934362
1.6319077814e-27,0.3299924426
1.0279282811e-32,2.1412273682
2.6015461944e-83,3.8059345868
1.5179589339e-24,1.5295435809
2.8185831355e-23,1.2867893115
4.4955581159e-34,0.0146706998
1.2326968884e-23,0.8344993366
2.6677925662e-23,0.9277087597
9.0646275730e-33,0.0439073764
1.1953311528e-30,0.1283964004
7.0233791881e-27,0.3859101264
5.9981825211e-54,2.9691051026
1.2124564182e-23,0.8328127185
1.2637256633e-28,0.2461781033
5.0421144930e-23,1.0984312868
7.4094223088e-27,0.3880894068
7.5589760579e-24,0.7879890292
5.9300432935e-28,1.8511362223
1.5542782692e-30,2.0200023037
1.8482382436e-27,0.3345093262
1.8449964003e-30,0.1378044998
5.0293571911e-30,0.1606759805
5.7684021129e-25,0.6035967056
4.7660983616e-23,1.1704491444
2.1429750107e-24,1.5090632279
2.4169123802e-29,0.1998645530
5.0522766579e-23,1.1022316541
5.8919251542e-27,0.3788229229
9.7362421911e-32,0.0797999257
1.9028922844e-29,0.1936121494
6.4019889744e-91,4.0031924940
5.3395700347e-59,3.1262575408
1.1025914116e-23,1.3904326138
1.3085938527e-24,0.6551706990
4.7494810372e-32,0.0678098007
6.1853032433e-33,0.0391879931
5.0536494840e-27,0.3727141517
7.2478522603e-25,0.6174931718
4.0224573561e-23,1.0032359204
2.9546686890e-32,2.1169128171
4.2448396815e-33,0.0348371395
1.4602380934e-23,1.3641489523
2.5893908085e-29,0.2016867592
1.9556295541e-23,0.8859698573
6.6872287027e-33,0.0401266197
6.2291116784e-34,0.0170264426
5.1374289206e-26,1.6917848835
4.6886650140e-23,1.0502216185
4.7864045003e-23,1.1684660869
4.5473692353e-30,0.1583050733
1.5298565512e-62,3.2321205960
2.7011547681e-34,2.2211079097
3.5828284632e-29,0.2103922651
6.4368699126e-31,0.1154833841
6.0331209414e-28,0.2954323424
4.8801950340e-23,1.0698305279
9.7312380184e-25,0.6359553119
4.9099866482e-25,0.5939910127
4.3772620576e-23,1.2009829744
3.0432243210e-31,0.1006474092
2.2130340674e-24,0.6911091386
6.4471650324e-27,0.3824435680
4.9449397658e-23,1.1497054600
5.1127988820e-87,3.9026467817
1.1910116329e-23,0.8310048893
1.4900992681e-30,0.1331374654
1.5396996313e-27,0.3278972731
4.9299367189e-24,1.4542170855
4.9126164939e-23,1.0739680219
1.5350502216e-32,0.0509102370
1.2606002686e-29,0.1830892546
3.5756672225e-25,0.5755426436
4.3018827795e-23,1.0209444342
3.6006998121e-28,0.2785254843
1.3142642680e-23,0.8411150714
4.1245381702e-28,0.2829105198
3.5525999561e-25,1.6060872471
3.2804165886e-26,0.4527410812
3.8100850269e-23,0.9907187614
2.3746008863e-28,0.2653617220
7.6948018324e-31,0.1191468245
5.0444494813e-28,0.2894942128
6.5976183836e-28,0.2984306599
3.0613714917e-24,0.7146938464
2.7557090209e-26,0.4447432383
1.5305746594e-28,0.2519103841
3.0262743272e-29,0.2058413136
3.0808917361e-27,0.3535290506
3.1945906722e-23,0.9565504746
7.6845239906e-26,1.6750739717
8.7441496571e-33,0.0434499010
9.3185202986e-31,0.1231306923
5.1759922928e-24,0.7556795995
4.1981923273e-33,0.0347138722
1.2090174690e-25,0.5165442299
5.5128064962e-27,0.3761661704
2.2353341478e-25,1.6279928219
3.7940374194e-23,1.2358970250
3.5484246231e-30,0.1525381558
4.5899606121e-23,1.1856184270
6.8143725619e-44,2.6244606420
9.4987218962e-125,4.8393877853
1.8196808253e-117,4.6631548304
6.0380872547e-25,1.5796720932
4.1256386699e-23,1.0095728655
1.4270158308e-29,0.1862258459
1.3119663974e-24,0.6553407601
3.2231228802e-62,3.2225798645
2.8392486502e-50,2.8489627396
5.0138253063e-23,1.0908782420
5.5943332509e-24,1.4450542605
7.5719354488e-26,0.4928220623
4.1668693982e-25,0.5843704998
5.6137250547e-31,0.1127085076
5.2414054194e-33,0.0372380497
7.2297423615e-25,1.5703345178
2.5629473815e-36,2.3160691800
3.6891504715e-33,0.0332906034
2.6549626872e-32,0.0587948451
2.4983276341e-25,0.5553684987
8.0010977279e-24,0.7930850595
5.9415409045e-30,1.9847981646
1.8760365902e-28,0.2580892676
1.2809378567e-23,1.3767491291
1.6677586617e-30,0.1355892888
1.2343340359e-24,0.6513254165
6.9996274352e-31,0.1171974115
1.1302800318e-29,0.1803514573
2.7914990638e-29,0.2036837045
5.9752589498e-58,3.0942738730
4.9965363503e-23,1.0872646346
1.3346362373e-28,0.2478034202
1.2288042730e-30,0.1289863348
2.7726992430e-25,0.5611601018
2.3713301252e-126,4.8779935177
1.2102458190e-98,4.1989613730
1.8490012108e-25,1.6366857343
1.1137049185e-31,0.0821463135
1.5017494984e-23,1.3613654549
1.3108705346e-27,1.8255113080
5.5332069699e-30,0.1629383546
8.9159881152e-29,0.2359459450
2.6931385464e-25,0.5595361022
8.3211700137e-28,1.8403065448
8.9910000522e-25,0.6309365554
3.4915536976e-23,1.2520940757
4.0982289908e-34,2.2122368734
5.9477123208e-55,3.0010026122
5.8912594004e-47,2.7351890717
6.8652419588e-28,0.2997702094
6.8121546584e-61,3.1832548307
2.3749019930e-45,2.6779181547
4.4358746302e-23,1.1969696004
4.6380865381e-23,1.1817641625
1.3230124264e-32,0.0488759462
2.7631443237e-28,0.2701060313
5.0651839698e-24,0.7539105747
2.4551481646e-23,0.9157438895
1.2855922531e-27,0.3214609014
1.5508688631e-28,0.2523074874
4.1830918246e-23,1.2134355319
1.1186310318e-31,2.0854141951
5.5634701239e-25,1.5838514558
2.0535331921e-28,0.2608638710
1.5470670642e-24,0.6663485894
4.0416242193e-23,1.2219017709
6.9293397701e-27,0.3853626291
2.5111636965e-26,0.4405269583
5.0522875896e-23,1.1262041376
1.8458715772e-53,2.9534576626
4.9981323797e-23,1.0875783304
9.5187385646e-28,0.3109369300
2.8705353563e-30,0.1476878264
6.3951107507e-26,0.4844945093
2.9719585010e-24,1.4885459962
5.8760113185e-27,1.7742388598
7.7729410110e-25,0.6218203273
4.0958699309e-23,1.0077238149
1.2119530696e-34,0.0068733638
7.8066090390e-26,1.6744091655
1.8147682149e-29,0.1923848074
8.6756857780e-25,0.6286869577
2.7988027643e-26,0.4454504902
2.8417053182e-24,0.7091768220
3.3604609281e-23,1.2589286675
9.9064059676e-24,0.8129153240
1.8598582578e-23,0.8798706267
4.0118368484e-23,1.2236345462
1.5098371816e-25,0.5281577474
3.7014109339e-24,1.4740820804
3.0659162049e-33,0.0313124570
6.1814177531e-27,0.3807479456
6.4560510530e-30,0.1666254670
2.0974448736e-32,0.0553287574
1.9227624441e-23,0.8838944179
3.4413808394e-26,0.4549599175
3.7412298684e-29,0.2115673507
8.2048563664e-25,0.6251892068
4.9027536124e-23,1.0726692399
1.7052960610e-25,0.5346201027
1.4825821963e-27,0.3265407074
1.1094949347e-25,0.5121157494
3.7709084024e-25,0.5785946209
1.7652036465e-28,0.2562307040
3.4648921579e-23,0.9713289557
3.8607654897e-23,0.9936527197
3.1003787626e-25,1.6126303439
3.3363862875e-33,0.0322075483
1.0478363702e-23,0.8183223545
4.2491724427e-23,1.0174583509
1.3955412975e-42,2.5750475100
1.2549564430e-40,2.4987574231
3.7548867803e-25,0.5783496019
9.1760907189e-27,0.3968959068
3.6094376053e-25,1.6053185073
3.4221899818e-23,0.9689801146
4.5697115674e-32,0.0671918255
6.8674781144e-28,0.2997811978
1.3429784379e-23,1.3722744420
2.7641408894e-30,0.1468312782
2.0156017108e-32,0.0547544098
4.3215062167e-56,3.0367696463
5.0661847957e-23,1.1143395115
1.1827449355e-30,0.1281706073
2.9202430500e-24,0.7111892235
9.5826411972e-27,0.3987002691
2.4247757276e-28,0.2660131564
1.9816766917e-28,0.2597684315
1.9347218982e-27,0.3361799456
3.8645876685e-38,2.3960782151
1.2259162662e-23,0.8339364025
3.8533135375e-23,0.9932194716
3.4927925663e-30,0.1521741406
3.4413722144e-23,0.9700343256
4.5873106460e-26,0.4684646742
6.9354853454e-31,0.1170086197
1.4379589947e-26,0.4159116034
1.8471512955e-24,0.6784571440
4.1417804497e-29,0.2143444261
1.7383688495e-24,0.6742788612
2.0163244680e-52,2.9198723769
4.9181446629e-28,0.2886594583
4.1121278118e-23,1.2177347552
6.9451715172e-32,0.0740422805
4.9572804880e-23,1.0804222214
9.3706241223e-26,1.6666459761
1.2528027636e-26,0.4100007659
1.5356619262e-26,0.4187545296
1.2771979196e-30,0.1298133935
8.0563664420e-34,0.0190144682
9.0715259611e-27,0.3964199781
1.7813992122e-25,0.5369553234
1.0783038028e-28,0.2414910094
1.9008452107e-26,0.4280891982
4.9008972900e-28,0.2885439365
4.3309541696e-24,1.4633429594
2.2032198988e-23,0.9010913365
1.1060027736e-26,1.7513383592
3.1965040086e-27,0.3549307234
3.8890089210e-27,1.7887477339
1.1085550126e-26,0.4048118151
2.9261854943e-122,4.7793201446
2.2666013906e-23,0.9048374648
1.9223509673e-31,0.0919877106
9.3151929894e-32,0.0790350610
1.1516941782e-27,0.3175807814
3.9899288092e-24,1.4689930451
1.2427175300e-32,0.0480327399
4.2530717655e-23,1.2090762248
1.4015172910e-23,0.8479009918
7.2688528586e-30,0.1694870838
1.5276270362e-26,0.4185270841
6.1480523203e-29,0.2253239824
2.4034421987e-26,1.7220047288
1.6314040767e-24,0.6699438543
2.9030590401e-31,0.0997429858
6.0751377203e-25,0.6067202490
1.3461288392e-25,0.5221301453
4.1023104572e-27,0.3645347007
4.2069341812e-24,0.7390348933
4.0378635499e-23,1.0041697551
1.2028092520e-30,0.1285295130
5.9119594683e-25,0.6050765930
9.9162622971e-24,0.8130103622
4.7991565295e-23,1.0607614620
4.2010978706e-24,0.7389256028
3.5843390173e-28,0.2783792367
1.1682717943e-25,1.6571150608
3.8551298867e-33,0.0337713325
1.0334974838e-23,0.8169869087
2.0662602023e-24,0.6862665838
4.4580809549e-27,0.3677797467
2.1242667413e-30,0.1409226479
6.3426441472e-26,0.4840914783
1.4312451810e-26,0.4157098048
2.8121860749e-24,1.4920954786
2.0035835165e-24,0.6841083434
1.6577807497e-23,0.8664200299
1.5850119416e-29,0.1889035464
6.9462365766e-25,1.5724257198
8.3809358647e-25,0.6265176203
2.3813342657e-24,0.6963351373
1.3603024788e-23,0.8447306356
1.3232974182e-28,0.2475489836
4.1036492160e-23,1.2182410706
1.2159068793e-23,1.3815876210
7.4867541753e-24,0.7871352955
1.0264549059e-26,1.7540854553
2.2265903662e-97,4.1671633449
1.4859565850e-23,0.8542164786
9.1809548294e-30,0.1751925977
1.5873920105e-25,0.5308081337
9.6116858644e-32,0.0795768115
5.6493725169e-26,0.4784587147
3.2222770538e-23,0.9580573771
4.5675062845e-23,1.0401147907
1.0761943455e-27,1.8319716762
3.8554718316e-36,2.3080226644
4.4765987221e-77,3.6400798248
3.2055280037e-25,0.5693194786
2.6475608538e-27,0.3478052723
4.6345173520e-26,0.4689518520
1.5731763985e-24,0.6674794350
8.0109937360e-25,0.6236970651
2.7642224799e-32,2.1184639718
3.2729795281e-43,2.5989457640
5.8343909886e-96,4.1313894420
2.4193157465e-40,2.4873310444
4.1100579386e-25,1.5989794825
5.4777955623e-27,0.3759124326
8.1705438472e-27,0.3920968832
6.9295616802e-31,0.1169911029
8.8868139642e-27,0.3955668271
1.0050487210e-24,0.6380163519
2.7805787681e-27,0.3496486601
7.5713764886e-58,3.0911214070
3.6612050153e-27,0.3601315482
1.0763189477e-24,1.5489538665
2.3631367708e-23,0.9104624875
3.8192716927e-24,0.7314894474
1.9113091536e-44,2.6448798034
2.1806952810e-27,0.3405810473
4.9345368186e-26,1.6934293342
1.7390390042e-24,0.6743052847
4.2987824226e-29,0.2153653476
1.5429869561e-24,1.5285964148
2.6891044746e-23,0.9288927830
6.5279044715e-27,0.3829460343
6.1246664523e-25,0.6072113408
2.4402773136e-26,0.4392344175
1.7459597986e-23,1.3458032980
5.2157560025e-25,0.5975736900
8.2260083089e-24,0.7955965720
1.3275335000e-27,0.3225998001
4.6892687944e-28,0.2870950339
9.2419979863e-24,0.8063454837
9.4959150781e-24,0.8088953916
1.8121986999e-27,0.3337918170
5.9291871301e-30,0.1645856401
2.6275952099e-25,1.6204616446
4.7344746039e-31,0.1092943908
3.9749047939e-23,1.0003781263
1.7130484608e-28,0.2553184172
2.3176356988e-25,0.5512310473
4.9221366933e-23,1.0752596265
4.6537551545e-28,0.2868459911
2.8258174892e-23,0.9364384314
1.6173425591e-25,0.5318002517
7.2157636686e-66,3.3288346857
1.1652430412e-49,2.8283472031
1.5377052570e-29,1.9589441992
2.1119378216e-29,1.9501377423
7.9121475387e-29,0.2325013657
8.6618270044e-46,2.6937027731
2.8612612858e-53,2.9473319803
1.5226412447e-24,0.6652755483
4.2929499156e-26,0.4653191641
3.3882038638e-25,0.5724674720
3.9577361708e-28,0.2815729915
4.6533269183e-23,1.0471476639
7.6423842306e-79,3.6875406179
4.3695933048e-23,1.2014979962
1.1297874444e-24,0.6455528959
2.7186450087e-23,0.9305301956
3.4205834110e-24,0.7230397407
7.3294583740e-27,1.7663310275
4.0429209971e-25,0.5826175905
4.7664867835e-48,2.7732801184
5.0352993689e-23,1.1320842660
4.3677636334e-23,1.2016205491
9.9200475962e-30,0.1771049104
2.4171560937e-29,0.1998672120
1.1459561651e-25,1.6579555796
1.4892219999e-24,0.6637829135
2.9952927100e-30,0.1486553814
4.8862949586e-26,0.4714759966
1.2371482817e-26,0.4094649358
4.0808188491e-23,1.2195971727
6.1263161896e-30,0.1653678900
1.0353628645e-27,0.3138560296
3.7357287347e-28,0.2797095696
5.3986562081e-25,0.5996277587
4.8849781555e-31,0.1099182297
4.7878943960e-23,1.1683180214
4.4609125233e-23,1.0320373428
3.9810876966e-23,1.0007476867
1.7742780143e-23,0.8742783665
1.2015765852e-28,0.2446825509
8.9198713867e-31,2.0341883230
2.4063141653e-23,1.3083534691
1.1882218608e-24,0.6488343930
1.6692848733e-30,2.0181627010
1.0768435327e-24,0.6424483197
7.7235688809e-25,0.6214247128
2.2347475835e-25,0.5492344172
5.6189495769e-32,0.0705343971
6.1124907106e-30,0.1653137966
2.2849313405e-24,0.6933817599
5.0486442784e-23,1.1276825538
7.3292916419e-30,0.1696877951
5.1769658029e-26,1.6914714515
5.0549327022e-23,1.1034408284
7.9179019404e-29,0.2325222411
2.0823780341e-28,0.2612936510
4.1492065684e-87,3.9049977159
3.8178097516e-31,0.1050458323
6.1106827838e-34,2.2036721120
2.3888680152e-24,0.6965616244
4.2034346893e-23,1.0144956756
1.5892797792e-23,0.8616499860
5.1571152855e-33,0.0370502018
1.2022942210e-23,0.8319587499
1.1922711200e-25,0.5158228782
2.5832121920e-24,0.7022042650
9.5070968012e-28,0.3108945812
3.1501791020e-23,0.9541343990
1.5860219466e-71,3.4884274448
3.2236405805e-55,3.0093969996
1.2849669716e-126,4.8843978544
1.0118316195e-35,2.2888097904
2.8011436226e-24,1.4923468570
5.7860702322e-34,2.2048461390
2.6634696875e-32,0.0588426434
2.7604802974e-25,0.5609134493
9.1388738422e-29,0.2366617212
9.9497211877e-32,0.0801764161
7.7301413459e-31,0.1192415105
2.7909528496e-24,0.7078513252
1.6023815140e-96,4.1455596479
4.9922943541e-29,1.9257762803
2.0406890356e-27,0.3381356723
5.3547089106e-30,0.1621596366
5.1866212828e-74,3.5568803313
3.7361691769e-79,3.6958470028
1.6649693161e-31,0.0893481421
1.2032041129e-30,0.1285365203
8.5681802438e-25,0.6279033976
2.6003308427e-32,0.0584846772
1.6662669165e-24,0.6713831161
9.3002568556e-29,0.2371699542
2.4072233342e-25,1.6245564626
4.4989070674e-23,1.0348459985
2.0172931329e-23,0.8898170783
2.9577584905e-27,0.3519819963
6.1095991247e-24,0.7694989268
3.3320586254e-28,0.2760423440
4.7516968049e-23,1.0560344327
1.9537886075e-27,0.3365389975
5.3028535138e-33,2.1561907454
2.1507408605e-25,0.5471411388
8.9610226830e-26,0.5012486950
1.1973717980e-25,0.5160435631
5.0253000979e-23,1.1347767555
1.2542977223e-23,0.8362789507
4.9215491492e-28,0.2886822171
5.3273480108e-30,0.1620381428
3.4766993871e-25,0.5739377850
3.2372858154e-31,0.1018384503
4.4668950183e-27,1.7839139229
8.2847460874e-24,1.4147191634
1.4931842839e-24,1.5304943696
4.5836674761e-25,0.5899397294
8.4815179322e-55,2.9961276537
5.0305869778e-23,1.1333999202
8.2716739943e-29,0.2337793559
1.7215312632e-23,0.8707576247
9.4071906342e-26,1.6664791554
8.3123813132e-72,3.4962015477
1.3061513035e-48,2.7926384394
1.0618580484e-60,3.1774969444
5.0680477348e-26,0.4732252330
1.1064581475e-25,0.5119750088
1.5192242168e-33,0.0244276096
5.0650030982e-23,1.1107385250
3.7771613607e-23,0.9888276936
2.1864038510e-26,1.7256604036
6.8803266876e-95,4.1042773818
1.7869670282e-119,4.7118902838
2.2850189845e-50,2.8521178952
1.2774871999e-23,0.8381668629
4.3051500153e-26,0.4654533979
7.2398404080e-25,0.6174250154
4.8925936675e-33,0.0364438703
2.1614762230e-30,0.1413089534
4.3936974393e-28,0.2849668843
3.2106286523e-28,0.2748585964
1.0421751786e-24,1.5507271215
5.3504505532e-29,0.2214260081
3.7431603390e-29,0.2115813847
1.9417810435e-24,0.6819226650
3.9123855507e-24,0.7333572827
4.6634853461e-27,1.7824037733
6.9508399396e-26,1.6792870263
3.5359450128e-27,0.3587922318
1.5858932401e-23,0.8614110444
5.6102163569e-32,0.0705089491
9.2253442782e-89,3.9477247097
4.3188474395e-25,1.5965379767
1.8706453330e-26,0.4273826397
1.5005942285e-24,0.6642940828
3.6875471918e-25,0.5773093693
3.6516168462e-23,1.2436155111
2.9386812518e-25,0.5644167546
1.3772775065e-27,0.3239083767
2.9765794339e-23,0.9446853499
2.6176721469e-37,2.3601588790
7.8398661887e-24,1.4191752740
1.9319552337e-54,2.9847869796
2.3946000567e-23,0.9122766787
3.6145416643e-31,0.1039771942
5.5667440327e-33,0.0379405982
9.3562404693e-30,0.1756587458
7.9332082163e-29,0.2325776996
3.4914955958e-23,0.9727962322
5.7159623040e-27,0.3776099621
6.9914018132e-29,0.2289649666
5.0140022618e-23,1.0909180326
2.0644900968e-29,1.9507714745
1.9946374789e-26,1.7291843798
4.8872917690e-52,2.9073268596
1.2175257823e-30,2.0262673432
1.4127134765e-34,0.0076653506
3.6390124857e-28,0.2788655685
4.9679367202e-23,1.0821413659
4.3007638532e-26,0.4654051785
4.8772003619e-28,1.8573107905
4.7553499588e-31,0.1093820024
3.0725594160e-29,0.2062482508
8.5942011281e-24,0.7995997131
7.1407089288e-28,0.3010995996
2.9748616689e-30,0.1484995255
8.6996469447e-29,0.2352351387
2.0039270525e-23,0.8889881422
3.6294457898e-25,0.5763979989
4.6353915231e-23,1.0456306331
1.3097977328e-29,0.1840547723
2.2383622079e-25,0.5493228761
4.9986035267e-23,1.1406666167
3.4821152321e-25,0.5740266668
3.1659055831e-27,0.3545643432
1.8723223494e-26,0.4274221484
6.8047249201e-24,0.7787460505
1.4561085022e-28,0.2504102493
2.5050229317e-28,0.2670295450
1.4970809947e-26,0.4176522840
9.9262392988e-24,0.8131064951
1.4240995309e-25,0.5250795591
1.0772054844e-29,0.1791514304
5.0498274331e-28,0.2895293258
2.7693990000e-31,0.0988424311
1.2603801606e-25,0.5187012765
1.0002097377e-23,1.3989577106
5.5795524828e-26,0.4778568833
1.5238568547e-32,0.0508090215
3.6823871905e-27,1.7906427148
9.4509857467e-27,0.3981237680
1.0312754448e-35,2.2884278720
4.4758090655e-24,0.7439407396
7.2174956394e-26,0.4904461660
1.5244708318e-31,0.0877460827
1.1274097327e-23,1.3884463288
5.8414711801e-27,0.3784785672
2.3193395018e-25,0.5512714061
3.7954252447e-23,0.9898753499
3.5767022566e-28,0.2783107610
9.9316231640e-56,3.0254655484
1.1259035842e-23,0.8253764583
3.8050549234e-49,2.8109301899
1.0307533930e-122,4.7902690675
5.0450005530e-23,1.1290144045
1.2047141969e-27,0.3191645517
1.0788012592e-42,2.5793130769
1.3190147726e-82,3.7873918410
9.9735197908e-24,1.3992039643
2.5609619592e-63,3.2549061737
9.6809663340e-50,2.8310635877
2.9960177136e-24,0.7130881600
1.5695720308e-32,2.1315477419
3.6539437284e-23,1.2434908841
1.6572822447e-23,1.3513079329
2.1812922524e-25,0.5479108593
3.0618534013e-29,1.9397093629
5.2209674409e-29,0.2207428242
4.8188783092e-33,0.0362701221
5.0589949122e-27,1.7795397533
6.4290347519e-70,3.4436385415
5.5945245198e-76,3.6104381613
2.7552647201e-61,3.1949673100
8.2794750521e-28,0.3061360371
8.5461210047e-26,0.4988644386
6.8931285987e-28,0.2999070068
2.5569274526e-31,0.0973253821
2.7775388846e-24,0.7074976020
4.1610389895e-25,0.5842891025
5.1466829731e-27,0.3734362245
3.3134693798e-23,1.2613613173
6.8938122468e-26,1.6796314493
1.5018944365e-32,0.0506085731
1.5251781937e-26,0.4184575462
4.0428055747e-30,0.1555582425
2.5956610198e-28,0.2681419268
7.0268783731e-27,0.3859303686
3.1718653379e-57,3.0719788989
4.4341865033e-24,0.7431972752
1.2374408728e-23,1.3799676681
1.0677508186e-25,0.5101495761
2.6764429956e-23,0.9281896344
7.4248404609e-26,0.4918486401
9.6157574043e-26,0.5048137150
1.5943503069e-23,0.8620071778
7.7962126621e-25,0.6220060277
4.2807621472e-29,0.2152499438
2.4953426754e-33,0.0291925538
1.4665885103e-23,0.8527881387
2.0724509799e-28,0.2611463661
1.5037601211e-27,0.3270492183
1.4592232595e-26,0.4165450979
5.6165844150e-28,0.2930489668
4.0422565122e-28,0.2822571072
8.3337804827e-24,0.7967818811
1.1908931236e-32,0.0474636992
1.1298980914e-42,2.5785470309
1.8400076070e-24,0.6781893637
1.2890708189e-23,0.8391014178
5.0615426318e-23,1.1073055028
4.6266818875e-23,1.0449036039
4.5133848426e-23,1.0359356568
4.4910417652e-30,0.1580128971
4.4722369273e-28,0.2855449880
8.6250944301e-26,0.4993262858
7.7180836245e-25,0.6213806214
2.4508151731e-30,0.1441179041
4.3570342032e-26,0.4660204043
4.6024760045e-26,0.4686216801
4.3487656359e-25,0.5868598592
3.9417604558e-27,1.7882792193
4.6519519116e-23,1.0470303832
2.2361772942e-53,2.9507786013
6.4875677169e-24,0.7746227403
4.0577920603e-27,1.7872692197
2.8043589872e-27,0.3499696399
3.1284801742e-28,0.2740340704
2.4064363878e-23,0.9129569012
1.0238107215e-23,1.3969421009
2.4245939894e-23,0.9139980682
1.6811691869e-24,0.6719903891
1.3298318872e-25,0.5214940813
4.5061650172e-29,0.2166620726
9.4962999235e-66,3.3254070753
2.6616863125e-24,1.4955938746
5.8630725199e-83,3.7966592785
2.4033567412e-69,3.4275832951
7.4328243249e-33,2.1485831606
7.2958148584e-24,0.7848476492
6.6379043291e-55,2.9994953363
4.5554770840e-28,0.2861475412
5.2369746854e-28,0.2907302024
5.4563451911e-24,1.4468853940
8.2393001026e-25,0.6254510395
2.2672865077e-23,1.3158503514
1.1639002000e-27,0.3179512550
1.7067948199e-28,0.2552073082
1.9313282465e-48,2.7868070448
6.2303430160e-34,2.2032547189
1.3851531122e-115,4.6173755297
1.4684983366e-83,3.8124549825
7.0933474343e-114,4.5756852559
1.4889782552e-117,4.6652715833
1.0136165670e-27,1.8339217993
7.7626916420e-28,0.3039352127
1.8886041717e-30,0.1383191473
1.4793697697e-25,0.5270825418
6.8019219296e-32,0.0736936736
1.1510360120e-31,0.0827265488
1.3988171546e-41,2.5363881614
1.3393066505e-31,0.0854162855
1.9946286013e-23,0.8884098739
4.1727608396e-35,0.0016709213
3.6721006500e-23,0.9828616847
8.0956497549e-26,0.4961530768
1.6818992966e-30,0.1357738664
3.8761043427e-26,0.4605092209
1.0513613175e-23,0.8186486694
5.2417583221e-25,0.5978696062
4.2083298171e-23,1.2118780295
1.4876555420e-24,1.5307083848
4.4754168330e-33,2.1599928721
6.4355613680e-26,0.4848031803
1.3333977538e-23,0.8426275412
1.7507337643e-26,0.4244699424
2.7638293939e-24,0.7071345942
1.1782104682e-26,0.4073902028
1.0347099577e-27,0.3138340564
1.3830183391e-30,0.1315250099
2.6022348062e-27,1.8025675437
1.8275054885e-25,0.5383263800
3.8838050885e-25,0.5802950499
2.8865012197e-24,0.7103302919
1.2640938751e-26,1.7463901618
2.0276061581e-33,0.0271410352
1.1787556794e-95,4.1236695244
6.3223350306e-83,3.7957978067
1.2343083578e-32,0.0479417860
8.3095488164e-27,0.3927915479
1.1725393943e-31,0.0830531033
9.2988759247e-27,0.3974484576
3.9118156745e-32,0.0647304709
2.3356305799e-23,1.3121461688
4.2207900493e-28,0.2836597555
1.1359164849e-26,0.4058418845
3.0088446266e-34,0.0120133228
3.2823695580e-25,1.6099002409
8.7889970426e-34,2.1958239991
3.1518767569e-23,0.9542267392
9.8803038181e-26,0.5061916600
2.0975499181e-30,0.1406413780
5.5136681577e-34,0.0161239220
7.9699795287e-35,0.0048204491
9.1942917025e-24,1.4061142068
2.6518080959e-29,0.2023184920
5.4654866141e-27,0.3758228711
5.5380261253e-26,1.6887073754
1.5129969829e-23,1.3606189632
1.5881463003e-27,0.3290120599
3.7990518377e-25,0.5790227582
4.0839345982e-29,0.2139591996
1.7841392102e-26,0.4252993034
6.7156194419e-26,0.4868928889
4.5236520441e-23,1.1906661607
2.0935631416e-31,0.0935703888
2.0309059254e-24,0.6850561995
2.5355511394e-24,1.4986539054
3.5089495988e-26,0.4558631356
8.6459170812e-100,4.2276954247
3.9923930412e-112,4.5328898721
1.1239515255e-91,4.0225232758
6.2738509528e-75,3.5819216507
6.6548012084e-27,1.7697980868
3.8212554224e-32,0.0643635566
2.6661798011e-23,1.2946748079
7.5739933598e-40,2.4672690636
1.0341543923e-25,0.5085155960
4.9049297182e-23,1.0729525484
6.3407241254e-26,0.4840766717
8.1235779859e-29,0.2332592890
3.1754397867e-33,0.0316823173
1.1963976217e-29,0.1817751501
2.4615481123e-26,0.4396258409
5.9189733308e-27,0.3790064178
4.2391418185e-25,0.5853710699
1.7210131169e-31,0.0899530774
6.4536811125e-24,1.4343649687
3.6688178344e-26,0.4579383501
3.0609426713e-26,0.4495494185
1.0437844161e-26,0.4022773206
2.5261853404e-29,0.2010324668
3.2171077648e-29,0.2074834403
3.6131879726e-28,0.2786367020
7.9758018112e-27,0.3911052188
1.2653372173e-123,4.8122637769
6.6282267509e-124,4.8190397489
4.0579299106e-66,3.3360093007
1.5088404189e-102,4.2965553368
3.4534032153e-43,2.5980670524
7.7162080782e-39,2.4256530183
1.4989578229e-66,3.3483939229
2.0205371673e-25,0.5437453930
5.3735817846e-26,0.4760404822
1.2005571479e-32,0.0475713781
1.2879678420e-23,1.3762354250
3.1197237703e-26,0.4504242699
1.9286099460e-34,2.2282281380
3.1609389395e-68,3.3960485310
6.0901083608e-93,4.0548235242
1.8036356421e-23,0.8762128828
2.9102017732e-31,2.0621621958
1.0495717113e-28,0.2406986553
3.2330529977e-26,0.4520692064
1.0211501892e-28,1.9049315933
1.3055739171e-23,0.8404233586
4.2862278501e-23,1.0199005255
4.0384244516e-63,3.2491128379
3.2926381872e-69,3.4237418691
1.7018074054e-61,3.2011860331
1.6313559642e-28,0.2538364239
8.6800208210e-28,0.3077563228
1.8931011939e-31,0.0917045438
6.9546499746e-32,2.0967721914
2.9712217165e-29,0.2053496978
4.9818008051e-33,0.0366512885
1.3216670062e-26,0.4122873084
4.9526470823e-23,1.0797000631
2.2488245657e-28,0.2636709854
1.5199087470e-25,0.5285088388
3.8606432005e-27,0.3621795172
5.8907377246e-31,0.1136820344
5.5101800970e-26,0.4772520539
2.0588925787e-23,0.8923801343
3.6527382437e-23,0.9817722463
1.5556983985e-27,0.3282689427
2.7431034977e-23,0.9318827949
7.6862047974e-28,0.3035980569
1.6079124739e-23,1.3544412324
3.1741924271e-24,0.7173994157
9.8492813294e-26,0.5060318265
1.0930425822e-32,0.0463297452
5.1977955166e-24,0.7560241074
1.4601922992e-27,0.3259957689
3.1473078239e-23,1.2699157399
1.5411104105e-25,0.5292410590
4.4243158187e-102,4.2849192389
3.3956814924e-23,1.2571000131
4.0463642724e-24,0.7359817570
5.2252994685e-26,0.4746929846
1.0202370627e-25,0.5078245037
2.1318527200e-23,0.8968171831
4.9853494705e-28,0.2891060505
9.1490452834e-32,0.0787246580
2.2141910212e-25,1.6284318985
1.6643422854e-29,0.1901557029
1.0040795219e-24,0.6379546370
4.6995305033e-23,1.0511914672
3.2466332614e-27,0.3555240538
2.7211247108e-23,1.2918233191
6.9808095970e-24,0.7809715763
1.8113870155e-29,0.1923366207
5.8399016277e-27,0.3784678110
1.1482406530e-29,0.1807457051
1.2512082158e-25,0.5183220317
1.2792419672e-33,2.1876621342
1.1949791396e-25,0.5159401496
1.6976445000e-26,1.7353229915
1.0268321425e-25,0.5081530598
2.2697603158e-29,0.1982117488
8.3514441210e-24,0.7969750597
1.4562812811e-24,0.6622828530
5.0473340809e-23,1.1002550728
1.0518432841e-30,0.1256802031
2.1592421964e-33,0.0277537612
4.1749641709e-33,2.1615465609
1.3014078343e-23,1.3752581666
2.2785281683e-23,0.9055375068
4.4865942496e-23,1.0339279289
1.4761432753e-32,0.0503703416
4.8302407366e-23,1.0640662739
1.4404485976e-28,0.2500857523
2.4033038042e-29,0.1997156838
2.1115642507e-27,0.3393922413
1.3099310234e-26,1.7450641265
4.8718705157e-25,0.5935304768
8.0452631444e-29,0.2329807071
4.7475090498e-30,0.1593166765
4.9445903643e-28,0.2888358651
1.1978287500e-27,0.3189625470
9.8581732682e-26,0.5060776863
1.6029187489e-28,0.2533043749
6.2245705293e-26,0.4831732181
4.8436685334e-23,1.0655551853
8.4352822906e-26,0.4982096261
7.1738989099e-25,0.6168614920
1.0125967225e-26,1.7545844088
6.1748164755e-46,2.6989720520
6.6225110197e-100,4.2305943775
2.7824041279e-28,1.8747550251
7.8444368916e-34,0.0188030068
1.8079288393e-26,1.7329340588
4.2933939212e-33,0.0349642782
6.3272154960e-25,0.6091834768
4.9274063479e-46,2.7024779533
2.4141777413e-23,1.3079337443
1.0786408046e-27,0.3152847806
7.4318254318e-26,0.4918952607
4.4541827022e-23,1.1956859248
1.8998404141e-49,2.8211681904
3.2493535580e-78,3.6707073217
6.7498655872e-31,0.1164530363
7.9509069483e-115,4.5988779379
2.3826928251e-23,0.9115911437
2.4600827744e-27,0.3450570312
2.2542479026e-28,0.2637456731
3.3975070879e-32,0.0625381445
5.6071370337e-42,2.5518238075
4.4703974995e-25,0.5884727670
1.5536898907e-33,2.1834125238
2.6063277218e-25,0.5577138339
2.1862916230e-26,0.4343022432
5.4127611597e-25,0.5997835652
2.8255290396e-29,0.2040066579
3.2417177854e-55,3.0093204694
2.4743564639e-25,0.5548355138
1.0176856625e-23,0.8154989701
1.1720246800e-28,0.2439460966
6.7354797559e-26,0.4870380401
3.0047996162e-23,1.2772239406
1.0736084961e-28,0.2413628734
1.5950091098e-27,0.3291674383
3.6547665623e-31,0.1041929807
1.9780282452e-23,0.8873741853
3.6137474289e-29,1.9350129959
1.1930118932e-23,1.3833302033
1.4031684983e-25,0.5243025128
5.4062956284e-28,0.2917830170
5.8153687333e-30,0.1641228958
1.2103052062e-28,0.2448968639
8.2353300479e-35,2.2460267820
3.0634601462e-24,1.4865830114
3.9977697985e-23,1.0017477544
4.1879144539e-25,1.5980563824
1.2076157197e-27,0.3192493579
4.6731263949e-23,1.1788377885
4.4260627624e-28,0.2852062625
5.0600165846e-23,1.1222087515
4.8903538270e-23,1.0710876646
2.6722949577e-99,4.2154173799
3.8960913836e-27,0.3625333138
5.0567761552e-23,1.1043660832
3.0732955799e-24,0.7149837064
1.4368325254e-30,0.1323493083
3.7359840398e-28,0.2797117707
2.8116366992e-23,0.9356592626
1.1989139309e-28,0.2446168878
1.6221453820e-31,0.0888732859
2.0739112332e-29,0.1958502926
1.1762891499e-24,1.5440282819
6.8128923616e-25,0.6136921485
8.1815142696e-30,1.9761872085
7.4174913566e-27,0.3881338365
7.7104448405e-28,0.3037052414
2.1334231832e-26,0.4332099031
1.3204322906e-32,2.1355112524
6.2517594435e-30,0.1658535740
1.1637860646e-32,0.0471576790
4.3700170189e-25,0.5871445629
8.3842151404e-25,0.6265421249
6.3994997552e-24,1.4350060510
2.3190433459e-31,0.0954833805
1.2611800923e-26,0.4102849935
2.3690169724e-26,0.4378999267
2.0862363219e-24,0.6869426519
3.3681528445e-23,0.9660174430
1.5671439962e-59,3.1423742334
2.8928125056e-29,0.2046347002
3.1606047116e-27,0.3545005409
3.7635581503e-25,0.5784823300
1.0035447646e-34,0.0059315317
3.0468404417e-25,0.5664505557
1.8659889246e-31,0.0914384858
5.4318050703e-28,0.2919389848
1.1949938794e-25,0.5159407873
4.9499171364e-26,0.4720949810
1.2694794773e-25,0.5190750429
5.7442212829e-25,0.6033441996
4.9889340457e-23,1.1425034317
1.5282095477e-26,0.4185436102
5.5581683542e-25,0.6013689280
3.5466006352e-30,0.1525263054
1.8832291956e-25,1.6358520612
5.9751687863e-25,1.5802090632
2.3177969146e-76,3.6207977817
9.6621958042e-75,3.5768116464
1.1083953958e-123,4.8136516979
2.5282250146e-25,0.5560267986
2.1934156250e-31,0.0944396738
2.0640856112e-25,0.5449026950
4.5582959734e-27,0.3686508704
3.9155603368e-28,0.2812265508
2.8606516275e-23,1.2846237524
7.8060541809e-27,0.3902225425
5.0506595754e-23,1.1015513584
2.1579829685e-30,0.1412729507
1.8741454720e-26,0.4274650624
9.7155841935e-34,0.0205358700
1.1152918373e-23,0.8244380289
4.0537497370e-24,0.7361243441
6.9653587327e-27,0.3855731324
4.5571602845e-23,1.1881500534
5.0546794077e-23,1.1033197819
9.8693847876e-24,0.8125577461
3.5608460653e-29,0.2102253937
9.9297852635e-26,0.5064456528
1.2609060503e-33,0.0227600400
2.7267902130e-25,0.5602282287
4.7219122987e-23,1.0532295761
1.3583631297e-23,1.3711846061
8.0861046798e-29,1.9117900335
1.9064904514e-26,0.4282201326
2.7596194995e-23,1.2898316885
9.1950058940e-28,1.8370824676
2.1375806025e-29,0.1966399244
1.9674202900e-31,0.0924164279
1.8354857437e-52,2.9212003638
1.3154459768e-30,0.1304467377
4.9248598922e-23,1.0756364689
4.7649031366e-23,1.1705639197
5.1672365320e-33,0.0370728904
2.0616319923e-31,0.0932844069
1.0006315229e-23,0.8138755691
4.1186025590e-26,0.4633617530
2.2770172395e-26,0.4361215976
7.4924965763e-33,0.0415172378
2.6965141079e-23,0.9293038962
1.6391670132e-26,0.4215908798
2.1534568752e-32,0.0557108034
1.1847590212e-58,3.1157375237
1.1252113018e-66,3.3519537015
2.0537221395e-33,2.1772837538
2.5782208061e-26,0.4417192832
4.9634124073e-24,0.7522582750
4.6313210754e-34,0.0148781178
1.6629059520e-28,0.2544167523
4.1692562790e-34,0.0141519871
1.2491175262e-24,0.6521067773
5.6748776618e-29,0.2230726208
2.1148585914e-23,0.8957900314
5.9022644421e-26,0.4805831271
5.4521262094e-31,0.1121198971
5.5751074128e-29,0.2225757489
1.5120826505e-26,0.4180839362
8.5088339783e-58,3.0895659112
1.5623828144e-33,2.1832902978
7.2621084569e-32,2.0957436996
7.3581882803e-54,2.9662669972
2.5330074752e-24,0.7007820672
3.5959061453e-32,0.0634162659
1.5105454707e-28,0.2515136553
8.0952674721e-24,0.7941429779
9.0273197802e-24,1.4076474141
6.0919058996e-30,0.1652330454
3.2330184557e-27,0.3553637462
3.6188154053e-28,0.2786867030
1.5703623079e-27,0.3286065237
5.4595105907e-26,1.6892939550
4.9774043252e-23,1.0837458547
9.7086583417e-25,1.5545993782
2.2772380820e-32,2.1229626268
9.7794001397e-81,3.7379608846
2.6944973632e-28,0.2693146859
4.0135127317e-33,2.1624273267
1.0070728854e-23,1.3983682656
1.4132658792e-29,0.1859799429
3.5621111096e-25,0.5753252028
2.4959839411e-27,0.3455978832
3.1640815752e-24,0.7171602572
6.8841280528e-28,0.2998629107
5.3791617849e-27,0.3751895064
1.4063187551e-23,0.8482664406
6.3428090100e-39,2.4292111799
2.2499363624e-23,0.9038567781
3.9170401414e-24,0.7334496888
5.7687114054e-26,0.4794718201
2.5304626773e-33,0.0293337496
3.6978948046e-23,1.2411282826
2.4872034127e-33,0.0291596033
1.1272297737e-27,0.3168272216
1.1945662757e-66,3.3512115519
4.8508483675e-24,0.7503987417
2.4889051960e-23,0.9176641111
1.5964751413e-23,0.8621566603
5.3882875276e-31,2.0468797585
1.9579590708e-25,1.6340787008
2.3593798666e-43,2.6042964853
7.9806549031e-86,3.8716456575
1.9343646896e-31,0.0921028786
5.5200497715e-29,0.2222980089
1.3677371493e-23,1.3705242444
3.7657092104e-25,0.5785152125
1.0193181482e-23,0.8156533489
2.6043851019e-24,1.4969688047
1.6665039320e-25,0.5333930930
2.5148389328e-23,0.9191334827
1.7995672892e-30,0.1372561958
1.5250014175e-23,0.8570613904
1.8206401495e-29,0.1924682926
9.0434254051e-29,0.2363572014
4.9240492736e-37,2.3480905563
4.7845773909e-23,1.0592718765
1.1464205304e-29,1.9670121666
1.2054721612e-26,1.7481534259
1.9973112750e-28,0.2600098723
6.3546713840e-27,0.3818608054
4.1142151862e-23,1.0088611838
1.1783909766e-26,0.4073967010
6.3775131436e-24,0.7731553830
5.0078339021e-23,1.1387880760
1.4049861326e-24,0.6598870541
1.4895489139e-26,0.4174340618
5.0462684159e-23,1.0998641371
6.7270377763e-27,0.3841613354
2.2955868283e-32,0.0566430945
3.9372360475e-30,1.9957503011
1.5349100460e-23,1.3591736889
4.9919831001e-35,0.0025838754
3.2059765518e-27,0.3550434928
4.6858311616e-23,1.1777485201
1.9549996238e-29,0.1943132450
5.7644372139e-25,1.5820446960
3.2661196994e-23,0.9604454810
2.6159082615e-35,2.2696095067
9.1377439138e-72,3.4950631804
2.4468134927e-36,2.3169798582
4.6867130147e-64,3.2764299859
1.4552654437e-37,2.3712794643
1.3861771781e-31,2.0802468107
5.5443507785e-28,1.8532666881
1.1238912001e-23,0.8251989688
4.4653561087e-23,1.0323621867
7.3526150196e-34,0.0182946557
6.7302202935e-26,0.4869996389
5.2577754359e-27,0.3742829253
5.0610048938e-23,1.1215421564
8.1096346329e-27,0.3917890732
1.4848026076e-27,0.3265943353
3.1341114412e-23,0.9532604610
1.4706324898e-25,0.5267704836
