sampled_theta2
0.2298954028
0.7167557545
0.0725973746
0.0624924385
0.0641858441
0.4016702553
0.1314351121
0.2381841748
0.5442527345
0.5378200450
0.2486450962
0.0612541354
0.0768830236
0.1909089311
0.2077853619
0.1990971880
0.5671754718
0.1561808455
0.2104091699
0.1622374704
2.0565668848
0.1619692720
0.2874025039
0.8896444498
0.1380806757
0.1397313464
0.2566180419
0.1492360202
0.0926074898
0.8593345648
0.1435173586
0.2092734922
0.1039831132
0.1249548839
0.1256378701
0.2279158142
0.7813027273
0.1606299088
1.3409096481
0.0532096659
0.1037423136
0.7017622570
0.2782361788
0.2209883107
0.2291129669
0.1154668848
0.1947257177
0.5643701665
0.2371965150
0.1995680432
0.1132230716
0.3291457346
0.0483903612
1.6599666754
0.0703850115
0.1604595383
0.2427094139
0.1517813536
0.2717699849
0.1276120964
0.0753948344
0.1594231441
0.5519894470
0.1061130190
0.2063172900
0.3925209317
0.1488305936
0.1810555950
0.1298597569
3.3210644472
0.3121825328
0.1493855411
0.0757128828
0.6228806812
1.3352011119
0.0964263592
0.8743706508
0.1074450528
0.2361333909
0.1199647461
1.8618456284
0.1756362951
0.4258486246
0.5005278232
0.1714616500
0.1385657474
0.2922992566
0.1732612800
0.0854872625
0.2616067879
0.2291677321
0.1352185481
0.1765179541
0.4647684862
0.1109943322
0.1771739446
0.1061841127
0.0934284998
0.2100575826
0.1180033298
2.5427271033
0.2083282966
0.1560579670
0.1508163358
0.1450185775
0.3884412836
2.7915175698
0.2970681951
0.1856165247
0.3665879347
0.1598767451
0.1020364648
0.2302900064
0.1195568071
0.1478563459
0.2994246833
1.1384991943
0.4399662135
0.3786369226
0.0724898485
0.0549277374
0.2520471027
0.3811460371
0.8318665103
0.0935029528
0.2500305842
0.1163122132
0.2634861498
0.2780817994
0.1185720972
0.2011872399
0.1784614125
0.1012285153
0.4692939059
0.1187278534
0.4369046028
0.1229487591
0.4916028074
0.0711002080
0.6784252669
0.1309943553
0.1389741298
0.2248916897
0.3585675537
0.2329097140
0.1642644919
0.3425796544
0.1282755359
0.4277942698
0.1501068952
0.3345050243
0.2454872770
0.1536899493
0.0699374149
0.2343808211
0.5389879037
0.2100410540
0.1911883641
0.1256794159
0.1866002573
0.0865373880
0.1635032108
0.6304857876
0.5604327113
0.3814753716
0.2348636994
0.2158018473
0.0868092386
0.2712901684
0.1858931305
0.0831139389
3.8356588260
0.1898346855
1.0874128438
0.3721256290
0.1702295820
0.2140149568
0.2140911795
0.1020653352
0.1274851335
0.1389739208
0.2721644609
0.1347218753
0.0710327900
0.3142831902
0.4364905496
0.2095072720
0.1177758105
0.6961446684
0.1558143158
0.3370797290
0.2295636235
0.1177371265
0.1217018813
0.0707663529
0.1100874232
0.3957775385
0.0812957748
0.0622735019
0.2825131310
1.6269597743
0.0661799935
0.6992765581
0.2917947723
0.3038724631
0.2018114064
0.2180746330
0.3565500924
0.0912540507
0.1152357897
0.0734367975
0.0984548164
0.2237719988
0.1454357505
0.1773165367
0.2517987074
0.2830082630
6.8024045173
0.4223527107
0.1485265322
0.1437160106
0.7897455882
0.1598808647
0.1616367741
0.1216047433
0.1114242424
0.0728461491
2.5540445722
0.0974443025
1.0630544157
0.4343956668
0.1321764288
0.0553346826
0.1508833225
0.1354648043
0.9010520362
0.1342179919
0.3693794945
0.3661251923
0.0965645926
0.1107324124
0.0509944527
0.0826398282
0.6431005556
0.2215151195
0.0972386000
0.5454598460
0.9968745214
0.1300456909
0.2810945946
0.1167651844
0.1719910058
0.2419628044
0.1701728304
0.2219146925
0.2306874565
0.2950075387
0.0587242334
0.1746340128
0.2544827890
0.2389626574
0.7201499797
0.1798900918
0.1529799152
0.2162656211
0.2473231390
0.1761034721
0.4971360730
0.0643372424
0.1782240518
2.7437510880
0.1588718180
0.0636647206
0.2998960038
0.1725220995
0.0912355841
0.0629954399
0.5496660199
0.3244326040
0.2627824403
0.1035584607
0.0658516785
0.1364135978
0.0606105005
0.1021276464
0.2830442719
0.0793240089
0.1671828944
0.0978235121
0.5461650944
0.0944020868
0.6810360762
0.2487259407
0.1154718497
0.0876461269
0.2579564555
2.2791868065
0.0940004016
0.2158891524
0.0539455805
1.3366768665
0.2263192338
0.2388018288
0.2675834026
0.2667632877
0.2547858742
0.0929404587
0.1354694238
0.1451759277
0.1235545047
0.1751897450
0.1319697086
0.1512377335
0.1534134939
0.4455117793
0.1200060492
0.7845697407
0.0843689544
0.6192024224
0.3013789302
0.3945063347
0.2097065576
0.3729096472
0.2108512330
1.3311892031
0.8755042835
0.0882514646
0.1139286563
0.1432361178
0.0759681518
0.2459582975
0.7233134105
0.3852819736
0.0926313234
0.2862442585
0.3446406033
0.1300088833
0.3206384345
0.1752141347
0.2120374374
0.3722864281
0.2130137030
0.2568195135
0.1592105587
0.1548848017
0.3103337176
0.2667093213
0.7783329156
0.2983034417
0.1779077758
0.4675309665
0.2655629195
0.2104340114
0.2618986335
0.2403433112
0.2025618735
0.1556189319
0.2327064534
0.2960964511
0.2637111233
0.1447649762
0.2112583831
0.2163420377
0.3057194071
0.2529257003
0.3767041219
0.1289599369
0.0833896949
0.0990142656
0.2129241730
0.1085093855
0.3427072464
0.3137478147
0.7921420589
0.2189753231
0.6750358411
0.4387767265
0.1844411850
1.3457986113
0.3338156563
0.1184130656
0.1859604156
0.3839580102
0.0672721793
0.4407322462
0.1801115723
0.2573166833
0.6295924879
0.2114832711
0.0866636147
0.1048755066
0.0969956051
0.1420204196
0.2422596997
0.1957836718
0.1066717710
0.0776398330
0.4884430945
0.4440687853
0.1329851812
0.2590393932
0.2090664450
0.1427080866
0.0720205738
0.1901656534
0.1112548333
0.9560665087
0.2179079036
0.2203225984
0.6052082208
0.1488686563
0.4207853747
0.0722002741
0.3363701873
0.4077467679
0.1339127294
0.5177829938
0.0569952450
0.3852261507
0.1691122474
0.1421437152
0.2670547259
0.2626528180
0.5098708651
0.0744483768
0.0822334396
0.2438130848
0.3440978653
0.1805319262
0.0945690083
0.0645703369
1.7980755703
0.1527053085
0.0589016234
0.0830307611
0.0690366323
0.1200802194
0.3372568076
0.1199984250
0.9574188807
0.1496736971
0.3941222738
0.3041814614
11.7069860810
0.2294127145
0.9331777623
0.2695555199
0.0966504948
0.5512159908
1.2915611475
0.1527785595
0.1350938358
0.0739609013
0.6820798243
0.1737172362
0.1711434749
0.0814519626
0.3526436668
0.0667265276
1.2516638711
0.0860359057
3.8359902434
0.4097786797
0.1847778962
0.0782013018
2.8897822921
0.1935556624
0.1383553165
0.4027990030
0.7483971550
0.6871392570
0.1716701460
0.1165264462
0.0616987438
0.2100330070
0.1994383733
0.1957937955
0.2677674898
0.5757148860
0.1409407347
0.2462876515
0.0780184148
0.4782939642
0.3359428537
0.6396406815
0.1320265527
0.1454195472
0.3008928271
0.0745203532
0.2099764792
0.0916688253
0.2853710217
0.2927233987
0.1762770353
0.1487034798
0.1737076516
0.0739778258
0.1705845845
3.1006110573
0.2157910590
1.5567336013
0.1427596183
0.0778677676
0.1500712582
0.1022103806
0.1515137025
0.0831112360
0.2780636252
0.5877758734
1.4351788095
0.1367161438
0.0994271525
0.1296801929
0.1537473156
0.3515627349
0.0765643766
0.0683350828
0.2082045313
0.2083681038
0.2094659609
0.1651216053
0.3223714293
0.1355919905
0.3378020459
0.3728022703
0.7876864939
0.0992995438
0.3181619243
0.1720952769
0.5023272638
0.2260616951
0.2094432755
0.1224589858
0.0538854229
0.2762885686
0.5716037525
0.4774875304
0.0529020447
0.1513022286
0.2908333907
0.9223175172
0.2837632911
0.1142547609
0.1556499773
0.2173381365
0.0768758919
0.1531040858
0.1105015255
0.1167330908
0.5870688320
0.1963980901
0.1523356696
0.2365260599
0.1198473761
0.1392801641
0.1678176218
0.1472002983
0.4365639006
0.4190275346
0.1566346820
0.0968345843
0.1063211817
0.9153639999
0.1749472174
0.3596259312
0.2065195517
0.0925782912
0.2155788143
0.4582607570
0.1465222863
0.3975649989
2.3279457530
0.1270015233
0.1228369220
0.4195289893
0.4578333984
0.1399284290
0.0859670773
0.0799493924
0.1379439320
0.0677828502
0.3324783244
0.1632868787
0.2665520293
0.1297732647
0.3231877677
0.1711816516
0.2872733934
0.1503011363
0.2071668292
0.3449172747
0.1209126943
3.1322990418
0.1395564781
0.0743869470
0.2966382421
0.8265893908
0.0983624613
0.2164345268
0.2993052448
0.2118379324
0.1976832068
4.2014169705
0.2746133474
0.3885307273
0.2615701831
0.1642529257
0.3585995930
0.2208684906
0.6804716469
0.2508449740
0.8370470716
0.0883521641
0.2461166761
0.3556654747
0.7629810670
0.1463141298
0.1401337998
1.2633194697
0.1430650102
0.2776936003
0.9936889707
0.1269679807
0.2272658241
0.2549924689
5.1274031455
0.1335061573
0.2875727056
0.1425658617
0.0775710742
0.0981172301
0.3168293737
0.1144866230
0.1097332514
0.1216277912
0.2245817306
0.2821898889
0.5630637790
0.6801945373
0.3632700782
0.2759008428
0.1627225841
1.4859347115
0.0942895757
0.2885160247
0.1171455453
0.2745604137
1.4402920013
0.2010105273
0.4449366508
0.2043606463
0.2446073937
0.0830879257
0.4200198533
0.1955398202
0.1434322940
0.0999268665
0.4013818314
0.0701077747
0.1177807224
0.3783870765
1.9013874115
2.3469399432
0.1803483572
0.3410334481
0.1818140641
0.1292615263
0.0921682784
0.1951570526
0.0478345750
0.2871052776
0.2286777227
0.2680385102
0.2511374491
0.0725393510
0.1110502330
0.4034107275
0.7106050614
0.4125746378
0.9273177085
0.4980698376
0.4106916724
0.0822068108
0.1031298277
0.4281161186
0.5310625180
0.1937669029
0.2662287163
0.0795618695
0.2620972489
0.1855035780
0.1300489874
0.4696804023
0.4932854345
0.1816161378
0.1785540040
0.4348894272
0.2474092291
0.2291359188
0.1675896747
0.1452354840
0.0710917995
0.1036282879
0.8730380636
0.1281299953
0.1803330993
0.0758705980
0.1533027652
0.1259752994
0.7805751798
0.4744540816
0.1312805157
0.2122266332
0.3523492994
0.5620421599
0.2850712167
0.4872143304
0.7149578954
0.2164754899
0.2939981418
0.1477841884
0.2198086679
1.5121713235
0.2937527813
0.8012312466
0.0702170214
0.1425838155
0.9925522521
0.8826524481
0.3462885692
0.1498417350
0.2358860757
0.1511871524
0.0865916615
0.1694451238
0.1013028239
0.3740749451
0.1038831941
0.6668649755
0.0709399259
0.1580852963
0.0906000933
0.0879935320
0.1901194633
0.5973485882
0.1565084903
0.3463212439
0.1435212876
0.7446076307
0.2003259194
0.4945269604
0.1067287626
0.1144953758
0.2479415743
0.0466761085
0.4450507516
0.2564491108
0.6025245340
0.2957308449
0.2141476683
0.7684159478
0.3673036685
0.0676435715
0.4495391279
0.0709247362
0.2323101019
0.0805775779
0.2192018621
0.1512493141
0.1540018714
0.0645987167
0.0660156914
0.1891408303
0.3443809697
0.1059287158
1.4488493143
0.1967303722
0.2895745087
0.3535911508
0.4110690039
0.0841970712
0.2933391965
0.1518349262
0.1883487803
0.1136766370
0.3728578047
0.1109916766
0.1536464643
0.6321632717
0.0763443910
0.0857448340
0.1154549679
0.1079585468
0.2808291134
0.1349894031
0.1188120295
0.9901872544
0.7626481367
0.4521031792
0.1312986532
0.5741825832
0.4219283842
0.2187562286
0.1795595109
0.1335317913
0.3267758483
0.1968368906
0.2572009530
0.1164169845
0.1034067968
0.1380700016
0.5460251199
0.3492892128
0.5968679978
0.3373378092
0.7008939508
0.8757695957
0.1252040396
0.1231037809
0.0545414508
0.1238169255
0.0972144121
0.1407409371
0.0971732838
0.1444004551
0.1113468113
0.0954605533
0.5069985536
0.1519168826
0.0917778260
0.1612741704
0.3034227289
1.7599094824
0.1371306164
0.1858867518
0.3829011806
0.1168616826
0.2843407121
0.2316108319
0.1294502607
0.6056096888
0.0801884250
0.3710421457
0.0721340813
0.1003428641
0.2052922188
0.1505635022
0.4208321264
0.1169832507
0.1959998894
0.2766334951
0.1529065203
0.0630396659
0.7053679395
0.0920211577
0.1083283483
0.1852656909
0.0864825758
0.1117879455
0.1819142204
0.1885546258
0.1525469199
0.2083908511
0.4786414837
0.1562838877
0.1281744892
1.2115604633
0.2515857807
0.1367982179
0.0981432526
0.0844193908
0.4765887942
0.1453235653
