sampled_beta
1.3767965398
1.4403122476
1.4024058916
1.6804972039
1.5775445313
1.6122149626
1.4905771890
1.8336921177
1.6257170945
1.4667503269
1.3589568419
1.5276926764
1.4922853662
1.4502931703
1.7804296105
1.9431927452
1.6126101431
1.4756236218
1.5066500665
1.3610231478
1.7908579929
1.4354973966
1.5124819521
1.6628475752
1.4541367068
1.4297798593
1.4332678403
1.5382047725
1.5302916837
1.4384631671
1.4441320971
1.4099921999
1.4617612702
1.5042892241
1.3810534280
1.6990171220
1.4085116486
1.4114464424
1.6885613834
1.5283476533
1.4274293072
3.0910271523
1.4943631871
1.9353063035
1.4052104337
1.6200889103
1.4658387512
1.5380427428
1.7154341418
1.7975779390
1.7028092472
1.5566890595
1.4558037998
1.4450678642
1.4239872201
1.5027108262
1.4306243197
1.4077056741
1.6591406351
1.4085896491
1.3814881272
1.4268426884
2.2205479961
1.7503176870
1.4443941698
1.6704431853
1.5038204016
1.4414999867
1.4243568544
1.6187735506
1.4316185276
1.4534116903
1.5847420625
1.7434460748
1.5757675514
1.4241550682
1.5114562606
1.4441173965
1.5138561420
1.4923211510
1.6932104748
1.4900957670
1.3875568181
1.3496650233
1.5143235436
1.5183627705
1.6589083865
1.6114901286
1.5983017490
1.5474763349
1.5233801601
1.6640561291
1.4791449327
1.5690843329
1.3644588376
1.4292186906
1.5303049243
1.4232993745
1.4956624619
1.5162514960
1.6102690221
1.4357366630
1.4168492521
1.5494086875
1.4001794965
1.8235379990
1.5149616244
1.5483309527
1.5087952257
1.4960715646
1.4193920897
1.5488243449
1.4723854124
1.5456727973
1.3646410292
1.3108044623
1.4278932609
2.0113923426
1.5769400191
1.4971849529
1.4596839667
1.3411030940
1.7013048209
1.4077906570
1.4477824323
1.8294904634
1.3711444439
1.5384571204
1.5365649839
1.3779791938
1.6262873258
1.5055165350
1.4578836441
1.4187894837
1.6385219824
1.5793987958
1.4048372664
1.6942638765
1.4433138843
1.5835335716
1.4851810793
1.3866619061
1.7831366388
1.6244931930
1.5202744842
1.6054772264
1.4092876809
1.5967768243
1.6150959789
1.4201583275
2.0509885373
1.4161199408
1.5920290862
1.4469140595
2.0213680341
1.5873220959
1.4586929918
1.5808595590
1.4257661683
1.5631512104
1.5459169385
1.5359848492
1.5166185113
2.0631009986
1.5536066610
1.5329122092
1.3422867978
1.4508416739
1.3846915628
1.3685637378
1.5691115420
1.6234339280
1.3928956672
1.8017663060
1.6503593119
1.4347064268
1.4340614846
1.7148029663
1.5193510643
1.6345536089
1.3569805586
1.3456793900
1.4255155222
1.3973698104
1.4858341453
1.4242135643
1.6787428637
1.4727349435
1.8319262761
1.4012317597
1.4837268450
1.4851741303
1.4006562043
1.7054798954
1.5284637576
1.6367632309
1.9210165716
1.4396243917
1.4240742390
1.8562177429
1.4056402733
1.4348571059
1.7576185563
1.6225439844
1.5359334946
1.8543388864
1.4321865789
1.6907298074
1.6805411006
1.4976729282
1.4931169681
1.3975716032
1.6018093885
1.5076575169
1.4460366426
1.3999647268
1.3553061452
1.7510951038
1.8446526608
1.5363362697
1.7560972214
1.8949448038
1.4089065359
1.5767251158
1.7336934879
1.3777659122
1.4564760837
1.6477521290
1.4194861076
1.5405907354
1.5695714588
1.8037108743
1.4915602545
1.5486689965
1.4576628880
1.3669224348
1.5556113674
1.5930420623
1.5055819771
1.5056668583
1.4385811648
1.4429416512
1.4121508905
1.5457811836
1.4967862210
1.5089738188
1.7088155977
1.9880306532
1.4849574293
1.5032092957
1.3864346707
1.6235753542
1.4560765580
1.6803367051
1.3957575042
1.7762275557
1.6214268877
1.7245217559
1.4877024829
1.4785746489
1.3610691819
1.4816438340
1.3936169261
1.3560905376
1.3261155257
1.4142564976
1.4757942632
1.4657439666
1.5127722113
1.4512729253
1.7426614765
1.6617861227
1.4905315089
1.7829901187
1.3542543424
1.4268915796
1.4236186268
1.7037022174
1.5310458475
1.4764595269
1.3664474634
1.7856070794
1.4695621518
1.4625127410
1.6323042900
1.5942821381
1.5019927261
1.5421607346
1.3999083292
2.2849186838
1.4634636498
1.4610683307
1.6532608059
1.7224114227
1.6958305430
1.4016874030
3.2065733613
1.3740159432
1.5302986643
1.4548266288
1.6074281850
2.0990050351
1.4334297468
1.4836215288
1.5228808593
1.7565369010
1.5705733870
1.4992953072
1.4636717512
1.5394891005
1.3498155070
1.4492148034
1.4294006173
1.4034498479
1.5307783192
1.4042298003
1.5874578319
1.4808014660
1.6143015789
1.3798144249
1.4679740817
1.5399995380
2.1008395389
1.4610635517
2.1568676168
1.6186221350
1.5105856383
1.5188113166
1.3972055920
1.4301015966
1.4096953557
1.7868660201
1.7779922398
1.5642561359
1.5796604660
1.4988299801
1.7943996684
1.5717519911
1.5449570749
1.4767100707
1.8425847324
1.4991747448
1.5746647735
1.4776007687
1.4320795922
1.8224005453
1.7230955051
1.4131259796
1.6437278437
1.4586003543
1.6236784834
1.4905094124
1.4666876092
2.0354886449
1.4792307958
1.4916214631
1.4430868929
1.3999026024
2.0926633799
1.6061863012
1.4504619509
1.5685591991
1.3767998111
1.7307121389
1.3664916914
1.5765363730
1.4566743250
1.6223179413
1.5448649347
2.0285853409
1.4075910147
1.9072817750
1.4568922735
1.6481562600
1.3398556715
1.5647955947
1.7333222097
1.3757166959
1.6939007260
1.6467130179
1.4199434460
1.5425944358
1.6120813391
1.4213168964
2.0930378648
1.4120370033
1.5885829566
1.5124218580
1.5575269453
1.4123953975
1.4153179056
1.5011424178
1.5590141273
1.4219196410
1.3732181841
1.5812199399
1.4441174707
1.5006820907
2.0762229231
1.7607440406
1.6476177409
1.4997595440
1.5153606777
1.4570799851
1.4406344373
1.5143908097
6.6116852240
1.5775713848
1.5363890249
1.8431783147
1.4986139760
1.4906181426
1.6715525928
1.5001923613
1.4780960021
1.4191348148
1.5098812067
1.6029018820
1.8202377445
1.4418416503
1.4079080303
1.4757676220
1.3972233559
1.5100068113
1.6367310200
1.4552524367
1.4131003878
1.6574241879
1.4354191759
1.3829057870
1.4950483428
1.5518319066
1.4970978001
1.4637000062
1.5172666875
1.4337431304
1.3884359724
1.7039787464
1.6594260771
1.5096521416
1.3876803129
1.6979620659
1.5270848849
2.2388222452
1.5718777345
2.2844157266
1.6111324411
1.5263689580
1.4637174193
2.1822259512
1.5274829309
1.6165745643
1.4440897925
1.6699591260
1.5544885293
1.5739419921
1.5196621653
1.5477923576
1.4163478295
1.5072964761
1.3689165033
1.7205172367
1.5337593682
1.4831653027
1.4288156389
1.6367172108
1.4106299457
1.8179381238
1.5200543349
1.5162827243
1.7296879690
1.4271911456
1.4640405762
1.5007479686
1.5745733017
1.3312755789
1.6169797011
1.4050803137
1.6428035943
1.4312101674
1.3861911610
1.3938265835
1.7519848309
1.9342249424
2.2915786917
1.4129533337
1.4880341612
1.5546861681
1.6351615091
1.5755613605
1.5603438953
1.7142239033
1.6352564848
1.4922674429
1.3526500263
1.5898613588
1.4378925927
1.4411942161
1.6303834541
1.5778771226
1.5342609347
1.4071375089
1.6220860116
1.4660758257
1.4814865642
1.6825953149
1.3936808404
1.9881702485
1.6590740829
1.4666721188
1.3991033461
1.4892685343
1.4312890094
1.4929651834
1.7474021076
1.4781457068
1.4259066972
1.5140113085
1.3989448955
1.7435103403
1.6608332014
1.4697410003
1.5652573265
1.5056463361
1.6442910496
1.5530338781
1.4283460876
1.7049221315
1.4115910755
2.6108981176
1.8032838949
1.4280935944
1.3882908731
1.4550913557
1.4621091543
1.5849788731
1.6584879927
1.4429858457
1.4015231170
1.5146956801
1.6831573702
1.4658437187
1.5337337611
1.7352732906
1.4530151703
1.4113154587
1.4911093134
1.4928455628
1.5178682981
1.9082152808
1.3881711885
1.3748710113
1.4020848306
1.4603756764
1.5040937997
1.4300790685
1.3963737826
1.5729732358
1.4808102827
1.6023819442
1.5567772392
1.5999507626
2.1438024524
1.4245625467
2.7360886018
1.4464604487
1.6785835663
1.3337782302
1.8300468653
1.3413778136
1.3583472264
2.2988697763
1.4174972193
1.3746926475
1.4715321206
1.4643689844
1.4278743580
1.4489014186
1.4706602762
1.4690884911
1.4542548318
1.4613632234
1.6435588386
1.5937990759
1.3563203118
1.3521455404
1.6151761867
1.8131226251
1.3896935070
1.5325146005
1.6647889919
1.4871627209
1.6019109991
1.4915831518
1.4647252391
1.6382481018
1.3892223700
1.6199585282
1.5054100797
1.6306404055
1.3912579500
1.5296047273
1.7353276827
1.4182256648
1.6667075292
1.4808256080
1.5846056381
1.8787014414
1.4999084965
2.8445046807
1.5893106564
1.4751869866
1.5784477383
1.9070109601
1.7235327511
1.4084271419
1.3706747979
1.5087936503
1.4325839304
1.6288055490
1.5508922354
2.0526591085
1.4554714864
1.5160394593
1.4513443892
1.8093234306
1.7355029007
1.3229947130
1.4379945472
1.4023655178
1.5057650053
1.5406229213
1.4084411179
1.4093486856
1.3509984660
1.7268834031
1.3224962227
1.5941557271
2.2972056636
1.3875572291
1.8036408180
1.6355304418
6.3994311368
1.4516326863
1.4865386648
1.5469411262
1.7884732557
1.6986147306
1.4851343394
1.3376813683
1.5055871376
1.5378888325
1.5400397015
1.5706651034
1.3718928550
1.4738499373
1.3800724452
1.8280929712
1.5505524177
1.4942741476
1.4017753617
1.7787110708
1.5262742938
1.6518592326
1.5344306291
1.4412929210
1.4911699541
1.3776685007
1.7372752032
1.5425852291
1.5661179191
2.1023425420
1.3342574331
1.4583337249
1.4810386486
1.7174288505
1.3672257372
1.7484569536
1.4066124847
1.4407532196
1.5909924655
1.6092250021
1.5087780671
1.6616198395
1.4480478779
1.5070023997
1.5078507264
1.5986818818
1.6679620361
1.4640659955
1.5091791950
1.4287617974
1.6851773544
1.5424242356
1.4004165322
1.5178256721
1.3650832129
1.3999910289
1.8493916551
1.4383863197
1.3792086912
1.6525014717
1.4250286649
1.5259999078
1.4798495346
1.4106027718
1.3929699736
1.4973544607
1.4474181462
1.7622767884
1.6088702115
1.4576733804
1.5864832724
1.3975536095
2.0532595171
1.3348777540
1.3766979777
2.2504385309
1.4551548021
1.7016818651
1.3705042628
1.6277396543
1.5710090830
1.4018662313
1.5394445926
1.4482539597
1.4198313620
1.6660792756
1.7074621773
1.4279310549
1.4136700539
1.4563724566
1.4567521465
1.3956838125
1.4765497937
1.4230327876
1.5188418370
1.5565745275
2.1500273061
1.4487146453
1.4655041423
1.5055560073
1.4679138435
1.8474021101
1.5010841592
1.4820497713
2.4295123547
1.6744153831
1.6605756254
1.6062035755
1.5109798853
1.3621920715
1.5836477109
1.3820576472
1.4883641043
1.6747419031
1.4980992359
1.6080080528
1.4119281797
1.4156227393
1.5302881260
1.4083546512
1.4508280665
1.8518392094
1.6181480429
1.5312294446
1.4880597540
1.8194637165
1.3322059886
1.3637306210
1.5159126352
1.5413779923
1.4769649681
1.7599469964
1.7554607546
1.6018010858
1.4851384763
1.4633707253
1.9168033078
1.3130032359
1.4334505883
1.3013720519
1.4977815153
1.3572304169
1.3946286827
1.5309171689
1.7358565768
1.7510567435
1.5629917723
1.5760731106
1.4587624064
1.5506594129
1.3952058156
1.4472057578
1.3545044144
1.3849726838
2.6672226885
1.5414115421
1.5081291103
1.5630838761
1.6626247874
1.8778036476
1.5024417307
1.6453586570
1.4612054722
1.4196316076
1.5734200489
1.3988016763
1.6327925410
1.4509958121
1.3672691162
1.5031827129
1.4827269259
1.5275178400
1.6482040218
1.6765187842
1.8330399266
1.5455591502
1.4516207053
1.5001069539
1.4390340364
1.4359017056
1.3801156344
1.4256950177
1.5635900643
1.4396469987
1.6341158150
2.1446334891
1.4799936804
1.4318312971
1.5391691539
1.4530453670
1.6576945596
1.5228418201
1.4400479147
1.9595061689
1.4682229410
1.4849184077
1.5855682269
1.5282100395
1.4186413532
1.5415433899
1.3744396737
1.7193194317
1.3880411679
1.4496922280
1.4227779550
1.5800039782
1.6481394382
1.4126587832
1.5601160893
1.4717494845
1.4334067835
1.3879577066
1.3929569897
1.4653241515
1.6443767545
1.4809346900
1.4728464203
1.4148242173
1.6183408486
1.6035006627
1.4564375407
1.4544612867
1.4742191492
1.6140969753
2.1966863850
2.1993720867
1.3498885954
1.5817931315
1.4529830466
1.6464127955
1.3789312947
