sampled_theta1
0.0858070515
0.0830613895
0.0748053412
1.1477035834
0.5326489667
0.2300029972
0.2314230478
0.6643626857
0.1911160397
0.1037196418
0.0734592614
0.3564318676
0.2520099980
0.1534028614
0.6452063812
1.0707943824
0.1773030590
0.1958168346
0.2131061979
0.0741564132
0.1905882703
0.1425205296
0.1855662059
0.1612015653
0.1697382129
5.3072453105
0.1237106589
0.3066210963
0.3506538558
0.0783818193
0.1553199397
0.1121632048
0.1853044538
0.2617934891
0.0845982547
0.4718662223
0.0698112861
0.1173190608
0.1583365274
0.3538644675
0.1299725684
1.0376816084
0.1714382495
0.9087528447
0.1061088375
0.5473498960
0.1697738475
0.1356864150
0.4824443530
0.7002571211
0.8374615087
0.2111516645
0.1212576091
0.0645497845
0.1011971515
0.2354641978
0.1241230390
0.1136688342
0.3633910621
0.1125830706
0.0524231737
0.1332319022
0.5984410942
1.3387737204
0.1437616130
0.2863856352
0.2446768745
0.1460142193
0.1308965450
0.0930679966
0.1128149252
0.1666068172
0.5403349291
0.2438034294
0.1185562540
0.1224365236
0.1039746951
0.1555332581
0.2091246569
0.2407567207
0.1567727408
0.2082157130
0.0763446348
0.0564805726
0.2468266658
0.2789250626
0.3441783089
0.4106125131
0.5650009582
0.2349539742
0.2241809529
0.6033896780
0.1927617347
0.1741027518
0.0637376570
0.1337543127
0.3365919258
0.1196989140
0.1995329910
0.2924440268
0.1138736035
0.1349877921
0.1228762730
0.3260322147
0.1059737185
0.4316535021
0.0622731585
0.2175124806
0.2295668460
0.1471212777
0.1253342286
0.3883152595
0.1656316912
0.3566556927
0.0750899654
0.0445082978
0.0691326406
0.5539134840
0.2089159108
0.2644081554
0.1430650837
0.0626944690
0.3217595351
0.0683558634
0.1578585365
0.6320753978
0.0723496897
0.2236229470
0.2142368968
0.0795532779
0.3966255854
0.2289926847
0.1779266213
0.0874530487
0.5882174961
0.1899186127
0.1076479707
0.2581340971
0.1336053961
0.1443404883
0.2218511488
0.0925612006
0.6104645155
0.2621050636
0.2183845074
0.4133032983
0.0948365457
0.4590188547
0.2215824725
0.1265168865
0.7696012047
0.1122422277
0.4040684004
0.1389562884
1.0387169904
0.1680276968
0.1574221780
0.3358595367
0.1322727197
0.3121720767
0.4007376478
0.2888963926
0.1182845820
0.4789550196
0.1879582204
0.2327758060
0.0636953970
0.1603138767
0.0877086775
0.0811977810
0.4750739860
0.0759860701
0.0997955637
0.2027854574
0.2792541268
0.1405011727
0.1323663361
0.5192713123
0.3136807791
0.5516138854
0.0670458797
0.0647095072
0.1325324755
0.0666105543
0.1528219778
0.0928376542
0.4686207869
0.2040108273
0.2732130562
0.1075261903
0.1451642079
0.1794440348
0.1018744366
0.7909779079
0.3595537792
0.6120647767
0.5195954118
0.1367510983
0.0903791404
0.6091600455
0.0508886614
0.1128417363
0.2307102666
0.3022837243
0.2019149098
0.8113135081
0.1299253503
0.3282214263
0.8955904464
0.2543648346
0.2531229696
0.0906595994
0.3339023315
0.2537289404
0.1517551280
0.0997078020
0.0696215803
0.0553130811
0.4212116114
0.3038309971
0.8370602639
0.2792288157
0.1148614414
0.3637980770
0.9161556323
0.0765704804
0.1611654786
0.1313238204
0.1166251736
0.1100299327
0.1832432927
1.5359145405
0.2309386412
0.3245595473
0.1753414203
0.0526816121
0.3588257100
0.2272368972
0.1543530117
0.2835844914
0.1476690937
0.1015027746
0.0972520393
0.1303720080
0.1958167562
0.2914558859
0.2474442688
0.2771351753
0.2218790088
0.1789105839
0.0870394770
0.4344288114
0.1464060279
0.5455723042
0.0997632388
0.5872841950
0.2986528626
1.6421277975
0.2053150331
0.1641223447
0.0751775346
0.0984229137
0.1007343679
0.0691099465
0.0532451239
0.1105750194
0.1884655301
0.1071591549
0.3085441819
0.1575099898
0.1701304283
0.5339145910
0.2385920769
0.4857687887
0.0700576248
0.1235370614
0.0907823650
0.2423375116
0.1889978080
0.1595386638
0.0615491855
2.3510307282
0.1934036930
0.1592626938
0.6264435495
0.2759012499
0.2793674927
0.2961173961
0.0929300767
0.6567811891
0.1874898471
0.0922601929
0.3795208230
0.9150657583
1.0368244231
0.1001902198
0.4615433062
0.0627621376
0.2408173331
0.1305683509
0.1298688353
1.7420957558
0.1271660791
0.1647804267
0.2048513188
0.5151712109
0.4622308964
0.2451720239
0.1819378512
0.3377870794
0.0670527237
0.1635472426
0.1366944197
0.1095648928
0.1526635728
0.1063148622
0.1371876599
0.2239452024
0.1680243708
0.0821655459
0.1223490028
0.2581347203
0.7550868843
0.1596899092
0.2986292647
0.1444905515
0.3006693868
0.3017813740
0.1029555824
0.1165623358
0.1073748934
0.2406894538
0.3909688005
0.4446473117
0.2572048138
0.1549274203
1.2632433965
0.2299019614
0.2933673988
0.1764090632
0.4667257629
0.2024957517
0.2704389547
0.1975242952
0.1394467651
0.5204794145
0.4519581355
0.0715056270
0.3216057477
0.1662068739
0.2134071727
0.1720695614
0.1658394781
0.9390616593
0.1693800846
0.1978692488
0.1523186832
0.1017577977
0.9198548324
0.3043090241
0.1635084740
0.2976149004
0.0865398586
0.4155914859
0.0778403550
0.2093395497
0.1749509101
0.6598602702
0.3821129495
1.2706529583
0.1066110903
0.5761151878
0.1303325779
0.1623491232
0.0621772830
0.1360257343
0.3151327804
0.0865064662
0.1601313022
0.2991516321
0.1240563380
0.2801806063
0.2378246601
0.0933953715
0.6318433298
0.1168120098
0.2873281778
0.1164966497
0.2815428765
0.1007702971
0.1145116387
0.2721718746
0.3554656012
0.1172135870
0.0846226183
0.4648450715
0.1415795941
0.1264411270
0.6104827984
0.9426531417
0.3612416313
0.2050677256
0.2698307368
0.1616174778
0.1433285076
0.2940364014
2.1410755587
0.3047498006
0.2460828415
0.3136579803
0.2357329537
0.1317726791
0.9928355987
0.1583380043
0.1263246163
0.1250539174
0.1272444371
0.6537869726
0.4314728870
0.1486023157
0.1134645212
0.1576194898
0.0966356106
0.1284231131
0.7619475738
0.1661429954
0.1101976884
0.3033068285
0.1396554931
0.0724823794
0.2530652147
0.1032765317
0.2309396841
0.1593360761
0.3216269045
0.1146853577
0.0900621286
0.3563904149
0.6441118912
0.1011957742
0.0947941942
0.3104990412
0.1931553205
0.1901040890
0.2871665401
0.4042832123
0.3057687415
0.3364007188
0.1012193311
0.3076088626
0.2835220952
0.4898963240
0.1380674697
0.1868890908
0.3107212898
0.3469798364
0.3292154512
0.1934154792
0.0856611117
0.0951427648
0.0497332989
0.1392016760
0.1636700824
0.1947094197
0.1167190566
0.1184020772
0.1143649850
1.3522806020
0.1555236240
0.1105507370
0.2181730442
0.1323639877
0.1887345555
0.2681184213
0.3074910931
0.0558537273
0.3886703389
0.1013243599
0.1939160258
0.1393451673
0.0908879337
0.0704706634
0.3088824598
0.6193617558
0.5601213581
0.1179527748
0.2198662664
0.2222341218
0.7536880594
0.3089959080
0.4350553023
0.4179578942
0.3162419943
0.2109803305
0.0656447803
0.3716635574
0.1271976587
0.1476102322
0.1082549032
0.3070785092
0.1003653934
0.1127176191
0.6792814671
0.1840259026
0.2250297234
0.5984590006
0.0752790985
0.8113398840
0.2010091152
0.0773021315
0.1040629822
0.2430383821
0.1394605096
0.2236233277
0.3894248376
0.2144163065
0.1015253504
0.2238074019
0.1033807677
0.5761650716
0.5180381874
0.1380458140
0.3771813510
0.1623756791
0.2731541363
0.1230776497
0.1295929892
0.3738305066
0.1169554103
1.0294259060
0.6415766398
0.1277465280
0.0906045978
0.1310154982
0.1430648271
0.1601424405
0.2364301503
0.1053402082
0.1076459735
0.1864035282
0.1672836385
0.1443249099
0.3357268879
0.7128703245
0.1497124620
0.0908126509
0.2209780012
0.2465951217
0.2971333176
0.3632918284
0.0957851594
0.0840919917
0.1029385770
0.1820862188
0.2515299358
0.1358463235
0.1025176422
0.1851402901
0.1260241830
0.4195151292
0.4170648528
0.5163028271
0.3548750722
0.1293157639
1.7131002026
0.1457741261
0.8736030575
0.0582151695
0.3820904190
0.0561165399
0.0647008297
0.3244311963
0.1225000864
0.0779281865
0.1203758131
0.1109713118
0.1353856085
0.1562695153
0.1980557417
0.1921959662
0.1509655947
0.1296726712
0.4877359259
0.2869082303
0.0639302850
0.0657477780
0.4204252138
0.5425940363
0.0966457562
0.2494689017
0.3102242729
0.2301361383
0.0909387745
0.2289267949
0.1805953421
0.3166366423
0.0620311057
0.5989818599
0.2085502020
0.3059594902
0.0972283441
0.2518003619
0.1351781338
0.1094807085
0.2852113316
0.1640392767
0.3747794599
0.5212447167
0.1997958707
0.8917063718
0.2931987998
0.0919312298
0.4944103705
0.7663914563
0.3616870202
0.0702484236
0.0797946945
0.2596037466
0.0683832520
0.4995332468
0.2300153442
0.3014625441
0.1733790914
0.2161691933
0.1390183034
0.1549396159
2.2992480409
0.0515990281
0.1475872262
0.0802399877
0.2829538933
0.2010121730
0.1095295027
0.1090842269
0.0561664171
0.5202457624
0.0514122783
0.1671106614
0.5317744058
0.0810708625
0.5476978078
0.4731508337
1.2920063600
0.1649713256
0.1609170763
0.3627775428
0.5290502127
0.1609652407
0.1905002945
0.0534551357
0.2148383553
0.2332637218
0.3873059085
0.1886649197
0.0836651891
0.1978532071
0.0729848299
0.4242255995
0.4311554817
0.2458663216
0.0870382238
0.1866092569
0.0797095786
0.4715157627
0.1858978681
0.1456459697
0.2336573068
0.0652162174
0.5966683982
0.4028022968
0.2416492840
1.4020688479
0.0583618644
0.1461298176
0.2194122236
0.9303707147
0.0684464460
0.2230592365
0.0863786353
0.0776726366
0.1802722646
0.2236238524
0.2979977443
0.7270730492
0.1059640387
0.1239880546
0.2235644902
0.2931047438
0.9099399902
0.1484152703
0.2301861898
0.1363005819
0.2605591829
0.1499290290
0.1064149631
0.2474432406
0.0657691763
0.1002187555
0.7131871076
0.1449574068
0.0868608349
0.8687194936
0.1266482413
0.1093401865
0.2135348219
0.1154852274
0.0670988616
0.2310169775
0.1614189432
0.2162404268
0.1999217088
0.1761067235
0.3229619879
0.0872987975
0.4712299480
0.0582440321
0.0680992301
0.4854056489
0.1520698727
0.3933642011
0.0798778410
0.3759152772
0.1147195108
0.0960930166
0.1171012399
0.1418379603
0.1261895181
0.1574643412
0.1797001877
0.1053297130
0.1196737829
0.1482323875
0.1707125225
0.0805431125
0.1920266182
0.1230730069
0.1623449308
0.4055937760
0.4611204210
0.1435395138
0.1808005120
0.2862642067
0.1951700547
0.8465322279
0.1141485467
0.2052453712
1.2363735538
0.6031105767
0.1729692128
0.3658300205
0.1312499436
0.0592459275
0.4552777663
0.0880239550
0.2043538759
0.2633232678
0.1830071594
0.1675114170
0.1022561729
0.1162332091
0.1150685827
0.0916065375
0.1438168465
0.4059344897
0.6864825479
0.2321590165
0.2415497599
0.6864194178
0.0496792708
0.0752775163
0.3187993623
0.4026457778
0.1850533639
0.4091265495
1.5404878192
0.1266793485
0.1922635318
0.1408378930
0.5710949254
0.0433097600
0.1288474271
0.0387881045
0.2325773319
0.0731234000
0.0942526195
0.1722406436
1.0544017370
0.7650007224
0.1396882388
0.5091017368
0.1751301249
0.3738026644
0.0926783071
0.1299011867
0.0639455545
0.0862926882
0.5177974101
0.1197697300
0.1368056055
0.3788224606
0.2069165657
0.4510196879
0.2038088266
0.4612090610
0.1810751973
0.1029452962
0.3182848825
0.0983020666
0.5795114985
0.1660991360
0.0754155838
0.1202682483
0.1414568058
0.1265041966
0.2983593463
0.1870704337
0.2331909845
0.3490821012
0.1678494437
0.2574028193
0.1495357656
0.1398896306
0.0869726972
0.1249309774
0.3614730489
0.1493410468
0.6582817364
0.5905106782
0.2040744559
0.1311314415
0.2965163718
0.1296371061
0.1444176111
0.2888861612
0.1435464508
0.5766471459
0.1960531593
0.1607394971
0.3039817559
0.3071208850
0.0792904868
0.3944767572
0.0739185407
1.5164308526
0.0814354423
0.1493281540
0.1293453246
0.1957578911
0.6217512086
0.1158832241
0.2408828047
0.1913402614
0.1060323985
0.0645201682
0.0815408833
0.1918588265
0.4499644998
0.2246366207
0.2055521960
0.1192267931
0.4005747120
0.4284857805
0.1555103335
0.1035381644
0.1937279875
0.4997862287
0.3181627030
1.8744654049
0.0605827621
0.4841134190
0.1630324692
0.2274868728
0.0866337190
